Secchi Depth (cm) = 9999
Forel Ule Scale = 99
pH Colour Scale = 99
SensingSecchi S/N = A016
Latitude (degs N) = 34.35213
Longitude (degs E) = -78.04943
Date = 2026-08-28
Time (UTC), Pressure (mbar) MS5803, Temp (deg C) MS5803, Temp (deg C) 10KTHERM, Temp (deg C) TMP117, ED 415nm, ED 445nm, ED 480nm, ED 515nm, ED 555nm, ED 590nm, ED 630nm, ED 680nm, ED Clear, ED NIR, ED D-SAT, ED A-SAT, EU 415nm, EU 445nm, EU 480nm, EU 515nm, EU 555nm, EU 590nm, EU 630nm, EU 680nm, EU Clear, EU NIR, EU D-SAT, EU A-SAT
15:32:54, 1012.50, 28.34, 28.52, 27.055, 241, 342, 436, 538, 586, 701, 966, 1439, 4836, 2733, 0, 0, 6081, 10211, 13835, 16856, 20220, 20670, 24976, 28103, 36000, 29758, 1, 1
15:32:54, 1012.50, 28.34, 28.60, 27.078, 237, 314, 404, 476, 548, 667, 928, 1458, 4663, 2750, 0, 0, 6255, 10505, 14216, 17351, 20689, 21190, 25598, 28811, 36000, 30607, 1, 1
15:32:55, 1012.50, 28.34, 28.56, 27.078, 252, 338, 436, 508, 588, 709, 969, 1520, 5081, 3000, 0, 0, 6327, 10615, 14374, 17553, 20933, 21449, 25908, 29166, 36000, 30991, 1, 1
15:32:56, 1012.30, 28.35, 28.61, 27.086, 262, 352, 454, 530, 612, 733, 1015, 1578, 5252, 3100, 0, 0, 6407, 10754, 14556, 17787, 21179, 21696, 26221, 29500, 36000, 31326, 1, 1
15:32:56, 1012.60, 28.35, 28.60, 27.109, 265, 359, 462, 541, 625, 745, 1037, 1602, 5329, 3149, 0, 0, 6446, 10825, 14660, 17925, 21334, 21861, 26427, 29697, 36000, 31450, 1, 1
15:32:57, 1012.50, 28.35, 28.56, 27.109, 268, 364, 469, 551, 637, 754, 1057, 1612, 5413, 3168, 0, 0, 6466, 10862, 14711, 17998, 21353, 21879, 26450, 29712, 36000, 31391, 1, 1
15:32:58, 1012.20, 28.35, 28.56, 27.117, 267, 363, 468, 548, 630, 748, 1041, 1602, 5345, 3137, 0, 0, 6425, 10788, 14618, 17858, 21213, 21742, 26250, 29536, 36000, 31246, 1, 1
15:32:58, 1012.40, 28.35, 28.58, 27.117, 264, 358, 462, 542, 627, 743, 1039, 1592, 5342, 3144, 0, 0, 6418, 10774, 14604, 17835, 21235, 21765, 26279, 29562, 36000, 31289, 1, 1
15:32:59, 1012.40, 28.35, 28.60, 27.133, 268, 365, 471, 553, 641, 757, 1058, 1612, 5443, 3190, 0, 0, 6471, 10869, 14729, 18001, 21421, 21956, 26534, 29805, 36000, 31493, 1, 1
15:33:00, 1012.60, 28.35, 28.54, 27.141, 270, 366, 473, 556, 641, 756, 1063, 1617, 5464, 3215, 0, 0, 6490, 10897, 14776, 18039, 21469, 21997, 26584, 29870, 36000, 31567, 1, 1
15:33:00, 1012.60, 28.35, 28.56, 27.141, 269, 365, 472, 555, 641, 756, 1065, 1617, 5475, 3222, 0, 0, 6492, 10899, 14781, 18044, 21483, 22018, 26594, 29896, 36000, 31579, 1, 1
15:33:01, 1012.30, 28.35, 28.58, 27.156, 270, 365, 472, 555, 638, 752, 1063, 1617, 5468, 3226, 0, 0, 6497, 10912, 14800, 18067, 21503, 22037, 26625, 29918, 36000, 31586, 1, 1
15:33:02, 1012.40, 28.35, 28.60, 27.172, 268, 362, 467, 548, 632, 749, 1055, 1611, 5414, 3199, 0, 0, 6507, 10926, 14814, 18087, 21555, 22087, 26682, 29998, 36000, 31709, 1, 1
15:33:02, 1012.60, 28.35, 28.60, 27.172, 269, 363, 468, 551, 636, 754, 1063, 1622, 5441, 3213, 0, 0, 6564, 11031, 14957, 18282, 21762, 22310, 26988, 30291, 36000, 31919, 1, 1
15:33:03, 1012.50, 28.35, 28.60, 27.187, 272, 368, 474, 560, 645, 762, 1079, 1635, 5530, 3246, 0, 0, 6585, 11064, 15011, 18346, 21772, 22328, 26993, 30308, 36000, 31947, 1, 1
15:33:04, 1012.30, 28.35, 28.60, 27.203, 271, 366, 472, 557, 640, 757, 1070, 1625, 5490, 3235, 0, 0, 6559, 11012, 14944, 18241, 21685, 22250, 26868, 30218, 36000, 31928, 1, 1
15:33:04, 1012.60, 28.35, 28.61, 27.203, 270, 365, 471, 554, 640, 756, 1070, 1624, 5509, 3252, 0, 0, 6579, 11051, 14997, 18318, 21776, 22334, 26998, 30324, 36000, 31951, 1, 1
15:33:05, 1012.40, 28.34, 28.60, 27.219, 270, 366, 472, 555, 643, 756, 1071, 1625, 5568, 3279, 0, 0, 6566, 11022, 14961, 18256, 21669, 22243, 26850, 30202, 36000, 31906, 1, 1
15:33:06, 1012.50, 28.35, 28.63, 27.234, 270, 365, 473, 553, 644, 754, 1068, 1615, 5595, 3299, 0, 0, 6529, 10952, 14875, 18121, 21600, 22160, 26709, 30085, 36000, 31855, 1, 1
15:33:06, 1012.60, 28.35, 28.58, 27.234, 270, 366, 473, 555, 646, 757, 1072, 1616, 5585, 3280, 0, 0, 6560, 11012, 14960, 18244, 21730, 22293, 26923, 30243, 36000, 31847, 1, 1
15:33:07, 1012.40, 28.35, 28.61, 27.234, 271, 367, 474, 557, 644, 757, 1069, 1620, 5539, 3255, 0, 0, 6578, 11049, 15003, 18316, 21721, 22277, 26913, 30242, 36000, 31802, 1, 1
15:33:07, 1012.60, 28.35, 28.61, 27.258, 267, 362, 466, 547, 633, 747, 1051, 1604, 5475, 3235, 0, 0, 6503, 10904, 14816, 18037, 21417, 21974, 26492, 29870, 36000, 31546, 1, 1
15:33:08, 1012.50, 28.35, 28.63, 27.258, 263, 357, 464, 538, 628, 734, 1030, 1573, 5443, 3208, 0, 0, 6445, 10799, 14672, 17863, 21279, 21830, 26302, 29647, 36000, 31324, 1, 1
15:33:09, 1012.20, 28.35, 28.60, 27.266, 262, 358, 465, 537, 635, 734, 1040, 1582, 5531, 3251, 0, 0, 6479, 10856, 14754, 17968, 21356, 21905, 26399, 29747, 36000, 31393, 1, 1
15:33:09, 1012.50, 28.35, 28.63, 27.281, 261, 356, 464, 535, 630, 733, 1029, 1569, 5483, 3227, 0, 0, 6441, 10795, 14668, 17851, 21220, 21773, 26230, 29589, 36000, 31276, 1, 1
15:33:10, 1012.50, 28.36, 28.61, 27.281, 261, 356, 463, 537, 630, 736, 1035, 1574, 5457, 3210, 0, 0, 6461, 10824, 14713, 17915, 21361, 21919, 26423, 29796, 36000, 31455, 1, 1
15:33:11, 1012.40, 28.36, 28.61, 27.297, 265, 360, 466, 542, 635, 745, 1047, 1595, 5472, 3216, 0, 0, 6511, 10918, 14837, 18068, 21507, 22055, 26619, 30002, 36000, 31574, 1, 1
15:33:11, 1012.50, 28.36, 28.61, 27.305, 265, 362, 469, 548, 642, 747, 1057, 1594, 5542, 3233, 0, 0, 6491, 10877, 14789, 18000, 21400, 21965, 26474, 29884, 36000, 31615, 1, 1
15:33:12, 1012.50, 28.36, 28.61, 27.305, 266, 365, 475, 555, 655, 750, 1074, 1593, 5704, 3313, 0, 0, 6466, 10821, 14711, 17870, 21294, 21894, 26315, 29803, 36000, 31725, 1, 1
15:33:13, 1012.40, 28.36, 28.63, 27.312, 266, 368, 479, 561, 661, 754, 1084, 1601, 5748, 3333, 0, 0, 6506, 10893, 14816, 17999, 21504, 22095, 26584, 30059, 36000, 31927, 1, 1
15:33:13, 1012.40, 28.36, 28.63, 27.312, 269, 372, 484, 567, 667, 763, 1091, 1616, 5765, 3333, 0, 0, 6560, 10992, 14946, 18179, 21607, 22225, 26788, 30247, 36000, 32052, 1, 1
15:33:14, 1012.60, 28.37, 28.60, 27.320, 270, 373, 485, 569, 669, 765, 1094, 1618, 5782, 3339, 0, 0, 6550, 10968, 14918, 18128, 21601, 22202, 26720, 30213, 36000, 32082, 1, 1
15:33:15, 1012.50, 28.37, 28.63, 27.328, 270, 373, 486, 569, 671, 766, 1097, 1618, 5808, 3353, 0, 0, 6557, 10977, 14934, 18143, 21601, 22240, 26752, 30263, 36000, 32103, 1, 1
15:33:15, 1012.40, 28.37, 28.63, 27.328, 271, 374, 488, 571, 672, 768, 1099, 1624, 5810, 3351, 0, 0, 6583, 11029, 15000, 18235, 21715, 22334, 26895, 30385, 36000, 32164, 1, 1
15:33:16, 1012.30, 28.37, 28.65, 27.336, 270, 374, 487, 570, 671, 767, 1097, 1622, 5796, 3347, 0, 0, 6584, 11029, 15004, 18237, 21698, 22323, 26854, 30375, 36000, 32197, 1, 1
15:33:17, 1012.30, 28.37, 28.65, 27.352, 271, 374, 488, 571, 673, 768, 1099, 1624, 5820, 3363, 0, 0, 6584, 11024, 14999, 18218, 21689, 22328, 26852, 30372, 36000, 32222, 1, 1
15:33:17, 1012.30, 28.38, 28.65, 27.352, 271, 375, 489, 572, 674, 769, 1101, 1626, 5827, 3365, 0, 0, 6599, 11052, 15042, 18273, 21766, 22393, 26945, 30465, 36000, 32264, 1, 1
15:33:18, 1012.40, 28.38, 28.67, 27.359, 271, 375, 488, 572, 673, 769, 1100, 1627, 5816, 3357, 0, 0, 6608, 11067, 15061, 18304, 21774, 22403, 26947, 30482, 36000, 32271, 1, 1
15:33:19, 1012.60, 28.38, 28.67, 27.375, 270, 374, 487, 571, 673, 768, 1100, 1625, 5816, 3360, 0, 0, 6600, 11053, 15041, 18273, 21752, 22384, 26915, 30456, 36000, 32257, 1, 1
15:33:19, 1012.30, 28.39, 28.63, 27.375, 271, 375, 488, 572, 674, 769, 1101, 1627, 5822, 3364, 0, 0, 6611, 11069, 15070, 18310, 21804, 22438, 26997, 30521, 36000, 32277, 1, 1
15:33:20, 1012.60, 28.39, 28.65, 27.383, 271, 375, 488, 572, 673, 769, 1100, 1626, 5812, 3358, 0, 0, 6608, 11068, 15071, 18307, 21769, 22401, 26947, 30474, 36000, 32218, 1, 1
15:33:21, 1012.40, 28.39, 28.67, 27.406, 270, 373, 486, 570, 671, 766, 1096, 1618, 5799, 3344, 0, 0, 6563, 10988, 14969, 18170, 21600, 22226, 26715, 30244, 36000, 31966, 1, 1
15:33:21, 1012.50, 28.40, 28.71, 27.406, 268, 372, 485, 569, 669, 763, 1094, 1612, 5788, 3339, 0, 0, 6535, 10940, 14904, 18076, 21580, 22180, 26651, 30184, 36000, 31919, 1, 1
15:33:22, 1012.40, 28.40, 28.63, 27.414, 268, 372, 484, 568, 669, 763, 1093, 1612, 5778, 3333, 0, 0, 6559, 10983, 14964, 18154, 21618, 22258, 26757, 30296, 36000, 31990, 1, 1
15:33:23, 1012.20, 28.40, 28.67, 27.437, 269, 373, 485, 569, 670, 765, 1096, 1618, 5780, 3333, 0, 0, 6587, 11029, 15031, 18242, 21711, 22339, 26861, 30408, 36000, 32063, 1, 1
15:33:23, 1012.30, 28.40, 28.69, 27.437, 268, 371, 482, 566, 665, 760, 1090, 1611, 5743, 3318, 0, 0, 6573, 11002, 14997, 18194, 21625, 22263, 26760, 30316, 36000, 32012, 1, 1
15:33:24, 1012.30, 28.40, 28.67, 27.445, 266, 369, 480, 562, 662, 757, 1083, 1604, 5725, 3319, 0, 0, 6564, 10986, 14974, 18154, 21599, 22253, 26724, 30297, 36000, 32033, 1, 1
15:33:25, 1012.40, 28.40, 28.69, 27.461, 267, 370, 482, 564, 666, 761, 1089, 1610, 5755, 3325, 0, 0, 6592, 11039, 15044, 18247, 21729, 22368, 26888, 30446, 36000, 32089, 1, 1
15:33:25, 1012.60, 28.40, 28.67, 27.461, 268, 371, 483, 567, 665, 763, 1090, 1612, 5732, 3303, 0, 0, 6592, 11037, 15053, 18252, 21719, 22355, 26866, 30428, 36000, 32075, 1, 1
15:33:26, 1012.40, 28.40, 28.67, 27.469, 268, 372, 484, 567, 668, 764, 1093, 1612, 5762, 3327, 0, 0, 6592, 11034, 15042, 18235, 21736, 22387, 26879, 30473, 36000, 32170, 1, 1
15:33:27, 1012.10, 28.40, 28.69, 27.477, 270, 374, 487, 573, 672, 769, 1101, 1622, 5792, 3337, 0, 0, 6628, 11098, 15137, 18359, 21873, 22508, 27064, 30640, 36000, 32267, 1, 1
15:33:27, 1012.30, 28.41, 28.69, 27.477, 269, 374, 486, 573, 670, 769, 1098, 1621, 5765, 3318, 0, 0, 6643, 11128, 15183, 18414, 21905, 22542, 27099, 30681, 36000, 32308, 1, 1
15:33:28, 1012.40, 28.41, 28.67, 27.477, 269, 373, 485, 570, 670, 766, 1097, 1617, 5781, 3331, 0, 0, 6633, 11103, 15151, 18363, 21855, 22503, 27023, 30633, 36000, 32293, 1, 1
15:33:29, 1012.50, 28.41, 28.67, 27.477, 268, 372, 485, 570, 668, 765, 1094, 1613, 5754, 3315, 0, 0, 6633, 11108, 15159, 18371, 21869, 22505, 27055, 30647, 36000, 32269, 1, 1
15:33:29, 1012.40, 28.41, 28.67, 27.477, 267, 371, 483, 568, 667, 764, 1093, 1613, 5740, 3307, 0, 0, 6644, 11126, 15180, 18403, 21909, 22548, 27094, 30700, 36000, 32316, 1, 1
15:33:30, 1012.40, 28.41, 28.65, 27.484, 269, 373, 485, 570, 670, 766, 1097, 1617, 5765, 3320, 0, 0, 6648, 11134, 15193, 18419, 21918, 22560, 27109, 30717, 36000, 32312, 1, 1
15:33:31, 1012.30, 28.41, 28.67, 27.484, 268, 372, 484, 570, 668, 765, 1094, 1613, 5751, 3309, 0, 0, 6638, 11113, 15170, 18380, 21867, 22508, 27044, 30650, 36000, 32255, 1, 1
15:33:31, 1012.70, 28.41, 28.71, 27.492, 267, 371, 482, 568, 666, 763, 1093, 1610, 5734, 3300, 0, 0, 6636, 11107, 15169, 18368, 21875, 22524, 27056, 30667, 36000, 32269, 1, 1
15:33:32, 1012.40, 28.41, 28.71, 27.500, 267, 372, 484, 569, 668, 765, 1095, 1613, 5753, 3309, 0, 0, 6648, 11129, 15201, 18416, 21924, 22569, 27111, 30726, 36000, 32303, 1, 1
15:33:33, 1012.30, 28.41, 28.71, 27.500, 267, 372, 483, 569, 667, 764, 1092, 1610, 5739, 3304, 0, 0, 6648, 11128, 15200, 18409, 21908, 22558, 27081, 30717, 36000, 32304, 1, 1
15:33:33, 1012.40, 28.41, 28.69, 27.500, 267, 371, 482, 568, 666, 763, 1091, 1607, 5721, 3289, 0, 0, 6644, 11120, 15194, 18396, 21910, 22564, 27081, 30717, 36000, 32300, 1, 1
15:33:34, 1012.40, 28.41, 28.69, 27.516, 267, 371, 483, 569, 668, 765, 1093, 1610, 5739, 3299, 0, 0, 6665, 11157, 15239, 18464, 21987, 22637, 27192, 30813, 36000, 32373, 1, 1
15:33:35, 1012.40, 28.41, 28.69, 27.516, 267, 372, 484, 571, 669, 766, 1094, 1611, 5742, 3299, 0, 0, 6671, 11171, 15256, 18482, 21991, 22641, 27186, 30819, 36000, 32368, 1, 1
15:33:35, 1012.50, 28.41, 28.65, 27.516, 267, 372, 483, 570, 667, 763, 1091, 1606, 5732, 3295, 0, 0, 6653, 11133, 15213, 18415, 21908, 22567, 27080, 30731, 36000, 32313, 1, 1
15:33:36, 1012.30, 28.41, 28.69, 27.523, 265, 370, 481, 567, 665, 762, 1089, 1602, 5711, 3282, 0, 0, 6661, 11149, 15239, 18444, 21980, 22638, 27166, 30812, 36000, 32377, 1, 1
15:33:37, 1012.50, 28.41, 28.71, 27.523, 266, 371, 482, 568, 667, 763, 1090, 1606, 5724, 3289, 0, 0, 6685, 11193, 15292, 18524, 22047, 22695, 27268, 30898, 36000, 32413, 1, 1
15:33:37, 1012.40, 28.41, 28.72, 27.523, 266, 371, 482, 567, 665, 762, 1087, 1603, 5712, 3282, 0, 0, 6671, 11167, 15261, 18478, 21971, 22634, 27160, 30817, 36000, 32372, 1, 1
15:33:38, 1012.30, 28.41, 28.71, 27.531, 265, 369, 480, 566, 663, 759, 1085, 1597, 5691, 3269, 0, 0, 6662, 11150, 15238, 18440, 21968, 22634, 27158, 30826, 36000, 32385, 1, 1
15:33:39, 1012.30, 28.42, 28.71, 27.531, 265, 370, 481, 567, 665, 761, 1087, 1602, 5704, 3279, 0, 0, 6693, 11204, 15315, 18546, 22079, 22734, 27302, 30953, 36000, 32466, 1, 1
15:33:39, 1012.40, 28.42, 28.71, 27.531, 265, 370, 481, 567, 665, 761, 1087, 1602, 5704, 3273, 0, 0, 6691, 11202, 15312, 18534, 22061, 22716, 27264, 30923, 36000, 32448, 1, 1
15:33:40, 1012.50, 28.43, 28.71, 27.555, 266, 371, 482, 569, 667, 763, 1090, 1602, 5723, 3281, 0, 0, 6680, 11185, 15289, 18501, 22011, 22675, 27203, 30878, 36000, 32423, 1, 1
15:33:41, 1012.30, 28.43, 28.74, 27.555, 265, 370, 480, 567, 664, 760, 1084, 1595, 5692, 3263, 0, 0, 6681, 11180, 15289, 18500, 22028, 22688, 27215, 30887, 36000, 32417, 1, 1
15:33:41, 1012.30, 28.43, 28.72, 27.555, 264, 369, 480, 566, 664, 758, 1082, 1594, 5701, 3271, 0, 0, 6681, 11183, 15293, 18502, 22021, 22682, 27214, 30885, 36000, 32416, 1, 1
15:33:42, 1012.20, 28.43, 28.72, 27.570, 263, 367, 478, 563, 661, 754, 1077, 1587, 5676, 3262, 0, 0, 6679, 11177, 15286, 18495, 22020, 22666, 27205, 30879, 36000, 32383, 1, 1
15:33:43, 1012.20, 28.43, 28.71, 27.570, 261, 365, 474, 559, 654, 748, 1067, 1578, 5610, 3225, 0, 0, 6681, 11182, 15290, 18511, 22032, 22672, 27236, 30910, 36000, 32378, 1, 1
15:33:43, 1012.40, 28.43, 28.71, 27.578, 261, 363, 472, 556, 652, 746, 1065, 1576, 5595, 3219, 0, 0, 6686, 11191, 15301, 18519, 22020, 22670, 27224, 30913, 36000, 32406, 1, 1
15:33:44, 1012.30, 28.44, 28.71, 27.578, 260, 363, 472, 555, 651, 745, 1063, 1572, 5592, 3219, 0, 0, 6674, 11165, 15271, 18474, 21978, 22626, 27163, 30857, 36000, 32369, 1, 1
15:33:45, 1012.40, 28.44, 28.69, 27.586, 260, 362, 471, 554, 648, 741, 1057, 1565, 5558, 3202, 0, 0, 6670, 11164, 15279, 18478, 21981, 22626, 27174, 30848, 36000, 32275, 1, 1
15:33:45, 1012.60, 28.44, 28.71, 27.594, 257, 357, 465, 544, 637, 732, 1039, 1550, 5451, 3148, 0, 0, 6664, 11163, 15270, 18484, 21996, 22625, 27187, 30834, 36000, 32181, 1, 1
15:33:46, 1012.30, 28.44, 28.72, 27.594, 256, 354, 462, 540, 631, 727, 1026, 1541, 5386, 3123, 0, 0, 6673, 11172, 15286, 18502, 21999, 22632, 27191, 30848, 36000, 32179, 1, 1
15:33:47, 1012.50, 28.44, 28.71, 27.594, 255, 352, 459, 534, 627, 725, 1020, 1536, 5333, 3094, 0, 0, 6684, 11192, 15313, 18531, 22049, 22678, 27249, 30904, 36000, 32192, 1, 1
15:33:47, 1012.30, 28.44, 28.74, 27.602, 253, 349, 456, 530, 620, 720, 1011, 1528, 5263, 3056, 0, 0, 6687, 11194, 15321, 18545, 22058, 22683, 27264, 30931, 36000, 32207, 1, 1
15:33:48, 1012.40, 28.44, 28.76, 27.602, 253, 349, 455, 531, 620, 722, 1013, 1526, 5260, 3047, 0, 0, 6691, 11198, 15327, 18549, 22041, 22669, 27241, 30903, 36000, 32204, 1, 1
15:33:49, 1012.20, 28.44, 28.72, 27.609, 250, 345, 450, 524, 611, 712, 995, 1502, 5162, 2990, 0, 0, 6667, 11159, 15284, 18484, 22001, 22624, 27180, 30822, 36000, 32053, 1, 1
15:33:49, 1012.30, 28.45, 28.72, 27.617, 250, 344, 446, 523, 606, 711, 993, 1503, 5094, 2951, 0, 0, 6727, 11258, 15412, 18663, 22221, 22844, 27475, 31129, 36000, 32295, 1, 1
15:33:50, 1012.30, 28.45, 28.78, 27.617, 248, 338, 436, 512, 592, 699, 985, 1500, 4994, 2919, 0, 0, 6764, 11323, 15502, 18780, 22335, 22955, 27608, 31283, 36000, 32431, 1, 1
15:33:51, 1012.20, 28.45, 28.72, 27.625, 247, 337, 434, 510, 588, 697, 982, 1500, 4959, 2915, 0, 0, 6798, 11378, 15585, 18879, 22492, 23111, 27807, 31471, 36000, 32577, 1, 1
15:33:51, 1012.60, 28.45, 28.72, 27.633, 249, 338, 436, 512, 594, 702, 994, 1507, 5019, 2939, 0, 0, 6845, 11471, 15707, 19041, 22625, 23253, 27982, 31647, 36000, 32751, 1, 1
15:33:52, 1012.40, 28.45, 28.78, 27.633, 250, 341, 440, 519, 600, 705, 1002, 1506, 5084, 2964, 0, 0, 6802, 11383, 15599, 18872, 22428, 23088, 27702, 31429, 36000, 32643, 1, 1
15:33:53, 1012.50, 28.45, 28.76, 27.633, 249, 339, 438, 516, 598, 702, 997, 1497, 5058, 2946, 0, 0, 6812, 11401, 15632, 18906, 22522, 23179, 27840, 31549, 36000, 32705, 1, 1
15:33:53, 1012.50, 28.44, 28.76, 27.648, 249, 339, 438, 517, 596, 702, 996, 1500, 5025, 2924, 0, 0, 6855, 11481, 15732, 19056, 22659, 23283, 28015, 31686, 36000, 32751, 1, 1
15:33:54, 1012.60, 28.44, 28.71, 27.648, 248, 338, 436, 515, 594, 700, 994, 1496, 5015, 2922, 0, 0, 6823, 11419, 15660, 18945, 22500, 23151, 27798, 31508, 36000, 32641, 1, 1
15:33:55, 1012.40, 28.44, 28.72, 27.648, 248, 338, 436, 514, 595, 698, 993, 1491, 5028, 2927, 0, 0, 6810, 11397, 15630, 18892, 22495, 23137, 27767, 31488, 36000, 32613, 1, 1
15:33:55, 1012.50, 28.45, 28.76, 27.656, 245, 335, 430, 509, 583, 689, 982, 1481, 4900, 2857, 0, 0, 6818, 11406, 15644, 18918, 22500, 23141, 27778, 31499, 36000, 32595, 1, 1
15:33:56, 1012.60, 28.45, 28.72, 27.656, 243, 333, 427, 506, 583, 688, 984, 1482, 4917, 2876, 0, 0, 6796, 11367, 15594, 18828, 22401, 23083, 27632, 31399, 36000, 32571, 1, 1
15:33:56, 1012.50, 28.45, 28.74, 27.648, 243, 333, 428, 507, 580, 684, 978, 1470, 4861, 2839, 0, 0, 6799, 11370, 15605, 18839, 22449, 23106, 27698, 31437, 36000, 32544, 1, 1
15:33:57, 1012.40, 28.45, 28.76, 27.641, 242, 332, 425, 505, 577, 685, 975, 1473, 4831, 2809, 0, 0, 6820, 11405, 15657, 18915, 22500, 23145, 27788, 31500, 36000, 32569, 1, 1
15:33:58, 1012.40, 28.45, 28.80, 27.641, 241, 330, 421, 501, 573, 680, 969, 1466, 4795, 2802, 0, 0, 6798, 11369, 15610, 18843, 22417, 23079, 27660, 31403, 36000, 32491, 1, 1
15:33:58, 1012.30, 28.45, 28.76, 27.625, 240, 328, 419, 499, 571, 679, 969, 1466, 4770, 2798, 0, 0, 6823, 11410, 15661, 18917, 22523, 23166, 27834, 31532, 36000, 32574, 1, 1
15:33:59, 1012.40, 28.45, 28.78, 27.633, 241, 329, 420, 501, 572, 681, 971, 1472, 4760, 2789, 0, 0, 6848, 11457, 15730, 19010, 22617, 23239, 27926, 31629, 36000, 32633, 1, 1
15:34:00, 1012.50, 28.45, 28.74, 27.633, 240, 329, 419, 500, 570, 679, 969, 1468, 4750, 2786, 0, 0, 6834, 11425, 15685, 18942, 22517, 23169, 27801, 31540, 36000, 32591, 1, 1
15:34:00, 1012.40, 28.45, 28.78, 27.633, 241, 330, 421, 502, 575, 683, 975, 1472, 4796, 2811, 0, 0, 6833, 11425, 15688, 18935, 22551, 23209, 27838, 31599, 36000, 32658, 1, 1
15:34:01, 1012.30, 28.45, 28.74, 27.633, 242, 332, 424, 506, 579, 687, 983, 1482, 4832, 2824, 0, 0, 6871, 11488, 15776, 19062, 22721, 23344, 28052, 31780, 36000, 32772, 1, 1
15:34:02, 1012.50, 28.45, 28.74, 27.641, 244, 334, 427, 510, 586, 694, 995, 1492, 4869, 2844, 0, 0, 6927, 11591, 15914, 19234, 22945, 23556, 28340, 32063, 36000, 33034, 1, 1
15:34:02, 1012.50, 28.45, 28.78, 27.648, 248, 341, 437, 521, 600, 707, 1013, 1514, 5006, 2916, 0, 0, 6979, 11681, 16042, 19405, 23127, 23723, 28570, 32288, 36000, 33264, 1, 1
15:34:03, 1012.40, 28.45, 28.83, 27.648, 251, 344, 442, 526, 604, 712, 1018, 1523, 5060, 2952, 0, 0, 6990, 11693, 16070, 19426, 23138, 23737, 28584, 32318, 36000, 33288, 1, 1
15:34:04, 1012.50, 28.46, 28.78, 27.641, 251, 343, 442, 525, 604, 711, 1017, 1522, 5058, 2951, 0, 0, 6988, 11689, 16063, 19419, 23130, 23718, 28572, 32293, 36000, 33255, 1, 1
15:34:04, 1012.30, 28.46, 28.80, 27.648, 251, 343, 442, 525, 604, 711, 1017, 1520, 5066, 2956, 0, 0, 6975, 11667, 16034, 19378, 23080, 23676, 28492, 32223, 36000, 33166, 1, 1
15:34:05, 1012.30, 28.46, 28.80, 27.648, 250, 342, 440, 523, 602, 708, 1012, 1514, 5046, 2944, 0, 0, 6959, 11640, 15994, 19328, 23009, 23611, 28403, 32131, 36000, 33049, 1, 1
15:34:06, 1012.50, 28.46, 28.80, 27.633, 248, 339, 436, 518, 594, 700, 1002, 1501, 4973, 2897, 0, 0, 6929, 11587, 15932, 19231, 22904, 23503, 28253, 31985, 36000, 32885, 1, 1
15:34:06, 1012.50, 28.46, 28.78, 27.625, 245, 335, 430, 511, 588, 694, 990, 1487, 4903, 2862, 0, 0, 6915, 11562, 15897, 19195, 22869, 23478, 28212, 31945, 36000, 32818, 1, 1
15:34:07, 1012.30, 28.46, 28.80, 27.625, 245, 336, 432, 512, 590, 695, 991, 1487, 4941, 2883, 0, 0, 6888, 11515, 15835, 19107, 22736, 23376, 28042, 31808, 36000, 32702, 1, 1
15:34:08, 1012.40, 28.46, 28.78, 27.609, 245, 334, 430, 509, 587, 691, 986, 1480, 4928, 2878, 0, 0, 6873, 11491, 15803, 19053, 22734, 23364, 28029, 31798, 36000, 32686, 1, 1
15:34:08, 1012.50, 28.46, 28.80, 27.594, 245, 335, 431, 510, 589, 694, 990, 1487, 4942, 2887, 0, 0, 6910, 11553, 15898, 19178, 22895, 23494, 28245, 31984, 36000, 32861, 1, 1
15:34:09, 1012.60, 28.46, 28.80, 27.594, 247, 337, 433, 515, 593, 699, 998, 1497, 4945, 2886, 0, 0, 6951, 11622, 15984, 19300, 23031, 23610, 28428, 32141, 36000, 32992, 1, 1
15:34:10, 1012.40, 28.46, 28.78, 27.562, 247, 338, 435, 517, 595, 702, 1001, 1501, 4953, 2883, 0, 0, 6966, 11642, 16017, 19336, 23067, 23645, 28463, 32187, 36000, 33053, 1, 1
15:34:10, 1012.50, 28.46, 28.80, 27.547, 248, 340, 437, 520, 598, 704, 1007, 1504, 4994, 2912, 0, 0, 6963, 11638, 16011, 19317, 23049, 23638, 28430, 32178, 36000, 33058, 1, 1
15:34:11, 1012.50, 28.46, 28.78, 27.547, 248, 339, 437, 519, 598, 704, 1005, 1503, 4994, 2912, 0, 0, 6966, 11646, 16023, 19335, 23077, 23653, 28457, 32203, 36000, 33072, 1, 1
15:34:12, 1012.30, 28.46, 28.80, 27.539, 248, 339, 437, 519, 597, 703, 1003, 1500, 4994, 2913, 0, 0, 6938, 11590, 15957, 19240, 22903, 23468, 28224, 31940, 36000, 32798, 1, 1
15:34:12, 1012.30, 28.46, 28.76, 27.523, 246, 338, 435, 517, 594, 698, 994, 1483, 4992, 2920, 0, 0, 6823, 11395, 15695, 18891, 22482, 23078, 27686, 31421, 36000, 32379, 1, 1
15:34:13, 1012.30, 28.46, 28.76, 27.523, 241, 330, 423, 507, 573, 678, 970, 1447, 4850, 2881, 0, 0, 6707, 11192, 15432, 18528, 22033, 22612, 27093, 30786, 36000, 31831, 1, 1
15:34:14, 1012.50, 28.45, 28.76, 27.500, 219, 296, 381, 457, 506, 611, 854, 1291, 4291, 2606, 0, 0, 6505, 10856, 14986, 17954, 21268, 21807, 26102, 29673, 36000, 30871, 1, 1
15:34:14, 1012.50, 28.45, 28.80, 27.492, 181, 238, 310, 369, 392, 477, 654, 1008, 3459, 2152, 0, 0, 6280, 10483, 14484, 17267, 20718, 21232, 25391, 28945, 36000, 30366, 1, 1
15:34:15, 1012.20, 28.45, 28.80, 27.492, 172, 217, 283, 327, 377, 462, 645, 1039, 3435, 2139, 0, 0, 6623, 10952, 15229, 17926, 21714, 22465, 26421, 30631, 36000, 31148, 1, 1
15:34:16, 1012.50, 28.45, 28.83, 27.484, 156, 197, 253, 294, 335, 414, 577, 942, 3136, 1980, 0, 0, 6993, 11495, 16002, 18607, 22891, 23887, 27668, 32715, 36000, 31928, 1, 1
15:34:16, 1012.20, 28.45, 28.78, 27.484, 117, 145, 174, 203, 200, 267, 403, 689, 2150, 1525, 0, 0, 8279, 13608, 18130, 22269, 24571, 28594, 31518, 36000, 36000, 33640, 1, 1
15:34:17, 1012.40, 28.46, 28.80, 27.484, 42, 50, 54, 61, 65, 99, 167, 300, 843, 635, 0, 0, 10552, 16652, 23311, 26857, 30174, 32888, 35784, 36000, 36000, 36000, 1, 1
15:34:18, 1012.40, 28.45, 28.81, 27.500, 198, 270, 384, 423, 538, 579, 778, 1062, 4883, 2662, 0, 0, 7626, 12827, 17772, 19972, 22206, 23320, 27419, 32334, 36000, 31147, 1, 1
15:34:18, 1012.30, 28.47, 28.78, 27.500, 151, 193, 227, 276, 582, 741, 1036, 1392, 4140, 2422, 0, 0, 3865, 7028, 9394, 11441, 13211, 12921, 16071, 18937, 36000, 27106, 1, 1
15:34:19, 1012.30, 28.47, 28.80, 27.500, 440, 680, 915, 1090, 1214, 1318, 1620, 1986, 6017, 2785, 0, 0, 3458, 6399, 8372, 9697, 11828, 11420, 13914, 17109, 36000, 24725, 1, 1
15:34:20, 1012.10, 28.47, 28.80, 27.406, 425, 652, 888, 1043, 994, 1170, 1524, 1826, 4109, 2186, 0, 0, 3965, 6592, 8906, 10022, 9179, 11287, 14827, 21057, 36000, 28673, 1, 1
15:34:20, 1012.20, 28.46, 28.80, 27.406, 367, 480, 662, 886, 979, 1162, 1460, 1576, 5897, 2535, 0, 0, 4833, 8330, 10818, 13312, 16812, 19226, 24309, 30254, 36000, 36000, 1, 1
15:34:21, 1012.00, 28.45, 28.81, 27.336, 828, 1249, 1758, 2082, 2898, 3061, 3690, 4349, 16566, 7315, 0, 0, 7051, 12196, 16531, 20193, 28375, 31737, 35910, 36000, 36000, 36000, 1, 1
15:34:22, 1011.70, 28.44, 28.80, 27.234, 1806, 2840, 3973, 4854, 6260, 6799, 7986, 9125, 33167, 12589, 0, 1, 8412, 13264, 19470, 21975, 29725, 32709, 36000, 36000, 36000, 36000, 1, 1
15:34:22, 1011.70, 28.44, 28.81, 27.234, 2089, 3313, 4617, 5549, 6486, 6989, 8282, 9451, 35988, 14198, 0, 1, 8314, 13310, 19511, 22326, 27600, 29647, 35725, 36000, 36000, 36000, 1, 1
15:34:23, 1012.30, 28.44, 28.80, 27.125, 2093, 3296, 4612, 5548, 6362, 6872, 8151, 9254, 35827, 14044, 0, 1, 8610, 13745, 19934, 23233, 27662, 30793, 36000, 36000, 36000, 36000, 1, 1
15:34:24, 1012.30, 28.44, 28.78, 27.047, 1995, 3090, 4348, 5250, 6110, 6657, 7859, 8843, 34713, 13376, 0, 1, 8449, 13302, 19350, 22429, 26441, 29286, 34948, 36000, 36000, 36000, 1, 1
15:34:24, 1011.50, 28.43, 28.81, 27.047, 2108, 3296, 4623, 5547, 6265, 6792, 8003, 9135, 36000, 14084, 1, 1, 8355, 13400, 19252, 22590, 27715, 30640, 36000, 36000, 36000, 36000, 1, 1
15:34:25, 1012.40, 28.45, 28.80, 26.977, 2086, 3293, 4586, 5513, 6112, 6615, 7822, 8937, 35588, 13961, 0, 1, 8453, 14350, 20025, 23725, 28759, 31271, 36000, 36000, 36000, 36000, 1, 1
15:34:26, 1012.10, 28.44, 28.80, 26.906, 2058, 3207, 4505, 5425, 5324, 5784, 6802, 7800, 33466, 13300, 0, 1, 8708, 14217, 20284, 23675, 29212, 31345, 36000, 36000, 36000, 36000, 1, 1
15:34:26, 1012.00, 28.44, 28.81, 26.906, 1854, 2900, 4073, 4944, 4656, 5107, 5979, 6918, 31913, 13246, 0, 0, 7226, 12106, 16849, 19816, 21328, 22929, 28131, 31229, 36000, 35948, 1, 1
15:34:27, 1012.00, 28.44, 28.81, 26.805, 1375, 2078, 2909, 3451, 4326, 4699, 5369, 6464, 27689, 11585, 0, 0, 5667, 9401, 13316, 15666, 16111, 17896, 20866, 25126, 36000, 21785, 1, 1
15:34:28, 1011.90, 28.44, 28.83, 26.719, 2018, 3105, 4400, 5252, 5952, 6408, 7560, 8525, 33530, 13017, 0, 1, 4683, 7397, 10614, 12502, 14320, 15733, 18594, 21696, 36000, 30487, 1, 1
15:34:28, 1012.10, 28.43, 28.80, 26.719, 1957, 3083, 4326, 5158, 5525, 5927, 6970, 8019, 31631, 12545, 0, 0, 2808, 4765, 6478, 8458, 10356, 11257, 13769, 15568, 36000, 19951, 1, 1
15:34:29, 1012.00, 28.44, 28.83, 26.586, 1929, 2963, 4196, 5002, 6443, 6974, 8186, 9256, 34995, 13493, 0, 1, 2779, 4570, 6382, 7861, 8538, 10077, 11534, 14237, 31315, 12113, 0, 0
15:34:30, 1012.30, 28.43, 28.80, 26.500, 2017, 3110, 4373, 5246, 5861, 6380, 7437, 8516, 34370, 13575, 0, 1, 2729, 4734, 6345, 8146, 7189, 8811, 10319, 13229, 24262, 9741, 0, 0
15:34:30, 1012.50, 28.43, 28.81, 26.500, 1809, 2803, 3903, 4747, 5989, 6477, 7614, 8685, 34700, 13541, 0, 1, 1220, 2193, 2828, 3679, 3529, 3781, 4725, 5366, 14546, 4913, 0, 0
15:34:31, 1012.40, 28.43, 28.81, 26.461, 2019, 3171, 4414, 5379, 6077, 6566, 7744, 8790, 35290, 13792, 0, 1, 1061, 1956, 2437, 3332, 3198, 3455, 4165, 4773, 13837, 4679, 0, 0
15:34:32, 1012.30, 28.43, 28.78, 26.461, 1942, 3032, 4237, 5164, 6034, 6523, 7699, 8698, 35618, 13937, 0, 1, 985, 1568, 2172, 2742, 3169, 3451, 4114, 4766, 13218, 4468, 0, 0
15:34:32, 1012.30, 28.44, 28.81, 26.437, 2119, 3345, 4654, 5662, 6482, 6966, 8225, 9337, 36000, 14328, 1, 1, 827, 1200, 1800, 2049, 2412, 2569, 3058, 3502, 12704, 4216, 0, 0
15:34:33, 1012.40, 28.44, 28.80, 26.406, 2061, 3270, 4549, 5517, 6811, 7309, 8628, 9777, 36000, 14188, 1, 1, 631, 982, 1441, 1675, 1736, 1827, 2217, 2619, 9094, 3108, 0, 0
15:34:34, 1013.70, 28.44, 28.81, 26.406, 2223, 3517, 4913, 5929, 6441, 6933, 8128, 9274, 36000, 14280, 1, 1, 355, 604, 834, 1062, 315, 384, 527, 630, 1304, 165, 0, 0
15:34:34, 1016.20, 28.51, 28.85, 26.516, 2198, 3490, 4863, 5888, 6388, 6870, 8062, 9206, 36000, 14712, 1, 1, 41, 55, 99, 171, 275, 343, 482, 583, 1151, 141, 0, 0
15:34:35, 1017.30, 28.56, 28.81, 27.953, 2021, 3220, 4489, 5445, 6890, 7393, 8765, 9903, 36000, 14748, 1, 1, 37, 48, 88, 152, 251, 314, 444, 540, 1046, 126, 0, 0
15:34:36, 1019.20, 28.60, 28.80, 27.953, 1900, 3094, 4471, 5582, 6700, 7267, 8677, 9901, 36000, 11132, 1, 1, 31, 39, 70, 126, 224, 284, 407, 500, 942, 111, 0, 0
15:34:36, 1019.50, 28.64, 28.80, 28.625, 1578, 2621, 3946, 5080, 6393, 6979, 8316, 9571, 33816, 9586, 0, 1, 32, 39, 71, 128, 234, 297, 425, 521, 989, 117, 0, 0
15:34:37, 1019.10, 28.67, 28.83, 28.953, 1644, 2734, 4073, 5205, 6451, 6995, 8325, 9607, 35554, 10700, 0, 1, 35, 44, 80, 141, 254, 321, 456, 558, 1075, 128, 0, 0
15:34:38, 1019.80, 28.70, 28.81, 28.953, 1752, 2883, 4221, 5313, 6418, 6957, 8215, 9534, 36000, 11365, 1, 1, 35, 45, 81, 143, 250, 317, 452, 556, 1053, 124, 0, 0
15:34:38, 1021.20, 28.72, 28.83, 29.078, 1498, 2491, 3786, 4887, 5927, 6491, 7740, 9009, 31984, 9018, 0, 0, 31, 38, 68, 123, 222, 285, 412, 510, 926, 108, 0, 0
15:34:39, 1019.20, 28.74, 28.80, 29.148, 1364, 2278, 3513, 4601, 5722, 6257, 7490, 8703, 30192, 8420, 0, 0, 30, 37, 67, 121, 221, 282, 406, 502, 910, 107, 0, 0
15:34:40, 1020.30, 28.76, 28.80, 29.148, 1648, 2707, 4037, 5081, 6123, 6618, 7854, 9055, 32190, 9975, 0, 0, 31, 39, 70, 126, 220, 281, 404, 499, 911, 107, 0, 0
15:34:40, 1022.00, 28.79, 28.78, 29.180, 1382, 2310, 3559, 4604, 5523, 6024, 7215, 8436, 28727, 8173, 0, 0, 29, 35, 63, 116, 208, 270, 392, 488, 861, 100, 0, 0
15:34:41, 1020.10, 28.80, 28.78, 29.203, 1263, 2130, 3326, 4362, 5359, 5846, 6985, 8159, 27398, 7756, 0, 0, 30, 37, 66, 119, 216, 278, 402, 499, 879, 103, 0, 0
15:34:41, 1020.50, 28.82, 28.78, 29.203, 1481, 2470, 3699, 4719, 5597, 6041, 7168, 8321, 28492, 8808, 0, 0, 31, 38, 68, 122, 216, 278, 401, 498, 877, 103, 0, 0
15:34:42, 1021.70, 28.84, 28.80, 29.203, 1300, 2192, 3359, 4387, 5085, 5550, 6639, 7734, 25030, 7067, 0, 0, 28, 33, 59, 108, 193, 251, 365, 457, 773, 90, 0, 0
15:34:43, 1020.80, 28.86, 28.80, 29.219, 1220, 2060, 3171, 4151, 5155, 5602, 6755, 7848, 24717, 6948, 0, 0, 28, 33, 59, 109, 198, 257, 374, 467, 796, 93, 0, 0
15:34:43, 1020.70, 28.87, 28.80, 29.219, 1309, 2198, 3347, 4323, 5455, 5894, 7122, 8225, 25796, 7466, 0, 0, 30, 36, 64, 117, 215, 277, 402, 500, 873, 103, 0, 0
15:34:44, 1021.60, 28.89, 28.80, 29.219, 1233, 2093, 3217, 4200, 5290, 5737, 6929, 8074, 23919, 6893, 0, 0, 29, 35, 63, 115, 210, 271, 395, 494, 852, 100, 0, 0
15:34:45, 1021.60, 28.90, 28.80, 29.211, 1149, 1948, 3069, 4063, 5032, 5493, 6718, 7799, 21870, 5842, 0, 0, 27, 32, 57, 105, 199, 259, 378, 473, 797, 93, 0, 0
15:34:45, 1021.30, 28.91, 28.80, 29.211, 1266, 2137, 3300, 4286, 5275, 5716, 6974, 8002, 22480, 6274, 0, 0, 27, 32, 58, 106, 195, 253, 370, 463, 773, 91, 0, 0
15:34:46, 1022.00, 28.92, 28.78, 29.203, 1226, 2079, 3215, 4192, 5195, 5633, 6914, 7917, 21500, 5945, 0, 0, 27, 32, 57, 105, 194, 253, 371, 465, 768, 90, 0, 0
15:34:47, 1021.60, 28.93, 28.80, 29.203, 1176, 2003, 3128, 4109, 5240, 5682, 6996, 8026, 21295, 5915, 0, 0, 28, 33, 58, 107, 198, 259, 380, 475, 786, 92, 0, 0
15:34:47, 1021.00, 28.94, 28.80, 29.203, 1214, 2075, 3224, 4217, 5335, 5784, 7126, 8168, 21671, 6066, 0, 0, 28, 34, 60, 111, 205, 267, 390, 488, 808, 95, 0, 0
15:34:48, 1021.00, 28.95, 28.78, 29.203, 1332, 2267, 3482, 4496, 5488, 5920, 7253, 8301, 22547, 6609, 0, 0, 29, 35, 62, 113, 203, 264, 386, 484, 799, 94, 0, 0
15:34:49, 1022.10, 28.96, 28.80, 29.203, 1246, 2127, 3304, 4312, 5192, 5630, 6926, 7965, 20961, 5871, 0, 0, 27, 32, 57, 105, 190, 250, 368, 463, 745, 87, 0, 0
15:34:49, 1020.80, 28.97, 28.80, 29.211, 1172, 2004, 3141, 4140, 5089, 5515, 6782, 7819, 20378, 5699, 0, 0, 27, 32, 57, 105, 191, 250, 367, 461, 747, 87, 0, 0
15:34:50, 1021.30, 28.98, 28.80, 29.211, 1301, 2224, 3385, 4370, 5142, 5547, 6745, 7829, 21120, 6320, 0, 0, 28, 34, 59, 109, 196, 256, 375, 471, 768, 90, 0, 0
15:34:51, 1021.70, 28.98, 28.80, 29.211, 1187, 2050, 3152, 4133, 5051, 5465, 6690, 7760, 20861, 5971, 0, 0, 28, 33, 57, 106, 194, 254, 374, 471, 764, 89, 0, 0
15:34:51, 1021.30, 28.99, 28.78, 29.211, 1241, 2120, 3246, 4209, 5267, 5690, 6951, 8017, 22424, 6459, 0, 0, 28, 34, 59, 109, 200, 262, 384, 483, 790, 92, 0, 0
15:34:52, 1021.50, 29.00, 28.78, 29.219, 1192, 2049, 3157, 4150, 5169, 5608, 6865, 7933, 22288, 6234, 0, 0, 28, 34, 59, 109, 203, 266, 392, 492, 810, 94, 0, 0
15:34:53, 1021.10, 29.01, 28.78, 29.219, 1249, 2136, 3277, 4278, 5301, 5746, 7008, 8088, 23261, 6593, 0, 0, 29, 34, 61, 111, 207, 270, 396, 497, 826, 97, 0, 0
15:34:53, 1020.80, 29.01, 28.80, 29.211, 1250, 2137, 3287, 4304, 5225, 5671, 6908, 7985, 23153, 6505, 0, 0, 29, 34, 61, 112, 208, 271, 397, 498, 834, 98, 0, 0
15:34:54, 1021.00, 29.02, 28.80, 29.211, 1344, 2292, 3485, 4515, 5360, 5797, 7037, 8129, 23911, 6885, 0, 0, 29, 35, 62, 113, 208, 271, 397, 498, 832, 98, 0, 0
15:34:55, 1022.10, 29.03, 28.81, 29.211, 1229, 2101, 3240, 4258, 4994, 5447, 6603, 7700, 22394, 6183, 0, 0, 29, 33, 59, 109, 202, 266, 392, 494, 811, 94, 0, 0
15:34:55, 1021.20, 29.03, 28.80, 29.203, 1135, 1913, 3004, 3959, 4907, 5357, 6463, 7561, 22402, 6178, 0, 0, 29, 35, 61, 113, 211, 274, 400, 501, 855, 101, 0, 0
15:34:56, 1023.20, 29.03, 28.78, 29.211, 1220, 2073, 3177, 4151, 5050, 5495, 6643, 7764, 23486, 6611, 0, 0, 29, 34, 60, 110, 202, 264, 389, 489, 828, 97, 0, 0
15:34:57, 1022.90, 29.04, 28.78, 29.211, 1038, 1770, 2821, 3814, 4962, 5432, 6662, 7792, 22627, 5953, 0, 0, 28, 33, 58, 107, 198, 260, 383, 483, 811, 95, 0, 0
15:34:57, 1021.30, 29.05, 28.80, 29.219, 1195, 2044, 3173, 4192, 5354, 5812, 7061, 8209, 24675, 6973, 0, 0, 30, 36, 63, 115, 210, 274, 401, 503, 850, 100, 0, 0
15:34:58, 1023.00, 29.06, 28.78, 29.227, 1202, 2040, 3174, 4163, 5200, 5663, 6909, 8018, 23734, 6380, 0, 0, 28, 33, 58, 107, 199, 262, 388, 489, 802, 93, 0, 0
15:34:59, 1021.30, 29.07, 28.76, 29.227, 1111, 1892, 3008, 4031, 5119, 5597, 6831, 7952, 23340, 6125, 0, 0, 29, 34, 59, 109, 209, 274, 402, 505, 846, 99, 0, 0
15:34:59, 1020.90, 29.08, 28.80, 29.227, 1370, 2321, 3519, 4555, 5483, 5917, 7108, 8283, 26196, 7824, 0, 0, 32, 39, 69, 126, 226, 293, 426, 532, 924, 110, 0, 0
15:35:00, 1024.20, 29.08, 28.74, 29.227, 1225, 2100, 3242, 4280, 5107, 5568, 6759, 7925, 24032, 6584, 0, 0, 29, 33, 59, 109, 196, 260, 384, 486, 809, 94, 0, 0
15:35:01, 1021.90, 29.09, 28.74, 29.227, 1027, 1760, 2816, 3845, 4831, 5299, 6478, 7619, 22113, 5761, 0, 0, 28, 32, 56, 104, 199, 261, 385, 485, 807, 95, 0, 0
15:35:01, 1019.60, 29.10, 28.80, 29.219, 1310, 2230, 3382, 4386, 5467, 5887, 7076, 8214, 25550, 7759, 0, 0, 31, 38, 67, 121, 219, 282, 409, 511, 877, 105, 0, 0
15:35:02, 1022.50, 29.11, 28.78, 29.219, 1331, 2271, 3418, 4409, 5165, 5595, 6747, 7875, 23687, 6950, 0, 0, 29, 35, 61, 113, 202, 265, 391, 492, 814, 95, 0, 0
15:35:03, 1021.60, 29.12, 28.81, 29.219, 1121, 1927, 3023, 4024, 5062, 5519, 6758, 7848, 22102, 5957, 0, 0, 28, 32, 57, 105, 198, 261, 384, 483, 792, 93, 0, 0
15:35:03, 1017.50, 29.13, 28.78, 29.227, 1375, 2336, 3526, 4533, 5698, 6118, 7391, 8487, 25465, 7938, 0, 0, 31, 39, 69, 125, 228, 291, 420, 522, 902, 110, 0, 0
15:35:04, 1020.20, 29.14, 28.78, 29.227, 1711, 2829, 4062, 5021, 5885, 6292, 7544, 8655, 26737, 9119, 0, 0, 31, 38, 68, 123, 214, 277, 403, 504, 846, 101, 0, 0
15:35:05, 1021.80, 29.15, 28.78, 29.227, 1224, 2101, 3234, 4227, 5132, 5565, 6843, 7903, 21573, 5964, 0, 0, 28, 32, 57, 105, 195, 257, 379, 478, 770, 90, 0, 0
15:35:05, 1018.70, 29.15, 28.80, 29.234, 1295, 2212, 3389, 4383, 5476, 5892, 7207, 8251, 22703, 6706, 0, 0, 30, 36, 64, 116, 216, 278, 404, 504, 838, 101, 0, 0
15:35:06, 1019.20, 29.16, 28.80, 29.234, 1645, 2752, 3998, 4975, 5838, 6216, 7522, 8579, 24722, 8389, 0, 0, 31, 38, 68, 122, 214, 276, 401, 500, 837, 101, 0, 0
15:35:07, 1020.40, 29.17, 28.81, 29.227, 1368, 2340, 3532, 4531, 5440, 5857, 7187, 8238, 22118, 6535, 0, 0, 29, 34, 61, 111, 204, 265, 388, 486, 794, 94, 0, 0
15:35:07, 1019.30, 29.17, 28.74, 29.234, 1422, 2425, 3635, 4637, 5596, 5990, 7310, 8366, 22732, 7109, 0, 0, 30, 37, 65, 118, 212, 274, 397, 496, 824, 100, 0, 0
15:35:08, 1019.30, 29.18, 28.80, 29.234, 1476, 2506, 3717, 4692, 5596, 5975, 7291, 8351, 22600, 7142, 0, 0, 30, 36, 64, 117, 210, 271, 395, 493, 815, 98, 0, 0
15:35:09, 1019.70, 29.18, 28.78, 29.234, 1475, 2499, 3715, 4694, 5688, 6074, 7409, 8455, 23039, 7323, 0, 0, 30, 37, 65, 118, 210, 272, 394, 492, 821, 99, 0, 0
15:35:09, 1020.00, 29.19, 28.78, 29.242, 1373, 2348, 3538, 4529, 5452, 5850, 7163, 8213, 21929, 6623, 0, 0, 29, 35, 61, 112, 205, 267, 388, 485, 805, 97, 0, 0
15:35:10, 1018.50, 29.19, 28.80, 29.242, 1385, 2357, 3539, 4505, 5527, 5906, 7206, 8258, 22553, 7152, 0, 0, 30, 37, 66, 120, 216, 278, 402, 499, 846, 103, 0, 0
15:35:11, 1019.60, 29.19, 28.78, 29.234, 1579, 2645, 3875, 4818, 5686, 6032, 7320, 8383, 23540, 7884, 0, 0, 31, 38, 67, 121, 211, 272, 395, 492, 825, 100, 0, 0
15:35:11, 1019.90, 29.19, 28.83, 29.234, 1280, 2195, 3327, 4267, 5224, 5595, 6857, 7920, 21164, 6298, 0, 0, 29, 34, 61, 111, 203, 264, 386, 482, 793, 94, 0, 0
15:35:12, 1018.80, 29.19, 28.76, 29.234, 1460, 2468, 3669, 4620, 5734, 6106, 7419, 8489, 24189, 7860, 0, 0, 31, 38, 68, 121, 216, 277, 401, 500, 849, 103, 0, 0
15:35:13, 1019.10, 29.20, 28.78, 29.227, 1515, 2552, 3775, 4741, 5767, 6152, 7461, 8550, 24416, 7973, 0, 0, 31, 38, 68, 123, 221, 283, 410, 510, 873, 107, 0, 0
15:35:13, 1019.30, 29.20, 28.78, 29.234, 1515, 2553, 3786, 4764, 5763, 6153, 7482, 8570, 24277, 7703, 0, 0, 30, 37, 66, 119, 214, 276, 401, 500, 840, 102, 0, 0
15:35:14, 1019.10, 29.20, 28.78, 29.234, 1455, 2458, 3684, 4658, 5649, 6046, 7367, 8453, 23677, 7268, 0, 0, 30, 37, 65, 118, 214, 277, 403, 503, 837, 101, 0, 0
15:35:15, 1019.40, 29.21, 28.80, 29.234, 1530, 2577, 3819, 4795, 5771, 6153, 7448, 8571, 24663, 7995, 0, 0, 31, 39, 69, 124, 219, 281, 408, 509, 862, 104, 0, 0
15:35:15, 1021.20, 29.21, 28.78, 29.234, 1332, 2309, 3463, 4493, 5357, 5772, 7038, 8173, 22802, 6703, 0, 0, 29, 34, 61, 112, 204, 266, 390, 489, 808, 96, 0, 0
15:35:16, 1019.50, 29.21, 28.78, 29.234, 1314, 2268, 3432, 4453, 5510, 5923, 7222, 8345, 23842, 7073, 0, 0, 30, 36, 64, 117, 216, 279, 404, 505, 852, 102, 0, 0
15:35:17, 1021.00, 29.22, 28.80, 29.227, 1551, 2615, 3835, 4825, 5691, 6088, 7359, 8471, 25169, 7961, 0, 0, 30, 36, 65, 117, 209, 272, 396, 497, 826, 98, 0, 0
15:35:17, 1022.80, 29.22, 28.80, 29.234, 1139, 1972, 3077, 4090, 4989, 5426, 6686, 7787, 21101, 5632, 0, 0, 27, 31, 55, 102, 191, 252, 373, 470, 759, 88, 0, 0
15:35:18, 1019.20, 29.23, 28.74, 29.234, 1217, 2093, 3239, 4253, 5348, 5769, 7035, 8150, 23193, 6659, 0, 0, 30, 36, 64, 117, 217, 280, 407, 508, 864, 104, 0, 0
15:35:19, 1020.70, 29.24, 28.80, 29.227, 1516, 2561, 3756, 4722, 5716, 6110, 7333, 8494, 26117, 8488, 0, 0, 32, 39, 68, 124, 219, 282, 410, 513, 878, 106, 0, 0
15:35:19, 1023.00, 29.24, 28.76, 29.227, 1215, 2094, 3219, 4224, 5152, 5601, 6831, 7986, 22991, 6347, 0, 0, 28, 33, 58, 107, 197, 259, 384, 484, 798, 94, 0, 0
15:35:20, 1022.90, 29.25, 28.80, 29.227, 1064, 1839, 2916, 3940, 4980, 5446, 6680, 7839, 21993, 5766, 0, 0, 28, 33, 57, 105, 200, 263, 389, 490, 809, 95, 0, 0
15:35:21, 1023.20, 29.25, 28.76, 29.219, 1155, 1983, 3104, 4116, 5133, 5582, 6783, 7940, 23162, 6271, 0, 0, 29, 33, 59, 108, 202, 266, 393, 495, 830, 98, 0, 0
15:35:21, 1024.30, 29.25, 28.74, 29.219, 1038, 1776, 2832, 3828, 4984, 5470, 6694, 7879, 22360, 5738, 0, 0, 28, 32, 56, 104, 199, 263, 389, 493, 821, 97, 0, 0
15:35:22, 1025.90, 29.26, 28.80, 29.219, 982, 1682, 2717, 3734, 4795, 5293, 6515, 7686, 21703, 5393, 0, 0, 27, 31, 54, 101, 191, 255, 380, 484, 796, 93, 0, 0
15:35:23, 1033.90, 29.26, 28.76, 29.211, 861, 1469, 2447, 3447, 4324, 4856, 6001, 7169, 19712, 4642, 0, 0, 25, 27, 45, 86, 159, 220, 340, 442, 691, 78, 0, 0
15:35:23, 1037.40, 29.26, 28.80, 29.211, 552, 856, 1528, 2406, 3342, 3901, 4975, 6086, 14807, 2967, 0, 0, 21, 21, 34, 67, 136, 192, 303, 400, 601, 65, 0, 0
15:35:24, 1043.80, 29.26, 28.76, 29.187, 450, 664, 1195, 1963, 2708, 3256, 4259, 5313, 11754, 2080, 0, 0, 17, 17, 25, 51, 109, 161, 262, 352, 498, 52, 0, 0
15:35:25, 1052.90, 29.27, 28.80, 29.195, 358, 484, 879, 1535, 2221, 2767, 3714, 4689, 9621, 1526, 0, 0, 14, 13, 19, 37, 82, 126, 214, 295, 390, 39, 0, 0
15:35:25, 1054.20, 29.27, 28.74, 29.195, 262, 320, 558, 1045, 1754, 2260, 3133, 4027, 7530, 1081, 0, 0, 12, 12, 16, 31, 75, 117, 201, 278, 361, 36, 0, 0
15:35:26, 1047.60, 29.27, 28.78, 29.195, 261, 323, 566, 1056, 1777, 2273, 3129, 4009, 7818, 1160, 0, 0, 13, 12, 17, 33, 83, 127, 216, 297, 390, 40, 0, 0
15:35:27, 1040.30, 29.28, 28.80, 29.195, 371, 522, 944, 1601, 2627, 3144, 4092, 5110, 11772, 2158, 0, 0, 18, 18, 27, 53, 113, 163, 263, 351, 508, 54, 0, 0
15:35:27, 1027.00, 29.29, 28.80, 29.195, 476, 704, 1274, 2067, 3330, 3910, 4981, 6081, 14685, 2805, 0, 0, 21, 22, 36, 70, 158, 216, 331, 427, 665, 76, 0, 0
15:35:28, 1022.70, 29.30, 28.80, 29.195, 1107, 1881, 3028, 4091, 5435, 5979, 7214, 8399, 26253, 6871, 0, 0, 29, 35, 61, 111, 206, 270, 399, 504, 860, 104, 0, 0
15:35:29, 1025.80, 29.31, 28.78, 29.203, 1102, 1858, 3006, 4062, 5041, 5596, 6785, 7980, 24450, 6047, 0, 0, 28, 32, 54, 102, 195, 261, 391, 499, 831, 98, 0, 0
15:35:29, 1026.00, 29.32, 28.80, 29.203, 864, 1440, 2400, 3390, 4580, 5185, 6302, 7610, 23207, 5521, 0, 0, 28, 31, 53, 101, 202, 270, 405, 515, 867, 102, 0, 0
15:35:30, 1022.50, 29.33, 28.76, 29.203, 900, 1484, 2427, 3381, 4437, 5002, 6004, 7291, 24740, 6453, 0, 0, 32, 37, 64, 119, 239, 312, 460, 579, 1039, 126, 0, 0
15:35:31, 1024.00, 29.33, 28.78, 29.203, 1187, 1992, 3073, 4025, 5384, 5936, 7059, 8425, 29262, 7950, 0, 0, 28, 33, 58, 106, 191, 251, 372, 471, 833, 100, 0, 0
15:35:31, 1026.80, 29.33, 28.72, 29.203, 942, 1573, 2573, 3545, 4523, 5095, 6178, 7349, 23362, 5531, 0, 0, 22, 25, 42, 80, 155, 209, 317, 407, 673, 78, 0, 0
15:35:32, 1027.60, 29.33, 28.80, 29.203, 843, 1398, 2343, 3298, 4260, 4804, 5852, 6977, 21672, 5017, 0, 0, 23, 25, 43, 82, 162, 219, 333, 429, 702, 81, 0, 0
15:35:33, 1027.00, 29.33, 28.78, 29.203, 826, 1361, 2305, 3291, 4225, 4779, 5820, 7014, 21136, 4923, 0, 0, 26, 29, 48, 92, 181, 244, 368, 471, 784, 91, 0, 0
15:35:33, 1027.60, 29.34, 28.80, 29.203, 853, 1411, 2367, 3361, 4226, 4783, 5796, 7070, 21790, 5232, 0, 0, 27, 30, 51, 96, 180, 244, 369, 474, 785, 90, 0, 0
15:35:34, 1024.20, 29.34, 28.80, 29.195, 954, 1602, 2634, 3655, 4768, 5291, 6336, 7653, 25237, 6643, 0, 0, 31, 36, 63, 116, 210, 277, 410, 518, 909, 109, 0, 0
15:35:35, 1022.30, 29.34, 28.76, 29.203, 1050, 1761, 2854, 3884, 4889, 5432, 6468, 7778, 25542, 6701, 0, 0, 30, 35, 61, 112, 208, 273, 402, 507, 889, 108, 0, 0
15:35:35, 1019.20, 29.35, 28.78, 29.203, 1288, 2150, 3355, 4382, 5402, 5924, 6993, 8245, 28497, 8101, 0, 0, 31, 38, 67, 121, 224, 288, 419, 524, 947, 119, 0, 0
15:35:36, 1017.10, 29.35, 28.76, 29.203, 1628, 2644, 3931, 4912, 5734, 6244, 7235, 8546, 31831, 10436, 0, 0, 35, 43, 77, 136, 241, 307, 444, 552, 1015, 128, 0, 0
15:35:37, 1020.40, 29.35, 28.80, 29.203, 1916, 3012, 4318, 5218, 5812, 6314, 7254, 8484, 31574, 11634, 0, 0, 36, 45, 80, 141, 240, 307, 443, 552, 1030, 130, 0, 0
15:35:37, 1022.30, 29.35, 28.76, 29.203, 1144, 1909, 3028, 4058, 5080, 5622, 6813, 7944, 25361, 6313, 0, 0, 28, 32, 57, 104, 202, 264, 388, 489, 868, 106, 0, 0
15:35:38, 1030.10, 29.35, 28.78, 29.195, 1239, 2107, 3321, 4364, 4629, 5146, 6104, 7433, 25541, 6966, 0, 0, 30, 34, 59, 111, 192, 259, 393, 503, 840, 97, 0, 0
15:35:39, 1039.80, 29.35, 28.78, 29.195, 704, 1122, 1981, 2986, 3605, 4208, 5239, 6479, 18292, 3851, 0, 0, 23, 24, 39, 75, 142, 203, 323, 427, 648, 70, 0, 0
15:35:39, 1045.10, 29.35, 28.74, 29.203, 442, 616, 1122, 1886, 2527, 3077, 3971, 5076, 12668, 2351, 0, 0, 19, 19, 29, 57, 117, 172, 280, 375, 543, 57, 0, 0
15:35:40, 1057.10, 29.36, 28.76, 29.203, 336, 427, 772, 1390, 1906, 2448, 3319, 4299, 9081, 1345, 0, 0, 13, 13, 17, 33, 75, 117, 204, 285, 366, 36, 0, 0
15:35:41, 1066.60, 29.36, 28.78, 29.203, 230, 269, 457, 878, 1452, 1925, 2717, 3579, 6593, 896, 0, 0, 11, 10, 13, 25, 60, 96, 172, 245, 311, 30, 0, 0
15:35:41, 1076.60, 29.36, 28.76, 29.203, 158, 177, 271, 544, 976, 1362, 2055, 2771, 4234, 505, 0, 0, 8, 7, 9, 16, 41, 71, 133, 196, 230, 22, 0, 0
15:35:42, 1090.60, 29.36, 28.80, 29.211, 121, 133, 189, 382, 736, 1073, 1700, 2320, 3084, 339, 0, 0, 6, 5, 6, 11, 27, 49, 99, 152, 163, 15, 0, 0
15:35:43, 1099.80, 29.36, 28.78, 29.211, 85, 91, 117, 231, 531, 827, 1376, 1924, 2068, 201, 0, 0, 5, 4, 4, 7, 21, 39, 81, 127, 131, 12, 0, 0
15:35:43, 1110.10, 29.37, 28.81, 29.203, 65, 69, 82, 155, 362, 590, 1032, 1502, 1235, 112, 0, 0, 4, 3, 3, 5, 16, 30, 66, 107, 105, 10, 0, 0
15:35:44, 1122.70, 29.37, 28.76, 29.211, 54, 57, 65, 118, 288, 484, 868, 1295, 937, 81, 0, 0, 3, 3, 3, 4, 12, 23, 54, 90, 86, 8, 0, 0
15:35:44, 1134.90, 29.37, 28.78, 29.211, 38, 39, 43, 72, 195, 348, 668, 1032, 735, 61, 0, 0, 2, 2, 2, 3, 8, 17, 42, 72, 69, 6, 0, 0
15:35:45, 1143.30, 29.37, 28.78, 29.203, 32, 32, 35, 54, 143, 261, 520, 828, 563, 47, 0, 0, 2, 2, 1, 2, 7, 14, 35, 62, 58, 5, 0, 0
15:35:46, 1153.20, 29.37, 28.74, 29.203, 27, 27, 29, 43, 116, 219, 451, 728, 553, 46, 0, 0, 2, 1, 1, 2, 5, 11, 29, 53, 49, 4, 0, 0
15:35:46, 1167.40, 29.37, 28.78, 29.203, 20, 20, 22, 31, 80, 157, 342, 570, 453, 38, 0, 0, 1, 1, 0, 1, 4, 8, 22, 42, 38, 3, 0, 0
15:35:47, 1176.40, 29.37, 28.76, 29.203, 16, 16, 17, 22, 62, 126, 284, 486, 429, 37, 0, 0, 1, 1, 0, 1, 3, 6, 19, 37, 33, 2, 0, 0
15:35:48, 1183.20, 29.37, 28.78, 29.203, 14, 14, 15, 19, 52, 107, 248, 435, 392, 34, 0, 0, 1, 0, 0, 1, 2, 5, 17, 33, 30, 2, 0, 0
15:35:48, 1200.00, 29.37, 28.78, 29.203, 11, 11, 12, 14, 37, 78, 191, 345, 313, 27, 0, 0, 0, 0, 0, 0, 2, 4, 12, 25, 22, 1, 0, 0
15:35:49, 1209.30, 29.37, 28.78, 29.195, 8, 9, 10, 10, 30, 65, 165, 303, 296, 26, 0, 0, 0, 0, 0, 0, 1, 3, 10, 21, 19, 1, 0, 0
15:35:50, 1218.60, 29.37, 28.76, 29.195, 7, 7, 8, 9, 23, 49, 131, 248, 252, 22, 0, 0, 0, 0, 0, 0, 1, 2, 9, 19, 16, 1, 0, 0
15:35:50, 1231.80, 29.38, 28.78, 29.195, 5, 5, 6, 6, 16, 36, 101, 197, 197, 17, 0, 0, 0, 0, 0, 0, 1, 1, 6, 14, 12, 0, 0, 0
15:35:51, 1240.60, 29.38, 28.80, 29.195, 4, 4, 5, 6, 13, 30, 86, 170, 176, 15, 0, 0, 0, 0, 0, 0, 0, 1, 5, 12, 10, 0, 0, 0
15:35:52, 1248.20, 29.38, 28.78, 29.203, 3, 3, 4, 4, 10, 22, 66, 134, 133, 11, 0, 0, 0, 0, 0, 0, 0, 1, 4, 10, 8, 0, 0, 0
15:35:52, 1258.30, 29.38, 28.76, 29.203, 3, 3, 3, 4, 8, 18, 56, 119, 119, 10, 0, 0, 0, 0, 0, 0, 0, 0, 3, 9, 7, 0, 0, 0
15:35:53, 1267.80, 29.38, 28.80, 29.195, 2, 2, 3, 3, 5, 13, 41, 88, 80, 7, 0, 0, 0, 0, 0, 0, 0, 0, 2, 7, 5, 0, 0, 0
15:35:54, 1277.20, 29.39, 28.76, 29.195, 2, 2, 2, 2, 5, 11, 36, 79, 64, 6, 0, 0, 0, 0, 0, 0, 0, 0, 2, 6, 4, 0, 0, 0
15:35:54, 1283.40, 29.39, 28.80, 29.195, 1, 1, 2, 2, 3, 8, 29, 63, 50, 4, 0, 0, 0, 0, 0, 0, 0, 0, 2, 5, 4, 0, 0, 0
15:35:55, 1294.30, 29.39, 28.80, 29.195, 1, 1, 2, 2, 3, 7, 25, 57, 44, 4, 0, 0, 0, 0, 0, 0, 0, 0, 1, 4, 3, 0, 0, 0
15:35:56, 1301.00, 29.39, 28.80, 29.195, 1, 1, 1, 1, 2, 5, 21, 48, 32, 3, 0, 0, 0, 0, 0, 0, 0, 0, 1, 3, 2, 0, 0, 0
15:35:56, 1311.10, 29.39, 28.78, 29.195, 0, 1, 1, 1, 2, 4, 18, 40, 27, 2, 0, 0, 0, 0, 0, 0, 0, 0, 1, 3, 2, 0, 0, 0
15:35:57, 1319.40, 29.39, 28.78, 29.187, 0, 0, 1, 1, 1, 3, 15, 35, 22, 2, 0, 0, 0, 0, 0, 0, 0, 0, 0, 2, 1, 0, 0, 0
15:35:58, 1333.30, 29.39, 28.76, 29.187, 0, 0, 1, 0, 1, 3, 12, 29, 19, 2, 0, 0, 0, 0, 0, 0, 0, 0, 0, 2, 1, 0, 0, 0
15:35:58, 1343.30, 29.39, 28.78, 29.195, 0, 0, 1, 1, 1, 2, 10, 26, 15, 1, 0, 0, 0, 0, 0, 0, 0, 0, 0, 1, 1, 0, 0, 0
15:35:59, 1351.60, 29.39, 28.74, 29.195, 0, 0, 1, 1, 0, 1, 8, 21, 11, 1, 0, 0, 0, 0, 0, 0, 0, 0, 0, 1, 0, 0, 0, 0
15:36:00, 1364.50, 29.39, 28.80, 29.195, 0, 0, 1, 0, 0, 1, 7, 17, 10, 1, 0, 0, 0, 0, 0, 0, 0, 0, 0, 1, 0, 0, 0, 0
15:36:00, 1374.80, 29.39, 28.76, 29.195, 0, 0, 1, 0, 0, 1, 6, 16, 9, 1, 0, 0, 0, 0, 0, 0, 0, 0, 0, 1, 0, 0, 0, 0
15:36:01, 1383.00, 29.39, 28.78, 29.195, 0, 0, 1, 1, 0, 1, 5, 13, 8, 1, 0, 0, 0, 0, 0, 0, 0, 0, 0, 0, 0, 0, 0, 0
15:36:02, 1391.30, 29.39, 28.80, 29.195, 0, 0, 1, 1, 0, 0, 5, 12, 8, 1, 0, 0, 0, 0, 0, 0, 0, 0, 0, 0, 0, 0, 0, 0
15:36:02, 1401.70, 29.40, 28.74, 29.195, 0, 0, 0, 1, 0, 0, 3, 9, 6, 1, 0, 0, 0, 0, 0, 0, 0, 0, 0, 0, 0, 0, 0, 0
15:36:03, 1413.50, 29.40, 28.78, 29.195, 0, 0, 0, 1, 0, 0, 3, 8, 5, 0, 0, 0, 0, 0, 0, 0, 0, 0, 0, 0, 0, 0, 0, 0
15:36:04, 1425.10, 29.40, 28.76, 29.195, 0, 0, 0, 0, 0, 0, 2, 6, 5, 0, 0, 0, 0, 0, 0, 0, 0, 0, 0, 0, 0, 0, 0, 0
15:36:04, 1432.10, 29.40, 28.76, 29.187, 0, 0, 0, 0, 0, 0, 2, 6, 4, 0, 0, 0, 0, 0, 0, 0, 0, 0, 0, 0, 0, 0, 0, 0
15:36:05, 1439.50, 29.40, 28.78, 29.187, 0, 0, 0, 0, 0, 0, 2, 5, 3, 0, 0, 0, 0, 0, 0, 0, 0, 0, 0, 0, 0, 0, 0, 0
15:36:06, 1445.60, 29.41, 28.80, 29.187, 0, 0, 0, 0, 0, 0, 2, 5, 3, 0, 0, 0, 0, 0, 0, 0, 0, 0, 0, 0, 0, 0, 0, 0
15:36:06, 1450.80, 29.41, 28.76, 29.195, 0, 0, 0, 0, 0, 0, 1, 4, 3, 0, 0, 0, 0, 0, 0, 0, 0, 0, 0, 0, 0, 0, 0, 0
15:36:07, 1462.10, 29.41, 28.80, 29.187, 0, 0, 0, 0, 0, 0, 1, 4, 3, 0, 0, 0, 0, 0, 0, 0, 0, 0, 0, 0, 0, 0, 0, 0
15:36:08, 1470.70, 29.41, 28.78, 29.187, 0, 0, 0, 0, 0, 0, 1, 3, 2, 0, 0, 0, 0, 0, 0, 0, 0, 0, 0, 0, 0, 0, 0, 0
15:36:08, 1480.30, 29.41, 28.78, 29.195, 0, 0, 0, 0, 0, 0, 1, 3, 2, 0, 0, 0, 0, 0, 0, 0, 0, 0, 0, 0, 0, 0, 0, 0
15:36:09, 1492.80, 29.41, 28.78, 29.187, 0, 0, 0, 0, 0, 0, 1, 2, 2, 0, 0, 0, 0, 0, 0, 0, 0, 0, 0, 0, 0, 0, 0, 0
15:36:10, 1500.10, 29.41, 28.78, 29.187, 0, 0, 0, 0, 0, 0, 1, 2, 1, 0, 0, 0, 0, 0, 0, 0, 0, 0, 0, 0, 0, 0, 0, 0
15:36:10, 1509.00, 29.41, 28.78, 29.187, 0, 0, 0, 0, 0, 0, 1, 1, 1, 0, 0, 0, 0, 0, 0, 0, 0, 0, 0, 0, 0, 0, 0, 0
15:36:11, 1515.80, 29.41, 28.78, 29.195, 0, 0, 0, 0, 0, 0, 1, 2, 1, 0, 0, 0, 0, 0, 0, 0, 0, 0, 0, 0, 0, 0, 0, 0
15:36:12, 1526.60, 29.41, 28.76, 29.195, 0, 0, 0, 0, 0, 0, 1, 1, 1, 0, 0, 0, 0, 0, 0, 0, 0, 0, 0, 0, 0, 0, 0, 0
15:36:12, 1527.70, 29.42, 28.76, 29.187, 0, 0, 0, 0, 0, 0, 0, 1, 0, 0, 0, 0, 0, 0, 0, 0, 0, 0, 0, 0, 0, 0, 0, 0
15:36:13, 1527.80, 29.42, 28.78, 29.187, 0, 0, 0, 0, 0, 0, 0, 1, 0, 0, 0, 0, 0, 0, 0, 0, 0, 0, 0, 0, 0, 0, 0, 0
15:36:14, 1527.90, 29.42, 28.78, 29.195, 0, 0, 0, 0, 0, 0, 0, 0, 0, 0, 0, 0, 0, 0, 0, 0, 0, 0, 0, 0, 0, 0, 0, 0
15:36:14, 1527.40, 29.42, 28.74, 29.187, 0, 0, 0, 0, 0, 0, 0, 0, 0, 0, 0, 0, 0, 0, 0, 0, 0, 0, 0, 0, 0, 0, 0, 0
15:36:15, 1526.40, 29.42, 28.76, 29.187, 0, 0, 0, 0, 0, 0, 0, 0, 0, 0, 0, 0, 0, 0, 0, 0, 0, 0, 0, 0, 0, 0, 0, 0
15:36:16, 1525.80, 29.43, 28.81, 29.187, 0, 0, 0, 0, 0, 0, 0, 1, 0, 0, 0, 0, 0, 0, 0, 0, 0, 0, 0, 0, 0, 0, 0, 0
15:36:16, 1525.60, 29.43, 28.76, 29.187, 0, 0, 0, 0, 0, 0, 0, 0, 0, 0, 0, 0, 0, 0, 0, 0, 0, 0, 0, 0, 0, 0, 0, 0
15:36:17, 1525.80, 29.43, 28.78, 29.187, 0, 0, 0, 0, 0, 0, 0, 0, 0, 0, 0, 0, 0, 0, 0, 0, 0, 0, 0, 0, 0, 0, 0, 0
15:36:18, 1526.30, 29.44, 28.74, 29.187, 0, 0, 0, 0, 0, 0, 0, 0, 0, 0, 0, 0, 0, 0, 0, 0, 0, 0, 0, 1, 0, 0, 0, 0
15:36:18, 1526.10, 29.44, 28.74, 29.195, 0, 0, 0, 0, 0, 0, 0, 0, 0, 0, 0, 0, 0, 0, 0, 0, 0, 0, 1, 6, 2, 0, 0, 0
15:36:19, 1527.40, 29.44, 28.80, 29.195, 0, 0, 0, 0, 0, 0, 0, 0, 0, 0, 0, 0, 0, 0, 0, 0, 0, 0, 3, 10, 8, 0, 0, 0
15:36:20, 1527.50, 29.44, 28.78, 29.187, 0, 0, 0, 0, 0, 0, 0, 0, 0, 0, 0, 0, 0, 0, 0, 0, 0, 0, 3, 10, 7, 0, 0, 0
15:36:20, 1527.40, 29.44, 28.80, 29.187, 0, 0, 0, 0, 0, 0, 0, 0, 0, 0, 0, 0, 0, 0, 0, 0, 0, 0, 3, 10, 7, 0, 0, 0
15:36:21, 1527.60, 29.44, 28.76, 29.187, 0, 0, 0, 0, 0, 0, 0, 0, 0, 0, 0, 0, 0, 0, 0, 0, 0, 0, 3, 10, 7, 0, 0, 0
15:36:22, 1527.40, 29.44, 28.80, 29.187, 0, 0, 0, 0, 0, 0, 0, 0, 0, 0, 0, 0, 0, 0, 0, 0, 0, 0, 3, 10, 7, 0, 0, 0
15:36:22, 1527.50, 29.44, 28.80, 29.195, 0, 0, 0, 0, 0, 0, 0, 0, 0, 0, 0, 0, 0, 0, 0, 0, 0, 0, 3, 10, 7, 0, 0, 0
15:36:23, 1527.50, 29.44, 28.74, 29.195, 0, 0, 0, 0, 0, 0, 0, 0, 0, 0, 0, 0, 0, 0, 0, 0, 0, 0, 3, 10, 7, 0, 0, 0
15:36:24, 1527.30, 29.44, 28.78, 29.195, 0, 0, 0, 0, 0, 0, 0, 0, 0, 0, 0, 0, 0, 0, 0, 0, 0, 0, 3, 10, 7, 0, 0, 0
15:36:24, 1527.50, 29.44, 28.78, 29.187, 0, 0, 0, 0, 0, 0, 0, 0, 0, 0, 0, 0, 0, 0, 0, 0, 0, 0, 3, 10, 7, 0, 0, 0
15:36:25, 1527.20, 29.45, 28.76, 29.187, 0, 0, 0, 0, 0, 0, 0, 0, 0, 0, 0, 0, 0, 0, 0, 0, 0, 0, 3, 10, 7, 0, 0, 0
15:36:26, 1527.00, 29.45, 28.80, 29.187, 0, 0, 0, 0, 0, 0, 0, 0, 0, 0, 0, 0, 0, 0, 0, 0, 0, 0, 3, 10, 7, 0, 0, 0
15:36:26, 1527.30, 29.45, 28.74, 29.195, 0, 0, 0, 0, 0, 0, 0, 0, 0, 0, 0, 0, 0, 0, 0, 0, 0, 0, 3, 10, 7, 0, 0, 0
15:36:27, 1527.20, 29.45, 28.78, 29.195, 0, 0, 0, 0, 0, 0, 0, 0, 0, 0, 0, 0, 0, 0, 0, 0, 0, 0, 3, 10, 7, 0, 0, 0
15:36:28, 1527.10, 29.45, 28.80, 29.187, 0, 0, 0, 0, 0, 0, 0, 0, 0, 0, 0, 0, 0, 0, 0, 0, 0, 0, 3, 10, 7, 0, 0, 0
15:36:28, 1527.40, 29.45, 28.78, 29.195, 0, 0, 0, 0, 0, 0, 0, 0, 0, 0, 0, 0, 0, 0, 0, 0, 0, 0, 3, 10, 7, 0, 0, 0
15:36:29, 1527.30, 29.45, 28.78, 29.195, 0, 0, 0, 0, 0, 0, 0, 0, 0, 0, 0, 0, 0, 0, 0, 0, 0, 0, 3, 11, 7, 0, 0, 0
15:36:30, 1527.20, 29.45, 28.80, 29.187, 0, 0, 0, 0, 0, 0, 0, 0, 0, 0, 0, 0, 0, 0, 0, 0, 0, 0, 3, 11, 7, 0, 0, 0
15:36:30, 1527.40, 29.45, 28.74, 29.187, 0, 0, 0, 0, 0, 0, 0, 0, 0, 0, 0, 0, 0, 0, 0, 0, 0, 0, 3, 11, 7, 0, 0, 0
15:36:31, 1527.70, 29.45, 28.80, 29.187, 0, 0, 0, 0, 0, 0, 0, 0, 0, 0, 0, 0, 0, 0, 0, 0, 0, 0, 3, 11, 7, 0, 0, 0
15:36:32, 1527.70, 29.45, 28.80, 29.187, 0, 0, 0, 0, 0, 0, 0, 0, 0, 0, 0, 0, 0, 0, 0, 0, 0, 0, 3, 11, 8, 0, 0, 0
15:36:32, 1527.70, 29.45, 28.80, 29.187, 0, 0, 0, 0, 0, 0, 0, 0, 0, 0, 0, 0, 0, 0, 0, 0, 0, 0, 3, 11, 7, 0, 0, 0
15:36:33, 1527.60, 29.46, 28.78, 29.187, 0, 0, 0, 0, 0, 0, 0, 0, 0, 0, 0, 0, 0, 0, 0, 0, 0, 0, 3, 11, 7, 0, 0, 0
15:36:34, 1527.70, 29.46, 28.78, 29.195, 0, 0, 0, 0, 0, 0, 0, 0, 0, 0, 0, 0, 0, 0, 0, 0, 0, 0, 3, 11, 8, 0, 0, 0
15:36:34, 1527.40, 29.46, 28.80, 29.195, 0, 0, 0, 0, 0, 0, 0, 0, 0, 0, 0, 0, 0, 0, 0, 0, 0, 0, 3, 11, 7, 0, 0, 0
15:36:35, 1527.80, 29.46, 28.76, 29.187, 0, 0, 0, 0, 0, 0, 0, 0, 0, 0, 0, 0, 0, 0, 0, 0, 0, 0, 3, 11, 8, 0, 0, 0
15:36:36, 1527.30, 29.46, 28.74, 29.187, 0, 0, 0, 0, 0, 0, 0, 0, 0, 0, 0, 0, 0, 0, 0, 0, 0, 0, 3, 11, 7, 0, 0, 0
15:36:36, 1527.30, 29.46, 28.74, 29.187, 0, 0, 0, 0, 0, 0, 0, 0, 0, 0, 0, 0, 0, 0, 0, 0, 0, 0, 3, 11, 7, 0, 0, 0
15:36:37, 1527.80, 29.46, 28.80, 29.187, 0, 0, 0, 0, 0, 0, 0, 0, 0, 0, 0, 0, 0, 0, 0, 0, 0, 0, 3, 11, 8, 0, 0, 0
15:36:38, 1527.90, 29.46, 28.78, 29.195, 0, 0, 0, 0, 0, 0, 0, 0, 0, 0, 0, 0, 0, 0, 0, 0, 0, 0, 3, 11, 8, 0, 0, 0
15:36:38, 1527.50, 29.47, 28.80, 29.195, 0, 0, 0, 0, 0, 0, 0, 0, 0, 0, 0, 0, 0, 0, 0, 0, 0, 0, 3, 11, 7, 0, 0, 0
15:36:39, 1527.50, 29.47, 28.74, 29.187, 0, 0, 0, 0, 0, 0, 0, 0, 0, 0, 0, 0, 0, 0, 0, 0, 0, 0, 3, 11, 7, 0, 0, 0
15:36:40, 1527.90, 29.47, 28.80, 29.187, 0, 0, 0, 0, 0, 0, 0, 0, 0, 0, 0, 0, 0, 0, 0, 0, 0, 0, 3, 10, 6, 0, 0, 0
15:36:40, 1528.20, 29.47, 28.74, 29.187, 0, 0, 0, 0, 0, 0, 0, 0, 0, 0, 0, 0, 0, 0, 0, 0, 0, 0, 3, 11, 7, 0, 0, 0
15:36:41, 1528.00, 29.47, 28.78, 29.187, 0, 0, 0, 0, 0, 0, 0, 0, 0, 0, 0, 0, 0, 0, 0, 0, 0, 0, 3, 11, 6, 0, 0, 0
15:36:42, 1528.40, 29.47, 28.78, 29.195, 0, 0, 0, 0, 0, 0, 0, 0, 0, 0, 0, 0, 0, 0, 0, 0, 0, 0, 3, 11, 7, 0, 0, 0
15:36:42, 1528.80, 29.47, 28.74, 29.195, 0, 0, 0, 0, 0, 0, 0, 0, 0, 0, 0, 0, 0, 0, 0, 0, 0, 0, 3, 10, 7, 0, 0, 0
15:36:43, 1528.10, 29.47, 28.80, 29.187, 0, 0, 0, 0, 0, 0, 0, 0, 0, 0, 0, 0, 0, 0, 0, 0, 0, 0, 3, 11, 7, 0, 0, 0
15:36:44, 1528.50, 29.48, 28.80, 29.195, 0, 0, 0, 0, 0, 0, 0, 0, 0, 0, 0, 0, 0, 0, 0, 0, 0, 0, 3, 11, 7, 0, 0, 0
15:36:44, 1530.30, 29.48, 28.80, 29.195, 0, 0, 0, 0, 0, 0, 0, 0, 0, 0, 0, 0, 0, 0, 0, 0, 0, 0, 3, 10, 8, 0, 0, 0
15:36:45, 1529.30, 29.48, 28.78, 29.187, 0, 0, 0, 0, 0, 0, 0, 0, 0, 0, 0, 0, 0, 0, 0, 0, 0, 0, 3, 11, 7, 0, 0, 0
15:36:46, 1529.80, 29.48, 28.81, 29.180, 0, 0, 0, 0, 0, 0, 0, 0, 0, 0, 0, 0, 0, 0, 0, 0, 0, 0, 3, 11, 6, 0, 0, 0
15:36:46, 1528.80, 29.48, 28.78, 29.180, 0, 0, 0, 0, 0, 0, 0, 0, 0, 0, 0, 0, 0, 0, 0, 0, 0, 0, 3, 10, 6, 0, 0, 0
15:36:47, 1530.20, 29.48, 28.80, 29.187, 0, 0, 0, 0, 0, 0, 0, 0, 0, 0, 0, 0, 0, 0, 0, 0, 0, 0, 3, 10, 7, 0, 0, 0
15:36:48, 1529.80, 29.48, 28.78, 29.187, 0, 0, 0, 0, 0, 0, 0, 0, 0, 0, 0, 0, 0, 0, 0, 0, 0, 0, 3, 11, 7, 0, 0, 0
15:36:48, 1529.70, 29.48, 28.78, 29.187, 0, 0, 0, 0, 0, 0, 0, 0, 0, 0, 0, 0, 0, 0, 0, 0, 0, 0, 3, 10, 6, 0, 0, 0
15:36:49, 1529.80, 29.48, 28.78, 29.187, 0, 0, 0, 0, 0, 0, 0, 0, 0, 0, 0, 0, 0, 0, 0, 0, 0, 0, 3, 10, 5, 0, 0, 0
15:36:50, 1530.40, 29.48, 28.78, 29.187, 0, 0, 0, 0, 0, 0, 0, 0, 0, 0, 0, 0, 0, 0, 0, 0, 0, 0, 3, 10, 7, 0, 0, 0
15:36:50, 1530.10, 29.48, 28.80, 29.187, 0, 0, 0, 0, 0, 0, 0, 0, 0, 0, 0, 0, 0, 0, 0, 0, 0, 0, 3, 10, 6, 0, 0, 0
15:36:51, 1530.10, 29.48, 28.78, 29.187, 0, 0, 0, 0, 0, 0, 0, 0, 0, 0, 0, 0, 0, 0, 0, 0, 0, 0, 3, 10, 8, 0, 0, 0
15:36:52, 1529.90, 29.48, 28.80, 29.187, 0, 0, 0, 0, 0, 0, 0, 0, 0, 0, 0, 0, 0, 0, 0, 0, 0, 0, 3, 10, 6, 0, 0, 0
15:36:52, 1530.30, 29.48, 28.76, 29.180, 0, 0, 0, 0, 0, 0, 0, 0, 0, 0, 0, 0, 0, 0, 0, 0, 0, 0, 3, 10, 6, 0, 0, 0
15:36:53, 1529.90, 29.48, 28.80, 29.195, 0, 0, 0, 0, 0, 0, 0, 0, 0, 0, 0, 0, 0, 0, 0, 0, 0, 0, 3, 10, 6, 0, 0, 0
15:36:53, 1530.60, 29.48, 28.78, 29.195, 0, 0, 0, 0, 0, 0, 0, 0, 0, 0, 0, 0, 0, 0, 0, 0, 0, 0, 3, 10, 7, 0, 0, 0
15:36:54, 1530.20, 29.48, 28.78, 29.187, 0, 0, 0, 0, 0, 0, 0, 0, 0, 0, 0, 0, 0, 0, 0, 0, 0, 0, 3, 10, 7, 0, 0, 0
15:36:55, 1530.00, 29.48, 28.74, 29.187, 0, 0, 0, 0, 0, 0, 0, 0, 0, 0, 0, 0, 0, 0, 0, 0, 0, 0, 3, 10, 7, 0, 0, 0
15:36:55, 1529.90, 29.48, 28.78, 29.187, 0, 0, 0, 0, 0, 0, 0, 0, 0, 0, 0, 0, 0, 0, 0, 0, 0, 0, 3, 10, 6, 0, 0, 0
15:36:56, 1529.70, 29.48, 28.80, 29.187, 0, 0, 0, 0, 0, 0, 0, 0, 0, 0, 0, 0, 0, 0, 0, 0, 0, 0, 3, 11, 6, 0, 0, 0
15:36:57, 1529.30, 29.48, 28.78, 29.195, 0, 0, 0, 0, 0, 0, 0, 0, 0, 0, 0, 0, 0, 0, 0, 0, 0, 0, 3, 11, 7, 0, 0, 0
15:36:57, 1529.00, 29.48, 28.80, 29.195, 0, 0, 0, 0, 0, 0, 0, 0, 0, 0, 0, 0, 0, 0, 0, 0, 0, 0, 3, 11, 7, 0, 0, 0
15:36:58, 1529.40, 29.48, 28.78, 29.187, 0, 0, 0, 0, 0, 0, 0, 0, 0, 0, 0, 0, 0, 0, 0, 0, 0, 0, 3, 11, 6, 0, 0, 0
15:36:59, 1529.00, 29.48, 28.80, 29.187, 0, 0, 0, 0, 0, 0, 0, 0, 0, 0, 0, 0, 0, 0, 0, 0, 0, 0, 3, 11, 6, 0, 0, 0
15:36:59, 1529.60, 29.48, 28.76, 29.187, 0, 0, 0, 0, 0, 0, 0, 0, 0, 0, 0, 0, 0, 0, 0, 0, 0, 0, 3, 10, 7, 0, 0, 0
15:37:00, 1528.30, 29.48, 28.80, 29.187, 0, 0, 0, 0, 0, 0, 0, 0, 0, 0, 0, 0, 0, 0, 0, 0, 0, 0, 3, 11, 7, 0, 0, 0
15:37:01, 1528.00, 29.48, 28.78, 29.195, 0, 0, 0, 0, 0, 0, 0, 0, 0, 0, 0, 0, 0, 0, 0, 0, 0, 0, 3, 11, 6, 0, 0, 0
15:37:01, 1528.70, 29.48, 28.78, 29.195, 0, 0, 0, 0, 0, 0, 0, 0, 0, 0, 0, 0, 0, 0, 0, 0, 0, 0, 3, 11, 7, 0, 0, 0
15:37:02, 1528.70, 29.48, 28.78, 29.187, 0, 0, 0, 0, 0, 0, 0, 0, 0, 0, 0, 0, 0, 0, 0, 0, 0, 0, 3, 10, 7, 0, 0, 0
15:37:03, 1528.40, 29.48, 28.76, 29.187, 0, 0, 0, 0, 0, 0, 0, 0, 0, 0, 0, 0, 0, 0, 0, 0, 0, 0, 3, 10, 7, 0, 0, 0
15:37:03, 1527.80, 29.48, 28.78, 29.187, 0, 0, 0, 0, 0, 0, 0, 0, 0, 0, 0, 0, 0, 0, 0, 0, 0, 0, 3, 10, 6, 0, 0, 0
15:37:04, 1527.90, 29.48, 28.78, 29.187, 0, 0, 0, 0, 0, 0, 0, 0, 0, 0, 0, 0, 0, 0, 0, 0, 0, 0, 3, 11, 6, 0, 0, 0
15:37:05, 1527.20, 29.48, 28.78, 29.187, 0, 0, 0, 0, 0, 0, 0, 0, 0, 0, 0, 0, 0, 0, 0, 0, 0, 0, 3, 10, 6, 0, 0, 0
15:37:05, 1528.00, 29.48, 28.80, 29.187, 0, 0, 0, 0, 0, 0, 0, 0, 0, 0, 0, 0, 0, 0, 0, 0, 0, 0, 3, 10, 7, 0, 0, 0
15:37:06, 1528.00, 29.48, 28.80, 29.187, 0, 0, 0, 0, 0, 0, 0, 0, 0, 0, 0, 0, 0, 0, 0, 0, 0, 0, 3, 11, 7, 0, 0, 0
15:37:07, 1526.70, 29.48, 28.80, 29.187, 0, 0, 0, 0, 0, 0, 0, 0, 0, 0, 0, 0, 0, 0, 0, 0, 0, 0, 3, 11, 7, 0, 0, 0
15:37:07, 1528.60, 29.48, 28.80, 29.187, 0, 0, 0, 0, 0, 0, 0, 0, 0, 0, 0, 0, 0, 0, 0, 0, 0, 0, 3, 11, 7, 0, 0, 0
15:37:08, 1529.00, 29.48, 28.80, 29.187, 0, 0, 0, 0, 0, 0, 0, 0, 0, 0, 0, 0, 0, 0, 0, 0, 0, 0, 3, 11, 7, 0, 0, 0
15:37:09, 1528.50, 29.48, 28.76, 29.187, 0, 0, 0, 0, 0, 0, 0, 0, 0, 0, 0, 0, 0, 0, 0, 0, 0, 0, 3, 10, 6, 0, 0, 0
15:37:09, 1529.20, 29.48, 28.78, 29.187, 0, 0, 0, 0, 0, 0, 0, 0, 0, 0, 0, 0, 0, 0, 0, 0, 0, 0, 3, 10, 6, 0, 0, 0
15:37:10, 1530.20, 29.48, 28.74, 29.187, 0, 0, 0, 0, 0, 0, 0, 0, 0, 0, 0, 0, 0, 0, 0, 0, 0, 0, 3, 10, 7, 0, 0, 0
15:37:11, 1529.60, 29.49, 28.78, 29.187, 0, 0, 0, 0, 0, 0, 0, 0, 0, 0, 0, 0, 0, 0, 0, 0, 0, 0, 3, 10, 6, 0, 0, 0
15:37:11, 1529.40, 29.49, 28.80, 29.187, 0, 0, 0, 0, 0, 0, 0, 0, 0, 0, 0, 0, 0, 0, 0, 0, 0, 0, 3, 10, 6, 0, 0, 0
15:37:12, 1530.10, 29.49, 28.80, 29.195, 0, 0, 0, 0, 0, 0, 0, 0, 0, 0, 0, 0, 0, 0, 0, 0, 0, 0, 3, 10, 8, 0, 0, 0
15:37:13, 1530.70, 29.49, 28.81, 29.195, 0, 0, 0, 0, 0, 0, 0, 0, 0, 0, 0, 0, 0, 0, 0, 0, 0, 0, 3, 10, 6, 0, 0, 0
15:37:13, 1530.70, 29.49, 28.80, 29.180, 0, 0, 0, 0, 0, 0, 0, 0, 0, 0, 0, 0, 0, 0, 0, 0, 0, 0, 3, 10, 6, 0, 0, 0
15:37:14, 1530.50, 29.49, 28.80, 29.187, 0, 0, 0, 0, 0, 0, 0, 0, 0, 0, 0, 0, 0, 0, 0, 0, 0, 0, 3, 10, 6, 0, 0, 0
15:37:15, 1530.60, 29.49, 28.80, 29.187, 0, 0, 0, 0, 0, 0, 0, 0, 0, 0, 0, 0, 0, 0, 0, 0, 0, 0, 3, 10, 6, 0, 0, 0
15:37:15, 1531.40, 29.49, 28.80, 29.187, 0, 0, 0, 0, 0, 0, 0, 0, 0, 0, 0, 0, 0, 0, 0, 0, 0, 0, 3, 10, 6, 0, 0, 0
15:37:16, 1531.50, 29.49, 28.78, 29.195, 0, 0, 0, 0, 0, 0, 0, 0, 0, 0, 0, 0, 0, 0, 0, 0, 0, 0, 3, 10, 6, 0, 0, 0
15:37:17, 1531.60, 29.49, 28.78, 29.195, 0, 0, 0, 0, 0, 0, 0, 0, 0, 0, 0, 0, 0, 0, 0, 0, 0, 0, 3, 10, 6, 0, 0, 0
15:37:17, 1531.10, 29.49, 28.80, 29.187, 0, 0, 0, 0, 0, 0, 0, 0, 0, 0, 0, 0, 0, 0, 0, 0, 0, 0, 3, 10, 6, 0, 0, 0
15:37:18, 1531.80, 29.49, 28.83, 29.195, 0, 0, 0, 0, 0, 0, 0, 0, 0, 0, 0, 0, 0, 0, 0, 0, 0, 0, 3, 10, 6, 0, 0, 0
15:37:19, 1532.30, 29.49, 28.80, 29.195, 0, 0, 0, 0, 0, 0, 0, 0, 0, 0, 0, 0, 0, 0, 0, 0, 0, 0, 3, 10, 6, 0, 0, 0
15:37:19, 1532.80, 29.49, 28.80, 29.187, 0, 0, 0, 0, 0, 0, 0, 0, 0, 0, 0, 0, 0, 0, 0, 0, 0, 0, 3, 10, 6, 0, 0, 0
15:37:20, 1532.80, 29.49, 28.78, 29.187, 0, 0, 0, 0, 0, 0, 0, 0, 0, 0, 0, 0, 0, 0, 0, 0, 0, 0, 3, 10, 6, 0, 0, 0
15:37:21, 1532.60, 29.49, 28.80, 29.187, 0, 0, 0, 0, 0, 0, 0, 0, 0, 0, 0, 0, 0, 0, 0, 0, 0, 0, 3, 10, 6, 0, 0, 0
15:37:21, 1532.80, 29.49, 28.80, 29.187, 0, 0, 0, 0, 0, 0, 0, 0, 0, 0, 0, 0, 0, 0, 0, 0, 0, 0, 3, 10, 6, 0, 0, 0
15:37:22, 1533.20, 29.49, 28.78, 29.187, 0, 0, 0, 0, 0, 0, 0, 0, 0, 0, 0, 0, 0, 0, 0, 0, 0, 0, 2, 10, 6, 0, 0, 0
15:37:23, 1534.30, 29.49, 28.80, 29.195, 0, 0, 0, 0, 0, 0, 0, 0, 0, 0, 0, 0, 0, 0, 0, 0, 0, 0, 2, 9, 6, 0, 0, 0
15:37:23, 1534.40, 29.49, 28.80, 29.187, 0, 0, 0, 0, 0, 0, 0, 0, 0, 0, 0, 0, 0, 0, 0, 0, 0, 0, 2, 9, 7, 0, 0, 0
15:37:24, 1534.80, 29.49, 28.78, 29.187, 0, 0, 0, 0, 0, 0, 0, 0, 0, 0, 0, 0, 0, 0, 0, 0, 0, 0, 2, 9, 7, 0, 0, 0
15:37:25, 1534.70, 29.48, 28.80, 29.187, 0, 0, 0, 0, 0, 0, 0, 0, 0, 0, 0, 0, 0, 0, 0, 0, 0, 0, 2, 9, 6, 0, 0, 0
15:37:25, 1534.70, 29.49, 28.80, 29.195, 0, 0, 0, 0, 0, 0, 0, 0, 0, 0, 0, 0, 0, 0, 0, 0, 0, 0, 2, 9, 6, 0, 0, 0
15:37:26, 1536.20, 29.49, 28.80, 29.195, 0, 0, 0, 0, 0, 0, 0, 0, 0, 0, 0, 0, 0, 0, 0, 0, 0, 0, 2, 9, 6, 0, 0, 0
15:37:27, 1536.80, 29.49, 28.80, 29.187, 0, 0, 0, 0, 0, 0, 0, 0, 0, 0, 0, 0, 0, 0, 0, 0, 0, 0, 2, 9, 6, 0, 0, 0
15:37:27, 1536.00, 29.49, 28.80, 29.187, 0, 0, 0, 0, 0, 0, 0, 0, 0, 0, 0, 0, 0, 0, 0, 0, 0, 0, 2, 9, 5, 0, 0, 0
15:37:28, 1536.60, 29.49, 28.80, 29.187, 0, 0, 0, 0, 0, 0, 0, 0, 0, 0, 0, 0, 0, 0, 0, 0, 0, 0, 2, 9, 5, 0, 0, 0
15:37:29, 1537.10, 29.49, 28.81, 29.187, 0, 0, 0, 0, 0, 0, 0, 0, 0, 0, 0, 0, 0, 0, 0, 0, 0, 0, 2, 8, 5, 0, 0, 0
15:37:29, 1538.20, 29.49, 28.83, 29.195, 0, 0, 0, 0, 0, 0, 0, 0, 0, 0, 0, 0, 0, 0, 0, 0, 0, 0, 2, 8, 6, 0, 0, 0
15:37:30, 1537.70, 29.49, 28.81, 29.195, 0, 0, 0, 0, 0, 0, 0, 0, 0, 0, 0, 0, 0, 0, 0, 0, 0, 0, 2, 9, 5, 0, 0, 0
15:37:31, 1537.90, 29.49, 28.80, 29.187, 0, 0, 0, 0, 0, 0, 0, 0, 0, 0, 0, 0, 0, 0, 0, 0, 0, 0, 2, 8, 5, 0, 0, 0
15:37:31, 1539.30, 29.49, 28.80, 29.195, 0, 0, 0, 0, 0, 0, 0, 0, 0, 0, 0, 0, 0, 0, 0, 0, 0, 0, 2, 8, 5, 0, 0, 0
15:37:32, 1539.70, 29.49, 28.80, 29.195, 0, 0, 0, 0, 0, 0, 0, 0, 0, 0, 0, 0, 0, 0, 0, 0, 0, 0, 2, 7, 6, 0, 0, 0
15:37:33, 1540.10, 29.49, 28.80, 29.187, 0, 0, 0, 0, 0, 0, 0, 0, 0, 0, 0, 0, 0, 0, 0, 0, 0, 0, 2, 8, 6, 0, 0, 0
15:37:33, 1539.20, 29.49, 28.81, 29.195, 0, 0, 0, 0, 0, 0, 0, 0, 0, 0, 0, 0, 0, 0, 0, 0, 0, 0, 2, 8, 4, 0, 0, 0
15:37:34, 1539.30, 29.50, 28.76, 29.195, 0, 0, 0, 0, 0, 0, 0, 0, 0, 0, 0, 0, 0, 0, 0, 0, 0, 0, 2, 8, 5, 0, 0, 0
15:37:35, 1540.80, 29.50, 28.78, 29.187, 0, 0, 0, 0, 0, 0, 0, 0, 0, 0, 0, 0, 0, 0, 0, 0, 0, 0, 2, 8, 4, 0, 0, 0
15:37:35, 1540.70, 29.50, 28.80, 29.195, 0, 0, 0, 0, 0, 0, 0, 0, 0, 0, 0, 0, 0, 0, 0, 0, 0, 0, 2, 8, 4, 0, 0, 0
15:37:36, 1541.20, 29.50, 28.81, 29.195, 0, 0, 0, 0, 0, 0, 0, 0, 0, 0, 0, 0, 0, 0, 0, 0, 0, 0, 2, 7, 5, 0, 0, 0
15:37:37, 1541.50, 29.50, 28.80, 29.187, 0, 0, 0, 0, 0, 0, 0, 0, 0, 0, 0, 0, 0, 0, 0, 0, 0, 0, 2, 7, 4, 0, 0, 0
15:37:37, 1541.70, 29.50, 28.80, 29.195, 0, 0, 0, 0, 0, 0, 0, 0, 0, 0, 0, 0, 0, 0, 0, 0, 0, 0, 2, 7, 5, 0, 0, 0
15:37:38, 1542.00, 29.50, 28.80, 29.195, 0, 0, 0, 0, 0, 0, 0, 0, 0, 0, 0, 0, 0, 0, 0, 0, 0, 0, 2, 7, 4, 0, 0, 0
15:37:39, 1544.20, 29.50, 28.81, 29.187, 0, 0, 0, 0, 0, 0, 0, 0, 0, 0, 0, 0, 0, 0, 0, 0, 0, 0, 2, 7, 4, 0, 0, 0
15:37:39, 1545.00, 29.50, 28.83, 29.187, 0, 0, 0, 0, 0, 0, 0, 0, 0, 0, 0, 0, 0, 0, 0, 0, 0, 0, 2, 7, 4, 0, 0, 0
15:37:40, 1544.90, 29.50, 28.78, 29.195, 0, 0, 0, 0, 0, 0, 0, 0, 0, 0, 0, 0, 0, 0, 0, 0, 0, 0, 2, 7, 4, 0, 0, 0
15:37:41, 1544.50, 29.50, 28.80, 29.187, 0, 0, 0, 0, 0, 0, 0, 0, 0, 0, 0, 0, 0, 0, 0, 0, 0, 0, 1, 7, 4, 0, 0, 0
15:37:41, 1544.70, 29.50, 28.81, 29.187, 0, 0, 0, 0, 0, 0, 0, 0, 0, 0, 0, 0, 0, 0, 0, 0, 0, 0, 1, 7, 4, 0, 0, 0
15:37:42, 1545.00, 29.50, 28.80, 29.187, 0, 0, 0, 0, 0, 0, 0, 0, 0, 0, 0, 0, 0, 0, 0, 0, 0, 0, 1, 7, 3, 0, 0, 0
15:37:43, 1544.50, 29.50, 28.80, 29.187, 0, 0, 0, 0, 0, 0, 0, 0, 0, 0, 0, 0, 0, 0, 0, 0, 0, 0, 1, 6, 4, 0, 0, 0
15:37:43, 1545.20, 29.50, 28.81, 29.187, 0, 0, 0, 0, 0, 0, 0, 0, 0, 0, 0, 0, 0, 0, 0, 0, 0, 0, 1, 6, 4, 0, 0, 0
15:37:44, 1545.40, 29.50, 28.81, 29.187, 0, 0, 0, 0, 0, 0, 0, 0, 0, 0, 0, 0, 0, 0, 0, 0, 0, 0, 1, 6, 4, 0, 0, 0
15:37:45, 1545.90, 29.50, 28.83, 29.187, 0, 0, 0, 0, 0, 0, 0, 0, 0, 0, 0, 0, 0, 0, 0, 0, 0, 0, 1, 6, 3, 0, 0, 0
15:37:45, 1545.90, 29.50, 28.81, 29.187, 0, 0, 0, 0, 0, 0, 0, 0, 0, 0, 0, 0, 0, 0, 0, 0, 0, 0, 1, 6, 3, 0, 0, 0
15:37:46, 1546.60, 29.50, 28.80, 29.187, 0, 0, 0, 0, 0, 0, 0, 0, 0, 0, 0, 0, 0, 0, 0, 0, 0, 0, 1, 6, 3, 0, 0, 0
15:37:47, 1547.40, 29.50, 28.80, 29.195, 0, 0, 0, 0, 0, 0, 0, 0, 0, 0, 0, 0, 0, 0, 0, 0, 0, 0, 1, 6, 3, 0, 0, 0
15:37:47, 1547.20, 29.50, 28.81, 29.195, 0, 0, 0, 0, 0, 0, 0, 0, 0, 0, 0, 0, 0, 0, 0, 0, 0, 0, 1, 6, 3, 0, 0, 0
15:37:48, 1547.60, 29.50, 28.81, 29.187, 0, 0, 0, 0, 0, 0, 0, 0, 0, 0, 0, 0, 0, 0, 0, 0, 0, 0, 1, 6, 3, 0, 0, 0
15:37:49, 1548.20, 29.51, 28.80, 29.187, 0, 0, 0, 0, 0, 0, 0, 0, 0, 0, 0, 0, 0, 0, 0, 0, 0, 0, 1, 6, 3, 0, 0, 0
15:37:49, 1549.50, 29.51, 28.78, 29.187, 0, 0, 0, 0, 0, 0, 0, 0, 0, 0, 0, 0, 0, 0, 0, 0, 0, 0, 1, 6, 3, 0, 0, 0
15:37:50, 1550.00, 29.51, 28.83, 29.187, 0, 0, 0, 0, 0, 0, 0, 0, 0, 0, 0, 0, 0, 0, 0, 0, 0, 0, 1, 6, 4, 0, 0, 0
15:37:51, 1550.00, 29.50, 28.81, 29.187, 0, 0, 0, 0, 0, 0, 0, 0, 0, 0, 0, 0, 0, 0, 0, 0, 0, 0, 1, 6, 4, 0, 0, 0
15:37:51, 1549.80, 29.50, 28.81, 29.187, 0, 0, 0, 0, 0, 0, 0, 0, 0, 0, 0, 0, 0, 0, 0, 0, 0, 0, 1, 5, 4, 0, 0, 0
15:37:52, 1549.80, 29.50, 28.80, 29.195, 0, 0, 0, 0, 0, 0, 0, 0, 0, 0, 0, 0, 0, 0, 0, 0, 0, 0, 1, 6, 4, 0, 0, 0
15:37:53, 1548.80, 29.50, 28.80, 29.187, 0, 0, 0, 0, 0, 0, 0, 0, 0, 0, 0, 0, 0, 0, 0, 0, 0, 0, 1, 5, 4, 0, 0, 0
15:37:53, 1549.80, 29.51, 28.83, 29.187, 0, 0, 0, 0, 0, 0, 0, 0, 0, 0, 0, 0, 0, 0, 0, 0, 0, 0, 1, 6, 3, 0, 0, 0
15:37:54, 1551.80, 29.51, 28.81, 29.187, 0, 0, 0, 0, 0, 0, 0, 0, 0, 0, 0, 0, 0, 0, 0, 0, 0, 0, 1, 5, 4, 0, 0, 0
15:37:55, 1551.20, 29.51, 28.81, 29.187, 0, 0, 0, 0, 0, 0, 0, 0, 0, 0, 0, 0, 0, 0, 0, 0, 0, 0, 1, 6, 3, 0, 0, 0
15:37:55, 1551.50, 29.51, 28.83, 29.187, 0, 0, 0, 0, 0, 0, 0, 0, 0, 0, 0, 0, 0, 0, 0, 0, 0, 0, 1, 6, 3, 0, 0, 0
15:37:56, 1550.90, 29.51, 28.83, 29.180, 0, 0, 0, 0, 0, 0, 0, 0, 0, 0, 0, 0, 0, 0, 0, 0, 0, 0, 1, 5, 3, 0, 0, 0
15:37:57, 1551.40, 29.50, 28.85, 29.195, 0, 0, 0, 0, 0, 0, 0, 0, 0, 0, 0, 0, 0, 0, 0, 0, 0, 0, 1, 5, 3, 0, 0, 0
15:37:57, 1552.30, 29.50, 28.81, 29.195, 0, 0, 0, 0, 0, 0, 0, 0, 0, 0, 0, 0, 0, 0, 0, 0, 0, 0, 1, 5, 3, 0, 0, 0
15:37:58, 1553.70, 29.50, 28.80, 29.187, 0, 0, 0, 0, 0, 0, 0, 0, 0, 0, 0, 0, 0, 0, 0, 0, 0, 0, 1, 5, 3, 0, 0, 0
15:37:59, 1554.00, 29.51, 28.80, 29.195, 0, 0, 0, 0, 0, 0, 0, 0, 0, 0, 0, 0, 0, 0, 0, 0, 0, 0, 1, 5, 3, 0, 0, 0
15:37:59, 1553.90, 29.51, 28.81, 29.195, 0, 0, 0, 0, 0, 0, 0, 0, 0, 0, 0, 0, 0, 0, 0, 0, 0, 0, 1, 5, 3, 0, 0, 0
15:38:00, 1553.80, 29.51, 28.81, 29.187, 0, 0, 0, 0, 0, 0, 0, 0, 0, 0, 0, 0, 0, 0, 0, 0, 0, 0, 1, 5, 3, 0, 0, 0
15:38:01, 1554.50, 29.51, 28.85, 29.187, 0, 0, 0, 0, 0, 0, 0, 0, 0, 0, 0, 0, 0, 0, 0, 0, 0, 0, 1, 5, 3, 0, 0, 0
15:38:01, 1555.00, 29.51, 28.81, 29.187, 0, 0, 0, 0, 0, 0, 0, 0, 0, 0, 0, 0, 0, 0, 0, 0, 0, 0, 1, 5, 3, 0, 0, 0
15:38:02, 1554.50, 29.51, 28.81, 29.195, 0, 0, 0, 0, 0, 0, 0, 0, 0, 0, 0, 0, 0, 0, 0, 0, 0, 0, 1, 5, 3, 0, 0, 0
15:38:03, 1555.60, 29.51, 28.81, 29.195, 0, 0, 0, 0, 0, 0, 0, 0, 0, 0, 0, 0, 0, 0, 0, 0, 0, 0, 1, 5, 3, 0, 0, 0
15:38:03, 1556.70, 29.51, 28.81, 29.187, 0, 0, 0, 0, 0, 0, 0, 0, 0, 0, 0, 0, 0, 0, 0, 0, 0, 0, 1, 5, 3, 0, 0, 0
15:38:04, 1557.30, 29.52, 28.83, 29.195, 0, 0, 0, 0, 0, 0, 0, 0, 0, 0, 0, 0, 0, 0, 0, 0, 0, 0, 1, 5, 3, 0, 0, 0
15:38:05, 1558.10, 29.52, 28.81, 29.195, 0, 0, 0, 0, 0, 0, 0, 0, 0, 0, 0, 0, 0, 0, 0, 0, 0, 0, 1, 5, 3, 0, 0, 0
15:38:05, 1558.10, 29.52, 28.83, 29.187, 0, 0, 0, 0, 0, 0, 0, 0, 0, 0, 0, 0, 0, 0, 0, 0, 0, 0, 1, 5, 3, 0, 0, 0
15:38:06, 1557.60, 29.51, 28.81, 29.187, 0, 0, 0, 0, 0, 0, 0, 0, 0, 0, 0, 0, 0, 0, 0, 0, 0, 0, 1, 5, 3, 0, 0, 0
15:38:07, 1557.80, 29.51, 28.83, 29.187, 0, 0, 0, 0, 0, 0, 0, 0, 0, 0, 0, 0, 0, 0, 0, 0, 0, 0, 1, 5, 3, 0, 0, 0
15:38:07, 1558.60, 29.51, 28.83, 29.187, 0, 0, 0, 0, 0, 0, 0, 0, 0, 0, 0, 0, 0, 0, 0, 0, 0, 0, 1, 5, 3, 0, 0, 0
15:38:08, 1558.60, 29.51, 28.83, 29.195, 0, 0, 0, 0, 0, 0, 0, 0, 0, 0, 0, 0, 0, 0, 0, 0, 0, 0, 1, 5, 3, 0, 0, 0
15:38:09, 1559.10, 29.51, 28.83, 29.195, 0, 0, 0, 0, 0, 0, 0, 0, 0, 0, 0, 0, 0, 0, 0, 0, 0, 0, 1, 5, 3, 0, 0, 0
15:38:09, 1557.90, 29.51, 28.83, 29.187, 0, 0, 0, 0, 0, 0, 0, 0, 0, 0, 0, 0, 0, 0, 0, 0, 0, 0, 1, 5, 3, 0, 0, 0
15:38:10, 1558.10, 29.51, 28.83, 29.187, 0, 0, 0, 0, 0, 0, 0, 0, 0, 0, 0, 0, 0, 0, 0, 0, 0, 0, 1, 5, 3, 0, 0, 0
15:38:11, 1558.00, 29.51, 28.83, 29.187, 0, 0, 0, 0, 0, 0, 0, 0, 0, 0, 0, 0, 0, 0, 0, 0, 0, 0, 1, 5, 2, 0, 0, 0
15:38:11, 1559.40, 29.52, 28.87, 29.180, 0, 0, 0, 0, 0, 0, 0, 0, 0, 0, 0, 0, 0, 0, 0, 0, 0, 0, 1, 5, 3, 0, 0, 0
15:38:12, 1560.60, 29.51, 28.83, 29.187, 0, 0, 0, 0, 0, 0, 0, 0, 0, 0, 0, 0, 0, 0, 0, 0, 0, 0, 1, 5, 3, 0, 0, 0
15:38:12, 1560.50, 29.52, 28.81, 29.187, 0, 0, 0, 0, 0, 0, 0, 0, 0, 0, 0, 0, 0, 0, 0, 0, 0, 0, 1, 5, 3, 0, 0, 0
15:38:13, 1558.50, 29.52, 28.83, 29.187, 0, 0, 0, 0, 0, 0, 0, 0, 0, 0, 0, 0, 0, 0, 0, 0, 0, 0, 1, 4, 2, 0, 0, 0
15:38:14, 1559.60, 29.52, 28.81, 29.195, 0, 0, 0, 0, 0, 0, 0, 0, 0, 0, 0, 0, 0, 0, 0, 0, 0, 0, 1, 4, 3, 0, 0, 0
15:38:14, 1560.00, 29.52, 28.81, 29.195, 0, 0, 0, 0, 0, 0, 0, 0, 0, 0, 0, 0, 0, 0, 0, 0, 0, 0, 1, 4, 2, 0, 0, 0
15:38:15, 1558.80, 29.52, 28.83, 29.187, 0, 0, 0, 0, 0, 0, 0, 0, 0, 0, 0, 0, 0, 0, 0, 0, 0, 0, 1, 4, 2, 0, 0, 0
15:38:16, 1560.40, 29.52, 28.85, 29.187, 0, 0, 0, 0, 0, 0, 0, 0, 0, 0, 0, 0, 0, 0, 0, 0, 0, 0, 1, 4, 3, 0, 0, 0
15:38:16, 1562.20, 29.52, 28.81, 29.187, 0, 0, 0, 0, 0, 0, 0, 0, 0, 0, 0, 0, 0, 0, 0, 0, 0, 0, 1, 5, 3, 0, 0, 0
15:38:17, 1561.80, 29.52, 28.85, 29.187, 0, 0, 0, 0, 0, 0, 0, 0, 0, 0, 0, 0, 0, 0, 0, 0, 0, 0, 1, 4, 2, 0, 0, 0
15:38:18, 1563.10, 29.53, 28.81, 29.187, 0, 0, 0, 0, 0, 0, 0, 0, 0, 0, 0, 0, 0, 0, 0, 0, 0, 0, 1, 4, 3, 0, 0, 0
15:38:18, 1562.40, 29.53, 28.85, 29.195, 0, 0, 0, 0, 0, 0, 0, 0, 0, 0, 0, 0, 0, 0, 0, 0, 0, 0, 1, 4, 2, 0, 0, 0
15:38:19, 1563.30, 29.52, 28.83, 29.187, 0, 0, 0, 0, 0, 0, 0, 0, 0, 0, 0, 0, 0, 0, 0, 0, 0, 0, 1, 4, 2, 0, 0, 0
15:38:20, 1563.70, 29.53, 28.83, 29.187, 0, 0, 0, 0, 0, 0, 0, 0, 0, 0, 0, 0, 0, 0, 0, 0, 0, 0, 1, 4, 2, 0, 0, 0
15:38:20, 1564.20, 29.53, 28.83, 29.187, 0, 0, 0, 0, 0, 0, 0, 0, 0, 0, 0, 0, 0, 0, 0, 0, 0, 0, 1, 4, 2, 0, 0, 0
15:38:21, 1564.90, 29.53, 28.83, 29.187, 0, 0, 0, 0, 0, 0, 0, 0, 0, 0, 0, 0, 0, 0, 0, 0, 0, 0, 1, 4, 2, 0, 0, 0
15:38:22, 1565.20, 29.53, 28.87, 29.187, 0, 0, 0, 0, 0, 0, 0, 0, 0, 0, 0, 0, 0, 0, 0, 0, 0, 0, 1, 4, 2, 0, 0, 0
15:38:22, 1566.00, 29.53, 28.83, 29.187, 0, 0, 0, 0, 0, 0, 0, 0, 0, 0, 0, 0, 0, 0, 0, 0, 0, 0, 0, 4, 2, 0, 0, 0
15:38:23, 1566.90, 29.53, 28.83, 29.187, 0, 0, 0, 0, 0, 0, 0, 0, 0, 0, 0, 0, 0, 0, 0, 0, 0, 0, 1, 4, 2, 0, 0, 0
15:38:24, 1568.20, 29.53, 28.85, 29.187, 0, 0, 0, 0, 0, 0, 0, 0, 0, 0, 0, 0, 0, 0, 0, 0, 0, 0, 1, 4, 2, 0, 0, 0
15:38:24, 1567.60, 29.54, 28.87, 29.195, 0, 0, 0, 0, 0, 0, 0, 0, 0, 0, 0, 0, 0, 0, 0, 0, 0, 0, 0, 3, 1, 0, 0, 0
15:38:25, 1567.00, 29.54, 28.80, 29.195, 0, 0, 0, 0, 0, 0, 0, 0, 0, 0, 0, 0, 0, 0, 0, 0, 0, 0, 0, 2, 1, 0, 0, 0
15:38:26, 1569.20, 29.54, 28.81, 29.195, 0, 0, 0, 0, 0, 0, 0, 0, 0, 0, 0, 0, 0, 0, 0, 0, 0, 0, 0, 2, 1, 0, 0, 0
15:38:26, 1576.00, 29.54, 28.83, 29.180, 0, 0, 0, 0, 0, 0, 0, 0, 0, 0, 0, 0, 0, 0, 0, 0, 0, 0, 0, 1, 1, 0, 0, 0
15:38:27, 1588.20, 29.55, 28.89, 29.187, 0, 0, 0, 0, 0, 0, 0, 0, 0, 0, 0, 0, 0, 0, 0, 0, 0, 0, 0, 0, 0, 0, 0, 0
15:38:28, 1594.30, 29.55, 28.87, 29.187, 0, 0, 0, 0, 0, 0, 0, 0, 0, 0, 0, 0, 0, 0, 0, 0, 0, 0, 0, 0, 0, 0, 0, 0
15:38:28, 1583.90, 29.56, 28.83, 29.187, 0, 0, 0, 0, 0, 0, 0, 0, 0, 0, 0, 0, 0, 0, 0, 0, 0, 0, 0, 2, 1, 0, 0, 0
15:38:29, 1571.10, 29.56, 28.81, 29.195, 0, 0, 0, 0, 0, 0, 0, 0, 0, 0, 0, 0, 0, 0, 0, 0, 0, 0, 0, 0, 0, 0, 0, 0
15:38:30, 1579.90, 29.56, 28.83, 29.195, 0, 0, 0, 0, 0, 0, 0, 0, 0, 0, 0, 0, 0, 0, 0, 0, 0, 0, 0, 0, 0, 0, 0, 0
15:38:30, 1574.50, 29.56, 28.85, 29.187, 0, 0, 0, 0, 0, 0, 0, 0, 0, 0, 0, 0, 0, 0, 0, 0, 0, 0, 0, 1, 0, 0, 0, 0
15:38:31, 1566.40, 29.57, 28.81, 29.195, 0, 0, 0, 0, 0, 0, 0, 0, 0, 0, 0, 0, 0, 0, 0, 0, 0, 0, 0, 0, 0, 0, 0, 0
15:38:32, 1560.60, 29.57, 28.89, 29.195, 0, 0, 0, 0, 0, 0, 0, 0, 0, 0, 0, 0, 0, 0, 0, 0, 0, 0, 0, 2, 1, 0, 0, 0
15:38:32, 1552.00, 29.58, 28.85, 29.187, 0, 0, 0, 0, 0, 0, 0, 0, 0, 0, 0, 0, 0, 0, 0, 0, 0, 0, 0, 3, 1, 0, 0, 0
15:38:33, 1550.60, 29.58, 28.83, 29.195, 0, 0, 0, 0, 0, 0, 0, 0, 0, 0, 0, 0, 0, 0, 0, 0, 0, 0, 1, 5, 4, 0, 0, 0
15:38:34, 1549.70, 29.58, 28.87, 29.195, 0, 0, 0, 0, 0, 0, 0, 0, 0, 0, 0, 0, 0, 0, 0, 0, 0, 0, 1, 5, 4, 0, 0, 0
15:38:34, 1550.60, 29.57, 28.85, 29.187, 0, 0, 0, 0, 0, 0, 0, 0, 0, 0, 0, 0, 0, 0, 0, 0, 0, 0, 1, 5, 4, 0, 0, 0
15:38:35, 1548.00, 29.57, 28.80, 29.187, 0, 0, 0, 0, 0, 0, 0, 0, 0, 0, 0, 0, 0, 0, 0, 0, 0, 0, 0, 3, 3, 0, 0, 0
15:38:36, 1544.40, 29.57, 28.83, 29.187, 0, 0, 0, 0, 0, 0, 0, 0, 0, 0, 0, 0, 0, 0, 0, 0, 0, 0, 1, 4, 2, 0, 0, 0
15:38:36, 1540.50, 29.58, 28.87, 29.195, 0, 0, 0, 0, 0, 0, 0, 0, 0, 0, 0, 0, 0, 0, 0, 0, 0, 0, 0, 4, 1, 0, 0, 0
15:38:37, 1538.40, 29.58, 28.89, 29.195, 0, 0, 0, 0, 0, 0, 0, 0, 0, 0, 0, 0, 0, 0, 0, 0, 0, 0, 1, 5, 2, 0, 0, 0
15:38:38, 1540.40, 29.58, 28.85, 29.187, 0, 0, 0, 0, 0, 0, 0, 0, 0, 0, 0, 0, 0, 0, 0, 0, 0, 0, 1, 6, 4, 0, 0, 0
15:38:38, 1539.10, 29.58, 28.85, 29.187, 0, 0, 0, 0, 0, 0, 0, 0, 0, 0, 0, 0, 0, 0, 0, 0, 0, 0, 1, 6, 4, 0, 0, 0
15:38:39, 1539.10, 29.58, 28.89, 29.187, 0, 0, 0, 0, 0, 0, 0, 0, 0, 0, 0, 0, 0, 0, 0, 0, 0, 0, 1, 6, 3, 0, 0, 0
15:38:40, 1539.40, 29.58, 28.89, 29.187, 0, 0, 0, 0, 0, 0, 0, 0, 0, 0, 0, 0, 0, 0, 0, 0, 0, 0, 1, 6, 4, 0, 0, 0
15:38:40, 1539.30, 29.58, 28.85, 29.187, 0, 0, 0, 0, 0, 0, 0, 0, 0, 0, 0, 0, 0, 0, 0, 0, 0, 0, 1, 6, 4, 0, 0, 0
15:38:41, 1539.80, 29.58, 28.87, 29.187, 0, 0, 0, 0, 0, 0, 0, 0, 0, 0, 0, 0, 0, 0, 0, 0, 0, 0, 1, 7, 3, 0, 0, 0
15:38:42, 1542.90, 29.58, 28.85, 29.187, 0, 0, 0, 0, 0, 0, 0, 0, 0, 0, 0, 0, 0, 0, 0, 0, 0, 0, 1, 6, 4, 0, 0, 0
15:38:42, 1547.10, 29.58, 28.89, 29.195, 0, 0, 0, 0, 0, 0, 0, 0, 0, 0, 0, 0, 0, 0, 0, 0, 0, 0, 1, 5, 4, 0, 0, 0
15:38:43, 1551.50, 29.58, 28.87, 29.195, 0, 0, 0, 0, 0, 0, 0, 0, 0, 0, 0, 0, 0, 0, 0, 0, 0, 0, 1, 4, 3, 0, 0, 0
15:38:44, 1553.60, 29.58, 28.87, 29.195, 0, 0, 0, 0, 0, 0, 0, 0, 0, 0, 0, 0, 0, 0, 0, 0, 0, 0, 0, 1, 1, 0, 0, 0
15:38:44, 1554.00, 29.58, 28.89, 29.187, 0, 0, 0, 0, 0, 0, 0, 0, 0, 0, 0, 0, 0, 0, 0, 0, 0, 0, 0, 0, 0, 0, 0, 0
15:38:45, 1547.70, 29.58, 28.85, 29.187, 0, 0, 0, 0, 0, 0, 0, 0, 0, 0, 0, 0, 0, 0, 0, 0, 0, 0, 0, 0, 0, 0, 0, 0
15:38:46, 1538.90, 29.58, 28.87, 29.187, 0, 0, 0, 0, 0, 0, 0, 0, 0, 0, 0, 0, 0, 0, 0, 0, 0, 0, 0, 1, 1, 0, 0, 0
15:38:46, 1524.80, 29.59, 28.85, 29.195, 0, 0, 0, 0, 0, 0, 0, 0, 0, 0, 0, 0, 0, 0, 0, 0, 0, 0, 0, 2, 2, 0, 0, 0
15:38:47, 1517.30, 29.59, 28.85, 29.195, 0, 0, 0, 0, 0, 0, 0, 0, 0, 0, 0, 0, 0, 0, 0, 0, 0, 0, 1, 5, 4, 0, 0, 0
15:38:48, 1510.40, 29.59, 28.87, 29.180, 0, 0, 0, 0, 0, 0, 0, 0, 0, 0, 0, 0, 0, 0, 0, 0, 0, 0, 3, 10, 5, 0, 0, 0
15:38:48, 1508.10, 29.59, 28.85, 29.195, 0, 0, 0, 0, 0, 0, 0, 0, 0, 0, 0, 0, 0, 0, 0, 0, 0, 0, 1, 4, 1, 0, 0, 0
15:38:49, 1508.90, 29.59, 28.87, 29.195, 0, 0, 0, 0, 0, 0, 0, 0, 0, 0, 0, 0, 0, 0, 0, 0, 0, 0, 0, 3, 2, 0, 0, 0
15:38:50, 1510.10, 29.59, 28.85, 29.187, 0, 0, 0, 0, 0, 0, 0, 0, 0, 0, 0, 0, 0, 0, 0, 0, 0, 0, 1, 5, 2, 0, 0, 0
15:38:50, 1513.80, 29.59, 28.89, 29.195, 0, 0, 0, 0, 0, 0, 0, 0, 0, 0, 0, 0, 0, 0, 0, 0, 0, 0, 3, 11, 7, 0, 0, 0
15:38:51, 1508.40, 29.59, 28.85, 29.195, 0, 0, 0, 0, 0, 0, 0, 0, 0, 0, 0, 0, 0, 0, 0, 0, 0, 0, 0, 0, 0, 0, 0, 0
15:38:52, 1512.30, 29.59, 28.87, 29.187, 0, 0, 0, 0, 0, 0, 0, 0, 0, 0, 0, 0, 0, 0, 0, 0, 0, 0, 1, 5, 3, 0, 0, 0
15:38:52, 1518.00, 29.59, 28.87, 29.187, 0, 0, 0, 0, 0, 0, 0, 0, 0, 0, 0, 0, 0, 0, 0, 0, 0, 0, 2, 8, 7, 0, 0, 0
15:38:53, 1520.10, 29.59, 28.87, 29.187, 0, 0, 0, 0, 0, 0, 0, 0, 0, 0, 0, 0, 0, 0, 0, 0, 0, 0, 3, 10, 6, 0, 0, 0
15:38:54, 1521.60, 29.59, 28.89, 29.180, 0, 0, 0, 0, 0, 0, 0, 0, 0, 0, 0, 0, 0, 0, 0, 0, 0, 0, 3, 10, 6, 0, 0, 0
15:38:54, 1522.20, 29.59, 28.85, 29.180, 0, 0, 0, 0, 0, 0, 0, 0, 0, 0, 0, 0, 0, 0, 0, 0, 0, 0, 2, 7, 6, 0, 0, 0
15:38:55, 1523.20, 29.59, 28.89, 29.187, 0, 0, 0, 0, 0, 0, 0, 0, 0, 0, 0, 0, 0, 0, 0, 0, 0, 0, 2, 8, 6, 0, 0, 0
15:38:56, 1523.60, 29.59, 28.89, 29.187, 0, 0, 0, 0, 0, 0, 0, 0, 0, 0, 0, 0, 0, 0, 0, 0, 0, 0, 2, 8, 6, 0, 0, 0
15:38:56, 1524.30, 29.59, 28.87, 29.187, 0, 0, 0, 0, 0, 0, 0, 0, 0, 0, 0, 0, 0, 0, 0, 0, 0, 0, 2, 8, 6, 0, 0, 0
15:38:57, 1523.90, 29.59, 28.87, 29.180, 0, 0, 0, 0, 0, 0, 0, 0, 0, 0, 0, 0, 0, 0, 0, 0, 0, 0, 2, 8, 6, 0, 0, 0
15:38:58, 1524.00, 29.59, 28.89, 29.187, 0, 0, 0, 0, 0, 0, 0, 0, 0, 0, 0, 0, 0, 0, 0, 0, 0, 0, 2, 8, 6, 0, 0, 0
15:38:58, 1524.60, 29.59, 28.89, 29.187, 0, 0, 0, 0, 0, 0, 0, 0, 0, 0, 0, 0, 0, 0, 0, 0, 0, 0, 2, 8, 6, 0, 0, 0
15:38:59, 1525.10, 29.59, 28.89, 29.187, 0, 0, 0, 0, 0, 0, 0, 0, 0, 0, 0, 0, 0, 0, 0, 0, 0, 0, 2, 8, 6, 0, 0, 0
15:39:00, 1525.30, 29.59, 28.89, 29.195, 0, 0, 0, 0, 0, 0, 0, 0, 0, 0, 0, 0, 0, 0, 0, 0, 0, 0, 2, 8, 6, 0, 0, 0
15:39:00, 1524.80, 29.59, 28.87, 29.195, 0, 0, 0, 0, 0, 0, 0, 0, 0, 0, 0, 0, 0, 0, 0, 0, 0, 0, 2, 8, 6, 0, 0, 0
15:39:01, 1525.10, 29.59, 28.89, 29.187, 0, 0, 0, 0, 0, 0, 0, 0, 0, 0, 0, 0, 0, 0, 0, 0, 0, 0, 2, 8, 6, 0, 0, 0
15:39:02, 1524.90, 29.59, 28.85, 29.187, 0, 0, 0, 0, 0, 0, 0, 0, 0, 0, 0, 0, 0, 0, 0, 0, 0, 0, 2, 7, 6, 0, 0, 0
15:39:02, 1524.70, 29.59, 28.87, 29.187, 0, 0, 0, 0, 0, 0, 0, 0, 0, 0, 0, 0, 0, 0, 0, 0, 0, 0, 2, 7, 6, 0, 0, 0
15:39:03, 1524.20, 29.59, 28.89, 29.187, 0, 0, 0, 0, 0, 0, 0, 0, 0, 0, 0, 0, 0, 0, 0, 0, 0, 0, 1, 6, 5, 0, 0, 0
15:39:04, 1525.30, 29.59, 28.85, 29.195, 0, 0, 0, 0, 0, 0, 0, 0, 0, 0, 0, 0, 0, 0, 0, 0, 0, 0, 1, 6, 5, 0, 0, 0
15:39:04, 1525.50, 29.59, 28.89, 29.195, 0, 0, 0, 0, 0, 0, 0, 0, 0, 0, 0, 0, 0, 0, 0, 0, 0, 0, 2, 8, 6, 0, 0, 0
15:39:05, 1525.30, 29.59, 28.87, 29.187, 0, 0, 0, 0, 0, 0, 0, 0, 0, 0, 0, 0, 0, 0, 0, 0, 0, 0, 2, 8, 6, 0, 0, 0
15:39:06, 1524.90, 29.59, 28.89, 29.195, 0, 0, 0, 0, 0, 0, 0, 0, 0, 0, 0, 0, 0, 0, 0, 0, 0, 0, 2, 8, 6, 0, 0, 0
15:39:06, 1525.20, 29.59, 28.89, 29.195, 0, 0, 0, 0, 0, 0, 0, 0, 0, 0, 0, 0, 0, 0, 0, 0, 0, 0, 2, 7, 6, 0, 0, 0
15:39:07, 1526.00, 29.59, 28.89, 29.187, 0, 0, 0, 0, 0, 0, 0, 0, 0, 0, 0, 0, 0, 0, 0, 0, 0, 0, 2, 8, 6, 0, 0, 0
15:39:08, 1526.60, 29.59, 28.89, 29.195, 0, 0, 0, 0, 0, 0, 0, 0, 0, 0, 0, 0, 0, 0, 0, 0, 0, 0, 2, 7, 6, 0, 0, 0
15:39:08, 1526.80, 29.59, 28.89, 29.195, 0, 0, 0, 0, 0, 0, 0, 0, 0, 0, 0, 0, 0, 0, 0, 0, 0, 0, 2, 8, 6, 0, 0, 0
15:39:09, 1526.80, 29.59, 28.91, 29.187, 0, 0, 0, 0, 0, 0, 0, 0, 0, 0, 0, 0, 0, 0, 0, 0, 0, 0, 2, 7, 6, 0, 0, 0
15:39:10, 1528.10, 29.59, 28.89, 29.187, 0, 0, 0, 0, 0, 0, 0, 0, 0, 0, 0, 0, 0, 0, 0, 0, 0, 0, 2, 8, 6, 0, 0, 0
15:39:10, 1527.90, 29.59, 28.87, 29.187, 0, 0, 0, 0, 0, 0, 0, 0, 0, 0, 0, 0, 0, 0, 0, 0, 0, 0, 2, 8, 6, 0, 0, 0
15:39:11, 1527.80, 29.59, 28.89, 29.187, 0, 0, 0, 0, 0, 0, 0, 0, 0, 0, 0, 0, 0, 0, 0, 0, 0, 0, 2, 7, 6, 0, 0, 0
15:39:12, 1527.00, 29.59, 28.89, 29.187, 0, 0, 0, 0, 0, 0, 0, 0, 0, 0, 0, 0, 0, 0, 0, 0, 0, 0, 1, 5, 4, 0, 0, 0
15:39:12, 1527.60, 29.59, 28.91, 29.187, 0, 0, 0, 0, 0, 0, 0, 0, 0, 0, 0, 0, 0, 0, 0, 0, 0, 0, 0, 2, 2, 0, 0, 0
15:39:13, 1528.80, 29.59, 28.87, 29.195, 0, 0, 0, 0, 0, 0, 0, 0, 0, 0, 0, 0, 0, 0, 0, 0, 0, 0, 0, 2, 1, 0, 0, 0
15:39:14, 1529.50, 29.59, 28.89, 29.195, 0, 0, 0, 0, 0, 0, 0, 0, 0, 0, 0, 0, 0, 0, 0, 0, 0, 0, 0, 1, 0, 0, 0, 0
15:39:14, 1527.80, 29.59, 28.91, 29.180, 0, 0, 0, 0, 0, 0, 0, 0, 0, 0, 0, 0, 0, 0, 0, 0, 0, 0, 0, 2, 2, 0, 0, 0
15:39:15, 1528.30, 29.60, 28.92, 29.187, 0, 0, 0, 0, 0, 0, 0, 0, 0, 0, 0, 0, 0, 0, 0, 0, 0, 0, 0, 3, 2, 0, 0, 0
15:39:16, 1527.10, 29.59, 28.89, 29.187, 0, 0, 0, 0, 0, 0, 0, 0, 0, 0, 0, 0, 0, 0, 0, 0, 0, 0, 0, 3, 2, 0, 0, 0
15:39:16, 1527.60, 29.59, 28.89, 29.187, 0, 0, 0, 0, 0, 0, 0, 0, 0, 0, 0, 0, 0, 0, 0, 0, 0, 0, 1, 5, 4, 0, 0, 0
15:39:17, 1527.50, 29.60, 28.89, 29.187, 0, 0, 0, 0, 0, 0, 0, 0, 0, 0, 0, 0, 0, 0, 0, 0, 0, 0, 2, 7, 6, 0, 0, 0
15:39:18, 1527.50, 29.59, 28.89, 29.187, 0, 0, 0, 0, 0, 0, 0, 0, 0, 0, 0, 0, 0, 0, 0, 0, 0, 0, 1, 6, 5, 0, 0, 0
15:39:18, 1527.90, 29.59, 28.89, 29.180, 0, 0, 0, 0, 0, 0, 0, 0, 0, 0, 0, 0, 0, 0, 0, 0, 0, 0, 2, 8, 6, 0, 0, 0
15:39:19, 1528.10, 29.59, 28.89, 29.195, 0, 0, 0, 0, 0, 0, 0, 0, 0, 0, 0, 0, 0, 0, 0, 0, 0, 0, 2, 7, 6, 0, 0, 0
15:39:20, 1528.30, 29.59, 28.92, 29.195, 0, 0, 0, 0, 0, 0, 0, 0, 0, 0, 0, 0, 0, 0, 0, 0, 0, 0, 2, 7, 6, 0, 0, 0
15:39:20, 1529.20, 29.59, 28.91, 29.187, 0, 0, 0, 0, 0, 0, 0, 0, 0, 0, 0, 0, 0, 0, 0, 0, 0, 0, 1, 6, 5, 0, 0, 0
15:39:21, 1529.30, 29.59, 28.92, 29.195, 0, 0, 0, 0, 0, 0, 0, 0, 0, 0, 0, 0, 0, 0, 0, 0, 0, 0, 1, 4, 4, 0, 0, 0
15:39:22, 1528.40, 29.59, 28.87, 29.195, 0, 0, 0, 0, 0, 0, 0, 0, 0, 0, 0, 0, 0, 0, 0, 0, 0, 0, 0, 2, 2, 0, 0, 0
15:39:22, 1528.00, 29.59, 28.91, 29.187, 0, 0, 0, 0, 0, 0, 0, 0, 0, 0, 0, 0, 0, 0, 0, 0, 0, 0, 0, 2, 2, 0, 0, 0
15:39:23, 1529.70, 29.59, 28.91, 29.195, 0, 0, 0, 0, 0, 0, 0, 0, 0, 0, 0, 0, 0, 0, 0, 0, 0, 0, 0, 0, 0, 0, 0, 0
15:39:23, 1530.80, 29.59, 28.89, 29.195, 0, 0, 0, 0, 0, 0, 0, 0, 0, 0, 0, 0, 0, 0, 0, 0, 0, 0, 0, 0, 0, 0, 0, 0
15:39:24, 1531.60, 29.59, 28.92, 29.187, 0, 0, 0, 0, 0, 0, 0, 0, 0, 0, 0, 0, 0, 0, 0, 0, 0, 0, 0, 0, 0, 0, 0, 0
15:39:25, 1531.10, 29.59, 28.91, 29.195, 0, 0, 0, 0, 0, 0, 0, 0, 0, 0, 0, 0, 0, 0, 0, 0, 0, 0, 0, 1, 0, 0, 0, 0
15:39:25, 1531.40, 29.59, 28.89, 29.195, 0, 0, 0, 0, 0, 0, 0, 0, 0, 0, 0, 0, 0, 0, 0, 0, 0, 0, 0, 0, 0, 0, 0, 0
15:39:26, 1531.60, 29.60, 28.89, 29.187, 0, 0, 0, 0, 0, 0, 0, 0, 0, 0, 0, 0, 0, 0, 0, 0, 0, 0, 0, 0, 0, 0, 0, 0
15:39:27, 1531.40, 29.60, 28.92, 29.195, 0, 0, 0, 0, 0, 0, 0, 0, 0, 0, 0, 0, 0, 0, 0, 0, 0, 0, 0, 0, 0, 0, 0, 0
15:39:27, 1531.80, 29.60, 28.91, 29.195, 0, 0, 0, 0, 0, 0, 0, 0, 0, 0, 0, 0, 0, 0, 0, 0, 0, 0, 0, 0, 0, 0, 0, 0
15:39:28, 1533.20, 29.60, 28.92, 29.187, 0, 0, 0, 0, 0, 0, 0, 0, 0, 0, 0, 0, 0, 0, 0, 0, 0, 0, 0, 0, 0, 0, 0, 0
15:39:29, 1533.60, 29.60, 28.89, 29.187, 0, 0, 0, 0, 0, 0, 0, 0, 0, 0, 0, 0, 0, 0, 0, 0, 0, 0, 0, 0, 0, 0, 0, 0
15:39:29, 1532.80, 29.60, 28.92, 29.187, 0, 0, 0, 0, 0, 0, 0, 0, 0, 0, 0, 0, 0, 0, 0, 0, 0, 0, 0, 0, 0, 0, 0, 0
15:39:30, 1533.20, 29.60, 28.92, 29.195, 0, 0, 0, 0, 0, 0, 0, 0, 0, 0, 0, 0, 0, 0, 0, 0, 0, 0, 0, 0, 0, 0, 0, 0
15:39:31, 1534.20, 29.60, 28.91, 29.195, 0, 0, 0, 0, 0, 0, 0, 0, 0, 0, 0, 0, 0, 0, 0, 0, 0, 0, 0, 0, 0, 0, 0, 0
15:39:31, 1532.80, 29.60, 28.89, 29.187, 0, 0, 0, 0, 0, 0, 0, 0, 0, 0, 0, 0, 0, 0, 0, 0, 0, 0, 0, 0, 0, 0, 0, 0
15:39:32, 1532.70, 29.60, 28.89, 29.195, 0, 0, 0, 0, 0, 0, 0, 1, 0, 0, 0, 0, 0, 0, 0, 0, 0, 0, 0, 0, 0, 0, 0, 0
15:39:33, 1533.00, 29.60, 28.92, 29.195, 0, 0, 0, 0, 0, 0, 0, 0, 0, 0, 0, 0, 0, 0, 0, 0, 0, 0, 0, 0, 0, 0, 0, 0
15:39:33, 1533.30, 29.61, 28.91, 29.187, 0, 0, 0, 0, 0, 0, 0, 1, 0, 0, 0, 0, 0, 0, 0, 0, 0, 0, 0, 0, 0, 0, 0, 0
15:39:34, 1535.10, 29.61, 28.91, 29.195, 0, 0, 0, 0, 0, 0, 0, 1, 0, 0, 0, 0, 0, 0, 0, 0, 0, 0, 0, 0, 0, 0, 0, 0
15:39:35, 1536.30, 29.61, 28.92, 29.195, 0, 0, 0, 0, 0, 0, 0, 1, 0, 0, 0, 0, 0, 0, 0, 0, 0, 0, 0, 0, 0, 0, 0, 0
15:39:35, 1535.40, 29.61, 28.91, 29.195, 0, 0, 0, 0, 0, 0, 0, 0, 0, 0, 0, 0, 0, 0, 0, 0, 0, 0, 0, 0, 0, 0, 0, 0
15:39:36, 1536.80, 29.61, 28.92, 29.195, 0, 0, 0, 0, 0, 0, 0, 1, 0, 0, 0, 0, 0, 0, 0, 0, 0, 0, 0, 0, 0, 0, 0, 0
15:39:37, 1540.00, 29.61, 28.91, 29.195, 0, 0, 0, 0, 0, 0, 0, 1, 0, 0, 0, 0, 0, 0, 0, 0, 0, 0, 0, 0, 0, 0, 0, 0
15:39:37, 1538.90, 29.61, 28.91, 29.187, 0, 0, 0, 0, 0, 0, 0, 0, 0, 0, 0, 0, 0, 0, 0, 0, 0, 0, 0, 0, 0, 0, 0, 0
15:39:38, 1534.00, 29.61, 28.94, 29.195, 0, 0, 0, 0, 0, 0, 0, 1, 0, 0, 0, 0, 0, 0, 0, 0, 0, 0, 0, 0, 0, 0, 0, 0
15:39:39, 1541.00, 29.61, 28.91, 29.195, 0, 0, 0, 0, 0, 0, 0, 1, 0, 0, 0, 0, 0, 0, 0, 0, 0, 0, 0, 0, 0, 0, 0, 0
15:39:39, 1544.00, 29.61, 28.91, 29.187, 0, 0, 0, 0, 0, 0, 0, 0, 0, 0, 0, 0, 0, 0, 0, 0, 0, 0, 0, 0, 0, 0, 0, 0
15:39:40, 1541.80, 29.61, 28.89, 29.195, 0, 0, 0, 0, 0, 0, 0, 1, 0, 0, 0, 0, 0, 0, 0, 0, 0, 0, 0, 0, 0, 0, 0, 0
15:39:41, 1545.70, 29.61, 28.92, 29.195, 0, 0, 0, 0, 0, 0, 0, 1, 1, 0, 0, 0, 0, 0, 0, 0, 0, 0, 0, 0, 0, 0, 0, 0
15:39:41, 1546.90, 29.61, 28.96, 29.187, 0, 0, 0, 0, 0, 0, 0, 0, 0, 0, 0, 0, 0, 0, 0, 0, 0, 0, 0, 0, 0, 0, 0, 0
15:39:42, 1546.00, 29.61, 28.91, 29.187, 0, 0, 0, 0, 0, 0, 0, 1, 0, 0, 0, 0, 0, 0, 0, 0, 0, 0, 0, 0, 0, 0, 0, 0
15:39:43, 1548.50, 29.62, 28.91, 29.187, 0, 0, 0, 0, 0, 0, 0, 1, 1, 0, 0, 0, 0, 0, 0, 0, 0, 0, 0, 0, 0, 0, 0, 0
15:39:43, 1546.40, 29.62, 28.91, 29.195, 0, 0, 0, 0, 0, 0, 0, 0, 0, 0, 0, 0, 0, 0, 0, 0, 0, 0, 0, 0, 0, 0, 0, 0
15:39:44, 1547.50, 29.62, 28.92, 29.195, 0, 0, 0, 0, 0, 0, 0, 0, 1, 0, 0, 0, 0, 0, 0, 0, 0, 0, 0, 0, 0, 0, 0, 0
15:39:45, 1547.10, 29.62, 28.92, 29.195, 0, 0, 0, 0, 0, 0, 0, 1, 0, 0, 0, 0, 0, 0, 0, 0, 0, 0, 0, 0, 0, 0, 0, 0
15:39:45, 1545.20, 29.62, 28.92, 29.187, 0, 0, 0, 0, 0, 0, 0, 1, 0, 0, 0, 0, 0, 0, 0, 0, 0, 0, 0, 0, 0, 0, 0, 0
15:39:46, 1543.30, 29.62, 28.92, 29.187, 0, 0, 0, 0, 0, 0, 0, 1, 0, 0, 0, 0, 0, 0, 0, 0, 0, 0, 0, 0, 0, 0, 0, 0
15:39:47, 1540.60, 29.62, 28.91, 29.187, 0, 0, 0, 0, 0, 0, 0, 0, 1, 0, 0, 0, 0, 0, 0, 0, 0, 0, 0, 0, 0, 0, 0, 0
15:39:47, 1537.70, 29.62, 28.92, 29.195, 0, 0, 0, 0, 0, 0, 0, 1, 1, 0, 0, 0, 0, 0, 0, 0, 0, 0, 0, 0, 0, 0, 0, 0
15:39:48, 1536.20, 29.62, 28.94, 29.195, 0, 0, 0, 0, 0, 0, 0, 1, 1, 0, 0, 0, 0, 0, 0, 0, 0, 0, 0, 0, 0, 0, 0, 0
15:39:49, 1533.90, 29.62, 28.92, 29.187, 0, 0, 0, 0, 0, 0, 0, 1, 1, 0, 0, 0, 0, 0, 0, 0, 0, 0, 0, 0, 0, 0, 0, 0
15:39:49, 1530.50, 29.62, 28.89, 29.187, 0, 0, 0, 0, 0, 0, 0, 1, 1, 0, 0, 0, 0, 0, 0, 0, 0, 0, 0, 0, 0, 0, 0, 0
15:39:50, 1525.60, 29.62, 28.91, 29.187, 0, 0, 0, 0, 0, 0, 1, 0, 1, 0, 0, 0, 0, 0, 0, 0, 0, 0, 0, 0, 0, 0, 0, 0
15:39:51, 1519.60, 29.62, 28.96, 29.187, 0, 0, 0, 0, 0, 0, 1, 1, 1, 0, 0, 0, 0, 0, 0, 0, 0, 0, 0, 0, 0, 0, 0, 0
15:39:51, 1512.20, 29.62, 28.98, 29.187, 0, 0, 0, 0, 0, 0, 1, 1, 1, 0, 0, 0, 0, 0, 0, 0, 0, 0, 0, 0, 0, 0, 0, 0
15:39:52, 1506.10, 29.62, 28.91, 29.187, 0, 0, 0, 0, 0, 0, 1, 1, 1, 0, 0, 0, 0, 0, 0, 0, 0, 0, 0, 0, 0, 0, 0, 0
15:39:53, 1499.90, 29.62, 28.92, 29.187, 0, 0, 0, 0, 0, 0, 1, 2, 1, 0, 0, 0, 0, 0, 0, 0, 0, 0, 0, 0, 0, 0, 0, 0
15:39:53, 1496.00, 29.62, 28.94, 29.195, 0, 0, 0, 0, 0, 0, 1, 2, 1, 0, 0, 0, 0, 0, 0, 0, 0, 0, 0, 0, 0, 0, 0, 0
15:39:54, 1489.40, 29.62, 28.89, 29.195, 0, 0, 0, 0, 0, 0, 1, 2, 1, 0, 0, 0, 0, 0, 0, 0, 0, 0, 0, 0, 0, 0, 0, 0
15:39:55, 1484.90, 29.62, 28.98, 29.187, 0, 0, 0, 0, 0, 0, 1, 2, 1, 0, 0, 0, 0, 0, 0, 0, 0, 0, 0, 0, 0, 0, 0, 0
15:39:55, 1479.80, 29.62, 28.92, 29.195, 0, 0, 0, 0, 0, 0, 1, 2, 1, 0, 0, 0, 0, 0, 0, 0, 0, 0, 0, 0, 0, 0, 0, 0
15:39:56, 1471.10, 29.63, 28.91, 29.195, 0, 0, 0, 0, 0, 0, 1, 1, 1, 0, 0, 0, 0, 0, 0, 0, 0, 0, 0, 1, 0, 0, 0, 0
15:39:57, 1463.30, 29.63, 28.94, 29.187, 0, 0, 0, 0, 0, 0, 1, 3, 2, 0, 0, 0, 0, 0, 0, 0, 0, 0, 0, 0, 0, 0, 0, 0
15:39:57, 1453.00, 29.63, 28.94, 29.187, 0, 0, 0, 0, 0, 0, 1, 3, 2, 0, 0, 0, 0, 0, 0, 0, 0, 0, 0, 0, 0, 0, 0, 0
15:39:58, 1446.90, 29.63, 28.91, 29.187, 0, 0, 0, 0, 0, 0, 1, 4, 2, 0, 0, 0, 0, 0, 0, 0, 0, 0, 0, 0, 0, 0, 0, 0
15:39:59, 1438.70, 29.63, 28.91, 29.187, 0, 0, 0, 0, 0, 0, 2, 4, 3, 0, 0, 0, 0, 0, 0, 0, 0, 0, 0, 0, 0, 0, 0, 0
15:39:59, 1428.40, 29.63, 28.94, 29.195, 0, 0, 0, 0, 0, 0, 2, 4, 3, 0, 0, 0, 0, 0, 0, 0, 0, 0, 0, 0, 0, 0, 0, 0
15:40:00, 1421.60, 29.63, 28.92, 29.195, 0, 0, 0, 1, 0, 0, 2, 5, 3, 0, 0, 0, 0, 0, 0, 0, 0, 0, 0, 0, 0, 0, 0, 0
15:40:01, 1413.40, 29.63, 28.96, 29.180, 0, 0, 0, 0, 0, 0, 2, 6, 4, 0, 0, 0, 0, 0, 0, 0, 0, 0, 0, 0, 0, 0, 0, 0
15:40:01, 1401.00, 29.63, 28.94, 29.195, 0, 0, 0, 0, 0, 0, 3, 8, 5, 1, 0, 0, 0, 0, 0, 0, 0, 0, 0, 0, 0, 0, 0, 0
15:40:02, 1392.20, 29.63, 28.94, 29.195, 0, 0, 0, 1, 0, 0, 3, 9, 6, 1, 0, 0, 0, 0, 0, 0, 0, 0, 0, 1, 0, 0, 0, 0
15:40:03, 1377.70, 29.63, 28.94, 29.187, 0, 0, 0, 1, 0, 0, 4, 10, 7, 1, 0, 0, 0, 0, 0, 0, 0, 0, 0, 1, 0, 0, 0, 0
15:40:03, 1363.30, 29.64, 28.96, 29.187, 0, 0, 1, 1, 0, 1, 5, 14, 10, 1, 0, 0, 0, 0, 0, 0, 0, 0, 0, 1, 0, 0, 0, 0
15:40:04, 1351.70, 29.64, 28.94, 29.195, 0, 0, 1, 1, 0, 1, 7, 18, 14, 1, 0, 0, 0, 0, 0, 0, 0, 0, 0, 1, 1, 0, 0, 0
15:40:05, 1338.30, 29.64, 28.98, 29.195, 0, 0, 1, 1, 1, 2, 9, 23, 18, 2, 0, 0, 0, 0, 0, 0, 0, 0, 0, 2, 1, 0, 0, 0
15:40:05, 1328.40, 29.64, 28.96, 29.195, 0, 0, 1, 0, 1, 2, 11, 26, 24, 2, 0, 0, 0, 0, 0, 0, 0, 0, 0, 2, 1, 0, 0, 0
15:40:06, 1316.00, 29.64, 28.94, 29.195, 0, 0, 1, 1, 1, 3, 13, 32, 29, 3, 0, 0, 0, 0, 0, 0, 0, 0, 0, 3, 2, 0, 0, 0
15:40:07, 1304.40, 29.65, 28.94, 29.195, 0, 1, 1, 0, 2, 4, 16, 39, 37, 3, 0, 0, 0, 0, 0, 0, 0, 0, 1, 3, 2, 0, 0, 0
15:40:07, 1289.80, 29.64, 28.96, 29.195, 1, 1, 1, 1, 2, 6, 21, 49, 46, 4, 0, 0, 0, 0, 0, 0, 0, 0, 1, 4, 3, 0, 0, 0
15:40:08, 1279.90, 29.65, 28.94, 29.195, 1, 1, 2, 2, 3, 8, 27, 62, 61, 5, 0, 0, 0, 0, 0, 0, 0, 0, 2, 5, 4, 0, 0, 0
15:40:09, 1270.20, 29.65, 28.98, 29.195, 1, 1, 2, 2, 4, 10, 33, 74, 72, 6, 0, 0, 0, 0, 0, 0, 0, 0, 2, 6, 5, 0, 0, 0
15:40:09, 1257.40, 29.65, 28.98, 29.195, 2, 2, 2, 2, 5, 13, 41, 90, 88, 8, 0, 0, 0, 0, 0, 0, 0, 0, 3, 8, 6, 0, 0, 0
15:40:10, 1245.00, 29.65, 28.96, 29.195, 2, 2, 3, 3, 8, 18, 54, 112, 115, 10, 0, 0, 0, 0, 0, 0, 0, 1, 4, 10, 8, 0, 0, 0
15:40:11, 1235.20, 29.65, 28.98, 29.195, 3, 3, 4, 3, 11, 24, 70, 142, 146, 13, 0, 0, 0, 0, 0, 0, 0, 1, 5, 12, 10, 0, 0, 0
15:40:11, 1223.30, 29.65, 28.92, 29.195, 4, 4, 5, 5, 13, 30, 84, 167, 171, 15, 0, 0, 0, 0, 0, 0, 1, 1, 6, 14, 12, 0, 0, 0
15:40:12, 1210.70, 29.66, 28.94, 29.195, 5, 5, 6, 7, 18, 40, 108, 208, 216, 19, 0, 0, 0, 0, 0, 0, 1, 2, 8, 18, 16, 1, 0, 0
15:40:13, 1197.10, 29.66, 28.96, 29.203, 7, 8, 8, 9, 28, 60, 149, 279, 291, 25, 0, 0, 0, 0, 0, 0, 1, 3, 11, 23, 21, 1, 0, 0
15:40:13, 1183.80, 29.66, 28.96, 29.203, 9, 10, 10, 13, 38, 80, 192, 343, 347, 29, 0, 0, 0, 0, 0, 0, 2, 5, 15, 29, 26, 2, 0, 0
15:40:14, 1170.50, 29.66, 28.96, 29.195, 12, 12, 13, 17, 52, 106, 243, 423, 419, 36, 0, 0, 1, 0, 0, 1, 3, 6, 19, 35, 33, 2, 0, 0
15:40:15, 1156.70, 29.66, 28.94, 29.195, 16, 17, 18, 24, 74, 147, 318, 539, 542, 46, 0, 0, 1, 1, 0, 1, 4, 9, 24, 44, 42, 3, 0, 0
15:40:15, 1142.40, 29.66, 29.00, 29.195, 23, 23, 25, 37, 108, 205, 421, 691, 700, 61, 0, 0, 1, 1, 1, 2, 6, 12, 32, 57, 55, 4, 0, 0
15:40:16, 1129.80, 29.67, 28.94, 29.203, 31, 31, 35, 54, 156, 282, 549, 867, 849, 74, 0, 0, 2, 2, 2, 2, 9, 17, 42, 72, 71, 6, 0, 0
15:40:17, 1113.00, 29.67, 28.96, 29.211, 44, 45, 51, 86, 258, 445, 813, 1222, 1267, 110, 0, 0, 3, 3, 2, 4, 14, 27, 60, 97, 99, 9, 0, 0
15:40:17, 1097.80, 29.67, 28.92, 29.211, 61, 62, 76, 138, 385, 624, 1073, 1542, 1546, 137, 0, 0, 4, 4, 4, 6, 20, 37, 78, 122, 128, 12, 0, 0
15:40:18, 1085.10, 29.67, 28.96, 29.203, 85, 86, 113, 216, 535, 824, 1344, 1885, 1950, 181, 0, 0, 5, 4, 5, 9, 27, 48, 94, 142, 158, 15, 0, 0
15:40:19, 1072.40, 29.68, 28.98, 29.211, 115, 119, 169, 331, 748, 1089, 1680, 2291, 2434, 242, 0, 0, 6, 6, 7, 12, 36, 62, 116, 169, 198, 19, 0, 0
15:40:19, 1058.30, 29.68, 28.96, 29.211, 164, 177, 282, 548, 1143, 1563, 2277, 2984, 3552, 383, 0, 0, 9, 8, 10, 19, 53, 86, 151, 211, 264, 26, 0, 0
15:40:20, 1044.80, 29.68, 28.96, 29.211, 263, 320, 574, 1044, 1683, 2107, 2925, 3531, 6329, 780, 0, 0, 12, 12, 17, 34, 85, 128, 209, 279, 378, 39, 0, 0
15:40:21, 1034.30, 29.69, 28.92, 29.211, 11, 13, 13, 14, 16, 21, 31, 65, 285, 210, 0, 0, 17, 17, 27, 54, 124, 176, 273, 354, 525, 57, 0, 0
15:40:21, 1022.20, 29.69, 29.00, 29.227, 252, 423, 710, 1006, 4412, 4934, 6203, 7318, 17153, 3460, 0, 0, 25, 28, 49, 93, 187, 246, 359, 448, 770, 90, 0, 0
15:40:22, 1016.90, 29.69, 28.98, 29.227, 1602, 2738, 4047, 5123, 6537, 6984, 8380, 9693, 32588, 10765, 0, 1, 33, 43, 77, 134, 224, 283, 399, 488, 942, 116, 0, 0
15:40:23, 1012.00, 29.69, 28.98, 29.227, 1942, 3250, 4616, 5758, 7196, 7714, 9116, 10542, 36000, 13867, 1, 1, 37, 51, 91, 153, 269, 326, 446, 535, 1129, 148, 0, 0
15:40:23, 1012.10, 29.69, 28.96, 29.234, 2429, 3966, 5503, 6807, 7721, 8383, 9736, 11234, 36000, 15086, 1, 1, 561, 861, 1294, 1467, 2262, 2344, 2841, 3185, 11423, 3730, 0, 0
15:40:24, 1012.10, 29.69, 28.98, 29.219, 2514, 3908, 5513, 6554, 7394, 7887, 9101, 10676, 36000, 16467, 1, 1, 909, 1393, 1993, 2417, 3247, 3391, 4452, 4911, 12252, 4136, 0, 0
15:40:25, 1012.40, 29.69, 28.98, 29.219, 2327, 3755, 5316, 6301, 7319, 7569, 9224, 10309, 35208, 14393, 0, 1, 1345, 2373, 2969, 4101, 4170, 4599, 5568, 6676, 16299, 6288, 0, 0
15:40:25, 1012.30, 29.68, 28.96, 29.094, 2145, 3396, 4736, 5860, 6320, 6890, 8101, 9170, 24279, 9741, 0, 0, 1085, 1776, 2440, 2935, 3647, 3980, 4477, 5491, 15593, 6284, 0, 0
15:40:26, 1012.20, 29.67, 28.96, 29.008, 2083, 3184, 4500, 5277, 6469, 6899, 8142, 9366, 24239, 9682, 0, 0, 1655, 3044, 3923, 5046, 6645, 6813, 8884, 10227, 29896, 13101, 0, 0
15:40:27, 1012.10, 29.67, 28.98, 29.008, 2376, 3710, 5277, 6263, 7541, 8095, 9512, 10743, 34914, 13092, 0, 1, 1839, 3253, 4518, 5357, 5905, 5532, 7653, 7970, 21240, 7425, 0, 0
15:40:27, 1012.20, 29.66, 28.98, 28.820, 2479, 3963, 5500, 6714, 7643, 8316, 9608, 11076, 36000, 16015, 1, 1, 2519, 4418, 5601, 7112, 10992, 13047, 14300, 18613, 21590, 7761, 0, 0
15:40:28, 1012.00, 29.66, 28.98, 28.633, 2504, 4023, 5617, 6774, 7593, 8077, 9378, 10936, 36000, 15524, 1, 1, 3099, 6257, 7168, 10464, 9331, 10754, 13182, 15689, 28702, 9541, 0, 0
15:40:29, 1011.80, 29.65, 29.00, 28.633, 2341, 3685, 5225, 6194, 7206, 7547, 8945, 10204, 36000, 16193, 1, 1, 3372, 5993, 7945, 9898, 11421, 12188, 15495, 17412, 36000, 21257, 1, 1
15:40:29, 1011.70, 29.65, 29.03, 28.453, 2310, 3657, 5148, 6099, 7018, 7437, 8754, 10006, 36000, 15954, 1, 1, 3102, 5847, 7281, 9628, 9878, 11199, 13810, 16624, 35679, 12063, 0, 1
15:40:30, 1011.90, 29.64, 28.98, 28.305, 2391, 3741, 5285, 6239, 7074, 7721, 8837, 10278, 36000, 15308, 1, 1, 3790, 7098, 8817, 11740, 11949, 13517, 15139, 19391, 26504, 9087, 0, 0
15:40:31, 1012.00, 29.63, 28.98, 28.305, 1839, 2894, 4066, 4854, 5240, 5536, 6686, 7624, 20099, 8050, 0, 0, 3532, 5744, 8205, 9659, 11800, 12204, 14639, 17559, 36000, 22582, 1, 1
15:40:31, 1011.80, 29.62, 29.01, 28.148, 1368, 2102, 2902, 3523, 3966, 4340, 5183, 5976, 13711, 6250, 0, 0, 4149, 7733, 10134, 13006, 15552, 15711, 19904, 22412, 36000, 36000, 1, 1
15:40:32, 1012.10, 29.61, 29.01, 27.977, 1708, 2697, 3716, 4515, 5234, 5607, 6660, 7648, 26065, 10743, 0, 0, 3651, 6137, 8774, 10197, 12503, 12878, 16652, 18117, 36000, 32095, 1, 1
15:40:33, 1012.00, 29.60, 28.98, 27.977, 1687, 2606, 3629, 4393, 4619, 5026, 5956, 6831, 18360, 7857, 0, 0, 3731, 6810, 9154, 10415, 13696, 13067, 16175, 19519, 36000, 30128, 1, 1
15:40:33, 1011.90, 29.59, 29.00, 27.812, 2111, 3287, 4662, 5474, 6356, 6676, 8129, 9104, 27536, 10785, 0, 0, 2394, 4326, 5794, 7230, 8618, 9708, 11436, 13962, 25366, 8818, 0, 0
15:40:34, 1011.90, 29.58, 29.05, 27.664, 2471, 3968, 5538, 6698, 7369, 7971, 9226, 10810, 36000, 16124, 1, 1, 3212, 6295, 7316, 10535, 10306, 12320, 14306, 17922, 31086, 10127, 0, 0
15:40:34, 1012.10, 29.57, 29.07, 27.664, 1524, 2494, 3473, 4163, 5340, 5677, 6854, 7869, 19885, 7028, 0, 0, 3041, 4830, 7211, 8408, 10532, 10502, 13927, 14457, 36000, 24811, 1, 1
15:40:35, 1011.90, 29.56, 28.98, 27.562, 2234, 3683, 5063, 6196, 7261, 7665, 9148, 10295, 35968, 14341, 0, 1, 2942, 4718, 6896, 8353, 10025, 10117, 13299, 13761, 36000, 22103, 1, 1
15:40:36, 1011.90, 29.54, 28.98, 27.516, 2295, 3691, 5189, 6161, 7081, 7447, 8875, 10138, 36000, 16217, 1, 1, 2861, 5571, 6755, 9321, 11099, 13248, 15273, 19153, 34993, 11205, 0, 1
15:40:36, 1012.10, 29.53, 29.03, 27.516, 2362, 3718, 5185, 6192, 6921, 7551, 8678, 10205, 36000, 15594, 1, 1, 2328, 3839, 5088, 6108, 6511, 7143, 8495, 10164, 17379, 6309, 0, 0
15:40:37, 1011.80, 29.51, 29.01, 27.461, 2110, 3416, 4672, 5697, 6503, 6840, 8243, 9340, 29704, 11248, 0, 0, 2674, 4852, 6371, 8168, 9587, 10384, 12260, 14632, 30468, 11382, 0, 0
15:40:38, 1011.70, 29.50, 29.05, 27.461, 1905, 2962, 4159, 4893, 5632, 6141, 7182, 8329, 22039, 8510, 0, 0, 6975, 10871, 15817, 17753, 25790, 28008, 31784, 35997, 36000, 36000, 1, 1
15:40:38, 1011.80, 29.49, 29.05, 27.422, 1939, 3057, 4226, 5180, 5641, 6207, 7312, 8402, 24620, 9088, 0, 0, 8242, 12637, 18731, 21138, 28535, 31495, 35354, 36000, 36000, 36000, 1, 1
15:40:39, 1011.70, 29.48, 29.05, 27.367, 1855, 2860, 4006, 4773, 5224, 5660, 6871, 7708, 19966, 8124, 0, 0, 8972, 14836, 20932, 25020, 31535, 35235, 36000, 36000, 36000, 36000, 1, 1
15:40:40, 1012.00, 29.48, 29.00, 27.367, 1918, 2938, 4137, 4836, 5655, 6019, 7119, 8313, 26117, 11083, 0, 0, 9580, 15739, 22962, 26275, 31211, 33967, 36000, 36000, 36000, 36000, 1, 1
15:40:40, 1012.00, 29.46, 29.01, 27.289, 1775, 2765, 3876, 4612, 5718, 5930, 7341, 8057, 32400, 13992, 0, 1, 8345, 13327, 18949, 22314, 24262, 26774, 32309, 35644, 36000, 36000, 1, 1
15:40:41, 1011.70, 29.45, 29.03, 27.195, 1766, 2859, 3940, 4725, 5841, 6005, 7441, 8146, 25446, 9980, 0, 0, 8225, 12930, 18984, 21727, 30090, 32357, 36000, 36000, 36000, 36000, 1, 1
15:40:42, 1012.00, 29.44, 29.03, 27.195, 1427, 2310, 3233, 3969, 4035, 4054, 5358, 5607, 14306, 6313, 0, 0, 8209, 13289, 18960, 22399, 27323, 29930, 35820, 36000, 36000, 36000, 1, 1
15:40:42, 1011.90, 29.44, 29.03, 27.141, 431, 624, 933, 1131, 2773, 2816, 3647, 3985, 16308, 7865, 0, 0, 6849, 11572, 15774, 19369, 18957, 21238, 25264, 31052, 36000, 35527, 1, 1
15:40:43, 1011.70, 29.43, 29.05, 27.234, 786, 1221, 1730, 2070, 1854, 1865, 2571, 2608, 14985, 7191, 0, 0, 5608, 9483, 12234, 15337, 14212, 17620, 22424, 30217, 36000, 36000, 1, 1
