Secchi Depth (cm) = 9999
Forel Ule Scale = 99
pH Colour Scale = 99
SensingSecchi S/N = A016
Latitude (degs N) = 34.33600
Longitude (degs E) = -78.05348
Date = 2026-08-28
Time (UTC), Pressure (mbar) MS5803, Temp (deg C) MS5803, Temp (deg C) 10KTHERM, Temp (deg C) TMP117, ED 415nm, ED 445nm, ED 480nm, ED 515nm, ED 555nm, ED 590nm, ED 630nm, ED 680nm, ED Clear, ED NIR, ED D-SAT, ED A-SAT, EU 415nm, EU 445nm, EU 480nm, EU 515nm, EU 555nm, EU 590nm, EU 630nm, EU 680nm, EU Clear, EU NIR, EU D-SAT, EU A-SAT
15:49:00, 1011.40, 28.71, 28.94, 26.492, 38, 47, 51, 55, 52, 77, 140, 219, 734, 626, 0, 0, 17001, 27056, 36000, 36000, 36000, 36000, 36000, 36000, 36000, 36000, 1, 1
15:49:00, 1011.60, 28.72, 28.96, 26.516, 38, 47, 51, 55, 52, 77, 139, 219, 734, 626, 0, 0, 17009, 27069, 36000, 36000, 36000, 36000, 36000, 36000, 36000, 36000, 1, 1
15:49:01, 1011.60, 28.72, 28.94, 26.516, 38, 47, 51, 55, 52, 77, 140, 219, 733, 626, 0, 0, 16989, 27028, 36000, 36000, 36000, 36000, 36000, 36000, 36000, 36000, 1, 1
15:49:02, 1011.50, 28.72, 28.96, 26.477, 38, 47, 51, 55, 52, 77, 139, 219, 732, 625, 0, 0, 16978, 27002, 36000, 36000, 36000, 36000, 36000, 36000, 36000, 36000, 1, 1
15:49:02, 1011.50, 28.72, 28.94, 26.453, 38, 47, 51, 55, 52, 77, 139, 219, 732, 625, 0, 0, 16983, 27002, 36000, 36000, 36000, 36000, 36000, 36000, 36000, 36000, 1, 1
15:49:03, 1011.40, 28.72, 28.94, 26.453, 38, 47, 51, 55, 52, 77, 139, 219, 733, 625, 0, 0, 16992, 27012, 36000, 36000, 36000, 36000, 36000, 36000, 36000, 36000, 1, 1
15:49:04, 1011.60, 28.73, 28.92, 26.430, 38, 47, 51, 55, 52, 77, 139, 219, 733, 625, 0, 0, 16987, 27000, 36000, 36000, 36000, 36000, 36000, 36000, 36000, 36000, 1, 1
15:49:04, 1011.40, 28.73, 28.96, 26.430, 38, 47, 51, 54, 52, 77, 139, 219, 732, 625, 0, 0, 16977, 26992, 36000, 36000, 36000, 36000, 36000, 36000, 36000, 36000, 1, 1
15:49:05, 1011.60, 28.73, 28.91, 26.437, 38, 47, 51, 55, 52, 77, 139, 219, 733, 625, 0, 0, 16955, 26955, 36000, 36000, 36000, 36000, 36000, 36000, 36000, 36000, 1, 1
15:49:06, 1011.50, 28.73, 28.98, 26.469, 38, 47, 51, 54, 52, 77, 139, 219, 733, 625, 0, 0, 17007, 27031, 36000, 36000, 36000, 36000, 36000, 36000, 36000, 36000, 1, 1
15:49:06, 1011.60, 28.73, 28.94, 26.469, 38, 47, 51, 55, 52, 77, 139, 219, 733, 625, 0, 0, 17013, 27031, 36000, 36000, 36000, 36000, 36000, 36000, 36000, 36000, 1, 1
15:49:07, 1011.60, 28.74, 28.94, 26.469, 38, 47, 51, 55, 52, 77, 139, 219, 733, 625, 0, 0, 16921, 26899, 36000, 36000, 36000, 36000, 36000, 36000, 36000, 36000, 1, 1
15:49:08, 1011.50, 28.74, 28.94, 26.484, 38, 47, 51, 55, 52, 77, 139, 219, 732, 624, 0, 0, 17036, 27035, 36000, 36000, 36000, 36000, 36000, 36000, 36000, 36000, 1, 1
15:49:08, 1011.40, 28.74, 28.98, 26.484, 38, 47, 51, 54, 52, 77, 139, 219, 733, 625, 0, 0, 17013, 27010, 36000, 36000, 36000, 36000, 36000, 36000, 36000, 36000, 1, 1
15:49:09, 1011.80, 28.74, 28.96, 26.469, 38, 47, 51, 54, 52, 77, 139, 219, 734, 625, 0, 0, 16924, 26889, 36000, 36000, 36000, 36000, 36000, 36000, 36000, 36000, 1, 1
15:49:10, 1011.40, 28.74, 28.96, 26.430, 38, 47, 51, 54, 52, 77, 139, 219, 732, 625, 0, 0, 16994, 27000, 36000, 36000, 36000, 36000, 36000, 36000, 36000, 36000, 1, 1
15:49:10, 1011.40, 28.74, 28.96, 26.430, 38, 47, 51, 55, 52, 77, 139, 219, 731, 624, 0, 0, 16985, 26979, 36000, 36000, 36000, 36000, 36000, 36000, 36000, 36000, 1, 1
15:49:11, 1011.40, 28.74, 28.96, 26.406, 38, 47, 51, 55, 52, 77, 139, 219, 732, 624, 0, 0, 16901, 26829, 36000, 36000, 36000, 36000, 36000, 36000, 36000, 36000, 1, 1
15:49:12, 1011.40, 28.74, 28.98, 26.398, 38, 47, 51, 54, 52, 77, 139, 219, 732, 625, 0, 0, 16906, 26844, 36000, 36000, 36000, 36000, 36000, 36000, 36000, 36000, 1, 1
15:49:12, 1011.60, 28.74, 28.96, 26.398, 38, 47, 51, 55, 52, 77, 139, 219, 732, 624, 0, 0, 16964, 26924, 36000, 36000, 36000, 36000, 36000, 36000, 36000, 36000, 1, 1
15:49:13, 1011.30, 28.74, 28.98, 26.391, 38, 47, 51, 54, 52, 77, 139, 219, 732, 624, 0, 0, 16890, 26810, 36000, 36000, 36000, 36000, 36000, 36000, 36000, 36000, 1, 1
15:49:14, 1011.60, 28.74, 28.94, 26.352, 38, 47, 51, 54, 52, 77, 139, 219, 731, 624, 0, 0, 16863, 26780, 36000, 36000, 36000, 36000, 36000, 36000, 36000, 36000, 1, 1
15:49:14, 1011.70, 28.74, 28.96, 26.352, 38, 47, 51, 55, 52, 77, 139, 219, 732, 624, 0, 0, 16933, 26870, 36000, 36000, 36000, 36000, 36000, 36000, 36000, 36000, 1, 1
15:49:15, 1011.50, 28.74, 28.98, 26.352, 37, 47, 51, 55, 52, 77, 139, 219, 731, 624, 0, 0, 16901, 26816, 36000, 36000, 36000, 36000, 36000, 36000, 36000, 36000, 1, 1
15:49:15, 1011.40, 28.73, 28.98, 26.383, 38, 47, 51, 55, 52, 77, 139, 219, 731, 623, 0, 0, 16836, 26710, 36000, 36000, 36000, 36000, 36000, 36000, 36000, 36000, 1, 1
15:49:16, 1011.40, 28.73, 28.98, 26.383, 37, 47, 51, 55, 52, 77, 139, 219, 729, 622, 0, 0, 16907, 26841, 36000, 36000, 36000, 36000, 36000, 36000, 36000, 36000, 1, 1
15:49:17, 1011.30, 28.73, 28.98, 26.336, 37, 47, 51, 55, 52, 77, 139, 219, 729, 622, 0, 0, 16845, 26694, 36000, 36000, 36000, 36000, 36000, 36000, 36000, 36000, 1, 1
15:49:17, 1011.20, 28.74, 28.98, 26.305, 37, 47, 51, 54, 52, 77, 139, 219, 730, 623, 0, 0, 16800, 26632, 36000, 36000, 36000, 36000, 36000, 36000, 36000, 36000, 1, 1
15:49:18, 1011.50, 28.74, 28.96, 26.305, 37, 47, 51, 54, 52, 77, 139, 219, 731, 623, 0, 0, 16752, 26554, 36000, 36000, 36000, 36000, 36000, 36000, 36000, 36000, 1, 1
15:49:19, 1011.40, 28.74, 29.00, 26.320, 37, 47, 51, 55, 52, 77, 139, 219, 729, 622, 0, 0, 16767, 26576, 36000, 36000, 36000, 36000, 36000, 36000, 36000, 36000, 1, 1
15:49:19, 1011.60, 28.74, 28.98, 26.320, 37, 47, 50, 55, 52, 77, 138, 218, 727, 620, 0, 0, 16763, 26561, 36000, 36000, 36000, 36000, 36000, 36000, 36000, 36000, 1, 1
15:49:20, 1011.30, 28.74, 28.98, 26.328, 37, 47, 50, 55, 52, 77, 138, 218, 727, 620, 0, 0, 16671, 26421, 36000, 36000, 36000, 36000, 36000, 36000, 36000, 36000, 1, 1
15:49:21, 1011.60, 28.74, 28.94, 26.305, 37, 47, 50, 55, 52, 77, 138, 218, 727, 620, 0, 0, 16718, 26516, 36000, 36000, 36000, 36000, 36000, 36000, 36000, 36000, 1, 1
15:49:21, 1011.40, 28.74, 28.98, 26.305, 37, 47, 50, 55, 52, 77, 138, 218, 727, 620, 0, 0, 16683, 26423, 36000, 36000, 36000, 36000, 36000, 36000, 36000, 36000, 1, 1
15:49:22, 1011.30, 28.74, 28.98, 26.289, 37, 47, 51, 55, 52, 77, 138, 218, 728, 621, 0, 0, 16593, 26281, 36000, 36000, 36000, 36000, 36000, 36000, 36000, 36000, 1, 1
15:49:23, 1011.30, 28.74, 29.00, 26.258, 37, 47, 50, 55, 52, 77, 138, 218, 726, 619, 0, 0, 16505, 26145, 35795, 36000, 36000, 36000, 36000, 36000, 36000, 36000, 1, 1
15:49:23, 1011.40, 28.74, 28.98, 26.258, 37, 47, 50, 54, 51, 76, 137, 217, 724, 617, 0, 0, 16557, 26217, 35911, 36000, 36000, 36000, 36000, 36000, 36000, 36000, 1, 1
15:49:24, 1011.50, 28.74, 28.98, 26.258, 37, 46, 50, 54, 51, 76, 137, 217, 723, 617, 0, 0, 16604, 26303, 36000, 36000, 36000, 36000, 36000, 36000, 36000, 36000, 1, 1
15:49:25, 1011.40, 28.74, 29.00, 26.297, 37, 47, 50, 53, 51, 76, 137, 217, 723, 616, 0, 0, 16427, 26020, 35626, 36000, 36000, 36000, 36000, 36000, 36000, 36000, 1, 1
15:49:25, 1011.60, 28.74, 28.98, 26.297, 37, 47, 50, 54, 51, 76, 137, 217, 723, 616, 0, 0, 16446, 26037, 35667, 36000, 36000, 36000, 36000, 36000, 36000, 36000, 1, 1
15:49:26, 1011.60, 28.74, 29.00, 26.312, 37, 47, 50, 53, 51, 76, 137, 217, 723, 616, 0, 0, 16423, 25986, 35614, 36000, 36000, 36000, 36000, 36000, 36000, 36000, 1, 1
15:49:27, 1011.60, 28.74, 28.98, 26.344, 37, 46, 50, 54, 51, 76, 137, 217, 721, 615, 0, 0, 16346, 25867, 35441, 36000, 36000, 36000, 36000, 36000, 36000, 36000, 1, 1
15:49:27, 1011.30, 28.74, 29.01, 26.344, 37, 46, 50, 53, 51, 76, 136, 217, 720, 614, 0, 0, 16290, 25781, 35309, 36000, 36000, 36000, 36000, 36000, 36000, 36000, 1, 1
15:49:28, 1011.50, 28.74, 29.00, 26.359, 37, 46, 50, 54, 51, 76, 136, 216, 718, 611, 0, 0, 16305, 25793, 35346, 36000, 36000, 36000, 36000, 36000, 36000, 36000, 1, 1
15:49:29, 1011.40, 28.74, 29.00, 26.352, 36, 46, 49, 53, 50, 75, 135, 214, 710, 608, 0, 0, 16216, 25645, 35130, 36000, 36000, 36000, 36000, 36000, 36000, 36000, 1, 1
15:49:29, 1011.40, 28.74, 28.98, 26.352, 37, 46, 50, 53, 51, 76, 135, 215, 718, 610, 0, 0, 16060, 25404, 34787, 36000, 36000, 36000, 36000, 36000, 36000, 36000, 1, 1
15:49:30, 1011.30, 28.74, 29.00, 26.367, 36, 46, 49, 53, 50, 75, 134, 214, 710, 605, 0, 0, 16098, 25437, 34846, 36000, 36000, 36000, 36000, 36000, 36000, 36000, 1, 1
15:49:31, 1011.60, 28.74, 28.94, 26.344, 36, 45, 49, 52, 50, 74, 133, 213, 704, 602, 0, 0, 16124, 25470, 34923, 36000, 36000, 36000, 36000, 36000, 36000, 36000, 1, 1
15:49:31, 1011.40, 28.74, 28.98, 26.344, 36, 45, 49, 52, 50, 74, 133, 212, 704, 601, 0, 0, 16038, 25366, 34715, 36000, 36000, 36000, 36000, 36000, 36000, 36000, 1, 1
15:49:32, 1011.50, 28.74, 29.01, 26.344, 36, 45, 49, 53, 50, 74, 133, 212, 702, 600, 0, 0, 15960, 25203, 34529, 36000, 36000, 36000, 36000, 36000, 36000, 36000, 1, 1
15:49:33, 1011.50, 28.74, 28.98, 26.336, 36, 45, 49, 52, 49, 74, 133, 212, 700, 597, 0, 0, 16031, 25302, 34698, 36000, 36000, 36000, 36000, 36000, 36000, 36000, 1, 1
15:49:33, 1011.30, 28.74, 29.00, 26.336, 36, 45, 48, 51, 49, 73, 132, 210, 696, 594, 0, 0, 15961, 25184, 34521, 36000, 36000, 36000, 36000, 36000, 36000, 36000, 1, 1
15:49:34, 1011.30, 28.74, 29.01, 26.297, 35, 45, 48, 51, 49, 73, 131, 209, 692, 590, 0, 0, 15848, 24999, 34259, 36000, 36000, 36000, 36000, 36000, 36000, 36000, 1, 1
15:49:35, 1011.40, 28.74, 28.98, 26.297, 35, 45, 48, 52, 49, 73, 131, 209, 692, 589, 0, 0, 15863, 25007, 34297, 36000, 36000, 36000, 36000, 36000, 36000, 36000, 1, 1
15:49:35, 1011.40, 28.74, 29.00, 26.297, 35, 45, 48, 51, 49, 73, 132, 210, 693, 590, 0, 0, 15847, 24976, 34259, 36000, 36000, 36000, 36000, 36000, 36000, 36000, 1, 1
15:49:36, 1011.40, 28.75, 28.98, 26.281, 36, 45, 48, 52, 49, 73, 132, 210, 694, 591, 0, 0, 15780, 24861, 34103, 36000, 36000, 36000, 36000, 36000, 36000, 36000, 1, 1
15:49:37, 1011.70, 28.75, 28.98, 26.281, 36, 45, 48, 52, 49, 73, 132, 210, 692, 590, 0, 0, 15750, 24806, 34038, 36000, 36000, 36000, 36000, 36000, 36000, 36000, 1, 1
15:49:37, 1011.20, 28.75, 29.00, 26.273, 35, 44, 48, 51, 49, 73, 131, 208, 686, 585, 0, 0, 15799, 24873, 34145, 36000, 36000, 36000, 36000, 36000, 36000, 36000, 1, 1
15:49:38, 1011.40, 28.74, 28.96, 26.281, 35, 44, 48, 52, 49, 73, 131, 208, 690, 586, 0, 0, 15802, 24902, 34149, 36000, 36000, 36000, 36000, 36000, 36000, 36000, 1, 1
15:49:39, 1011.70, 28.75, 28.96, 26.281, 35, 44, 48, 52, 49, 73, 130, 208, 687, 584, 0, 0, 15756, 24794, 34042, 36000, 36000, 36000, 36000, 36000, 36000, 36000, 1, 1
15:49:39, 1011.40, 28.75, 29.00, 26.273, 35, 44, 48, 51, 49, 73, 130, 207, 684, 581, 0, 0, 15786, 24830, 34114, 36000, 36000, 36000, 36000, 36000, 36000, 36000, 1, 1
15:49:40, 1011.30, 28.74, 28.98, 26.289, 35, 44, 48, 51, 49, 73, 130, 207, 683, 580, 0, 0, 15725, 24738, 33960, 36000, 36000, 36000, 36000, 36000, 36000, 36000, 1, 1
15:49:41, 1011.20, 28.75, 29.01, 26.289, 35, 44, 48, 50, 49, 72, 129, 206, 682, 578, 0, 0, 15678, 24656, 33855, 36000, 36000, 36000, 36000, 36000, 36000, 36000, 1, 1
15:49:41, 1011.20, 28.75, 29.00, 26.312, 35, 44, 48, 51, 49, 72, 129, 206, 681, 577, 0, 0, 15714, 24711, 33928, 36000, 36000, 36000, 36000, 36000, 36000, 36000, 1, 1
15:49:42, 1011.50, 28.75, 28.98, 26.344, 35, 44, 47, 51, 48, 72, 129, 206, 680, 577, 0, 0, 15662, 24623, 33826, 36000, 36000, 36000, 36000, 36000, 36000, 36000, 1, 1
15:49:43, 1011.40, 28.75, 29.00, 26.344, 35, 44, 47, 51, 48, 72, 129, 206, 679, 578, 0, 0, 15622, 24563, 33731, 36000, 36000, 36000, 36000, 36000, 36000, 36000, 1, 1
15:49:43, 1011.40, 28.75, 29.00, 26.383, 35, 44, 47, 51, 48, 72, 130, 206, 681, 579, 0, 0, 15648, 24591, 33773, 36000, 36000, 36000, 36000, 36000, 36000, 36000, 1, 1
15:49:44, 1011.40, 28.75, 29.01, 26.414, 35, 44, 48, 51, 48, 72, 130, 207, 683, 581, 0, 0, 15671, 24621, 33836, 36000, 36000, 36000, 36000, 36000, 36000, 36000, 1, 1
15:49:45, 1011.60, 28.75, 28.96, 26.414, 35, 44, 48, 51, 49, 73, 130, 208, 684, 581, 0, 0, 15665, 24618, 33828, 36000, 36000, 36000, 36000, 36000, 36000, 36000, 1, 1
15:49:45, 1011.40, 28.75, 29.01, 26.406, 35, 44, 48, 51, 49, 73, 131, 208, 686, 582, 0, 0, 15654, 24598, 33797, 36000, 36000, 36000, 36000, 36000, 36000, 36000, 1, 1
15:49:46, 1011.10, 28.76, 28.98, 26.406, 35, 44, 48, 51, 49, 73, 131, 208, 685, 582, 0, 0, 15636, 24557, 33751, 36000, 36000, 36000, 36000, 36000, 36000, 36000, 1, 1
15:49:47, 1011.40, 28.76, 28.98, 26.406, 35, 44, 48, 51, 49, 73, 131, 208, 683, 581, 0, 0, 15654, 24584, 33777, 36000, 36000, 36000, 36000, 36000, 36000, 36000, 1, 1
15:49:47, 1011.40, 28.76, 29.00, 26.391, 35, 44, 47, 50, 48, 72, 129, 206, 677, 576, 0, 0, 15597, 24489, 33652, 36000, 36000, 36000, 36000, 36000, 36000, 36000, 1, 1
15:49:48, 1011.40, 28.76, 29.00, 26.391, 35, 43, 47, 50, 48, 71, 128, 203, 674, 574, 0, 0, 15362, 24153, 33120, 36000, 36000, 36000, 36000, 36000, 36000, 36000, 1, 1
15:49:49, 1011.40, 28.76, 28.98, 26.398, 34, 42, 46, 49, 46, 70, 125, 198, 659, 562, 0, 0, 15167, 23802, 32699, 36000, 36000, 36000, 36000, 36000, 36000, 36000, 1, 1
15:49:49, 1012.00, 28.78, 29.00, 26.398, 32, 39, 43, 45, 43, 66, 119, 186, 619, 528, 0, 0, 14615, 22869, 31547, 35663, 36000, 36000, 36000, 36000, 36000, 36000, 1, 1
15:49:50, 1011.70, 28.78, 29.00, 26.398, 29, 36, 40, 42, 41, 61, 108, 166, 557, 462, 0, 0, 8740, 14580, 18840, 22254, 18885, 20366, 23521, 29279, 36000, 31338, 1, 1
15:49:51, 1012.10, 28.81, 29.00, 26.383, 23, 29, 32, 34, 78, 133, 276, 400, 1162, 826, 0, 0, 9691, 15031, 20774, 23749, 23791, 24558, 29982, 33565, 36000, 36000, 1, 1
15:49:51, 1012.50, 28.84, 29.00, 26.445, 268, 397, 544, 643, 832, 927, 1186, 1443, 5823, 2820, 0, 0, 126, 161, 188, 232, 309, 408, 546, 1007, 2817, 1986, 0, 0
15:49:52, 1012.60, 28.84, 29.00, 26.445, 164, 236, 324, 420, 442, 494, 720, 825, 3148, 1844, 0, 0, 89, 112, 121, 142, 159, 214, 286, 594, 1763, 1394, 0, 0
15:49:53, 1012.50, 28.84, 29.05, 26.562, 278, 419, 567, 761, 883, 945, 1414, 1502, 5680, 2862, 0, 0, 83, 105, 113, 133, 130, 175, 233, 487, 1446, 1158, 0, 0
15:49:53, 1012.50, 28.84, 29.00, 26.664, 259, 386, 519, 683, 858, 915, 1353, 1408, 5132, 2606, 0, 0, 78, 98, 105, 124, 137, 185, 248, 517, 1513, 1199, 0, 0
15:49:54, 1012.40, 28.84, 28.98, 26.664, 293, 453, 598, 814, 868, 935, 1375, 1421, 4904, 2428, 0, 0, 73, 92, 99, 117, 126, 170, 227, 478, 1413, 1128, 0, 0
15:49:55, 1012.30, 28.84, 29.01, 26.742, 253, 392, 520, 688, 770, 805, 1214, 1273, 4671, 2465, 0, 0, 69, 88, 94, 111, 119, 161, 214, 447, 1329, 1063, 0, 0
15:49:55, 1012.30, 28.84, 29.00, 26.820, 277, 427, 562, 766, 867, 921, 1367, 1420, 5156, 2604, 0, 0, 73, 93, 100, 118, 129, 174, 232, 484, 1423, 1129, 0, 0
15:49:56, 1012.50, 28.83, 29.00, 26.820, 294, 452, 607, 804, 670, 720, 1100, 1145, 4275, 2296, 0, 0, 60, 76, 80, 95, 105, 142, 190, 405, 1219, 994, 0, 0
15:49:57, 1012.50, 28.83, 29.01, 26.867, 229, 337, 446, 638, 636, 720, 1131, 1156, 3869, 2065, 0, 0, 67, 84, 89, 105, 114, 154, 205, 438, 1319, 1064, 0, 0
15:49:57, 1012.50, 28.83, 29.01, 26.922, 193, 289, 384, 538, 529, 576, 902, 978, 3582, 1984, 0, 0, 65, 82, 87, 103, 114, 154, 206, 442, 1328, 1075, 0, 0
15:49:58, 1012.30, 28.82, 29.00, 26.922, 297, 462, 614, 830, 955, 1004, 1361, 1467, 5188, 2535, 0, 0, 144, 184, 205, 242, 774, 1127, 1657, 2855, 7936, 5637, 0, 0
15:49:59, 1012.20, 28.79, 29.01, 26.953, 728, 1098, 1516, 1794, 1113, 1155, 1581, 1728, 3562, 1933, 0, 0, 3661, 6382, 7913, 9879, 11964, 13852, 17085, 21666, 36000, 31312, 1, 1
15:49:59, 1012.40, 28.78, 29.05, 26.914, 533, 813, 1121, 1384, 1187, 1299, 1671, 1786, 7250, 3539, 0, 0, 4803, 7956, 11092, 13015, 16028, 17367, 20909, 24904, 36000, 33100, 1, 1
15:50:00, 1012.30, 28.78, 29.05, 26.914, 1221, 1962, 2690, 3309, 4635, 4857, 5937, 6570, 27323, 11091, 0, 0, 6013, 9689, 13864, 16372, 19734, 21445, 26111, 29952, 36000, 36000, 1, 1
15:50:01, 1012.20, 28.77, 29.01, 26.820, 1020, 1621, 2215, 2704, 2277, 2514, 3238, 3745, 11481, 5253, 0, 0, 6194, 9868, 14133, 16654, 20660, 22500, 27282, 31363, 36000, 36000, 1, 1
15:50:01, 1012.10, 28.76, 29.07, 26.680, 1662, 2637, 3683, 4348, 5051, 5321, 6426, 7173, 24576, 9678, 0, 0, 6400, 10505, 14834, 17610, 21969, 23061, 28345, 32216, 36000, 36000, 1, 1
15:50:02, 1011.90, 28.76, 29.03, 26.680, 1645, 2664, 3695, 4366, 3883, 4161, 5019, 5672, 16691, 6662, 0, 0, 7208, 12300, 17003, 20314, 23814, 26054, 31099, 36000, 36000, 36000, 1, 1
15:50:02, 1012.10, 28.75, 28.98, 26.578, 1166, 1741, 2394, 2883, 2597, 2908, 3596, 4127, 8748, 3874, 0, 0, 8059, 13622, 18814, 22330, 24699, 27304, 32441, 36000, 36000, 36000, 1, 1
15:50:03, 1012.30, 28.76, 29.05, 26.445, 652, 895, 1220, 1529, 1620, 1830, 2402, 2675, 5812, 2746, 0, 0, 6807, 10931, 15730, 18308, 21896, 24149, 28294, 33551, 36000, 36000, 1, 1
15:50:04, 1012.20, 28.76, 29.07, 26.445, 931, 1359, 1903, 2244, 2824, 3077, 3681, 4267, 12095, 5175, 0, 0, 5593, 8454, 12671, 14114, 16158, 17453, 20636, 23549, 36000, 35283, 1, 1
15:50:04, 1012.00, 28.76, 29.05, 26.375, 1093, 1611, 2263, 2648, 3671, 3926, 4736, 5314, 17212, 6846, 0, 0, 3890, 6222, 8994, 10416, 12010, 13210, 15681, 18376, 36000, 29631, 1, 1
15:50:05, 1012.30, 28.76, 29.03, 26.375, 973, 1402, 1969, 2312, 2416, 2669, 3225, 3715, 11623, 5048, 0, 0, 3423, 5380, 7926, 9056, 7253, 7589, 9427, 10536, 34854, 18708, 0, 1
15:50:06, 1012.10, 28.75, 29.00, 26.359, 1055, 1535, 2138, 2555, 3059, 3372, 4123, 4670, 11735, 4698, 0, 0, 2324, 3617, 5191, 6132, 6767, 7402, 8794, 10361, 36000, 17739, 1, 1
15:50:06, 1012.60, 28.75, 29.01, 26.305, 1093, 1667, 2264, 2770, 3001, 3251, 4035, 4551, 9770, 4071, 0, 0, 1652, 2836, 3833, 4806, 4967, 5293, 6741, 7820, 25094, 11899, 0, 0
15:50:07, 1012.50, 28.75, 29.05, 26.305, 1405, 2099, 2912, 3467, 4396, 4807, 5588, 6447, 20495, 8068, 0, 0, 1750, 2837, 4022, 4877, 4065, 4273, 5420, 6407, 18719, 8696, 0, 0
15:50:08, 1012.50, 28.75, 29.07, 26.266, 1594, 2435, 3408, 4016, 4179, 4466, 5291, 6070, 20014, 8127, 0, 0, 995, 1641, 2292, 2739, 3660, 3825, 4726, 5607, 15473, 5907, 0, 0
15:50:08, 1012.40, 28.75, 29.03, 26.242, 1626, 2548, 3567, 4216, 4669, 4907, 5905, 6635, 25123, 10351, 0, 0, 792, 1254, 1729, 2111, 2225, 2349, 2956, 3244, 10542, 3753, 0, 0
15:50:09, 1012.70, 28.74, 29.07, 26.242, 1737, 2760, 3839, 4585, 5244, 5531, 6674, 7434, 26860, 10950, 0, 0, 779, 1280, 1769, 2212, 2574, 2721, 3423, 3755, 11763, 4213, 0, 0
15:50:10, 1012.60, 28.73, 29.07, 26.219, 1722, 2703, 3775, 4486, 5332, 5634, 6729, 7596, 27166, 11094, 0, 0, 1513, 2390, 3435, 3988, 5727, 6290, 7714, 9297, 24525, 9142, 0, 0
15:50:10, 1012.40, 28.72, 29.05, 26.195, 1616, 2480, 3457, 4096, 4643, 4972, 5883, 6735, 22001, 9040, 0, 0, 2921, 4817, 6565, 7998, 9880, 11433, 13544, 16920, 36000, 21377, 1, 1
15:50:11, 1012.30, 28.72, 29.07, 26.195, 1268, 1910, 2643, 3166, 3197, 3482, 4174, 4835, 13826, 5851, 0, 0, 2776, 4292, 6137, 7181, 7976, 8549, 10690, 12550, 36000, 24506, 1, 1
15:50:12, 1012.40, 28.71, 29.07, 26.164, 1256, 1917, 2663, 3165, 3831, 4074, 4825, 5587, 20172, 8445, 0, 0, 3432, 5689, 7877, 9487, 10791, 12340, 14485, 17669, 36000, 29465, 1, 1
15:50:12, 1012.40, 28.71, 29.07, 26.156, 1605, 2523, 3502, 4249, 5025, 5313, 6444, 7162, 28520, 11416, 0, 0, 3168, 5075, 6978, 8471, 9072, 10674, 12516, 15596, 36000, 14455, 1, 1
15:50:13, 1012.00, 28.71, 29.03, 26.156, 1658, 2631, 3642, 4417, 4662, 5006, 5956, 6791, 27736, 11317, 0, 0, 2840, 4614, 6357, 7736, 7670, 8320, 10787, 12652, 36000, 27527, 1, 1
15:50:14, 1012.40, 28.72, 29.09, 26.102, 1287, 1933, 2690, 3165, 4460, 4729, 5632, 6457, 22207, 9164, 0, 0, 2147, 3340, 4812, 5674, 6008, 7057, 8181, 10247, 21576, 7702, 0, 0
15:50:14, 1012.40, 28.72, 29.09, 26.070, 1567, 2451, 3391, 4130, 5020, 5397, 6397, 7218, 28977, 11488, 0, 0, 1512, 2716, 3470, 4552, 4139, 4890, 5751, 7163, 13328, 4873, 0, 0
15:50:15, 1012.50, 28.72, 29.03, 26.070, 1695, 2692, 3743, 4488, 5039, 5312, 6372, 7181, 26695, 11033, 0, 0, 763, 1232, 1682, 2116, 2504, 2699, 3305, 3721, 11485, 4379, 0, 0
15:50:16, 1012.30, 28.72, 29.07, 26.031, 1502, 2290, 3178, 3774, 4339, 4724, 5480, 6349, 16175, 6345, 0, 0, 750, 1222, 1637, 2051, 1835, 2036, 2388, 2830, 7766, 3015, 0, 0
15:50:16, 1012.40, 28.72, 29.09, 26.008, 1474, 2362, 3249, 3926, 4377, 4624, 5545, 6310, 18320, 7519, 0, 0, 482, 800, 1099, 1355, 1572, 1710, 2026, 2390, 7152, 2585, 0, 0
15:50:17, 1012.70, 28.71, 29.07, 26.008, 1588, 2487, 3454, 4135, 4817, 5135, 5969, 6917, 27640, 11332, 0, 0, 436, 704, 993, 1199, 1151, 1214, 1512, 1735, 6010, 2170, 0, 0
15:50:18, 1012.80, 28.72, 29.09, 25.984, 1749, 2753, 3808, 4598, 5075, 5418, 6387, 7260, 29151, 11789, 0, 0, 41, 56, 99, 166, 276, 340, 475, 578, 1180, 157, 0, 0
15:50:18, 1014.90, 28.77, 29.09, 25.984, 1713, 2752, 3791, 4581, 5208, 5503, 6583, 7414, 28534, 11621, 0, 0, 42, 56, 99, 167, 278, 344, 481, 586, 1188, 159, 0, 0
15:50:19, 1017.70, 28.83, 29.09, 27.633, 1715, 2768, 3823, 4603, 5183, 5470, 6544, 7375, 28161, 11416, 0, 0, 38, 50, 89, 152, 255, 321, 456, 562, 1101, 143, 0, 0
15:50:20, 1020.90, 28.88, 29.07, 28.398, 1292, 2216, 3264, 4151, 4995, 5344, 6555, 7451, 26715, 7981, 0, 0, 33, 40, 71, 126, 224, 289, 418, 521, 986, 123, 0, 0
15:50:20, 1020.90, 28.92, 29.11, 28.398, 1175, 2001, 3014, 3913, 4811, 5167, 6314, 7194, 26080, 7841, 0, 0, 33, 40, 72, 128, 225, 289, 419, 521, 991, 124, 0, 0
15:50:21, 1022.20, 28.95, 29.07, 28.828, 1102, 1867, 2860, 3756, 4471, 4883, 5925, 6825, 25166, 7176, 0, 0, 31, 38, 66, 119, 214, 278, 405, 505, 948, 117, 0, 0
15:50:22, 1023.00, 28.98, 29.11, 29.023, 937, 1567, 2462, 3306, 3905, 4299, 5187, 6061, 22980, 6446, 0, 0, 29, 34, 60, 108, 190, 248, 366, 460, 836, 102, 0, 0
15:50:22, 1023.60, 29.01, 29.09, 29.023, 876, 1457, 2307, 3101, 3738, 4118, 4944, 5831, 21377, 5887, 0, 0, 26, 30, 53, 97, 174, 228, 338, 428, 759, 92, 0, 0
15:50:23, 1022.90, 29.03, 29.09, 29.109, 751, 1247, 1993, 2692, 3341, 3694, 4417, 5241, 18446, 4982, 0, 0, 22, 26, 45, 82, 153, 201, 299, 380, 643, 78, 0, 0
15:50:24, 1019.10, 29.05, 29.12, 29.148, 908, 1537, 2337, 3052, 3675, 3954, 4785, 5582, 18450, 5592, 0, 0, 25, 30, 53, 96, 182, 235, 342, 429, 744, 94, 0, 0
15:50:24, 1018.80, 29.08, 29.07, 29.148, 1287, 2140, 3092, 3839, 4169, 4465, 5429, 6213, 19708, 6302, 0, 0, 29, 35, 60, 109, 197, 256, 373, 469, 765, 95, 0, 0
15:50:25, 1019.50, 29.10, 29.09, 29.164, 1304, 2151, 3094, 3847, 4314, 4617, 5515, 6361, 19079, 6352, 0, 0, 29, 35, 61, 110, 196, 256, 374, 471, 767, 96, 0, 0
15:50:26, 1020.40, 29.11, 29.07, 29.187, 1022, 1721, 2577, 3310, 4018, 4338, 5237, 6052, 17427, 5248, 0, 0, 27, 31, 54, 99, 180, 237, 349, 440, 711, 88, 0, 0
15:50:26, 1020.10, 29.12, 29.07, 29.187, 985, 1678, 2512, 3243, 3897, 4176, 5067, 5827, 16915, 5189, 0, 0, 25, 31, 53, 96, 175, 228, 334, 420, 692, 86, 0, 0
15:50:27, 1020.40, 29.13, 29.09, 29.187, 983, 1679, 2485, 3214, 3818, 4087, 4971, 5719, 16442, 5062, 0, 0, 25, 30, 53, 95, 173, 226, 332, 418, 685, 85, 0, 0
15:50:28, 1019.90, 29.15, 29.07, 29.195, 952, 1626, 2420, 3142, 3747, 4031, 4892, 5629, 15574, 4752, 0, 0, 26, 31, 54, 98, 179, 235, 344, 433, 702, 87, 0, 0
15:50:28, 1020.40, 29.16, 29.07, 29.195, 1023, 1727, 2557, 3277, 3879, 4178, 5040, 5790, 15756, 4832, 0, 0, 26, 31, 54, 98, 180, 236, 347, 438, 697, 86, 0, 0
15:50:29, 1021.10, 29.17, 29.07, 29.195, 940, 1594, 2399, 3109, 3780, 4094, 4954, 5708, 15164, 4457, 0, 0, 26, 30, 52, 96, 177, 233, 343, 433, 685, 84, 0, 0
15:50:30, 1022.40, 29.17, 29.07, 29.203, 771, 1316, 2039, 2709, 2938, 3215, 3954, 4621, 11479, 3110, 0, 0, 24, 27, 47, 87, 160, 214, 320, 407, 611, 73, 0, 0
15:50:30, 1022.90, 29.18, 29.05, 29.203, 762, 1319, 2024, 2701, 3137, 3430, 4192, 4908, 13008, 3597, 0, 0, 21, 24, 41, 77, 144, 194, 290, 370, 558, 66, 0, 0
15:50:31, 1021.80, 29.19, 29.09, 29.195, 741, 1287, 1971, 2645, 3249, 3542, 4320, 5026, 13464, 3792, 0, 0, 22, 26, 45, 83, 156, 206, 306, 388, 610, 73, 0, 0
15:50:32, 1022.60, 29.20, 29.05, 29.195, 794, 1374, 2077, 2758, 3361, 3644, 4459, 5156, 13836, 3984, 0, 0, 23, 27, 47, 87, 161, 214, 318, 404, 630, 75, 0, 0
15:50:32, 1023.30, 29.21, 29.09, 29.195, 731, 1260, 1964, 2661, 3262, 3570, 4381, 5110, 13241, 3563, 0, 0, 23, 26, 45, 84, 160, 214, 321, 409, 630, 75, 0, 0
15:50:33, 1024.70, 29.22, 29.07, 29.195, 728, 1252, 1967, 2672, 3310, 3628, 4453, 5209, 13576, 3623, 0, 0, 23, 26, 44, 83, 157, 211, 316, 404, 625, 74, 0, 0
15:50:34, 1025.00, 29.22, 29.09, 29.195, 653, 1117, 1795, 2494, 3145, 3461, 4277, 5025, 13225, 3407, 0, 0, 22, 25, 42, 80, 155, 208, 312, 399, 631, 75, 0, 0
15:50:34, 1025.00, 29.22, 29.07, 29.195, 646, 1108, 1782, 2476, 3153, 3469, 4293, 5032, 13721, 3571, 0, 0, 22, 25, 43, 81, 156, 208, 311, 397, 637, 76, 0, 0
15:50:35, 1025.40, 29.23, 29.05, 29.195, 643, 1102, 1772, 2464, 3098, 3407, 4223, 4955, 13635, 3554, 0, 0, 23, 25, 43, 81, 156, 209, 314, 400, 641, 76, 0, 0
15:50:36, 1024.90, 29.24, 29.07, 29.195, 644, 1104, 1779, 2475, 3153, 3468, 4289, 5044, 13841, 3559, 0, 0, 22, 25, 42, 80, 155, 208, 312, 400, 629, 74, 0, 0
15:50:36, 1025.00, 29.24, 29.07, 29.195, 653, 1119, 1793, 2485, 3131, 3441, 4249, 4995, 13586, 3512, 0, 0, 23, 25, 43, 81, 155, 209, 313, 401, 628, 74, 0, 0
15:50:37, 1025.30, 29.24, 29.07, 29.195, 640, 1099, 1763, 2454, 3070, 3378, 4182, 4912, 13116, 3366, 0, 0, 22, 25, 42, 79, 150, 202, 305, 391, 608, 71, 0, 0
15:50:38, 1025.90, 29.25, 29.07, 29.195, 611, 1048, 1696, 2381, 3027, 3337, 4149, 4871, 12742, 3222, 0, 0, 21, 24, 40, 75, 146, 197, 297, 381, 587, 69, 0, 0
15:50:38, 1025.30, 29.25, 29.05, 29.195, 607, 1043, 1691, 2375, 3025, 3330, 4149, 4850, 12402, 3129, 0, 0, 21, 24, 40, 76, 148, 199, 300, 384, 593, 70, 0, 0
15:50:39, 1023.30, 29.25, 29.09, 29.195, 637, 1094, 1748, 2436, 3089, 3387, 4212, 4892, 12433, 3246, 0, 0, 23, 26, 44, 82, 158, 211, 314, 400, 626, 75, 0, 0
15:50:40, 1023.30, 29.26, 29.09, 29.195, 719, 1236, 1920, 2604, 3221, 3506, 4336, 5005, 12689, 3431, 0, 0, 23, 27, 45, 85, 158, 211, 315, 401, 618, 74, 0, 0
15:50:40, 1024.20, 29.27, 29.07, 29.195, 686, 1178, 1853, 2526, 3134, 3424, 4256, 4930, 11779, 3035, 0, 0, 22, 24, 41, 78, 148, 200, 300, 384, 576, 68, 0, 0
15:50:41, 1023.70, 29.27, 29.11, 29.203, 652, 1121, 1781, 2438, 3099, 3380, 4216, 4890, 11124, 2814, 0, 0, 21, 24, 41, 76, 147, 198, 297, 379, 569, 68, 0, 0
15:50:42, 1022.80, 29.27, 29.05, 29.203, 679, 1171, 1829, 2485, 3099, 3385, 4193, 4837, 10673, 2783, 0, 0, 22, 25, 43, 80, 151, 202, 302, 383, 584, 70, 0, 0
15:50:42, 1024.10, 29.28, 29.09, 29.195, 676, 1160, 1807, 2460, 3027, 3321, 4132, 4768, 10020, 2544, 0, 0, 21, 24, 40, 76, 145, 195, 294, 375, 557, 66, 0, 0
15:50:43, 1023.70, 29.29, 29.07, 29.195, 666, 1142, 1801, 2464, 3113, 3418, 4253, 4911, 10025, 2514, 0, 0, 21, 24, 41, 77, 147, 198, 298, 381, 562, 67, 0, 0
15:50:44, 1022.30, 29.29, 29.09, 29.195, 699, 1200, 1883, 2548, 3245, 3553, 4425, 5094, 10170, 2562, 0, 0, 22, 26, 43, 82, 156, 209, 311, 395, 590, 71, 0, 0
15:50:44, 1023.00, 29.30, 29.12, 29.195, 764, 1305, 2014, 2682, 3286, 3593, 4457, 5114, 9989, 2566, 0, 0, 22, 25, 43, 81, 152, 204, 306, 390, 575, 69, 0, 0
15:50:45, 1022.90, 29.30, 29.07, 29.203, 717, 1227, 1919, 2578, 3234, 3545, 4419, 5079, 9688, 2411, 0, 0, 22, 25, 42, 79, 150, 202, 302, 384, 567, 68, 0, 0
15:50:45, 1022.10, 29.30, 29.07, 29.203, 729, 1250, 1943, 2601, 3268, 3583, 4454, 5120, 9791, 2447, 0, 0, 22, 25, 42, 79, 150, 201, 301, 383, 567, 68, 0, 0
15:50:46, 1022.10, 29.31, 29.05, 29.195, 721, 1230, 1895, 2520, 3225, 3534, 4397, 5055, 9421, 2347, 0, 0, 21, 24, 41, 77, 149, 201, 301, 384, 560, 67, 0, 0
15:50:47, 1022.40, 29.31, 29.07, 29.203, 836, 1442, 2189, 2871, 3561, 3864, 4809, 5468, 10888, 2791, 0, 0, 22, 25, 42, 79, 153, 206, 307, 390, 569, 69, 0, 0
15:50:47, 1022.60, 29.31, 29.07, 29.203, 753, 1298, 2005, 2673, 3315, 3610, 4520, 5165, 9321, 2305, 0, 0, 22, 25, 42, 79, 150, 202, 302, 384, 561, 68, 0, 0
15:50:48, 1022.00, 29.32, 29.05, 29.195, 781, 1352, 2079, 2771, 3362, 3652, 4569, 5221, 9145, 2226, 0, 0, 22, 25, 43, 81, 155, 208, 309, 393, 579, 71, 0, 0
15:50:49, 1022.10, 29.32, 29.05, 29.195, 799, 1380, 2103, 2796, 3350, 3642, 4535, 5197, 8873, 2161, 0, 0, 23, 26, 44, 83, 157, 211, 314, 399, 590, 72, 0, 0
15:50:49, 1022.00, 29.32, 29.07, 29.203, 800, 1379, 2108, 2808, 3358, 3645, 4560, 5200, 8813, 2136, 0, 0, 22, 25, 43, 81, 153, 205, 305, 387, 573, 70, 0, 0
15:50:50, 1022.40, 29.33, 29.07, 29.195, 791, 1365, 2091, 2789, 3285, 3575, 4470, 5115, 8436, 2021, 0, 0, 22, 25, 42, 80, 150, 201, 301, 381, 563, 69, 0, 0
15:50:51, 1022.10, 29.33, 29.07, 29.195, 765, 1315, 2017, 2692, 3160, 3440, 4288, 4937, 7662, 1816, 0, 0, 22, 25, 42, 80, 152, 204, 303, 385, 568, 69, 0, 0
15:50:51, 1022.20, 29.33, 29.09, 29.195, 760, 1311, 2008, 2672, 3235, 3513, 4377, 5016, 7731, 1837, 0, 0, 23, 26, 44, 82, 152, 203, 302, 383, 568, 70, 0, 0
15:50:52, 1022.70, 29.33, 29.09, 29.203, 759, 1310, 2002, 2678, 3177, 3458, 4309, 4966, 7282, 1682, 0, 0, 22, 25, 43, 81, 152, 204, 303, 385, 569, 70, 0, 0
15:50:53, 1021.70, 29.33, 29.09, 29.203, 783, 1349, 2053, 2738, 3264, 3556, 4399, 5074, 7520, 1744, 0, 0, 23, 26, 44, 82, 154, 206, 305, 387, 575, 71, 0, 0
15:50:53, 1021.80, 29.33, 29.07, 29.203, 798, 1369, 2079, 2753, 3255, 3553, 4380, 5074, 7476, 1725, 0, 0, 23, 26, 44, 82, 154, 206, 305, 387, 574, 70, 0, 0
15:50:54, 1022.10, 29.34, 29.07, 29.203, 792, 1355, 2065, 2733, 3197, 3492, 4311, 4994, 7162, 1645, 0, 0, 22, 25, 43, 81, 151, 203, 302, 383, 567, 69, 0, 0
15:50:55, 1023.50, 29.34, 29.09, 29.203, 739, 1267, 1949, 2618, 3117, 3421, 4238, 4916, 6965, 1540, 0, 0, 22, 24, 41, 77, 145, 195, 292, 371, 546, 66, 0, 0
15:50:55, 1023.70, 29.34, 29.09, 29.203, 686, 1181, 1838, 2512, 3062, 3374, 4196, 4879, 6814, 1454, 0, 0, 21, 23, 40, 75, 142, 193, 288, 367, 540, 66, 0, 0
15:50:56, 1022.60, 29.35, 29.09, 29.203, 698, 1196, 1856, 2522, 3154, 3470, 4298, 4995, 7131, 1539, 0, 0, 22, 24, 41, 78, 149, 200, 298, 378, 561, 69, 0, 0
15:50:57, 1023.40, 29.35, 29.11, 29.203, 747, 1275, 1957, 2623, 3239, 3563, 4396, 5105, 7475, 1638, 0, 0, 22, 24, 41, 78, 147, 199, 297, 377, 555, 67, 0, 0
15:50:57, 1023.70, 29.36, 29.09, 29.195, 679, 1148, 1801, 2455, 3184, 3509, 4346, 5071, 7499, 1605, 0, 0, 21, 24, 40, 76, 145, 195, 292, 371, 545, 66, 0, 0
15:50:58, 1023.10, 29.36, 29.09, 29.203, 711, 1215, 1889, 2556, 3245, 3581, 4427, 5142, 7825, 1702, 0, 0, 21, 24, 41, 77, 146, 197, 293, 373, 546, 67, 0, 0
15:50:59, 1023.80, 29.36, 29.07, 29.203, 718, 1232, 1903, 2571, 3280, 3610, 4471, 5175, 8017, 1762, 0, 0, 21, 24, 40, 76, 144, 195, 291, 371, 539, 66, 0, 0
15:50:59, 1024.00, 29.36, 29.05, 29.203, 707, 1211, 1890, 2580, 3273, 3613, 4483, 5198, 8157, 1763, 0, 0, 21, 24, 40, 76, 145, 197, 293, 374, 542, 66, 0, 0
15:51:00, 1025.70, 29.36, 29.09, 29.211, 703, 1203, 1888, 2585, 3262, 3610, 4490, 5207, 8263, 1764, 0, 0, 21, 23, 39, 75, 141, 192, 288, 368, 531, 64, 0, 0
15:51:01, 1028.80, 29.37, 29.11, 29.211, 581, 980, 1588, 2260, 2871, 3236, 4077, 4780, 7235, 1419, 0, 0, 19, 20, 33, 64, 126, 175, 267, 345, 483, 56, 0, 0
15:51:01, 1026.80, 29.37, 29.05, 29.195, 525, 877, 1448, 2109, 2862, 3226, 4071, 4760, 7475, 1457, 0, 0, 19, 21, 35, 67, 134, 184, 277, 357, 504, 60, 0, 0
15:51:02, 1032.30, 29.37, 29.05, 29.203, 562, 948, 1547, 2212, 2804, 3165, 4033, 4683, 7499, 1453, 0, 0, 18, 19, 30, 59, 115, 163, 253, 330, 445, 51, 0, 0
15:51:03, 1038.60, 29.38, 29.07, 29.203, 388, 618, 1060, 1646, 2255, 2626, 3436, 4046, 6006, 1031, 0, 0, 14, 15, 22, 44, 92, 134, 215, 286, 369, 40, 0, 0
15:51:03, 1041.30, 29.38, 29.07, 29.203, 289, 426, 745, 1242, 1807, 2174, 2922, 3506, 4735, 720, 0, 0, 12, 12, 18, 36, 81, 121, 198, 266, 333, 36, 0, 0
15:51:04, 1041.00, 29.39, 29.05, 29.203, 274, 396, 693, 1176, 1708, 2060, 2758, 3338, 4164, 627, 0, 0, 13, 13, 18, 37, 83, 124, 201, 269, 341, 37, 0, 0
15:51:05, 1049.00, 29.39, 29.11, 29.211, 254, 358, 625, 1076, 1437, 1763, 2402, 2949, 3120, 437, 0, 0, 11, 11, 15, 30, 68, 105, 176, 241, 293, 31, 0, 0
15:51:05, 1058.20, 29.40, 29.07, 29.203, 177, 217, 362, 674, 1050, 1363, 1911, 2440, 2223, 266, 0, 0, 9, 9, 11, 22, 52, 83, 146, 205, 242, 25, 0, 0
15:51:06, 1065.70, 29.40, 29.09, 29.203, 143, 161, 256, 497, 862, 1165, 1670, 2189, 2001, 222, 0, 0, 8, 7, 9, 17, 43, 70, 127, 183, 210, 21, 0, 0
15:51:07, 1074.30, 29.41, 29.09, 29.211, 113, 120, 180, 354, 651, 917, 1360, 1826, 1626, 176, 0, 0, 7, 6, 7, 13, 33, 57, 108, 159, 178, 17, 0, 0
15:51:07, 1079.00, 29.41, 29.09, 29.211, 96, 98, 142, 278, 568, 824, 1256, 1710, 1773, 188, 0, 0, 6, 5, 6, 11, 30, 53, 101, 150, 171, 16, 0, 0
15:51:08, 1088.90, 29.42, 29.11, 29.211, 85, 86, 119, 231, 462, 694, 1090, 1521, 1693, 178, 0, 0, 5, 4, 5, 8, 23, 42, 83, 127, 142, 13, 0, 0
15:51:09, 1097.90, 29.42, 29.11, 29.203, 70, 70, 93, 176, 392, 608, 984, 1409, 1770, 183, 0, 0, 4, 4, 4, 7, 19, 35, 73, 113, 128, 12, 0, 0
15:51:09, 1108.60, 29.42, 29.05, 29.211, 54, 55, 68, 124, 286, 465, 788, 1165, 1479, 148, 0, 0, 3, 3, 3, 5, 14, 26, 58, 92, 101, 9, 0, 0
15:51:10, 1113.00, 29.43, 29.11, 29.211, 43, 44, 52, 92, 221, 369, 648, 973, 1276, 124, 0, 0, 3, 2, 2, 4, 12, 23, 52, 85, 91, 8, 0, 0
15:51:11, 1124.50, 29.43, 29.09, 29.203, 37, 37, 44, 76, 185, 316, 565, 871, 1070, 104, 0, 0, 2, 2, 2, 3, 9, 18, 43, 72, 75, 6, 0, 0
15:51:11, 1137.00, 29.44, 29.09, 29.211, 29, 29, 33, 53, 138, 246, 464, 731, 861, 81, 0, 0, 2, 1, 1, 2, 6, 13, 33, 56, 56, 5, 0, 0
15:51:12, 1145.20, 29.44, 29.07, 29.211, 22, 22, 25, 38, 100, 185, 368, 597, 689, 63, 0, 0, 1, 1, 1, 1, 5, 10, 26, 47, 46, 4, 0, 0
15:51:13, 1151.80, 29.44, 29.09, 29.211, 19, 19, 21, 31, 85, 160, 325, 536, 634, 58, 0, 0, 1, 1, 1, 1, 4, 9, 24, 43, 42, 3, 0, 0
15:51:13, 1164.40, 29.44, 29.09, 29.219, 15, 15, 17, 23, 62, 119, 253, 431, 523, 48, 0, 0, 1, 0, 0, 1, 3, 6, 18, 34, 33, 2, 0, 0
15:51:14, 1176.70, 29.44, 29.07, 29.219, 12, 12, 13, 18, 47, 93, 206, 358, 436, 40, 0, 0, 1, 0, 0, 1, 2, 5, 15, 29, 27, 2, 0, 0
15:51:15, 1180.90, 29.45, 29.07, 29.211, 9, 10, 10, 12, 36, 74, 172, 304, 357, 32, 0, 0, 0, 0, 0, 0, 2, 4, 13, 26, 24, 2, 0, 0
15:51:15, 1182.90, 29.45, 29.07, 29.219, 8, 9, 10, 12, 35, 72, 170, 300, 341, 30, 0, 0, 0, 0, 0, 0, 2, 4, 13, 25, 24, 1, 0, 0
15:51:16, 1187.90, 29.45, 29.07, 29.219, 8, 8, 9, 11, 30, 62, 146, 264, 324, 29, 0, 0, 0, 0, 0, 0, 1, 3, 11, 23, 21, 1, 0, 0
15:51:17, 1198.10, 29.45, 29.11, 29.211, 7, 7, 8, 10, 25, 52, 125, 231, 295, 27, 0, 0, 0, 0, 0, 0, 1, 3, 10, 20, 18, 1, 0, 0
15:51:17, 1213.80, 29.45, 29.11, 29.219, 5, 6, 6, 8, 18, 39, 102, 191, 215, 19, 0, 0, 0, 0, 0, 0, 1, 2, 7, 15, 13, 1, 0, 0
15:51:18, 1226.30, 29.45, 29.07, 29.219, 4, 4, 5, 6, 14, 30, 80, 154, 173, 15, 0, 0, 0, 0, 0, 0, 0, 1, 6, 13, 11, 0, 0, 0
15:51:19, 1233.00, 29.45, 29.09, 29.211, 3, 3, 4, 4, 10, 22, 63, 125, 132, 11, 0, 0, 0, 0, 0, 0, 0, 1, 4, 11, 9, 0, 0, 0
15:51:19, 1239.80, 29.45, 29.01, 29.211, 3, 3, 3, 4, 8, 19, 54, 110, 115, 10, 0, 0, 0, 0, 0, 0, 0, 1, 4, 10, 8, 0, 0, 0
15:51:20, 1251.80, 29.45, 29.07, 29.211, 2, 2, 3, 2, 6, 14, 43, 89, 89, 8, 0, 0, 0, 0, 0, 0, 0, 0, 3, 7, 6, 0, 0, 0
15:51:21, 1263.70, 29.45, 29.07, 29.203, 1, 2, 2, 2, 5, 11, 34, 72, 68, 6, 0, 0, 0, 0, 0, 0, 0, 0, 2, 6, 4, 0, 0, 0
15:51:21, 1271.70, 29.45, 29.07, 29.203, 1, 1, 2, 2, 3, 8, 26, 55, 52, 5, 0, 0, 0, 0, 0, 0, 0, 0, 1, 5, 4, 0, 0, 0
15:51:22, 1281.80, 29.46, 29.09, 29.195, 1, 1, 2, 2, 3, 6, 22, 48, 45, 4, 0, 0, 0, 0, 0, 0, 0, 0, 1, 4, 3, 0, 0, 0
15:51:23, 1290.60, 29.45, 29.07, 29.195, 0, 1, 1, 1, 2, 5, 18, 40, 34, 3, 0, 0, 0, 0, 0, 0, 0, 0, 1, 3, 2, 0, 0, 0
15:51:23, 1300.20, 29.45, 29.09, 29.195, 0, 0, 1, 1, 1, 4, 15, 34, 28, 2, 0, 0, 0, 0, 0, 0, 0, 0, 0, 3, 2, 0, 0, 0
15:51:24, 1303.90, 29.45, 29.11, 29.187, 0, 0, 1, 1, 1, 3, 13, 30, 23, 2, 0, 0, 0, 0, 0, 0, 0, 0, 0, 3, 1, 0, 0, 0
15:51:25, 1312.40, 29.45, 29.07, 29.195, 0, 0, 1, 1, 1, 3, 11, 27, 20, 2, 0, 0, 0, 0, 0, 0, 0, 0, 0, 2, 1, 0, 0, 0
15:51:25, 1325.10, 29.46, 29.09, 29.195, 0, 0, 1, 1, 1, 2, 9, 22, 15, 1, 0, 0, 0, 0, 0, 0, 0, 0, 0, 1, 1, 0, 0, 0
15:51:26, 1335.60, 29.45, 29.12, 29.195, 0, 0, 1, 0, 0, 1, 7, 17, 10, 1, 0, 0, 0, 0, 0, 0, 0, 0, 0, 1, 1, 0, 0, 0
15:51:27, 1339.10, 29.46, 29.07, 29.195, 0, 0, 1, 1, 0, 1, 6, 15, 9, 1, 0, 0, 0, 0, 0, 0, 0, 0, 0, 1, 0, 0, 0, 0
15:51:27, 1346.30, 29.46, 29.07, 29.195, 0, 0, 1, 1, 0, 1, 6, 13, 8, 1, 0, 0, 0, 0, 0, 0, 0, 0, 0, 1, 0, 0, 0, 0
15:51:28, 1352.40, 29.46, 29.05, 29.187, 0, 0, 1, 1, 0, 1, 5, 13, 7, 1, 0, 0, 0, 0, 0, 0, 0, 0, 0, 1, 0, 0, 0, 0
15:51:29, 1361.00, 29.46, 29.07, 29.195, 0, 0, 1, 1, 0, 0, 4, 11, 6, 1, 0, 0, 0, 0, 0, 0, 0, 0, 0, 0, 0, 0, 0, 0
15:51:29, 1364.10, 29.46, 29.07, 29.195, 0, 0, 0, 1, 0, 0, 4, 10, 6, 1, 0, 0, 0, 0, 0, 0, 0, 0, 0, 1, 0, 0, 0, 0
15:51:30, 1372.70, 29.46, 29.07, 29.187, 0, 0, 0, 0, 0, 0, 4, 10, 6, 1, 0, 0, 0, 0, 0, 0, 0, 0, 0, 0, 0, 0, 0, 0
15:51:31, 1383.20, 29.46, 29.07, 29.187, 0, 0, 0, 1, 0, 0, 3, 8, 5, 1, 0, 0, 0, 0, 0, 0, 0, 0, 0, 0, 0, 0, 0, 0
15:51:31, 1393.10, 29.46, 29.11, 29.187, 0, 0, 0, 1, 0, 0, 3, 7, 5, 0, 0, 0, 0, 0, 0, 0, 0, 0, 0, 0, 0, 0, 0, 0
15:51:32, 1401.40, 29.46, 29.09, 29.187, 0, 0, 0, 0, 0, 0, 2, 6, 4, 0, 0, 0, 0, 0, 0, 0, 0, 0, 0, 0, 0, 0, 0, 0
15:51:33, 1413.50, 29.46, 29.07, 29.195, 0, 0, 0, 0, 0, 0, 2, 4, 4, 0, 0, 0, 0, 0, 0, 0, 0, 0, 0, 0, 0, 0, 0, 0
15:51:33, 1423.70, 29.46, 29.09, 29.195, 0, 0, 0, 0, 0, 0, 1, 4, 3, 0, 0, 0, 0, 0, 0, 0, 0, 0, 0, 0, 0, 0, 0, 0
15:51:34, 1430.80, 29.46, 29.12, 29.195, 0, 0, 0, 0, 0, 0, 1, 3, 3, 0, 0, 0, 0, 0, 0, 0, 0, 0, 0, 0, 0, 0, 0, 0
15:51:35, 1443.00, 29.46, 29.05, 29.187, 0, 0, 0, 0, 0, 0, 1, 3, 2, 0, 0, 0, 0, 0, 0, 0, 0, 0, 0, 0, 0, 0, 0, 0
15:51:35, 1454.20, 29.46, 29.07, 29.187, 0, 0, 0, 0, 0, 0, 1, 2, 2, 0, 0, 0, 0, 0, 0, 0, 0, 0, 0, 0, 0, 0, 0, 0
15:51:36, 1460.40, 29.46, 29.09, 29.187, 0, 0, 0, 0, 0, 0, 1, 2, 2, 0, 0, 0, 0, 0, 0, 0, 0, 0, 0, 0, 0, 0, 0, 0
15:51:37, 1469.30, 29.46, 29.12, 29.187, 0, 0, 0, 0, 0, 0, 1, 2, 1, 0, 0, 0, 0, 0, 0, 0, 0, 0, 0, 0, 0, 0, 0, 0
15:51:37, 1481.10, 29.46, 29.11, 29.187, 0, 0, 0, 0, 0, 0, 1, 2, 1, 0, 0, 0, 0, 0, 0, 0, 0, 0, 0, 0, 0, 0, 0, 0
15:51:38, 1486.60, 29.46, 29.09, 29.187, 0, 0, 0, 0, 0, 0, 1, 0, 1, 0, 0, 0, 0, 0, 0, 0, 0, 0, 0, 0, 0, 0, 0, 0
15:51:38, 1495.60, 29.46, 29.09, 29.187, 0, 0, 0, 0, 0, 0, 1, 1, 1, 0, 0, 0, 0, 0, 0, 0, 0, 0, 0, 0, 0, 0, 0, 0
15:51:39, 1504.40, 29.46, 29.09, 29.195, 0, 0, 0, 0, 0, 0, 0, 0, 1, 0, 0, 0, 0, 0, 0, 0, 0, 0, 0, 0, 0, 0, 0, 0
15:51:40, 1510.80, 29.46, 29.07, 29.195, 0, 0, 0, 0, 0, 0, 0, 1, 1, 0, 0, 0, 0, 0, 0, 0, 0, 0, 0, 0, 0, 0, 0, 0
15:51:40, 1518.40, 29.46, 29.11, 29.195, 0, 0, 0, 0, 0, 0, 0, 1, 1, 0, 0, 0, 0, 0, 0, 0, 0, 0, 0, 0, 0, 0, 0, 0
15:51:41, 1530.30, 29.45, 29.09, 29.187, 0, 0, 0, 0, 0, 0, 0, 1, 1, 0, 0, 0, 0, 0, 0, 0, 0, 0, 0, 0, 0, 0, 0, 0
15:51:42, 1540.10, 29.46, 29.07, 29.187, 0, 0, 0, 0, 0, 0, 0, 1, 0, 0, 0, 0, 0, 0, 0, 0, 0, 0, 0, 0, 0, 0, 0, 0
15:51:42, 1548.50, 29.46, 29.12, 29.187, 0, 0, 0, 0, 0, 0, 0, 1, 0, 0, 0, 0, 0, 0, 0, 0, 0, 0, 0, 0, 0, 0, 0, 0
15:51:43, 1561.20, 29.46, 29.07, 29.187, 0, 0, 0, 0, 0, 0, 0, 0, 0, 0, 0, 0, 0, 0, 0, 0, 0, 0, 0, 0, 0, 0, 0, 0
15:51:44, 1570.60, 29.46, 29.09, 29.187, 0, 0, 0, 0, 0, 0, 0, 1, 0, 0, 0, 0, 0, 0, 0, 0, 0, 0, 0, 0, 0, 0, 0, 0
15:51:44, 1581.60, 29.46, 29.09, 29.187, 0, 0, 0, 0, 0, 0, 0, 1, 0, 0, 0, 0, 0, 0, 0, 0, 0, 0, 0, 0, 0, 0, 0, 0
15:51:45, 1593.60, 29.46, 29.07, 29.187, 0, 0, 0, 0, 0, 0, 0, 1, 0, 0, 0, 0, 0, 0, 0, 0, 0, 0, 0, 0, 0, 0, 0, 0
15:51:46, 1603.80, 29.46, 29.11, 29.195, 0, 0, 0, 0, 0, 0, 0, 0, 0, 0, 0, 0, 0, 0, 0, 0, 0, 0, 0, 0, 0, 0, 0, 0
15:51:46, 1614.50, 29.46, 29.07, 29.195, 0, 0, 0, 0, 0, 0, 0, 0, 0, 0, 0, 0, 0, 0, 0, 0, 0, 0, 0, 0, 0, 0, 0, 0
15:51:47, 1623.20, 29.46, 29.12, 29.195, 0, 0, 0, 0, 0, 0, 0, 0, 0, 0, 0, 0, 0, 0, 0, 0, 0, 0, 0, 0, 0, 0, 0, 0
15:51:48, 1624.00, 29.46, 29.09, 29.195, 0, 0, 0, 0, 0, 0, 0, 0, 0, 0, 0, 0, 0, 0, 0, 0, 0, 0, 0, 0, 0, 0, 0, 0
15:51:48, 1626.00, 29.47, 29.09, 29.195, 0, 0, 0, 0, 0, 0, 0, 0, 0, 0, 0, 0, 0, 0, 0, 0, 0, 0, 0, 0, 0, 0, 0, 0
15:51:49, 1626.10, 29.47, 29.12, 29.187, 0, 0, 0, 0, 0, 0, 0, 0, 0, 0, 0, 0, 0, 0, 0, 0, 0, 0, 0, 0, 0, 0, 0, 0
15:51:50, 1626.40, 29.47, 29.05, 29.195, 0, 0, 0, 0, 0, 0, 0, 0, 0, 0, 0, 0, 0, 0, 0, 0, 0, 0, 0, 0, 0, 0, 0, 0
15:51:50, 1626.20, 29.47, 29.11, 29.195, 0, 0, 0, 0, 0, 0, 0, 0, 0, 0, 0, 0, 0, 0, 0, 0, 0, 0, 0, 0, 0, 0, 0, 0
15:51:51, 1626.20, 29.46, 29.09, 29.195, 0, 0, 0, 0, 0, 0, 0, 0, 0, 0, 0, 0, 0, 0, 0, 0, 0, 0, 0, 0, 0, 0, 0, 0
15:51:52, 1626.40, 29.46, 29.09, 29.187, 0, 0, 0, 0, 0, 0, 0, 0, 0, 0, 0, 0, 0, 0, 0, 0, 0, 0, 0, 0, 0, 0, 0, 0
15:51:52, 1626.30, 29.46, 29.09, 29.187, 0, 0, 0, 0, 0, 0, 0, 0, 0, 0, 0, 0, 0, 0, 0, 0, 0, 0, 0, 0, 0, 0, 0, 0
15:51:53, 1626.30, 29.46, 29.09, 29.187, 0, 0, 0, 0, 0, 0, 0, 0, 0, 0, 0, 0, 0, 0, 0, 0, 0, 0, 0, 0, 0, 0, 0, 0
15:51:54, 1626.50, 29.45, 29.09, 29.187, 0, 0, 0, 0, 0, 0, 0, 0, 0, 0, 0, 0, 0, 0, 0, 0, 0, 0, 0, 0, 0, 0, 0, 0
15:51:54, 1626.30, 29.45, 29.09, 29.187, 0, 0, 0, 0, 0, 0, 0, 0, 0, 0, 0, 0, 0, 0, 0, 0, 0, 0, 0, 0, 0, 0, 0, 0
15:51:55, 1626.60, 29.45, 29.05, 29.187, 0, 0, 0, 0, 0, 0, 0, 0, 0, 0, 0, 0, 0, 0, 0, 0, 0, 0, 0, 0, 0, 0, 0, 0
15:51:56, 1626.40, 29.45, 29.09, 29.187, 0, 0, 0, 0, 0, 0, 0, 0, 0, 0, 0, 0, 0, 0, 0, 0, 0, 0, 0, 0, 0, 0, 0, 0
15:51:56, 1626.40, 29.45, 29.11, 29.187, 0, 0, 0, 0, 0, 0, 0, 0, 0, 0, 0, 0, 0, 0, 0, 0, 0, 0, 0, 0, 0, 0, 0, 0
15:51:57, 1626.70, 29.45, 29.09, 29.195, 0, 0, 0, 0, 0, 0, 0, 0, 0, 0, 0, 0, 0, 0, 0, 0, 0, 0, 0, 0, 0, 0, 0, 0
15:51:58, 1626.50, 29.45, 29.09, 29.195, 0, 0, 0, 0, 0, 0, 0, 0, 0, 0, 0, 0, 0, 0, 0, 0, 0, 0, 0, 0, 0, 0, 0, 0
15:51:58, 1626.80, 29.46, 29.12, 29.195, 0, 0, 0, 0, 0, 0, 0, 0, 0, 0, 0, 0, 0, 0, 0, 0, 0, 0, 0, 0, 0, 0, 0, 0
15:51:59, 1626.80, 29.46, 29.09, 29.187, 0, 0, 0, 0, 0, 0, 0, 0, 0, 0, 0, 0, 0, 0, 0, 0, 0, 0, 0, 0, 0, 0, 0, 0
15:52:00, 1626.90, 29.46, 29.11, 29.187, 0, 0, 0, 0, 0, 0, 0, 0, 0, 0, 0, 0, 0, 0, 0, 0, 0, 0, 0, 0, 0, 0, 0, 0
15:52:00, 1627.10, 29.46, 29.09, 29.187, 0, 0, 0, 0, 0, 0, 0, 0, 0, 0, 0, 0, 0, 0, 0, 0, 0, 0, 0, 0, 0, 0, 0, 0
15:52:01, 1626.80, 29.46, 29.11, 29.187, 0, 0, 0, 0, 0, 0, 0, 0, 0, 0, 0, 0, 0, 0, 0, 0, 0, 0, 0, 0, 0, 0, 0, 0
15:52:02, 1626.80, 29.46, 29.07, 29.187, 0, 0, 0, 0, 0, 0, 0, 0, 0, 0, 0, 0, 0, 0, 0, 0, 0, 0, 0, 0, 0, 0, 0, 0
15:52:02, 1626.80, 29.45, 29.07, 29.187, 0, 0, 0, 0, 0, 0, 0, 0, 0, 0, 0, 0, 0, 0, 0, 0, 0, 0, 0, 0, 0, 0, 0, 0
15:52:03, 1626.60, 29.45, 29.12, 29.203, 0, 0, 0, 0, 0, 0, 0, 0, 0, 0, 0, 0, 0, 0, 0, 0, 0, 0, 0, 0, 0, 0, 0, 0
15:52:04, 1627.10, 29.45, 29.09, 29.203, 0, 0, 0, 0, 0, 0, 0, 0, 0, 0, 0, 0, 0, 0, 0, 0, 0, 0, 0, 0, 0, 0, 0, 0
15:52:04, 1626.80, 29.45, 29.07, 29.195, 0, 0, 0, 0, 0, 0, 0, 0, 0, 0, 0, 0, 0, 0, 0, 0, 0, 0, 0, 0, 0, 0, 0, 0
15:52:05, 1626.60, 29.45, 29.11, 29.195, 0, 0, 0, 0, 0, 0, 0, 0, 0, 0, 0, 0, 0, 0, 0, 0, 0, 0, 0, 0, 0, 0, 0, 0
15:52:06, 1626.90, 29.44, 29.09, 29.195, 0, 0, 0, 0, 0, 0, 0, 0, 0, 0, 0, 0, 0, 0, 0, 0, 0, 0, 0, 0, 0, 0, 0, 0
15:52:06, 1627.00, 29.44, 29.07, 29.187, 0, 0, 0, 0, 0, 0, 0, 0, 0, 0, 0, 0, 0, 0, 0, 0, 0, 0, 0, 0, 0, 0, 0, 0
15:52:07, 1626.40, 29.44, 29.07, 29.195, 0, 0, 0, 0, 0, 0, 0, 0, 0, 0, 0, 0, 0, 0, 0, 0, 0, 0, 0, 0, 0, 0, 0, 0
15:52:08, 1626.10, 29.44, 29.09, 29.195, 0, 0, 0, 0, 0, 0, 0, 0, 0, 0, 0, 0, 0, 0, 0, 0, 0, 0, 0, 0, 0, 0, 0, 0
15:52:08, 1626.30, 29.44, 29.11, 29.187, 0, 0, 0, 0, 0, 0, 0, 0, 0, 0, 0, 0, 0, 0, 0, 0, 0, 0, 0, 0, 0, 0, 0, 0
15:52:09, 1626.10, 29.45, 29.09, 29.195, 0, 0, 0, 0, 0, 0, 0, 0, 0, 0, 0, 0, 0, 0, 0, 0, 0, 0, 0, 0, 0, 0, 0, 0
15:52:10, 1626.00, 29.45, 29.12, 29.195, 0, 0, 0, 0, 0, 0, 0, 0, 0, 0, 0, 0, 0, 0, 0, 0, 0, 0, 0, 0, 0, 0, 0, 0
15:52:10, 1626.00, 29.46, 29.07, 29.187, 0, 0, 0, 0, 0, 0, 0, 0, 0, 0, 0, 0, 0, 0, 0, 0, 0, 0, 0, 0, 0, 0, 0, 0
15:52:11, 1626.20, 29.46, 29.09, 29.195, 0, 0, 0, 0, 0, 0, 0, 0, 0, 0, 0, 0, 0, 0, 0, 0, 0, 0, 0, 0, 0, 0, 0, 0
15:52:12, 1626.20, 29.46, 29.12, 29.195, 0, 0, 0, 0, 0, 0, 0, 0, 0, 0, 0, 0, 0, 0, 0, 0, 0, 0, 0, 0, 0, 0, 0, 0
15:52:12, 1626.00, 29.47, 29.09, 29.195, 0, 0, 0, 0, 0, 0, 0, 0, 0, 0, 0, 0, 0, 0, 0, 0, 0, 0, 0, 0, 0, 0, 0, 0
15:52:13, 1626.10, 29.47, 29.11, 29.195, 0, 0, 0, 0, 0, 0, 0, 0, 0, 0, 0, 0, 0, 0, 0, 0, 0, 0, 0, 0, 0, 0, 0, 0
15:52:14, 1626.20, 29.47, 29.09, 29.187, 0, 0, 0, 0, 0, 0, 0, 0, 0, 0, 0, 0, 0, 0, 0, 0, 0, 0, 0, 0, 0, 0, 0, 0
15:52:14, 1626.00, 29.48, 29.03, 29.195, 0, 0, 0, 0, 0, 0, 0, 0, 0, 0, 0, 0, 0, 0, 0, 0, 0, 0, 0, 0, 0, 0, 0, 0
15:52:15, 1626.10, 29.48, 29.07, 29.195, 0, 0, 0, 0, 0, 0, 0, 0, 0, 0, 0, 0, 0, 0, 0, 0, 0, 0, 0, 0, 0, 0, 0, 0
15:52:16, 1626.20, 29.48, 29.09, 29.187, 0, 0, 0, 0, 0, 0, 0, 0, 0, 0, 0, 0, 0, 0, 0, 0, 0, 0, 0, 0, 0, 0, 0, 0
15:52:16, 1626.30, 29.48, 29.09, 29.195, 0, 0, 0, 0, 0, 0, 0, 0, 0, 0, 0, 0, 0, 0, 0, 0, 0, 0, 0, 0, 0, 0, 0, 0
15:52:17, 1624.70, 29.48, 29.09, 29.195, 0, 0, 0, 0, 0, 0, 0, 0, 0, 0, 0, 0, 0, 0, 0, 0, 0, 0, 0, 0, 0, 0, 0, 0
15:52:18, 1623.30, 29.49, 29.09, 29.187, 0, 0, 0, 0, 0, 0, 0, 0, 0, 0, 0, 0, 0, 0, 0, 0, 0, 0, 0, 0, 0, 0, 0, 0
15:52:18, 1622.50, 29.49, 29.07, 29.195, 0, 0, 0, 0, 0, 0, 0, 0, 0, 0, 0, 0, 0, 0, 0, 0, 0, 0, 0, 0, 0, 0, 0, 0
15:52:19, 1621.20, 29.49, 29.12, 29.195, 0, 0, 0, 0, 0, 0, 0, 0, 0, 0, 0, 0, 0, 0, 0, 0, 0, 0, 0, 0, 0, 0, 0, 0
15:52:20, 1620.50, 29.49, 29.09, 29.195, 0, 0, 0, 0, 0, 0, 0, 0, 0, 0, 0, 0, 0, 0, 0, 0, 0, 0, 0, 0, 0, 0, 0, 0
15:52:20, 1620.10, 29.49, 29.09, 29.203, 0, 0, 0, 0, 0, 0, 0, 0, 0, 0, 0, 0, 0, 0, 0, 0, 0, 0, 0, 0, 0, 0, 0, 0
15:52:21, 1620.00, 29.49, 29.09, 29.203, 0, 0, 0, 0, 0, 0, 0, 0, 0, 0, 0, 0, 0, 0, 0, 0, 0, 0, 0, 1, 0, 0, 0, 0
15:52:22, 1620.20, 29.49, 29.11, 29.195, 0, 0, 0, 0, 0, 0, 0, 0, 0, 0, 0, 0, 0, 0, 0, 0, 0, 0, 0, 1, 0, 0, 0, 0
15:52:22, 1618.80, 29.49, 29.11, 29.195, 0, 0, 0, 0, 0, 0, 0, 0, 0, 0, 0, 0, 0, 0, 0, 0, 0, 0, 0, 1, 0, 0, 0, 0
15:52:23, 1618.50, 29.49, 29.07, 29.195, 0, 0, 0, 0, 0, 0, 0, 0, 0, 0, 0, 0, 0, 0, 0, 0, 0, 0, 0, 1, 0, 0, 0, 0
15:52:24, 1618.80, 29.49, 29.11, 29.187, 0, 0, 0, 0, 0, 0, 0, 0, 0, 0, 0, 0, 0, 0, 0, 0, 0, 0, 0, 1, 0, 0, 0, 0
15:52:24, 1618.50, 29.50, 29.12, 29.195, 0, 0, 0, 0, 0, 0, 0, 0, 0, 0, 0, 0, 0, 0, 0, 0, 0, 0, 0, 1, 0, 0, 0, 0
15:52:25, 1618.80, 29.50, 29.12, 29.195, 0, 0, 0, 0, 0, 0, 0, 0, 0, 0, 0, 0, 0, 0, 0, 0, 0, 0, 0, 1, 0, 0, 0, 0
15:52:26, 1618.50, 29.50, 29.11, 29.187, 0, 0, 0, 0, 0, 0, 0, 0, 0, 0, 0, 0, 0, 0, 0, 0, 0, 0, 0, 1, 0, 0, 0, 0
15:52:26, 1618.30, 29.50, 29.09, 29.195, 0, 0, 0, 0, 0, 0, 0, 0, 0, 0, 0, 0, 0, 0, 0, 0, 0, 0, 0, 1, 0, 0, 0, 0
15:52:27, 1618.40, 29.50, 29.12, 29.195, 0, 0, 0, 0, 0, 0, 0, 0, 0, 0, 0, 0, 0, 0, 0, 0, 0, 0, 0, 1, 1, 0, 0, 0
15:52:28, 1618.40, 29.51, 29.11, 29.195, 0, 0, 0, 0, 0, 0, 0, 0, 0, 0, 0, 0, 0, 0, 0, 0, 0, 0, 0, 1, 0, 0, 0, 0
15:52:28, 1618.10, 29.51, 29.07, 29.195, 0, 0, 0, 0, 0, 0, 0, 0, 0, 0, 0, 0, 0, 0, 0, 0, 0, 0, 0, 1, 0, 0, 0, 0
15:52:29, 1618.10, 29.51, 29.11, 29.195, 0, 0, 0, 0, 0, 0, 0, 0, 0, 0, 0, 0, 0, 0, 0, 0, 0, 0, 0, 1, 0, 0, 0, 0
15:52:30, 1617.80, 29.51, 29.09, 29.195, 0, 0, 0, 0, 0, 0, 0, 0, 0, 0, 0, 0, 0, 0, 0, 0, 0, 0, 0, 1, 0, 0, 0, 0
15:52:30, 1617.30, 29.51, 29.11, 29.195, 0, 0, 0, 0, 0, 0, 0, 0, 0, 0, 0, 0, 0, 0, 0, 0, 0, 0, 0, 1, 0, 0, 0, 0
15:52:31, 1617.40, 29.51, 29.09, 29.195, 0, 0, 0, 0, 0, 0, 0, 0, 0, 0, 0, 0, 0, 0, 0, 0, 0, 0, 0, 1, 0, 0, 0, 0
15:52:32, 1617.30, 29.51, 29.11, 29.195, 0, 0, 0, 0, 0, 0, 0, 0, 0, 0, 0, 0, 0, 0, 0, 0, 0, 0, 0, 1, 0, 0, 0, 0
15:52:32, 1617.30, 29.50, 29.11, 29.195, 0, 0, 0, 0, 0, 0, 0, 0, 0, 0, 0, 0, 0, 0, 0, 0, 0, 0, 0, 1, 0, 0, 0, 0
15:52:33, 1616.80, 29.50, 29.07, 29.195, 0, 0, 0, 0, 0, 0, 0, 0, 0, 0, 0, 0, 0, 0, 0, 0, 0, 0, 0, 1, 0, 0, 0, 0
15:52:34, 1616.70, 29.50, 29.12, 29.187, 0, 0, 0, 0, 0, 0, 0, 0, 0, 0, 0, 0, 0, 0, 0, 0, 0, 0, 0, 1, 0, 0, 0, 0
15:52:34, 1616.70, 29.50, 29.12, 29.187, 0, 0, 0, 0, 0, 0, 0, 0, 0, 0, 0, 0, 0, 0, 0, 0, 0, 0, 0, 1, 0, 0, 0, 0
15:52:35, 1616.20, 29.51, 29.12, 29.187, 0, 0, 0, 0, 0, 0, 0, 0, 0, 0, 0, 0, 0, 0, 0, 0, 0, 0, 0, 1, 0, 0, 0, 0
15:52:36, 1616.30, 29.51, 29.09, 29.195, 0, 0, 0, 0, 0, 0, 0, 0, 0, 0, 0, 0, 0, 0, 0, 0, 0, 0, 0, 1, 0, 0, 0, 0
15:52:36, 1616.50, 29.51, 29.14, 29.195, 0, 0, 0, 0, 0, 0, 0, 0, 0, 0, 0, 0, 0, 0, 0, 0, 0, 0, 0, 1, 1, 0, 0, 0
15:52:37, 1616.40, 29.51, 29.07, 29.187, 0, 0, 0, 0, 0, 0, 0, 0, 0, 0, 0, 0, 0, 0, 0, 0, 0, 0, 0, 1, 1, 0, 0, 0
15:52:38, 1616.10, 29.51, 29.09, 29.195, 0, 0, 0, 0, 0, 0, 0, 0, 0, 0, 0, 0, 0, 0, 0, 0, 0, 0, 0, 1, 1, 0, 0, 0
15:52:38, 1616.10, 29.51, 29.11, 29.195, 0, 0, 0, 0, 0, 0, 0, 0, 0, 0, 0, 0, 0, 0, 0, 0, 0, 0, 0, 1, 0, 0, 0, 0
15:52:39, 1616.00, 29.51, 29.09, 29.195, 0, 0, 0, 0, 0, 0, 0, 0, 0, 0, 0, 0, 0, 0, 0, 0, 0, 0, 0, 1, 0, 0, 0, 0
15:52:40, 1616.10, 29.51, 29.11, 29.195, 0, 0, 0, 0, 0, 0, 0, 0, 0, 0, 0, 0, 0, 0, 0, 0, 0, 0, 0, 1, 0, 0, 0, 0
15:52:40, 1615.80, 29.51, 29.12, 29.195, 0, 0, 0, 0, 0, 0, 0, 0, 0, 0, 0, 0, 0, 0, 0, 0, 0, 0, 0, 1, 0, 0, 0, 0
15:52:41, 1615.80, 29.51, 29.11, 29.195, 0, 0, 0, 0, 0, 0, 0, 0, 0, 0, 0, 0, 0, 0, 0, 0, 0, 0, 0, 1, 0, 0, 0, 0
15:52:42, 1615.20, 29.51, 29.12, 29.195, 0, 0, 0, 0, 0, 0, 0, 0, 0, 0, 0, 0, 0, 0, 0, 0, 0, 0, 0, 1, 0, 0, 0, 0
15:52:42, 1614.70, 29.51, 29.11, 29.195, 0, 0, 0, 0, 0, 0, 0, 0, 0, 0, 0, 0, 0, 0, 0, 0, 0, 0, 0, 1, 0, 0, 0, 0
15:52:43, 1614.90, 29.51, 29.11, 29.187, 0, 0, 0, 0, 0, 0, 0, 0, 0, 0, 0, 0, 0, 0, 0, 0, 0, 0, 0, 1, 0, 0, 0, 0
15:52:44, 1614.80, 29.51, 29.11, 29.203, 0, 0, 0, 0, 0, 0, 0, 0, 0, 0, 0, 0, 0, 0, 0, 0, 0, 0, 0, 1, 0, 0, 0, 0
15:52:44, 1614.90, 29.51, 29.07, 29.203, 0, 0, 0, 0, 0, 0, 0, 0, 0, 0, 0, 0, 0, 0, 0, 0, 0, 0, 0, 1, 0, 0, 0, 0
15:52:45, 1614.80, 29.51, 29.14, 29.187, 0, 0, 0, 0, 0, 0, 0, 0, 0, 0, 0, 0, 0, 0, 0, 0, 0, 0, 0, 1, 1, 0, 0, 0
15:52:45, 1614.80, 29.51, 29.12, 29.195, 0, 0, 0, 0, 0, 0, 0, 0, 0, 0, 0, 0, 0, 0, 0, 0, 0, 0, 0, 1, 0, 0, 0, 0
15:52:46, 1614.60, 29.51, 29.11, 29.195, 0, 0, 0, 0, 0, 0, 0, 0, 0, 0, 0, 0, 0, 0, 0, 0, 0, 0, 0, 1, 0, 0, 0, 0
15:52:47, 1614.20, 29.51, 29.09, 29.195, 0, 0, 0, 0, 0, 0, 0, 0, 0, 0, 0, 0, 0, 0, 0, 0, 0, 0, 0, 1, 0, 0, 0, 0
15:52:47, 1614.10, 29.52, 29.12, 29.195, 0, 0, 0, 0, 0, 0, 0, 0, 0, 0, 0, 0, 0, 0, 0, 0, 0, 0, 0, 1, 1, 0, 0, 0
15:52:48, 1613.80, 29.51, 29.16, 29.195, 0, 0, 0, 0, 0, 0, 0, 0, 0, 0, 0, 0, 0, 0, 0, 0, 0, 0, 0, 1, 0, 0, 0, 0
15:52:49, 1613.90, 29.51, 29.12, 29.203, 0, 0, 0, 0, 0, 0, 0, 0, 0, 0, 0, 0, 0, 0, 0, 0, 0, 0, 0, 1, 0, 0, 0, 0
15:52:49, 1613.60, 29.52, 29.09, 29.203, 0, 0, 0, 0, 0, 0, 0, 0, 0, 0, 0, 0, 0, 0, 0, 0, 0, 0, 0, 1, 0, 0, 0, 0
15:52:50, 1613.80, 29.52, 29.11, 29.187, 0, 0, 0, 0, 0, 0, 0, 0, 0, 0, 0, 0, 0, 0, 0, 0, 0, 0, 0, 1, 0, 0, 0, 0
15:52:51, 1613.40, 29.52, 29.12, 29.195, 0, 0, 0, 0, 0, 0, 0, 0, 0, 0, 0, 0, 0, 0, 0, 0, 0, 0, 0, 1, 1, 0, 0, 0
15:52:51, 1613.10, 29.52, 29.14, 29.195, 0, 0, 0, 0, 0, 0, 0, 0, 0, 0, 0, 0, 0, 0, 0, 0, 0, 0, 0, 1, 1, 0, 0, 0
15:52:52, 1613.20, 29.52, 29.09, 29.195, 0, 0, 0, 0, 0, 0, 0, 0, 0, 0, 0, 0, 0, 0, 0, 0, 0, 0, 0, 1, 1, 0, 0, 0
15:52:53, 1613.10, 29.52, 29.14, 29.203, 0, 0, 0, 0, 0, 0, 0, 0, 0, 0, 0, 0, 0, 0, 0, 0, 0, 0, 0, 1, 1, 0, 0, 0
15:52:53, 1612.70, 29.52, 29.12, 29.203, 0, 0, 0, 0, 0, 0, 0, 0, 0, 0, 0, 0, 0, 0, 0, 0, 0, 0, 0, 1, 1, 0, 0, 0
15:52:54, 1612.70, 29.52, 29.09, 29.187, 0, 0, 0, 0, 0, 0, 0, 0, 0, 0, 0, 0, 0, 0, 0, 0, 0, 0, 0, 1, 1, 0, 0, 0
15:52:55, 1612.60, 29.52, 29.11, 29.203, 0, 0, 0, 0, 0, 0, 0, 0, 0, 0, 0, 0, 0, 0, 0, 0, 0, 0, 0, 1, 0, 0, 0, 0
15:52:55, 1612.40, 29.52, 29.12, 29.203, 0, 0, 0, 0, 0, 0, 0, 0, 0, 0, 0, 0, 0, 0, 0, 0, 0, 0, 0, 1, 0, 0, 0, 0
15:52:56, 1612.00, 29.52, 29.12, 29.195, 0, 0, 0, 0, 0, 0, 0, 0, 0, 0, 0, 0, 0, 0, 0, 0, 0, 0, 0, 1, 0, 0, 0, 0
15:52:57, 1611.70, 29.52, 29.11, 29.195, 0, 0, 0, 0, 0, 0, 0, 0, 0, 0, 0, 0, 0, 0, 0, 0, 0, 0, 0, 1, 0, 0, 0, 0
15:52:57, 1611.50, 29.52, 29.14, 29.195, 0, 0, 0, 0, 0, 0, 0, 0, 0, 0, 0, 0, 0, 0, 0, 0, 0, 0, 0, 1, 0, 0, 0, 0
15:52:58, 1611.20, 29.52, 29.11, 29.195, 0, 0, 0, 0, 0, 0, 0, 0, 0, 0, 0, 0, 0, 0, 0, 0, 0, 0, 0, 1, 0, 0, 0, 0
15:52:59, 1611.60, 29.52, 29.11, 29.195, 0, 0, 0, 0, 0, 0, 0, 0, 0, 0, 0, 0, 0, 0, 0, 0, 0, 0, 0, 1, 0, 0, 0, 0
15:52:59, 1611.70, 29.52, 29.09, 29.195, 0, 0, 0, 0, 0, 0, 0, 0, 0, 0, 0, 0, 0, 0, 0, 0, 0, 0, 0, 1, 0, 0, 0, 0
15:53:00, 1611.30, 29.53, 29.14, 29.195, 0, 0, 0, 0, 0, 0, 0, 0, 0, 0, 0, 0, 0, 0, 0, 0, 0, 0, 0, 1, 0, 0, 0, 0
15:53:01, 1611.10, 29.53, 29.14, 29.195, 0, 0, 0, 0, 0, 0, 0, 0, 0, 0, 0, 0, 0, 0, 0, 0, 0, 0, 0, 1, 0, 0, 0, 0
15:53:01, 1611.00, 29.53, 29.14, 29.195, 0, 0, 0, 0, 0, 0, 0, 0, 0, 0, 0, 0, 0, 0, 0, 0, 0, 0, 0, 1, 0, 0, 0, 0
15:53:02, 1611.00, 29.53, 29.12, 29.195, 0, 0, 0, 0, 0, 0, 0, 0, 0, 0, 0, 0, 0, 0, 0, 0, 0, 0, 0, 1, 0, 0, 0, 0
15:53:03, 1611.60, 29.53, 29.14, 29.203, 0, 0, 0, 0, 0, 0, 0, 0, 0, 0, 0, 0, 0, 0, 0, 0, 0, 0, 0, 1, 0, 0, 0, 0
15:53:03, 1611.70, 29.53, 29.12, 29.203, 0, 0, 0, 0, 0, 0, 0, 0, 0, 0, 0, 0, 0, 0, 0, 0, 0, 0, 0, 1, 0, 0, 0, 0
15:53:04, 1611.40, 29.53, 29.11, 29.187, 0, 0, 0, 0, 0, 0, 0, 0, 0, 0, 0, 0, 0, 0, 0, 0, 0, 0, 0, 1, 0, 0, 0, 0
15:53:05, 1611.70, 29.53, 29.14, 29.187, 0, 0, 0, 0, 0, 0, 0, 0, 0, 0, 0, 0, 0, 0, 0, 0, 0, 0, 0, 1, 0, 0, 0, 0
15:53:05, 1611.90, 29.53, 29.14, 29.195, 0, 0, 0, 0, 0, 0, 0, 0, 0, 0, 0, 0, 0, 0, 0, 0, 0, 0, 0, 1, 0, 0, 0, 0
15:53:06, 1611.80, 29.53, 29.14, 29.195, 0, 0, 0, 0, 0, 0, 0, 0, 0, 0, 0, 0, 0, 0, 0, 0, 0, 0, 0, 1, 1, 0, 0, 0
15:53:07, 1611.70, 29.53, 29.09, 29.195, 0, 0, 0, 0, 0, 0, 0, 0, 0, 0, 0, 0, 0, 0, 0, 0, 0, 0, 0, 1, 0, 0, 0, 0
15:53:07, 1611.60, 29.53, 29.12, 29.195, 0, 0, 0, 0, 0, 0, 0, 0, 0, 0, 0, 0, 0, 0, 0, 0, 0, 0, 0, 1, 0, 0, 0, 0
15:53:08, 1611.30, 29.53, 29.12, 29.195, 0, 0, 0, 0, 0, 0, 0, 0, 0, 0, 0, 0, 0, 0, 0, 0, 0, 0, 0, 1, 1, 0, 0, 0
15:53:09, 1610.40, 29.53, 29.09, 29.195, 0, 0, 0, 0, 0, 0, 0, 0, 0, 0, 0, 0, 0, 0, 0, 0, 0, 0, 0, 1, 0, 0, 0, 0
15:53:09, 1610.90, 29.53, 29.12, 29.195, 0, 0, 0, 0, 0, 0, 0, 0, 0, 0, 0, 0, 0, 0, 0, 0, 0, 0, 0, 1, 0, 0, 0, 0
15:53:10, 1610.40, 29.53, 29.11, 29.195, 0, 0, 0, 0, 0, 0, 0, 0, 0, 0, 0, 0, 0, 0, 0, 0, 0, 0, 0, 1, 1, 0, 0, 0
15:53:11, 1610.60, 29.53, 29.11, 29.195, 0, 0, 0, 0, 0, 0, 0, 0, 0, 0, 0, 0, 0, 0, 0, 0, 0, 0, 0, 1, 1, 0, 0, 0
15:53:11, 1610.20, 29.53, 29.11, 29.195, 0, 0, 0, 0, 0, 0, 0, 0, 0, 0, 0, 0, 0, 0, 0, 0, 0, 0, 0, 1, 0, 0, 0, 0
15:53:12, 1610.20, 29.53, 29.11, 29.203, 0, 0, 0, 0, 0, 0, 0, 0, 0, 0, 0, 0, 0, 0, 0, 0, 0, 0, 0, 1, 0, 0, 0, 0
15:53:13, 1609.70, 29.54, 29.12, 29.203, 0, 0, 0, 0, 0, 0, 0, 0, 0, 0, 0, 0, 0, 0, 0, 0, 0, 0, 0, 1, 1, 0, 0, 0
15:53:13, 1609.60, 29.54, 29.12, 29.195, 0, 0, 0, 0, 0, 0, 0, 0, 0, 0, 0, 0, 0, 0, 0, 0, 0, 0, 0, 1, 1, 0, 0, 0
15:53:14, 1610.50, 29.54, 29.11, 29.195, 0, 0, 0, 0, 0, 0, 0, 0, 0, 0, 0, 0, 0, 0, 0, 0, 0, 0, 0, 1, 1, 0, 0, 0
15:53:15, 1610.20, 29.54, 29.12, 29.195, 0, 0, 0, 0, 0, 0, 0, 0, 0, 0, 0, 0, 0, 0, 0, 0, 0, 0, 0, 1, 1, 0, 0, 0
15:53:15, 1610.10, 29.54, 29.11, 29.195, 0, 0, 0, 0, 0, 0, 0, 0, 0, 0, 0, 0, 0, 0, 0, 0, 0, 0, 0, 1, 1, 0, 0, 0
15:53:16, 1609.30, 29.54, 29.11, 29.195, 0, 0, 0, 0, 0, 0, 0, 0, 0, 0, 0, 0, 0, 0, 0, 0, 0, 0, 0, 1, 1, 0, 0, 0
15:53:17, 1608.10, 29.54, 29.12, 29.195, 0, 0, 0, 0, 0, 0, 0, 0, 0, 0, 0, 0, 0, 0, 0, 0, 0, 0, 0, 1, 1, 0, 0, 0
15:53:17, 1607.90, 29.54, 29.16, 29.187, 0, 0, 0, 0, 0, 0, 0, 0, 0, 0, 0, 0, 0, 0, 0, 0, 0, 0, 0, 1, 1, 0, 0, 0
15:53:18, 1607.60, 29.54, 29.09, 29.195, 0, 0, 0, 0, 0, 0, 0, 0, 0, 0, 0, 0, 0, 0, 0, 0, 0, 0, 0, 1, 1, 0, 0, 0
15:53:19, 1607.80, 29.54, 29.12, 29.195, 0, 0, 0, 0, 0, 0, 0, 0, 0, 0, 0, 0, 0, 0, 0, 0, 0, 0, 0, 1, 1, 0, 0, 0
15:53:19, 1607.70, 29.54, 29.14, 29.195, 0, 0, 0, 0, 0, 0, 0, 0, 0, 0, 0, 0, 0, 0, 0, 0, 0, 0, 0, 1, 1, 0, 0, 0
15:53:20, 1607.20, 29.54, 29.12, 29.203, 0, 0, 0, 0, 0, 0, 0, 0, 0, 0, 0, 0, 0, 0, 0, 0, 0, 0, 0, 1, 1, 0, 0, 0
15:53:21, 1607.60, 29.54, 29.16, 29.203, 0, 0, 0, 0, 0, 0, 0, 0, 0, 0, 0, 0, 0, 0, 0, 0, 0, 0, 0, 1, 1, 0, 0, 0
15:53:21, 1607.80, 29.54, 29.12, 29.195, 0, 0, 0, 0, 0, 0, 0, 0, 0, 0, 0, 0, 0, 0, 0, 0, 0, 0, 0, 1, 1, 0, 0, 0
15:53:22, 1607.50, 29.54, 29.12, 29.195, 0, 0, 0, 0, 0, 0, 0, 0, 0, 0, 0, 0, 0, 0, 0, 0, 0, 0, 0, 1, 1, 0, 0, 0
15:53:23, 1606.00, 29.54, 29.16, 29.195, 0, 0, 0, 0, 0, 0, 0, 0, 0, 0, 0, 0, 0, 0, 0, 0, 0, 0, 0, 1, 0, 0, 0, 0
15:53:23, 1605.20, 29.54, 29.12, 29.195, 0, 0, 0, 0, 0, 0, 0, 0, 0, 0, 0, 0, 0, 0, 0, 0, 0, 0, 0, 1, 0, 0, 0, 0
15:53:24, 1607.10, 29.54, 29.16, 29.195, 0, 0, 0, 0, 0, 0, 0, 0, 0, 0, 0, 0, 0, 0, 0, 0, 0, 0, 0, 1, 1, 0, 0, 0
15:53:25, 1607.40, 29.54, 29.11, 29.195, 0, 0, 0, 0, 0, 0, 0, 0, 0, 0, 0, 0, 0, 0, 0, 0, 0, 0, 0, 1, 1, 0, 0, 0
15:53:25, 1607.10, 29.55, 29.14, 29.195, 0, 0, 0, 0, 0, 0, 0, 0, 0, 0, 0, 0, 0, 0, 0, 0, 0, 0, 0, 1, 1, 0, 0, 0
15:53:26, 1607.30, 29.55, 29.16, 29.195, 0, 0, 0, 0, 0, 0, 0, 0, 0, 0, 0, 0, 0, 0, 0, 0, 0, 0, 0, 1, 1, 0, 0, 0
15:53:27, 1606.90, 29.55, 29.16, 29.195, 0, 0, 0, 0, 0, 0, 0, 0, 0, 0, 0, 0, 0, 0, 0, 0, 0, 0, 0, 1, 1, 0, 0, 0
15:53:27, 1607.40, 29.55, 29.12, 29.195, 0, 0, 0, 0, 0, 0, 0, 0, 0, 0, 0, 0, 0, 0, 0, 0, 0, 0, 0, 1, 1, 0, 0, 0
15:53:28, 1607.50, 29.55, 29.12, 29.195, 0, 0, 0, 0, 0, 0, 0, 0, 0, 0, 0, 0, 0, 0, 0, 0, 0, 0, 0, 1, 1, 0, 0, 0
15:53:29, 1607.20, 29.55, 29.12, 29.195, 0, 0, 0, 0, 0, 0, 0, 0, 0, 0, 0, 0, 0, 0, 0, 0, 0, 0, 0, 1, 1, 0, 0, 0
15:53:29, 1607.40, 29.55, 29.14, 29.195, 0, 0, 0, 0, 0, 0, 0, 0, 0, 0, 0, 0, 0, 0, 0, 0, 0, 0, 0, 1, 1, 0, 0, 0
15:53:30, 1607.40, 29.55, 29.14, 29.195, 0, 0, 0, 0, 0, 0, 0, 0, 0, 0, 0, 0, 0, 0, 0, 0, 0, 0, 0, 1, 1, 0, 0, 0
15:53:31, 1607.60, 29.55, 29.12, 29.195, 0, 0, 0, 0, 0, 0, 0, 0, 0, 0, 0, 0, 0, 0, 0, 0, 0, 0, 0, 1, 1, 0, 0, 0
15:53:31, 1607.40, 29.55, 29.14, 29.195, 0, 0, 0, 0, 0, 0, 0, 0, 0, 0, 0, 0, 0, 0, 0, 0, 0, 0, 0, 1, 1, 0, 0, 0
15:53:32, 1606.60, 29.55, 29.14, 29.195, 0, 0, 0, 0, 0, 0, 0, 0, 0, 0, 0, 0, 0, 0, 0, 0, 0, 0, 0, 1, 1, 0, 0, 0
15:53:33, 1607.40, 29.55, 29.12, 29.195, 0, 0, 0, 0, 0, 0, 0, 0, 0, 0, 0, 0, 0, 0, 0, 0, 0, 0, 0, 1, 1, 0, 0, 0
15:53:33, 1606.40, 29.55, 29.16, 29.195, 0, 0, 0, 0, 0, 0, 0, 0, 0, 0, 0, 0, 0, 0, 0, 0, 0, 0, 0, 1, 1, 0, 0, 0
15:53:34, 1608.00, 29.55, 29.14, 29.195, 0, 0, 0, 0, 0, 0, 0, 0, 0, 0, 0, 0, 0, 0, 0, 0, 0, 0, 0, 1, 1, 0, 0, 0
15:53:35, 1607.90, 29.55, 29.18, 29.195, 0, 0, 0, 0, 0, 0, 0, 0, 0, 0, 0, 0, 0, 0, 0, 0, 0, 0, 0, 1, 1, 0, 0, 0
15:53:35, 1608.20, 29.56, 29.14, 29.203, 0, 0, 0, 0, 0, 0, 0, 0, 0, 0, 0, 0, 0, 0, 0, 0, 0, 0, 0, 1, 1, 0, 0, 0
15:53:36, 1608.60, 29.56, 29.14, 29.203, 0, 0, 0, 0, 0, 0, 0, 0, 0, 0, 0, 0, 0, 0, 0, 0, 0, 0, 0, 1, 1, 0, 0, 0
15:53:37, 1608.70, 29.56, 29.12, 29.195, 0, 0, 0, 0, 0, 0, 0, 0, 0, 0, 0, 0, 0, 0, 0, 0, 0, 0, 0, 1, 1, 0, 0, 0
15:53:37, 1608.80, 29.56, 29.14, 29.195, 0, 0, 0, 0, 0, 0, 0, 0, 0, 0, 0, 0, 0, 0, 0, 0, 0, 0, 0, 1, 1, 0, 0, 0
15:53:38, 1609.10, 29.55, 29.12, 29.195, 0, 0, 0, 0, 0, 0, 0, 0, 0, 0, 0, 0, 0, 0, 0, 0, 0, 0, 0, 1, 1, 0, 0, 0
15:53:39, 1609.80, 29.56, 29.12, 29.195, 0, 0, 0, 0, 0, 0, 0, 0, 0, 0, 0, 0, 0, 0, 0, 0, 0, 0, 0, 1, 1, 0, 0, 0
15:53:39, 1610.50, 29.56, 29.12, 29.203, 0, 0, 0, 0, 0, 0, 0, 0, 0, 0, 0, 0, 0, 0, 0, 0, 0, 0, 0, 1, 1, 0, 0, 0
15:53:40, 1610.90, 29.55, 29.14, 29.203, 0, 0, 0, 0, 0, 0, 0, 0, 0, 0, 0, 0, 0, 0, 0, 0, 0, 0, 0, 1, 1, 0, 0, 0
15:53:41, 1611.10, 29.56, 29.12, 29.195, 0, 0, 0, 0, 0, 0, 0, 0, 0, 0, 0, 0, 0, 0, 0, 0, 0, 0, 0, 1, 1, 0, 0, 0
15:53:41, 1611.30, 29.56, 29.14, 29.195, 0, 0, 0, 0, 0, 0, 0, 0, 0, 0, 0, 0, 0, 0, 0, 0, 0, 0, 0, 1, 1, 0, 0, 0
15:53:42, 1611.30, 29.56, 29.14, 29.195, 0, 0, 0, 0, 0, 0, 0, 0, 0, 0, 0, 0, 0, 0, 0, 0, 0, 0, 0, 1, 1, 0, 0, 0
15:53:43, 1611.90, 29.56, 29.12, 29.195, 0, 0, 0, 0, 0, 0, 0, 0, 0, 0, 0, 0, 0, 0, 0, 0, 0, 0, 0, 1, 1, 0, 0, 0
15:53:43, 1611.90, 29.56, 29.12, 29.195, 0, 0, 0, 0, 0, 0, 0, 0, 0, 0, 0, 0, 0, 0, 0, 0, 0, 0, 0, 1, 1, 0, 0, 0
15:53:44, 1612.70, 29.56, 29.14, 29.195, 0, 0, 0, 0, 0, 0, 0, 0, 0, 0, 0, 0, 0, 0, 0, 0, 0, 0, 0, 1, 1, 0, 0, 0
15:53:45, 1613.20, 29.56, 29.14, 29.195, 0, 0, 0, 0, 0, 0, 0, 0, 0, 0, 0, 0, 0, 0, 0, 0, 0, 0, 0, 1, 1, 0, 0, 0
15:53:45, 1615.70, 29.56, 29.16, 29.195, 0, 0, 0, 0, 0, 0, 0, 0, 0, 0, 0, 0, 0, 0, 0, 0, 0, 0, 0, 1, 1, 0, 0, 0
15:53:46, 1616.30, 29.56, 29.14, 29.195, 0, 0, 0, 0, 0, 0, 0, 0, 0, 0, 0, 0, 0, 0, 0, 0, 0, 0, 0, 1, 1, 0, 0, 0
15:53:47, 1618.20, 29.56, 29.14, 29.195, 0, 0, 0, 0, 0, 0, 0, 0, 0, 0, 0, 0, 0, 0, 0, 0, 0, 0, 0, 1, 0, 0, 0, 0
15:53:47, 1618.10, 29.56, 29.18, 29.195, 0, 0, 0, 0, 0, 0, 0, 0, 0, 0, 0, 0, 0, 0, 0, 0, 0, 0, 0, 1, 0, 0, 0, 0
15:53:48, 1616.70, 29.56, 29.16, 29.195, 0, 0, 0, 0, 0, 0, 0, 0, 0, 0, 0, 0, 0, 0, 0, 0, 0, 0, 0, 1, 0, 0, 0, 0
15:53:49, 1612.40, 29.56, 29.14, 29.203, 0, 0, 0, 0, 0, 0, 0, 0, 0, 0, 0, 0, 0, 0, 0, 0, 0, 0, 0, 1, 0, 0, 0, 0
15:53:49, 1607.00, 29.56, 29.12, 29.203, 0, 0, 0, 0, 0, 0, 0, 0, 0, 0, 0, 0, 0, 0, 0, 0, 0, 0, 0, 1, 0, 0, 0, 0
15:53:50, 1606.00, 29.57, 29.12, 29.195, 0, 0, 0, 0, 0, 0, 0, 0, 0, 0, 0, 0, 0, 0, 0, 0, 0, 0, 0, 1, 0, 0, 0, 0
15:53:51, 1602.50, 29.57, 29.14, 29.195, 0, 0, 0, 0, 0, 0, 0, 0, 0, 0, 0, 0, 0, 0, 0, 0, 0, 0, 0, 1, 0, 0, 0, 0
15:53:51, 1599.30, 29.57, 29.16, 29.195, 0, 0, 0, 0, 0, 0, 0, 0, 0, 0, 0, 0, 0, 0, 0, 0, 0, 0, 0, 1, 0, 0, 0, 0
15:53:52, 1592.10, 29.57, 29.14, 29.195, 0, 0, 0, 0, 0, 0, 0, 0, 0, 0, 0, 0, 0, 0, 0, 0, 0, 0, 0, 1, 0, 0, 0, 0
15:53:53, 1585.70, 29.57, 29.18, 29.195, 0, 0, 0, 0, 0, 0, 0, 0, 0, 0, 0, 0, 0, 0, 0, 0, 0, 0, 0, 1, 0, 0, 0, 0
15:53:53, 1580.70, 29.58, 29.14, 29.195, 0, 0, 0, 0, 0, 0, 0, 0, 0, 0, 0, 0, 0, 0, 0, 0, 0, 0, 0, 2, 1, 0, 0, 0
15:53:54, 1577.90, 29.58, 29.11, 29.203, 0, 0, 0, 0, 0, 0, 0, 0, 0, 0, 0, 0, 0, 0, 0, 0, 0, 0, 0, 3, 1, 0, 0, 0
15:53:55, 1575.70, 29.58, 29.16, 29.203, 0, 0, 0, 0, 0, 0, 0, 0, 0, 0, 0, 0, 0, 0, 0, 0, 0, 0, 0, 2, 2, 0, 0, 0
15:53:55, 1581.00, 29.58, 29.14, 29.203, 0, 0, 0, 0, 0, 0, 0, 0, 0, 0, 0, 0, 0, 0, 0, 0, 0, 0, 0, 1, 1, 0, 0, 0
15:53:56, 1583.40, 29.58, 29.14, 29.195, 0, 0, 0, 0, 0, 0, 0, 0, 0, 0, 0, 0, 0, 0, 0, 0, 0, 0, 0, 2, 1, 0, 0, 0
15:53:57, 1581.70, 29.58, 29.14, 29.195, 0, 0, 0, 0, 0, 0, 0, 0, 0, 0, 0, 0, 0, 0, 0, 0, 0, 0, 0, 2, 1, 0, 0, 0
15:53:57, 1581.40, 29.58, 29.14, 29.195, 0, 0, 0, 0, 0, 0, 0, 0, 0, 0, 0, 0, 0, 0, 0, 0, 0, 0, 0, 2, 1, 0, 0, 0
15:53:58, 1590.00, 29.58, 29.14, 29.187, 0, 0, 0, 0, 0, 0, 0, 0, 0, 0, 0, 0, 0, 0, 0, 0, 0, 0, 0, 2, 1, 0, 0, 0
15:53:59, 1594.40, 29.58, 29.18, 29.195, 0, 0, 0, 0, 0, 0, 0, 0, 0, 0, 0, 0, 0, 0, 0, 0, 0, 0, 0, 2, 1, 0, 0, 0
15:53:59, 1596.20, 29.58, 29.16, 29.195, 0, 0, 0, 0, 0, 0, 0, 0, 0, 0, 0, 0, 0, 0, 0, 0, 0, 0, 0, 1, 1, 0, 0, 0
15:54:00, 1592.50, 29.58, 29.14, 29.195, 0, 0, 0, 0, 0, 0, 0, 0, 0, 0, 0, 0, 0, 0, 0, 0, 0, 0, 0, 1, 1, 0, 0, 0
15:54:01, 1585.40, 29.59, 29.16, 29.195, 0, 0, 0, 0, 0, 0, 0, 0, 0, 0, 0, 0, 0, 0, 0, 0, 0, 0, 0, 1, 0, 0, 0, 0
15:54:01, 1583.90, 29.58, 29.18, 29.195, 0, 0, 0, 0, 0, 0, 0, 0, 0, 0, 0, 0, 0, 0, 0, 0, 0, 0, 0, 2, 1, 0, 0, 0
15:54:02, 1584.60, 29.59, 29.16, 29.195, 0, 0, 0, 0, 0, 0, 0, 0, 0, 0, 0, 0, 0, 0, 0, 0, 0, 0, 0, 2, 1, 0, 0, 0
15:54:02, 1583.90, 29.59, 29.12, 29.195, 0, 0, 0, 0, 0, 0, 0, 0, 0, 0, 0, 0, 0, 0, 0, 0, 0, 0, 0, 2, 1, 0, 0, 0
15:54:03, 1587.60, 29.58, 29.18, 29.195, 0, 0, 0, 0, 0, 0, 0, 0, 0, 0, 0, 0, 0, 0, 0, 0, 0, 0, 0, 2, 1, 0, 0, 0
15:54:04, 1590.00, 29.59, 29.16, 29.203, 0, 0, 0, 0, 0, 0, 0, 0, 0, 0, 0, 0, 0, 0, 0, 0, 0, 0, 0, 2, 1, 0, 0, 0
15:54:04, 1593.50, 29.59, 29.12, 29.203, 0, 0, 0, 0, 0, 0, 0, 0, 0, 0, 0, 0, 0, 0, 0, 0, 0, 0, 0, 2, 1, 0, 0, 0
15:54:05, 1596.80, 29.58, 29.16, 29.187, 0, 0, 0, 0, 0, 0, 0, 0, 0, 0, 0, 0, 0, 0, 0, 0, 0, 0, 0, 2, 1, 0, 0, 0
15:54:06, 1597.80, 29.59, 29.16, 29.203, 0, 0, 0, 0, 0, 0, 0, 0, 0, 0, 0, 0, 0, 0, 0, 0, 0, 0, 0, 1, 1, 0, 0, 0
15:54:06, 1593.80, 29.59, 29.16, 29.203, 0, 0, 0, 0, 0, 0, 0, 0, 0, 0, 0, 0, 0, 0, 0, 0, 0, 0, 0, 1, 1, 0, 0, 0
15:54:07, 1586.20, 29.59, 29.14, 29.203, 0, 0, 0, 0, 0, 0, 0, 0, 0, 0, 0, 0, 0, 0, 0, 0, 0, 0, 0, 1, 1, 0, 0, 0
15:54:08, 1581.60, 29.59, 29.16, 29.195, 0, 0, 0, 0, 0, 0, 0, 0, 0, 0, 0, 0, 0, 0, 0, 0, 0, 0, 0, 2, 1, 0, 0, 0
15:54:08, 1579.70, 29.59, 29.18, 29.195, 0, 0, 0, 0, 0, 0, 0, 0, 0, 0, 0, 0, 0, 0, 0, 0, 0, 0, 0, 2, 1, 0, 0, 0
15:54:09, 1582.90, 29.59, 29.18, 29.195, 0, 0, 0, 0, 0, 0, 0, 0, 0, 0, 0, 0, 0, 0, 0, 0, 0, 0, 0, 1, 0, 0, 0, 0
15:54:10, 1587.60, 29.59, 29.16, 29.203, 0, 0, 0, 0, 0, 0, 0, 0, 0, 0, 0, 0, 0, 0, 0, 0, 0, 0, 0, 0, 0, 0, 0, 0
15:54:10, 1589.50, 29.59, 29.16, 29.203, 0, 0, 0, 0, 0, 0, 0, 0, 0, 0, 0, 0, 0, 0, 0, 0, 0, 0, 0, 0, 0, 0, 0, 0
15:54:11, 1588.20, 29.59, 29.16, 29.195, 0, 0, 0, 0, 0, 0, 0, 0, 0, 0, 0, 0, 0, 0, 0, 0, 0, 0, 0, 1, 1, 0, 0, 0
15:54:12, 1590.70, 29.59, 29.16, 29.203, 0, 0, 0, 0, 0, 0, 0, 0, 0, 0, 0, 0, 0, 0, 0, 0, 0, 0, 0, 2, 1, 0, 0, 0
15:54:12, 1590.80, 29.59, 29.18, 29.203, 0, 0, 0, 0, 0, 0, 0, 0, 0, 0, 0, 0, 0, 0, 0, 0, 0, 0, 0, 1, 1, 0, 0, 0
15:54:13, 1591.60, 29.59, 29.14, 29.195, 0, 0, 0, 0, 0, 0, 0, 0, 0, 0, 0, 0, 0, 0, 0, 0, 0, 0, 0, 1, 1, 0, 0, 0
15:54:14, 1587.60, 29.59, 29.18, 29.203, 0, 0, 0, 0, 0, 0, 0, 0, 0, 0, 0, 0, 0, 0, 0, 0, 0, 0, 0, 1, 1, 0, 0, 0
15:54:14, 1581.80, 29.59, 29.18, 29.203, 0, 0, 0, 0, 0, 0, 0, 0, 0, 0, 0, 0, 0, 0, 0, 0, 0, 0, 0, 1, 0, 0, 0, 0
15:54:15, 1579.20, 29.59, 29.14, 29.195, 0, 0, 0, 0, 0, 0, 0, 0, 0, 0, 0, 0, 0, 0, 0, 0, 0, 0, 0, 1, 1, 0, 0, 0
15:54:16, 1573.00, 29.59, 29.16, 29.203, 0, 0, 0, 0, 0, 0, 0, 0, 0, 0, 0, 0, 0, 0, 0, 0, 0, 0, 0, 1, 1, 0, 0, 0
15:54:16, 1565.00, 29.59, 29.18, 29.203, 0, 0, 0, 0, 0, 0, 0, 0, 0, 0, 0, 0, 0, 0, 0, 0, 0, 0, 0, 1, 1, 0, 0, 0
15:54:17, 1561.70, 29.59, 29.18, 29.195, 0, 0, 0, 0, 0, 0, 0, 0, 0, 0, 0, 0, 0, 0, 0, 0, 0, 0, 0, 2, 1, 0, 0, 0
15:54:18, 1569.00, 29.59, 29.12, 29.195, 0, 0, 0, 0, 0, 0, 0, 0, 0, 0, 0, 0, 0, 0, 0, 0, 0, 0, 0, 0, 0, 0, 0, 0
15:54:18, 1572.70, 29.59, 29.14, 29.195, 0, 0, 0, 0, 0, 0, 0, 0, 0, 0, 0, 0, 0, 0, 0, 0, 0, 0, 0, 0, 0, 0, 0, 0
15:54:19, 1577.00, 29.59, 29.18, 29.187, 0, 0, 0, 0, 0, 0, 0, 0, 0, 0, 0, 0, 0, 0, 0, 0, 0, 0, 0, 0, 0, 0, 0, 0
15:54:20, 1580.10, 29.60, 29.16, 29.187, 0, 0, 0, 0, 0, 0, 0, 0, 0, 0, 0, 0, 0, 0, 0, 0, 0, 0, 0, 0, 0, 0, 0, 0
15:54:20, 1580.60, 29.60, 29.18, 29.195, 0, 0, 0, 0, 0, 0, 0, 0, 0, 0, 0, 0, 0, 0, 0, 0, 0, 0, 0, 0, 0, 0, 0, 0
15:54:21, 1583.00, 29.60, 29.22, 29.203, 0, 0, 0, 0, 0, 0, 0, 0, 0, 0, 0, 0, 0, 0, 0, 0, 0, 0, 0, 0, 0, 0, 0, 0
15:54:22, 1575.00, 29.60, 29.16, 29.203, 0, 0, 0, 0, 0, 0, 0, 0, 0, 0, 0, 0, 0, 0, 0, 0, 0, 0, 0, 1, 0, 0, 0, 0
15:54:22, 1577.00, 29.60, 29.18, 29.187, 0, 0, 0, 0, 0, 0, 0, 0, 0, 0, 0, 0, 0, 0, 0, 0, 0, 0, 0, 1, 0, 0, 0, 0
15:54:23, 1573.20, 29.60, 29.20, 29.203, 0, 0, 0, 0, 0, 0, 0, 0, 0, 0, 0, 0, 0, 0, 0, 0, 0, 0, 0, 2, 2, 0, 0, 0
15:54:24, 1581.60, 29.60, 29.18, 29.203, 0, 0, 0, 0, 0, 0, 0, 0, 0, 0, 0, 0, 0, 0, 0, 0, 0, 0, 0, 1, 1, 0, 0, 0
15:54:24, 1581.40, 29.60, 29.12, 29.195, 0, 0, 0, 0, 0, 0, 0, 0, 0, 0, 0, 0, 0, 0, 0, 0, 0, 0, 0, 2, 1, 0, 0, 0
15:54:25, 1581.90, 29.60, 29.16, 29.203, 0, 0, 0, 0, 0, 0, 0, 0, 0, 0, 0, 0, 0, 0, 0, 0, 0, 0, 0, 2, 1, 0, 0, 0
15:54:26, 1585.00, 29.60, 29.16, 29.203, 0, 0, 0, 0, 0, 0, 0, 0, 0, 0, 0, 0, 0, 0, 0, 0, 0, 0, 0, 1, 1, 0, 0, 0
15:54:26, 1590.70, 29.60, 29.18, 29.195, 0, 0, 0, 0, 0, 0, 0, 0, 0, 0, 0, 0, 0, 0, 0, 0, 0, 0, 0, 0, 0, 0, 0, 0
15:54:27, 1597.60, 29.60, 29.20, 29.195, 0, 0, 0, 0, 0, 0, 0, 0, 0, 0, 0, 0, 0, 0, 0, 0, 0, 0, 0, 0, 0, 0, 0, 0
15:54:28, 1592.60, 29.60, 29.18, 29.195, 0, 0, 0, 0, 0, 0, 0, 0, 0, 0, 0, 0, 0, 0, 0, 0, 0, 0, 0, 0, 0, 0, 0, 0
15:54:28, 1582.50, 29.61, 29.14, 29.187, 0, 0, 0, 0, 0, 0, 0, 0, 0, 0, 0, 0, 0, 0, 0, 0, 0, 0, 0, 1, 0, 0, 0, 0
15:54:29, 1581.70, 29.61, 29.18, 29.203, 0, 0, 0, 0, 0, 0, 0, 0, 0, 0, 0, 0, 0, 0, 0, 0, 0, 0, 0, 0, 0, 0, 0, 0
15:54:30, 1581.30, 29.61, 29.14, 29.203, 0, 0, 0, 0, 0, 0, 0, 0, 0, 0, 0, 0, 0, 0, 0, 0, 0, 0, 0, 0, 0, 0, 0, 0
15:54:30, 1584.80, 29.61, 29.16, 29.195, 0, 0, 0, 0, 0, 0, 0, 0, 0, 0, 0, 0, 0, 0, 0, 0, 0, 0, 0, 0, 0, 0, 0, 0
15:54:31, 1582.30, 29.61, 29.18, 29.203, 0, 0, 0, 0, 0, 0, 0, 0, 0, 0, 0, 0, 0, 0, 0, 0, 0, 0, 0, 0, 0, 0, 0, 0
15:54:32, 1587.30, 29.61, 29.16, 29.203, 0, 0, 0, 0, 0, 0, 0, 0, 0, 0, 0, 0, 0, 0, 0, 0, 0, 0, 0, 0, 0, 0, 0, 0
15:54:32, 1588.60, 29.61, 29.20, 29.195, 0, 0, 0, 0, 0, 0, 0, 0, 0, 0, 0, 0, 0, 0, 0, 0, 0, 0, 0, 0, 0, 0, 0, 0
15:54:33, 1588.00, 29.61, 29.16, 29.195, 0, 0, 0, 0, 0, 0, 0, 0, 0, 0, 0, 0, 0, 0, 0, 0, 0, 0, 0, 0, 0, 0, 0, 0
15:54:34, 1579.30, 29.61, 29.18, 29.195, 0, 0, 0, 0, 0, 0, 0, 0, 0, 0, 0, 0, 0, 0, 0, 0, 0, 0, 0, 0, 0, 0, 0, 0
15:54:34, 1573.50, 29.61, 29.16, 29.187, 0, 0, 0, 0, 0, 0, 0, 0, 0, 0, 0, 0, 0, 0, 0, 0, 0, 0, 0, 0, 0, 0, 0, 0
15:54:35, 1582.20, 29.61, 29.16, 29.187, 0, 0, 0, 0, 0, 0, 0, 0, 0, 0, 0, 0, 0, 0, 0, 0, 0, 0, 0, 0, 0, 0, 0, 0
15:54:36, 1582.00, 29.61, 29.20, 29.195, 0, 0, 0, 0, 0, 0, 0, 0, 0, 0, 0, 0, 0, 0, 0, 0, 0, 0, 0, 0, 0, 0, 0, 0
15:54:36, 1586.00, 29.61, 29.14, 29.195, 0, 0, 0, 0, 0, 0, 0, 0, 0, 0, 0, 0, 0, 0, 0, 0, 0, 0, 0, 0, 0, 0, 0, 0
15:54:37, 1590.50, 29.61, 29.16, 29.195, 0, 0, 0, 0, 0, 0, 0, 0, 0, 0, 0, 0, 0, 0, 0, 0, 0, 0, 0, 0, 0, 0, 0, 0
15:54:38, 1593.80, 29.61, 29.16, 29.195, 0, 0, 0, 0, 0, 0, 0, 0, 0, 0, 0, 0, 0, 0, 0, 0, 0, 0, 0, 0, 0, 0, 0, 0
15:54:38, 1589.00, 29.61, 29.22, 29.195, 0, 0, 0, 0, 0, 0, 0, 0, 0, 0, 0, 0, 0, 0, 0, 0, 0, 0, 0, 0, 0, 0, 0, 0
15:54:39, 1584.20, 29.61, 29.16, 29.195, 0, 0, 0, 0, 0, 0, 0, 0, 0, 0, 0, 0, 0, 0, 0, 0, 0, 0, 0, 0, 0, 0, 0, 0
15:54:40, 1578.90, 29.61, 29.18, 29.195, 0, 0, 0, 0, 0, 0, 0, 0, 0, 0, 0, 0, 0, 0, 0, 0, 0, 0, 0, 0, 0, 0, 0, 0
15:54:40, 1578.90, 29.62, 29.18, 29.195, 0, 0, 0, 0, 0, 0, 0, 0, 0, 0, 0, 0, 0, 0, 0, 0, 0, 0, 0, 0, 0, 0, 0, 0
15:54:41, 1584.60, 29.61, 29.18, 29.195, 0, 0, 0, 0, 0, 0, 0, 1, 0, 0, 0, 0, 0, 0, 0, 0, 0, 0, 0, 0, 0, 0, 0, 0
15:54:42, 1580.10, 29.61, 29.18, 29.195, 0, 0, 0, 0, 0, 0, 0, 0, 0, 0, 0, 0, 0, 0, 0, 0, 0, 0, 0, 0, 0, 0, 0, 0
15:54:42, 1575.40, 29.62, 29.16, 29.195, 0, 0, 0, 0, 0, 0, 0, 0, 0, 0, 0, 0, 0, 0, 0, 0, 0, 0, 0, 0, 0, 0, 0, 0
15:54:43, 1575.60, 29.62, 29.18, 29.195, 0, 0, 0, 0, 0, 0, 0, 0, 0, 0, 0, 0, 0, 0, 0, 0, 0, 0, 0, 0, 0, 0, 0, 0
15:54:44, 1579.30, 29.62, 29.18, 29.195, 0, 0, 0, 0, 0, 0, 0, 0, 0, 0, 0, 0, 0, 0, 0, 0, 0, 0, 0, 0, 0, 0, 0, 0
15:54:44, 1578.90, 29.62, 29.16, 29.203, 0, 0, 0, 0, 0, 0, 0, 0, 0, 0, 0, 0, 0, 0, 0, 0, 0, 0, 0, 0, 0, 0, 0, 0
15:54:45, 1586.10, 29.62, 29.18, 29.203, 0, 0, 0, 0, 0, 0, 0, 0, 0, 0, 0, 0, 0, 0, 0, 0, 0, 0, 0, 0, 0, 0, 0, 0
15:54:46, 1590.70, 29.62, 29.20, 29.195, 0, 0, 0, 0, 0, 0, 0, 0, 0, 0, 0, 0, 0, 0, 0, 0, 0, 0, 0, 0, 0, 0, 0, 0
15:54:46, 1588.80, 29.62, 29.16, 29.203, 0, 0, 0, 0, 0, 0, 0, 0, 0, 0, 0, 0, 0, 0, 0, 0, 0, 0, 0, 0, 0, 0, 0, 0
15:54:47, 1582.20, 29.62, 29.23, 29.203, 0, 0, 0, 0, 0, 0, 0, 0, 0, 0, 0, 0, 0, 0, 0, 0, 0, 0, 0, 0, 0, 0, 0, 0
15:54:48, 1577.90, 29.62, 29.18, 29.195, 0, 0, 0, 0, 0, 0, 0, 0, 0, 0, 0, 0, 0, 0, 0, 0, 0, 0, 0, 0, 0, 0, 0, 0
15:54:48, 1570.90, 29.62, 29.20, 29.203, 0, 0, 0, 0, 0, 0, 0, 0, 0, 0, 0, 0, 0, 0, 0, 0, 0, 0, 0, 0, 0, 0, 0, 0
15:54:49, 1571.20, 29.62, 29.20, 29.203, 0, 0, 0, 0, 0, 0, 0, 1, 0, 0, 0, 0, 0, 0, 0, 0, 0, 0, 0, 0, 0, 0, 0, 0
15:54:50, 1574.20, 29.62, 29.18, 29.195, 0, 0, 0, 0, 0, 0, 0, 1, 0, 0, 0, 0, 0, 0, 0, 0, 0, 0, 0, 0, 0, 0, 0, 0
15:54:50, 1582.30, 29.62, 29.22, 29.195, 0, 0, 0, 0, 0, 0, 0, 1, 0, 0, 0, 0, 0, 0, 0, 0, 0, 0, 0, 0, 0, 0, 0, 0
15:54:51, 1587.90, 29.62, 29.18, 29.195, 0, 0, 0, 0, 0, 0, 0, 1, 0, 0, 0, 0, 0, 0, 0, 0, 0, 0, 0, 0, 0, 0, 0, 0
15:54:52, 1588.60, 29.62, 29.20, 29.195, 0, 0, 0, 0, 0, 0, 0, 1, 0, 0, 0, 0, 0, 0, 0, 0, 0, 0, 0, 0, 0, 0, 0, 0
15:54:52, 1589.50, 29.62, 29.22, 29.195, 0, 0, 0, 0, 0, 0, 0, 0, 0, 0, 0, 0, 0, 0, 0, 0, 0, 0, 0, 0, 0, 0, 0, 0
15:54:53, 1587.00, 29.62, 29.22, 29.195, 0, 0, 0, 0, 0, 0, 0, 1, 0, 0, 0, 0, 0, 0, 0, 0, 0, 0, 0, 0, 0, 0, 0, 0
15:54:54, 1580.90, 29.62, 29.22, 29.195, 0, 0, 0, 0, 0, 0, 0, 1, 0, 0, 0, 0, 0, 0, 0, 0, 0, 0, 0, 0, 0, 0, 0, 0
15:54:54, 1577.70, 29.62, 29.23, 29.195, 0, 0, 0, 0, 0, 0, 0, 1, 0, 0, 0, 0, 0, 0, 0, 0, 0, 0, 0, 0, 0, 0, 0, 0
15:54:55, 1574.70, 29.62, 29.20, 29.195, 0, 0, 0, 0, 0, 0, 0, 1, 0, 0, 0, 0, 0, 0, 0, 0, 0, 0, 0, 0, 0, 0, 0, 0
15:54:56, 1573.80, 29.63, 29.18, 29.195, 0, 0, 0, 0, 0, 0, 0, 1, 0, 0, 0, 0, 0, 0, 0, 0, 0, 0, 0, 0, 0, 0, 0, 0
15:54:56, 1578.80, 29.63, 29.22, 29.195, 0, 0, 0, 0, 0, 0, 0, 1, 0, 0, 0, 0, 0, 0, 0, 0, 0, 0, 0, 0, 0, 0, 0, 0
15:54:57, 1576.80, 29.62, 29.18, 29.195, 0, 0, 0, 0, 0, 0, 0, 1, 0, 0, 0, 0, 0, 0, 0, 0, 0, 0, 0, 0, 0, 0, 0, 0
15:54:58, 1577.40, 29.62, 29.23, 29.195, 0, 0, 0, 0, 0, 0, 0, 1, 0, 0, 0, 0, 0, 0, 0, 0, 0, 0, 0, 0, 0, 0, 0, 0
15:54:58, 1574.10, 29.62, 29.20, 29.195, 0, 0, 0, 0, 0, 0, 0, 1, 0, 0, 0, 0, 0, 0, 0, 0, 0, 0, 0, 0, 0, 0, 0, 0
15:54:59, 1567.60, 29.63, 29.22, 29.195, 0, 0, 0, 0, 0, 0, 0, 0, 0, 0, 0, 0, 0, 0, 0, 0, 0, 0, 0, 0, 0, 0, 0, 0
15:55:00, 1569.50, 29.62, 29.22, 29.203, 0, 0, 0, 0, 0, 0, 0, 1, 0, 0, 0, 0, 0, 0, 0, 0, 0, 0, 0, 0, 0, 0, 0, 0
15:55:00, 1564.80, 29.63, 29.20, 29.203, 0, 0, 0, 0, 0, 0, 0, 1, 0, 0, 0, 0, 0, 0, 0, 0, 0, 0, 0, 0, 0, 0, 0, 0
15:55:01, 1560.10, 29.63, 29.20, 29.195, 0, 0, 0, 0, 0, 0, 0, 1, 0, 0, 0, 0, 0, 0, 0, 0, 0, 0, 0, 0, 0, 0, 0, 0
15:55:02, 1554.70, 29.63, 29.16, 29.195, 0, 0, 0, 0, 0, 0, 0, 1, 0, 0, 0, 0, 0, 0, 0, 0, 0, 0, 0, 0, 0, 0, 0, 0
15:55:02, 1548.80, 29.63, 29.20, 29.195, 0, 0, 0, 0, 0, 0, 0, 1, 0, 0, 0, 0, 0, 0, 0, 0, 0, 0, 0, 0, 0, 0, 0, 0
15:55:03, 1545.60, 29.63, 29.20, 29.195, 0, 0, 0, 0, 0, 0, 0, 0, 1, 0, 0, 0, 0, 0, 0, 0, 0, 0, 0, 0, 0, 0, 0, 0
15:55:04, 1539.00, 29.63, 29.18, 29.203, 0, 0, 0, 0, 0, 0, 0, 1, 1, 0, 0, 0, 0, 0, 0, 0, 0, 0, 0, 0, 0, 0, 0, 0
15:55:04, 1529.80, 29.63, 29.20, 29.203, 0, 0, 0, 0, 0, 0, 0, 1, 1, 0, 0, 0, 0, 0, 0, 0, 0, 0, 0, 0, 0, 0, 0, 0
15:55:05, 1516.00, 29.63, 29.18, 29.203, 0, 0, 0, 0, 0, 0, 0, 1, 1, 0, 0, 0, 0, 0, 0, 0, 0, 0, 0, 0, 0, 0, 0, 0
15:55:06, 1506.50, 29.63, 29.25, 29.211, 0, 0, 0, 0, 0, 0, 1, 0, 1, 0, 0, 0, 0, 0, 0, 0, 0, 0, 0, 0, 0, 0, 0, 0
15:55:06, 1492.70, 29.64, 29.18, 29.211, 0, 0, 0, 0, 0, 0, 1, 2, 1, 0, 0, 0, 0, 0, 0, 0, 0, 0, 0, 0, 0, 0, 0, 0
15:55:07, 1480.30, 29.64, 29.18, 29.203, 0, 0, 0, 0, 0, 0, 1, 2, 1, 0, 0, 0, 0, 0, 0, 0, 0, 0, 0, 0, 0, 0, 0, 0
15:55:08, 1461.90, 29.64, 29.23, 29.203, 0, 0, 0, 0, 0, 0, 1, 2, 1, 0, 0, 0, 0, 0, 0, 0, 0, 0, 0, 0, 0, 0, 0, 0
15:55:08, 1452.70, 29.64, 29.22, 29.203, 0, 0, 0, 0, 0, 0, 1, 3, 2, 0, 0, 0, 0, 0, 0, 0, 0, 0, 0, 0, 0, 0, 0, 0
15:55:09, 1434.50, 29.64, 29.18, 29.195, 0, 0, 0, 0, 0, 0, 1, 3, 3, 0, 0, 0, 0, 0, 0, 0, 0, 0, 0, 0, 0, 0, 0, 0
15:55:10, 1423.80, 29.64, 29.20, 29.203, 0, 0, 0, 0, 0, 0, 2, 5, 4, 0, 0, 0, 0, 0, 0, 0, 0, 0, 0, 0, 0, 0, 0, 0
15:55:10, 1403.00, 29.65, 29.22, 29.203, 0, 0, 0, 0, 0, 0, 2, 6, 4, 0, 0, 0, 0, 0, 0, 0, 0, 0, 0, 0, 0, 0, 0, 0
15:55:11, 1393.00, 29.65, 29.22, 29.203, 0, 0, 0, 1, 0, 0, 3, 7, 5, 1, 0, 0, 0, 0, 0, 0, 0, 0, 0, 0, 0, 0, 0, 0
15:55:12, 1379.40, 29.65, 29.23, 29.203, 0, 0, 0, 0, 0, 0, 3, 8, 5, 1, 0, 0, 0, 0, 0, 0, 0, 0, 0, 0, 0, 0, 0, 0
15:55:12, 1364.00, 29.65, 29.20, 29.203, 0, 0, 0, 1, 0, 0, 4, 10, 6, 1, 0, 0, 0, 0, 0, 0, 0, 0, 0, 1, 0, 0, 0, 0
15:55:13, 1360.70, 29.65, 29.23, 29.211, 0, 0, 1, 1, 0, 0, 4, 11, 6, 1, 0, 0, 0, 0, 0, 0, 0, 0, 0, 0, 0, 0, 0, 0
15:55:14, 1349.30, 29.66, 29.20, 29.211, 0, 0, 1, 1, 0, 1, 5, 13, 7, 1, 0, 0, 0, 0, 0, 0, 0, 0, 0, 1, 0, 0, 0, 0
15:55:14, 1339.80, 29.66, 29.20, 29.211, 0, 0, 1, 1, 0, 1, 7, 16, 11, 1, 0, 0, 0, 0, 0, 0, 0, 0, 0, 1, 0, 0, 0, 0
15:55:15, 1346.70, 29.66, 29.20, 29.211, 0, 0, 1, 1, 0, 1, 7, 15, 13, 1, 0, 0, 0, 0, 0, 0, 0, 0, 0, 1, 0, 0, 0, 0
15:55:16, 1340.30, 29.66, 29.22, 29.211, 0, 0, 1, 0, 0, 1, 6, 14, 12, 1, 0, 0, 0, 0, 0, 0, 0, 0, 0, 1, 0, 0, 0, 0
15:55:16, 1324.10, 29.66, 29.23, 29.211, 0, 0, 1, 1, 0, 1, 8, 19, 16, 2, 0, 0, 0, 0, 0, 0, 0, 0, 0, 1, 1, 0, 0, 0
15:55:17, 1304.30, 29.66, 29.23, 29.211, 0, 0, 1, 1, 1, 2, 11, 26, 25, 2, 0, 0, 0, 0, 0, 0, 0, 0, 1, 3, 2, 0, 0, 0
15:55:17, 1289.30, 29.66, 29.22, 29.211, 0, 0, 1, 0, 2, 4, 16, 37, 32, 3, 0, 0, 0, 0, 0, 0, 0, 0, 1, 3, 2, 0, 0, 0
15:55:18, 1269.70, 29.67, 29.25, 29.211, 1, 1, 1, 1, 3, 7, 24, 51, 39, 4, 0, 0, 0, 0, 0, 0, 0, 0, 1, 5, 4, 0, 0, 0
15:55:19, 1259.20, 29.67, 29.18, 29.219, 1, 1, 2, 2, 3, 8, 27, 59, 35, 3, 0, 0, 0, 0, 0, 0, 0, 0, 2, 5, 4, 0, 0, 0
15:55:19, 1238.40, 29.67, 29.20, 29.219, 2, 2, 2, 3, 5, 12, 38, 79, 47, 4, 0, 0, 0, 0, 0, 0, 0, 0, 3, 8, 6, 0, 0, 0
15:55:20, 1220.60, 29.67, 29.20, 29.211, 2, 2, 3, 3, 8, 18, 52, 103, 82, 7, 0, 0, 0, 0, 0, 0, 0, 1, 5, 11, 9, 0, 0, 0
15:55:21, 1201.50, 29.68, 29.20, 29.219, 4, 4, 5, 5, 14, 31, 81, 153, 163, 14, 0, 0, 0, 0, 0, 0, 1, 2, 8, 17, 14, 1, 0, 0
15:55:21, 1185.50, 29.68, 29.23, 29.219, 6, 6, 7, 8, 25, 52, 127, 229, 261, 23, 0, 0, 0, 0, 0, 0, 1, 3, 11, 22, 21, 1, 0, 0
15:55:22, 1167.20, 29.68, 29.22, 29.211, 9, 9, 10, 13, 40, 82, 184, 320, 388, 36, 0, 0, 1, 0, 0, 0, 3, 6, 18, 33, 32, 2, 0, 0
15:55:23, 1148.90, 29.69, 29.20, 29.219, 14, 14, 15, 20, 65, 127, 263, 443, 503, 46, 0, 0, 1, 1, 0, 1, 4, 9, 25, 44, 43, 3, 0, 0
15:55:23, 1132.60, 29.68, 29.23, 29.219, 21, 21, 23, 35, 106, 195, 380, 605, 573, 50, 0, 0, 1, 1, 1, 2, 7, 13, 33, 56, 54, 4, 0, 0
15:55:24, 1120.10, 29.69, 29.25, 29.211, 26, 27, 30, 50, 129, 227, 430, 659, 480, 40, 0, 0, 2, 1, 1, 2, 8, 16, 39, 64, 61, 5, 0, 0
15:55:25, 1100.80, 29.69, 29.20, 29.219, 36, 37, 43, 78, 211, 345, 606, 893, 714, 66, 0, 0, 3, 2, 2, 4, 14, 26, 56, 87, 87, 8, 0, 0
15:55:25, 1082.30, 29.69, 29.22, 29.219, 53, 53, 68, 128, 328, 506, 809, 1165, 1414, 148, 0, 0, 4, 3, 4, 7, 23, 40, 79, 118, 129, 12, 0, 0
15:55:26, 1064.60, 29.70, 29.23, 29.219, 93, 94, 137, 276, 643, 923, 1364, 1851, 3233, 370, 0, 0, 6, 5, 6, 13, 40, 65, 117, 165, 212, 20, 0, 0
15:55:27, 1050.50, 29.70, 29.22, 29.227, 160, 184, 301, 597, 1176, 1547, 2198, 2807, 5905, 800, 0, 0, 9, 9, 12, 24, 66, 101, 168, 227, 333, 33, 0, 0
15:55:27, 1034.80, 29.71, 29.20, 29.227, 265, 368, 650, 1154, 1998, 2369, 3225, 3963, 9776, 1747, 0, 0, 15, 15, 24, 47, 115, 162, 250, 322, 531, 56, 0, 0
15:55:28, 1022.40, 29.71, 29.23, 29.227, 585, 960, 1636, 2326, 3257, 3657, 4405, 5398, 16177, 4378, 0, 0, 25, 29, 52, 96, 175, 230, 333, 413, 733, 85, 0, 0
15:55:29, 1013.20, 29.71, 29.25, 29.227, 1110, 1816, 2661, 3369, 4360, 4735, 5432, 6457, 19320, 6834, 0, 0, 32, 44, 75, 132, 196, 247, 341, 418, 732, 97, 0, 0
15:55:29, 1011.70, 29.71, 29.20, 29.234, 1247, 1975, 2699, 3323, 3357, 3596, 4321, 4862, 8192, 2907, 0, 0, 22, 29, 51, 89, 154, 197, 275, 338, 543, 71, 0, 0
15:55:30, 1012.20, 29.70, 29.25, 29.227, 1287, 2056, 2828, 3411, 4365, 4667, 5420, 6342, 15454, 5773, 0, 0, 467, 789, 1043, 1328, 1807, 1994, 2317, 2750, 6966, 2570, 0, 0
15:55:31, 1012.10, 29.69, 29.23, 29.227, 1683, 2578, 3618, 4314, 5046, 5430, 6235, 7241, 25190, 9880, 0, 0, 807, 1163, 1704, 1963, 3033, 3333, 3911, 4604, 10772, 3722, 0, 0
15:55:31, 1011.90, 29.68, 29.23, 29.141, 1723, 2715, 3750, 4606, 5366, 5636, 6820, 7529, 26830, 10391, 0, 0, 1476, 2550, 3255, 4300, 5201, 6017, 6676, 8461, 13627, 4902, 0, 0
15:55:32, 1011.80, 29.68, 29.23, 28.937, 1851, 2909, 4097, 4857, 5677, 5982, 7030, 8026, 28630, 11845, 0, 0, 1261, 2264, 2902, 3782, 4414, 4441, 5620, 6547, 16343, 6364, 0, 0
15:55:33, 1012.00, 29.67, 29.23, 28.937, 1861, 2826, 3928, 4742, 5149, 5522, 6540, 7377, 22063, 8697, 0, 0, 1796, 3143, 4206, 5183, 6751, 6771, 8406, 10388, 33182, 16240, 0, 1
15:55:33, 1012.00, 29.66, 29.25, 28.727, 1354, 2174, 2975, 3662, 4120, 4285, 5309, 5880, 18724, 8023, 0, 0, 1969, 3654, 4848, 6141, 7585, 7791, 9720, 10905, 36000, 18584, 1, 1
15:55:34, 1012.00, 29.65, 29.25, 28.617, 1209, 1726, 2514, 2917, 3321, 3671, 4106, 4874, 20225, 8629, 0, 0, 4651, 6777, 10491, 11420, 13889, 14310, 17610, 19307, 36000, 35963, 1, 1
15:55:35, 1012.00, 29.64, 29.27, 28.617, 1544, 2285, 3192, 3836, 4537, 4967, 5695, 6592, 25898, 10377, 0, 0, 1502, 2491, 3357, 4351, 5551, 5694, 7297, 7847, 28685, 12097, 0, 0
15:55:35, 1011.80, 29.62, 29.25, 28.508, 1184, 1892, 2608, 3117, 3715, 3988, 5017, 5475, 14914, 6325, 0, 0, 2444, 3859, 5796, 6155, 6095, 6145, 7671, 8830, 22295, 8804, 0, 0
15:55:36, 1011.90, 29.61, 29.27, 28.391, 1915, 3103, 4248, 5159, 5531, 5698, 6992, 7691, 27447, 11068, 0, 0, 2228, 4061, 5223, 6619, 7727, 8553, 9836, 11898, 21163, 7795, 0, 0
15:55:37, 1011.80, 29.58, 29.27, 28.391, 1779, 2741, 3870, 4564, 5028, 5321, 6353, 7137, 25963, 10815, 0, 0, 3517, 6024, 8042, 9862, 14727, 17264, 18707, 23640, 34797, 13670, 0, 1
15:55:37, 1011.60, 29.57, 29.25, 28.156, 1753, 2842, 3954, 4699, 5331, 5526, 6759, 7528, 26513, 11025, 0, 0, 5617, 10103, 13187, 16544, 19751, 21436, 25581, 29769, 36000, 28834, 1, 1
15:55:38, 1011.70, 29.55, 29.29, 27.906, 1773, 2783, 3888, 4591, 5402, 5664, 6791, 7656, 25973, 10454, 0, 0, 8556, 14145, 19517, 23584, 26851, 29855, 35440, 36000, 36000, 36000, 1, 1
15:55:39, 1011.90, 29.55, 29.29, 27.906, 1831, 2840, 3994, 4647, 5631, 5935, 7077, 8035, 26285, 10456, 0, 0, 8899, 14738, 20718, 24813, 19384, 21060, 25427, 29054, 36000, 32868, 1, 1
15:55:39, 1012.40, 29.56, 29.25, 27.773, 1731, 2784, 3847, 4510, 5137, 5353, 6315, 7202, 27269, 11256, 0, 0, 6876, 11225, 15675, 19062, 16586, 16847, 21642, 24575, 36000, 36000, 1, 1
15:55:40, 1013.00, 29.53, 29.27, 27.727, 311, 441, 597, 686, 332, 430, 601, 833, 2401, 1860, 0, 0, 10221, 15194, 21875, 24295, 20484, 21793, 29542, 33564, 36000, 36000, 1, 1
15:55:41, 1012.50, 29.53, 29.25, 27.727, 359, 590, 798, 948, 1250, 1391, 1868, 2215, 5351, 3032, 0, 0, 10173, 16298, 22172, 26230, 25176, 27619, 35294, 36000, 36000, 36000, 1, 1
15:55:41, 1012.40, 29.52, 29.25, 27.516, 248, 346, 474, 558, 625, 644, 896, 1144, 3530, 2470, 0, 0, 6640, 11207, 14298, 17694, 18212, 20795, 26042, 30221, 36000, 36000, 1, 1
15:55:42, 1012.30, 29.52, 29.25, 27.156, 474, 681, 980, 1100, 1337, 1362, 1759, 2054, 10442, 5496, 0, 0, 5537, 10094, 12216, 15849, 13932, 15491, 21032, 25534, 36000, 36000, 1, 1
15:55:43, 1012.10, 29.52, 29.29, 27.156, 665, 967, 1382, 1575, 3057, 3235, 3692, 4297, 17136, 7332, 0, 0, 1747, 2845, 3540, 4372, 6151, 6978, 9325, 11789, 35237, 22059, 0, 1
15:55:43, 1012.10, 29.52, 29.27, 27.008, 805, 1260, 1717, 2104, 2068, 2227, 2599, 3052, 8245, 3796, 0, 0, 4260, 6727, 9645, 11177, 14153, 15000, 18534, 22147, 36000, 36000, 1, 1
15:55:44, 1012.50, 29.50, 29.29, 26.937, 269, 369, 553, 645, 1348, 1354, 1612, 1825, 4982, 1917, 0, 0, 2490, 3866, 4756, 5622, 6399, 8080, 9775, 14194, 36000, 24176, 1, 1
15:55:45, 1012.30, 29.51, 29.29, 26.937, 257, 424, 580, 743, 834, 891, 1048, 1171, 4232, 1688, 0, 0, 1977, 3137, 3848, 4840, 5511, 6774, 8860, 11673, 32877, 18854, 0, 1
15:55:45, 1012.40, 29.51, 29.25, 26.852, 253, 402, 569, 703, 815, 862, 1045, 1129, 3997, 1649, 0, 0, 3109, 4812, 6544, 7706, 9802, 11544, 13789, 17539, 36000, 25493, 1, 1
15:55:46, 1011.80, 29.51, 29.25, 26.852, 260, 410, 587, 716, 806, 855, 1018, 1157, 3511, 1550, 0, 0, 3348, 4835, 7054, 7735, 8237, 9828, 12488, 16492, 36000, 26635, 1, 1
15:55:47, 1012.00, 29.51, 29.25, 26.828, 310, 416, 667, 692, 1204, 1166, 1483, 1632, 9347, 4459, 0, 0, 2244, 3599, 4572, 5383, 4492, 5494, 8139, 11141, 32843, 20152, 0, 1
