Secchi Depth (cm) = 9999
Forel Ule Scale = 99
pH Colour Scale = 99
SensingSecchi S/N = A016
Latitude (degs N) = 34.35516
Longitude (degs E) = -78.17934
Date = 2026-08-28
Time (UTC), Pressure (mbar) MS5803, Temp (deg C) MS5803, Temp (deg C) 10KTHERM, Temp (deg C) TMP117, ED 415nm, ED 445nm, ED 480nm, ED 515nm, ED 555nm, ED 590nm, ED 630nm, ED 680nm, ED Clear, ED NIR, ED D-SAT, ED A-SAT, EU 415nm, EU 445nm, EU 480nm, EU 515nm, EU 555nm, EU 590nm, EU 630nm, EU 680nm, EU Clear, EU NIR, EU D-SAT, EU A-SAT
16:18:25, 1012.30, 28.32, 28.63, 26.867, 389, 535, 731, 969, 1028, 1237, 1602, 1904, 6451, 3322, 0, 0, 6560, 9852, 14142, 16101, 18888, 18998, 24770, 27505, 36000, 36000, 1, 1
16:18:25, 1011.70, 28.34, 28.61, 26.883, 374, 512, 699, 926, 959, 1156, 1490, 1776, 6136, 3173, 0, 0, 6404, 10132, 13952, 16492, 20497, 21560, 26417, 30219, 36000, 36000, 1, 1
16:18:26, 1011.80, 28.34, 28.61, 26.883, 277, 369, 509, 665, 443, 535, 780, 996, 3826, 2489, 0, 0, 7652, 11526, 16349, 18664, 20654, 21632, 26866, 30542, 36000, 36000, 1, 1
16:18:27, 1012.20, 28.37, 28.63, 26.875, 449, 699, 940, 1183, 1439, 1557, 2007, 2234, 5001, 2323, 0, 0, 3132, 5256, 6696, 8297, 9049, 10184, 11867, 15780, 36000, 33309, 1, 1
16:18:27, 1012.30, 28.37, 28.63, 26.859, 556, 862, 1155, 1444, 1151, 1291, 1664, 1949, 6434, 3049, 0, 0, 3256, 5411, 6944, 8536, 9692, 10874, 12641, 16652, 36000, 34880, 1, 1
16:18:28, 1012.20, 28.37, 28.63, 26.859, 406, 610, 801, 1001, 1178, 1328, 1700, 2009, 5153, 2749, 0, 0, 3120, 5218, 6673, 8245, 9175, 10303, 12023, 15914, 36000, 33555, 1, 1
16:18:29, 1012.20, 28.37, 28.61, 26.844, 830, 1325, 1805, 2181, 2592, 2772, 3352, 3694, 9817, 3785, 0, 0, 3067, 5146, 6569, 8141, 9209, 10351, 12059, 15969, 36000, 33737, 1, 1
16:18:29, 1012.10, 28.37, 28.63, 26.875, 850, 1356, 1859, 2237, 2671, 2833, 3452, 3782, 9892, 3783, 0, 0, 3150, 5260, 6729, 8319, 9301, 10463, 12203, 16123, 36000, 33974, 1, 1
16:18:30, 1012.20, 28.37, 28.61, 26.875, 865, 1386, 1874, 2278, 2336, 2533, 3064, 3433, 8299, 3372, 0, 0, 2976, 4994, 6377, 7906, 8893, 9976, 11727, 15512, 36000, 32952, 1, 1
16:18:31, 1012.20, 28.37, 28.61, 26.906, 763, 1215, 1641, 2001, 2381, 2556, 3108, 3455, 8495, 3394, 0, 0, 2933, 4922, 6292, 7801, 8767, 9820, 11570, 15299, 36000, 32653, 1, 1
16:18:31, 1012.30, 28.37, 28.63, 26.922, 898, 1440, 1967, 2382, 2904, 3081, 3752, 4115, 11218, 4262, 0, 0, 2760, 4620, 5903, 7316, 8164, 9139, 10848, 14354, 36000, 31362, 1, 1
16:18:32, 1012.10, 28.35, 28.61, 26.922, 980, 1580, 2159, 2579, 2642, 2781, 3417, 3862, 7663, 3528, 0, 0, 525, 660, 705, 804, 2926, 4313, 5985, 9578, 22302, 14770, 0, 0
16:18:33, 1011.70, 28.31, 28.63, 26.898, 668, 917, 1350, 1507, 1765, 1887, 2174, 2661, 10881, 5424, 0, 0, 5021, 8441, 11033, 13151, 19686, 21112, 26603, 31685, 36000, 36000, 1, 1
16:18:33, 1011.90, 28.30, 28.69, 26.844, 1008, 1535, 2153, 2582, 3740, 4061, 4886, 5532, 13603, 5512, 0, 0, 9253, 15257, 21291, 25685, 31198, 34769, 36000, 36000, 36000, 36000, 1, 1
16:18:34, 1012.00, 28.29, 28.61, 26.844, 1183, 1755, 2445, 2905, 3691, 4071, 4857, 5683, 10099, 4699, 0, 0, 8723, 14457, 20087, 24133, 27819, 31288, 35986, 36000, 36000, 36000, 1, 1
16:18:35, 1012.00, 28.29, 28.63, 26.766, 1375, 2086, 2906, 3480, 4432, 4756, 5777, 6693, 22146, 9548, 0, 0, 9194, 15032, 21091, 25290, 29383, 33480, 36000, 36000, 36000, 36000, 1, 1
16:18:35, 1011.60, 28.28, 28.65, 26.742, 1286, 1889, 2585, 3168, 4315, 4737, 5762, 6761, 15038, 6775, 0, 0, 9691, 15139, 21813, 25433, 29956, 33566, 36000, 36000, 36000, 36000, 1, 1
16:18:36, 1012.10, 28.26, 28.67, 26.742, 1985, 3022, 4214, 5002, 6739, 7264, 8704, 9960, 35919, 15123, 0, 1, 10831, 17990, 25145, 30617, 36000, 36000, 36000, 36000, 36000, 36000, 1, 1
16:18:37, 1011.40, 28.25, 28.63, 26.641, 2249, 3540, 4936, 5885, 6935, 7363, 8895, 10081, 36000, 15192, 1, 1, 11519, 19369, 26885, 32672, 36000, 36000, 36000, 36000, 36000, 36000, 1, 1
16:18:37, 1012.50, 28.29, 28.65, 26.641, 1754, 2679, 3743, 4381, 6285, 6670, 7937, 9097, 31855, 12980, 0, 0, 11173, 19014, 26265, 31473, 30686, 33666, 36000, 36000, 36000, 36000, 1, 1
16:18:38, 1011.90, 28.27, 28.65, 26.594, 1952, 2985, 4187, 4888, 5169, 5545, 6515, 7672, 27704, 11919, 0, 0, 8973, 15446, 21296, 26038, 32888, 35812, 36000, 36000, 36000, 36000, 1, 1
16:18:39, 1012.10, 28.29, 28.61, 26.555, 1511, 2221, 3076, 3641, 4366, 4723, 5585, 6634, 19197, 8597, 0, 0, 7483, 12433, 17504, 20792, 20048, 22168, 26407, 31161, 36000, 36000, 1, 1
16:18:39, 1012.30, 28.29, 28.65, 26.555, 1706, 2600, 3626, 4280, 4088, 4515, 5210, 6304, 20293, 9356, 0, 0, 6487, 10907, 15219, 18489, 18605, 19693, 23698, 27013, 36000, 34947, 1, 1
16:18:40, 1012.10, 28.29, 28.67, 26.531, 1782, 2752, 3827, 4557, 5295, 5677, 6710, 7858, 26668, 11658, 0, 0, 5481, 8932, 12965, 15132, 15410, 16217, 20001, 22300, 36000, 35587, 1, 1
16:18:41, 1012.00, 28.29, 28.65, 26.484, 1425, 2085, 2890, 3471, 5091, 5514, 6517, 7530, 18268, 7625, 0, 0, 3053, 4579, 6832, 7884, 10498, 11348, 14418, 16118, 36000, 31329, 1, 1
16:18:41, 1011.80, 28.30, 28.67, 26.484, 1460, 2265, 3080, 3807, 4684, 5017, 6177, 6934, 15606, 6742, 0, 0, 2395, 3757, 5398, 6458, 8682, 9253, 11923, 13428, 36000, 26701, 1, 1
16:18:42, 1012.30, 28.30, 28.67, 26.461, 2032, 3089, 4290, 5099, 6039, 6516, 7605, 8888, 29530, 12287, 0, 0, 1992, 3408, 4629, 5843, 4213, 4443, 5523, 6326, 18959, 7779, 0, 0
16:18:43, 1012.20, 28.30, 28.69, 26.469, 2447, 3877, 5409, 6477, 7087, 7478, 8969, 10124, 36000, 16575, 1, 1, 843, 1278, 1888, 2226, 2616, 2762, 3322, 3663, 12117, 4244, 0, 0
16:18:43, 1012.30, 28.30, 28.67, 26.469, 2403, 3738, 5170, 6266, 7151, 7709, 8992, 10286, 36000, 15287, 1, 1, 724, 1166, 1674, 2011, 2521, 2708, 3124, 3590, 11825, 4177, 0, 0
16:18:44, 1012.30, 28.30, 28.71, 26.500, 2265, 3548, 4947, 5928, 6722, 7123, 8378, 9612, 33611, 13941, 0, 1, 516, 902, 1234, 1568, 1706, 1817, 2141, 2481, 7331, 2651, 0, 0
16:18:45, 1012.10, 28.31, 28.71, 26.539, 2044, 3298, 4565, 5451, 6052, 6372, 7614, 8673, 25315, 10210, 0, 0, 291, 492, 694, 891, 891, 937, 1135, 1276, 3719, 1356, 0, 0
16:18:45, 1017.70, 28.41, 28.67, 26.539, 2099, 3347, 4638, 5575, 6678, 7058, 8411, 9552, 28332, 11595, 0, 0, 60, 91, 176, 304, 500, 572, 696, 736, 1513, 150, 0, 0
16:18:46, 1019.90, 28.60, 28.65, 27.844, 1878, 3129, 4549, 5636, 6273, 6733, 7971, 9223, 27073, 7820, 0, 0, 54, 78, 156, 278, 471, 544, 666, 706, 1414, 136, 0, 0
16:18:47, 1019.30, 28.75, 28.69, 29.133, 1843, 2981, 4368, 5400, 6399, 6829, 8085, 9286, 27768, 8183, 0, 0, 50, 74, 147, 258, 430, 496, 606, 642, 1285, 124, 0, 0
16:18:47, 1021.70, 28.87, 28.69, 29.133, 1781, 2897, 4249, 5217, 6405, 6799, 8141, 9310, 26132, 7555, 0, 0, 45, 67, 132, 233, 391, 454, 556, 590, 1156, 111, 0, 0
16:18:48, 1024.90, 28.97, 28.65, 29.695, 1496, 2528, 3813, 4846, 6043, 6457, 7770, 8928, 23633, 5975, 0, 0, 43, 62, 124, 224, 389, 456, 562, 597, 1154, 108, 0, 0
16:18:49, 1028.00, 29.06, 28.71, 29.953, 1255, 2137, 3368, 4438, 5495, 5964, 7190, 8279, 21927, 4870, 0, 0, 43, 59, 119, 222, 398, 469, 581, 619, 1197, 110, 0, 0
16:18:49, 1031.50, 29.13, 28.65, 29.953, 1189, 2008, 3247, 4332, 5500, 6027, 7214, 8363, 23077, 4894, 0, 0, 43, 59, 121, 226, 399, 471, 585, 623, 1236, 113, 0, 0
16:18:50, 1031.10, 29.18, 28.71, 30.070, 1016, 1713, 2873, 3998, 5081, 5614, 6788, 7864, 22027, 4117, 0, 0, 41, 54, 111, 212, 389, 461, 574, 612, 1203, 109, 0, 0
16:18:51, 1023.90, 29.24, 28.69, 30.109, 1153, 1940, 3134, 4270, 5437, 5930, 7117, 8189, 25416, 5500, 0, 0, 48, 67, 136, 248, 436, 508, 626, 665, 1366, 128, 0, 0
16:18:51, 1022.40, 29.28, 28.69, 30.109, 1452, 2406, 3664, 4729, 5779, 6281, 7404, 8537, 28495, 7336, 0, 0, 51, 74, 148, 263, 437, 506, 621, 659, 1379, 131, 0, 0
16:18:52, 1023.80, 29.32, 28.69, 30.133, 1546, 2567, 3928, 5044, 5670, 6157, 7305, 8407, 27572, 6848, 0, 0, 47, 66, 133, 240, 403, 470, 578, 615, 1257, 119, 0, 0
16:18:53, 1024.40, 29.34, 28.65, 30.156, 1396, 2317, 3580, 4628, 5434, 5914, 7014, 8095, 25702, 6248, 0, 0, 44, 62, 126, 228, 390, 455, 561, 597, 1200, 113, 0, 0
16:18:53, 1022.80, 29.37, 28.71, 30.156, 1385, 2285, 3538, 4572, 5568, 6051, 7163, 8269, 26079, 6336, 0, 0, 46, 65, 132, 237, 408, 475, 584, 621, 1264, 119, 0, 0
16:18:54, 1023.50, 29.40, 28.69, 30.164, 1504, 2477, 3766, 4828, 5958, 6446, 7617, 8792, 28609, 7435, 0, 0, 49, 71, 142, 252, 426, 494, 607, 644, 1345, 127, 0, 0
16:18:55, 1024.30, 29.42, 28.67, 30.172, 1426, 2372, 3660, 4734, 5847, 6342, 7539, 8684, 28294, 6897, 0, 0, 48, 68, 136, 246, 421, 490, 602, 640, 1331, 125, 0, 0
16:18:55, 1023.10, 29.44, 28.71, 30.172, 1452, 2405, 3729, 4849, 5944, 6453, 7672, 8821, 29362, 7158, 0, 0, 49, 70, 140, 250, 430, 498, 613, 650, 1371, 130, 0, 0
16:18:56, 1025.40, 29.45, 28.67, 30.164, 1525, 2541, 3885, 5027, 6054, 6566, 7857, 9000, 30140, 7346, 0, 0, 47, 67, 135, 243, 411, 479, 591, 628, 1310, 123, 0, 0
16:18:57, 1026.00, 29.46, 28.67, 30.172, 1342, 2249, 3535, 4664, 5756, 6282, 7521, 8639, 28109, 6436, 0, 0, 45, 64, 129, 234, 404, 472, 584, 620, 1282, 120, 0, 0
16:18:57, 1024.70, 29.47, 28.67, 30.172, 1358, 2279, 3574, 4722, 5805, 6317, 7557, 8687, 28443, 6533, 0, 0, 47, 65, 133, 240, 417, 487, 600, 638, 1327, 124, 0, 0
16:18:58, 1023.80, 29.49, 28.67, 30.164, 1452, 2402, 3695, 4829, 5956, 6452, 7707, 8839, 29875, 7313, 0, 0, 50, 72, 144, 257, 434, 504, 620, 658, 1393, 131, 0, 0
16:18:59, 1021.40, 29.50, 28.69, 30.156, 1502, 2495, 3830, 4963, 6069, 6581, 7804, 8951, 31008, 7982, 0, 0, 52, 77, 153, 269, 452, 521, 639, 677, 1433, 138, 0, 0
16:18:59, 1025.90, 29.51, 28.69, 30.156, 1630, 2724, 4123, 5305, 6080, 6590, 7801, 8977, 29319, 7398, 0, 0, 46, 66, 133, 240, 403, 471, 582, 619, 1267, 118, 0, 0
16:19:00, 1024.20, 29.53, 28.71, 30.148, 1259, 2084, 3311, 4365, 5274, 5798, 6900, 7950, 25341, 5764, 0, 0, 45, 63, 127, 231, 404, 473, 583, 620, 1262, 118, 0, 0
16:19:01, 1024.60, 29.55, 28.71, 30.156, 1416, 2345, 3621, 4656, 5691, 6166, 7315, 8429, 26507, 6471, 0, 0, 45, 63, 128, 231, 395, 462, 569, 606, 1219, 114, 0, 0
16:19:01, 1025.00, 29.57, 28.67, 30.156, 1330, 2222, 3458, 4508, 5579, 6058, 7210, 8349, 25200, 5957, 0, 0, 44, 62, 125, 228, 394, 462, 571, 607, 1202, 112, 0, 0
16:19:02, 1024.50, 29.58, 28.65, 30.164, 1362, 2272, 3538, 4592, 5694, 6166, 7329, 8481, 25868, 6224, 0, 0, 46, 65, 131, 237, 411, 480, 591, 628, 1263, 118, 0, 0
16:19:03, 1024.90, 29.58, 28.67, 30.172, 1389, 2323, 3603, 4687, 5691, 6177, 7320, 8477, 26538, 6442, 0, 0, 47, 66, 133, 241, 414, 483, 595, 633, 1290, 121, 0, 0
16:19:03, 1025.40, 29.59, 28.69, 30.172, 1365, 2286, 3558, 4636, 5591, 6082, 7225, 8346, 26665, 6338, 0, 0, 46, 64, 130, 236, 404, 472, 583, 620, 1267, 118, 0, 0
16:19:04, 1025.20, 29.60, 28.71, 30.156, 1339, 2228, 3500, 4563, 5514, 5998, 7166, 8245, 26475, 6170, 0, 0, 44, 62, 126, 229, 392, 459, 567, 603, 1229, 115, 0, 0
16:19:05, 1024.60, 29.60, 28.71, 30.148, 1355, 2241, 3469, 4543, 5734, 6218, 7390, 8500, 27554, 6573, 0, 0, 46, 66, 133, 239, 412, 481, 591, 629, 1311, 123, 0, 0
16:19:05, 1026.20, 29.61, 28.71, 30.148, 1356, 2269, 3543, 4641, 5776, 6272, 7491, 8618, 27861, 6469, 0, 0, 46, 65, 132, 239, 408, 478, 591, 628, 1271, 119, 0, 0
16:19:06, 1026.40, 29.63, 28.65, 30.133, 1294, 2182, 3438, 4593, 5710, 6226, 7462, 8576, 27851, 6164, 0, 0, 47, 66, 134, 245, 429, 502, 620, 659, 1366, 127, 0, 0
16:19:07, 1026.30, 29.65, 28.69, 30.133, 1362, 2315, 3614, 4821, 5922, 6422, 7729, 8849, 30000, 6833, 0, 0, 50, 71, 144, 261, 447, 521, 643, 683, 1453, 135, 0, 0
16:19:07, 1027.20, 29.67, 28.69, 30.133, 1352, 2306, 3604, 4823, 5858, 6365, 7658, 8794, 29538, 6673, 0, 0, 49, 69, 139, 252, 427, 499, 615, 654, 1386, 129, 0, 0
16:19:08, 1027.40, 29.68, 28.65, 30.117, 1279, 2162, 3422, 4584, 5586, 6104, 7307, 8438, 26985, 5851, 0, 0, 45, 62, 126, 231, 398, 467, 577, 614, 1267, 118, 0, 0
16:19:09, 1027.60, 29.68, 28.67, 30.117, 1219, 2048, 3264, 4372, 5315, 5824, 6964, 8038, 24729, 5220, 0, 0, 42, 58, 119, 220, 386, 454, 563, 599, 1204, 111, 0, 0
16:19:01, 1027.70, 29.68, 28.69, 30.117, 1192, 1994, 3178, 4240, 5332, 5810, 6960, 8020, 24620, 5340, 0, 0, 43, 59, 121, 223, 392, 461, 570, 607, 1215, 112, 0, 0
16:19:10, 1028.30, 29.70, 28.63, 30.109, 1160, 1950, 3129, 4210, 5232, 5709, 6859, 7916, 24039, 5044, 0, 0, 43, 59, 120, 223, 398, 468, 580, 618, 1241, 114, 0, 0
16:19:11, 1029.10, 29.70, 28.67, 30.109, 1163, 1963, 3162, 4263, 5281, 5784, 6938, 8006, 24727, 5222, 0, 0, 44, 60, 123, 228, 402, 474, 588, 626, 1263, 116, 0, 0
16:19:12, 1033.70, 29.70, 28.71, 30.109, 1141, 1942, 3164, 4332, 5337, 5891, 7089, 8173, 24999, 5095, 0, 0, 42, 57, 116, 219, 383, 454, 566, 603, 1222, 111, 0, 0
16:19:12, 1035.70, 29.71, 28.69, 30.117, 906, 1531, 2612, 3744, 4622, 5188, 6266, 7282, 21414, 3687, 0, 0, 38, 49, 101, 196, 362, 433, 542, 579, 1146, 103, 0, 0
16:19:13, 1029.50, 29.73, 28.65, 30.117, 874, 1456, 2481, 3557, 4613, 5172, 6211, 7209, 21372, 3737, 0, 0, 41, 54, 110, 210, 387, 459, 572, 609, 1223, 112, 0, 0
16:19:14, 1023.50, 29.74, 28.67, 30.125, 1189, 1985, 3150, 4244, 5327, 5818, 6942, 7977, 26333, 5930, 0, 0, 49, 69, 139, 251, 433, 504, 621, 659, 1369, 129, 0, 0
16:19:14, 1023.80, 29.75, 28.69, 30.125, 1460, 2423, 3714, 4807, 5821, 6288, 7499, 8605, 28645, 7123, 0, 0, 49, 70, 140, 251, 424, 494, 608, 646, 1338, 126, 0, 0
16:19:15, 1018.60, 29.75, 28.65, 30.125, 1483, 2448, 3733, 4840, 5935, 6435, 7613, 8759, 28670, 7359, 0, 0, 51, 75, 149, 262, 449, 517, 633, 670, 1386, 134, 0, 0
16:19:16, 1015.60, 29.76, 28.67, 30.117, 1944, 3163, 4562, 5660, 6613, 7090, 8340, 9537, 32596, 10465, 0, 1, 57, 86, 168, 290, 485, 554, 675, 714, 1509, 150, 0, 0
16:19:16, 1021.40, 29.77, 28.71, 30.109, 2209, 3463, 4844, 5902, 6524, 7048, 8166, 9348, 33956, 12715, 0, 1, 58, 87, 170, 291, 466, 535, 653, 693, 1519, 147, 0, 0
16:19:17, 1017.90, 29.78, 28.69, 30.109, 1314, 2142, 3197, 4130, 5044, 5458, 6393, 7420, 27736, 8007, 0, 0, 54, 81, 159, 275, 448, 514, 628, 665, 1432, 140, 0, 0
16:19:18, 1021.30, 29.79, 28.71, 30.109, 1862, 2990, 4354, 5329, 6222, 6735, 7871, 9136, 30215, 8805, 0, 0, 48, 70, 138, 242, 409, 475, 584, 620, 1273, 122, 0, 0
16:19:18, 1021.50, 29.80, 28.69, 30.109, 1561, 2549, 3863, 4862, 5805, 6292, 7415, 8567, 27959, 7312, 0, 0, 48, 70, 139, 246, 425, 493, 605, 642, 1331, 127, 0, 0
16:19:19, 1020.70, 29.81, 28.67, 30.109, 1590, 2648, 3967, 5071, 5963, 6444, 7627, 8785, 29547, 7745, 0, 0, 50, 73, 146, 259, 446, 516, 633, 671, 1382, 132, 0, 0
16:19:20, 1024.90, 29.82, 28.71, 30.109, 1709, 2850, 4214, 5366, 6152, 6606, 7866, 9022, 32502, 9031, 0, 1, 54, 79, 158, 280, 443, 517, 636, 675, 1414, 133, 0, 0
16:19:20, 1023.60, 29.83, 28.69, 30.109, 1425, 2393, 3706, 4859, 5936, 6430, 7697, 8853, 30463, 7495, 0, 0, 51, 74, 148, 265, 445, 518, 638, 676, 1408, 133, 0, 0
16:19:21, 1026.70, 29.83, 28.71, 30.109, 1494, 2505, 3845, 4998, 6182, 6727, 8006, 9216, 30687, 7491, 0, 0, 48, 69, 139, 250, 417, 487, 601, 638, 1326, 124, 0, 0
16:19:22, 1030.40, 29.84, 28.69, 30.117, 1223, 2078, 3351, 4555, 5425, 5983, 7162, 8288, 24996, 5067, 0, 0, 41, 55, 112, 212, 380, 449, 559, 596, 1177, 107, 0, 0
16:19:22, 1027.60, 29.84, 28.69, 30.125, 1136, 1915, 3119, 4224, 5302, 5821, 6984, 8064, 24173, 4952, 0, 0, 43, 58, 119, 222, 394, 465, 577, 614, 1212, 112, 0, 0
16:19:23, 1031.20, 29.85, 28.71, 30.125, 1189, 2039, 3265, 4416, 5309, 5864, 6983, 8146, 24056, 5061, 0, 0, 42, 57, 117, 219, 385, 457, 568, 606, 1183, 108, 0, 0
16:19:24, 1033.80, 29.86, 28.71, 30.125, 1022, 1751, 2895, 4029, 4962, 5502, 6610, 7686, 22249, 4243, 0, 0, 40, 53, 109, 209, 377, 450, 561, 599, 1171, 106, 0, 0
16:19:24, 1032.70, 29.86, 28.71, 30.133, 891, 1516, 2582, 3703, 4552, 5094, 6164, 7155, 20281, 3515, 0, 0, 39, 49, 101, 197, 372, 444, 555, 592, 1147, 103, 0, 0
16:19:25, 1026.60, 29.87, 28.71, 30.133, 1038, 1744, 2876, 3964, 5192, 5724, 6891, 7947, 23221, 4613, 0, 0, 43, 58, 119, 221, 400, 472, 584, 622, 1233, 114, 0, 0
16:19:26, 1027.10, 29.87, 28.71, 30.125, 1363, 2278, 3592, 4698, 5880, 6427, 7626, 8836, 26613, 6079, 0, 0, 45, 62, 126, 230, 396, 467, 578, 614, 1217, 113, 0, 0
16:19:26, 1027.20, 29.87, 28.69, 30.141, 1259, 2116, 3385, 4483, 5711, 6250, 7425, 8615, 25099, 5513, 0, 0, 44, 60, 122, 226, 398, 469, 580, 618, 1219, 113, 0, 0
16:19:27, 1027.20, 29.88, 28.72, 30.141, 1283, 2162, 3457, 4579, 5731, 6267, 7460, 8632, 24906, 5455, 0, 0, 44, 61, 125, 231, 402, 473, 585, 622, 1229, 114, 0, 0
16:19:28, 1027.50, 29.88, 28.71, 30.133, 1307, 2209, 3518, 4643, 5799, 6339, 7568, 8727, 25140, 5534, 0, 0, 45, 62, 126, 231, 400, 470, 581, 619, 1225, 113, 0, 0
16:19:28, 1028.30, 29.88, 28.69, 30.148, 1267, 2148, 3439, 4560, 5660, 6194, 7387, 8544, 24449, 5316, 0, 0, 44, 60, 122, 225, 392, 462, 572, 608, 1199, 111, 0, 0
16:19:29, 1027.90, 29.89, 28.71, 30.148, 1222, 2068, 3332, 4441, 5512, 6041, 7209, 8346, 23515, 5015, 0, 0, 42, 58, 118, 220, 387, 455, 564, 600, 1177, 109, 0, 0
16:19:30, 1029.20, 29.89, 28.71, 30.148, 1201, 2031, 3259, 4341, 5375, 5904, 7047, 8170, 23247, 4994, 0, 0, 42, 57, 116, 217, 379, 448, 557, 593, 1157, 106, 0, 0
16:19:30, 1026.80, 29.89, 28.69, 30.156, 1124, 1899, 3083, 4166, 5276, 5784, 6924, 8014, 22798, 4780, 0, 0, 42, 58, 118, 220, 393, 464, 574, 611, 1185, 110, 0, 0
16:19:31, 1025.60, 29.89, 28.71, 30.156, 1288, 2172, 3438, 4541, 5518, 6014, 7174, 8285, 24669, 5527, 0, 0, 45, 62, 125, 231, 408, 479, 592, 629, 1251, 116, 0, 0
16:19:32, 1020.40, 29.90, 28.71, 30.156, 1366, 2268, 3490, 4566, 5589, 6069, 7172, 8230, 27020, 6769, 0, 0, 52, 76, 151, 268, 462, 532, 651, 690, 1453, 139, 0, 0
16:19:32, 1021.30, 29.92, 28.71, 30.156, 1703, 2811, 4165, 5273, 6001, 6476, 7644, 8762, 30036, 8328, 0, 0, 52, 77, 152, 269, 448, 518, 634, 672, 1414, 135, 0, 0
16:19:33, 1022.00, 29.92, 28.71, 30.156, 1587, 2631, 3939, 5022, 5643, 6105, 7226, 8309, 28009, 7374, 0, 0, 49, 70, 140, 249, 416, 483, 594, 630, 1292, 123, 0, 0
16:19:34, 1022.30, 29.92, 28.69, 30.133, 1507, 2497, 3757, 4798, 5554, 5997, 7102, 8199, 26645, 6977, 0, 0, 46, 66, 131, 235, 397, 462, 569, 604, 1216, 115, 0, 0
16:19:34, 1022.30, 29.93, 28.71, 30.141, 1435, 2389, 3596, 4595, 5485, 5914, 7015, 8119, 25436, 6635, 0, 0, 45, 65, 130, 233, 398, 464, 571, 605, 1209, 114, 0, 0
16:19:35, 1022.70, 29.93, 28.72, 30.141, 1452, 2417, 3635, 4624, 5502, 5928, 7047, 8159, 25122, 6611, 0, 0, 47, 67, 134, 240, 409, 477, 586, 622, 1246, 118, 0, 0
16:19:36, 1024.60, 29.93, 28.71, 30.133, 1418, 2383, 3602, 4620, 5538, 6006, 7140, 8293, 25340, 6501, 0, 0, 46, 66, 133, 240, 407, 476, 587, 624, 1238, 116, 0, 0
16:19:36, 1025.60, 29.93, 28.71, 30.148, 1303, 2189, 3383, 4411, 5453, 5951, 7069, 8196, 25317, 6154, 0, 0, 45, 64, 129, 234, 400, 469, 579, 614, 1228, 114, 0, 0
16:19:37, 1027.40, 29.94, 28.72, 30.148, 1239, 2085, 3266, 4323, 5337, 5846, 6955, 8070, 25008, 5771, 0, 0, 43, 60, 121, 222, 384, 450, 557, 592, 1186, 109, 0, 0
16:19:38, 1030.20, 29.95, 28.72, 30.133, 1116, 1894, 3032, 4105, 5057, 5576, 6646, 7712, 23650, 5047, 0, 0, 41, 55, 112, 210, 370, 437, 543, 577, 1145, 104, 0, 0
16:19:38, 1030.50, 29.96, 28.71, 30.148, 1012, 1705, 2789, 3819, 4831, 5327, 6385, 7376, 22454, 4531, 0, 0, 40, 53, 109, 205, 367, 435, 541, 576, 1136, 103, 0, 0
16:19:39, 1027.70, 29.97, 28.71, 30.148, 1004, 1690, 2763, 3791, 4802, 5281, 6348, 7317, 22540, 4571, 0, 0, 41, 56, 114, 214, 387, 456, 565, 601, 1193, 110, 0, 0
16:19:40, 1026.20, 29.97, 28.71, 30.156, 1197, 1998, 3152, 4178, 5200, 5664, 6768, 7771, 25321, 5810, 0, 0, 45, 63, 127, 233, 402, 471, 581, 617, 1264, 117, 0, 0
16:19:40, 1026.40, 29.97, 28.71, 30.156, 1213, 2019, 3185, 4219, 5183, 5655, 6762, 7757, 25300, 5743, 0, 0, 44, 61, 124, 228, 394, 462, 570, 605, 1236, 115, 0, 0
16:19:41, 1026.10, 29.97, 28.71, 30.156, 1200, 2002, 3152, 4172, 5188, 5653, 6756, 7750, 25229, 5773, 0, 0, 44, 61, 123, 225, 391, 458, 565, 600, 1219, 113, 0, 0
16:19:42, 1026.70, 29.98, 28.69, 30.148, 1205, 2026, 3188, 4226, 5180, 5653, 6744, 7769, 24821, 5644, 0, 0, 43, 59, 120, 220, 383, 451, 557, 592, 1190, 110, 0, 0
16:19:42, 1028.60, 29.98, 28.72, 30.148, 1166, 1957, 3107, 4135, 5049, 5525, 6597, 7620, 23803, 5282, 0, 0, 42, 58, 117, 217, 377, 444, 550, 585, 1170, 108, 0, 0
16:19:43, 1029.20, 29.98, 28.69, 30.148, 1053, 1777, 2873, 3903, 4803, 5283, 6328, 7314, 22441, 4667, 0, 0, 41, 55, 112, 210, 374, 442, 548, 582, 1152, 105, 0, 0
16:19:44, 1030.70, 29.98, 28.71, 30.148, 1066, 1799, 2906, 3949, 4929, 5424, 6491, 7492, 23226, 4860, 0, 0, 41, 55, 113, 212, 375, 442, 549, 584, 1165, 106, 0, 0
16:19:44, 1035.20, 29.99, 28.71, 30.164, 966, 1650, 2731, 3816, 4721, 5249, 6319, 7330, 22060, 4212, 0, 0, 38, 49, 100, 193, 349, 417, 522, 556, 1084, 97, 0, 0
16:19:45, 1035.90, 29.99, 28.71, 30.164, 833, 1397, 2377, 3385, 4446, 4948, 5985, 6927, 20765, 3800, 0, 0, 37, 47, 98, 189, 344, 412, 516, 551, 1067, 95, 0, 0
16:19:46, 1038.00, 30.00, 28.72, 30.164, 777, 1304, 2258, 3272, 4200, 4708, 5706, 6629, 19025, 3248, 0, 0, 34, 42, 88, 174, 325, 393, 494, 528, 995, 88, 0, 0
16:19:46, 1037.80, 30.00, 28.72, 30.164, 741, 1232, 2149, 3127, 4132, 4620, 5600, 6512, 18399, 3134, 0, 0, 34, 42, 87, 173, 324, 391, 491, 524, 991, 88, 0, 0
16:19:47, 1039.30, 30.00, 28.71, 30.164, 724, 1211, 2119, 3103, 4068, 4573, 5543, 6459, 17838, 2990, 0, 0, 33, 40, 84, 167, 316, 383, 482, 516, 964, 85, 0, 0
16:19:48, 1042.20, 30.00, 28.71, 30.156, 686, 1136, 2010, 2974, 4007, 4522, 5499, 6409, 17541, 2887, 0, 0, 33, 40, 82, 165, 309, 376, 475, 508, 955, 83, 0, 0
16:19:48, 1046.50, 30.00, 28.76, 30.133, 613, 997, 1806, 2752, 3750, 4268, 5217, 6099, 16366, 2501, 0, 0, 31, 36, 75, 153, 293, 360, 457, 490, 907, 79, 0, 0
16:19:49, 1053.00, 30.01, 28.71, 30.133, 536, 854, 1591, 2516, 3438, 3965, 4881, 5724, 15158, 2121, 0, 0, 28, 32, 66, 138, 270, 337, 431, 464, 848, 73, 0, 0
16:19:50, 1063.70, 30.00, 28.72, 30.102, 431, 645, 1258, 2117, 2952, 3475, 4383, 5112, 12662, 1508, 0, 0, 24, 25, 50, 111, 231, 296, 385, 416, 729, 62, 0, 0
16:19:50, 1069.20, 30.01, 28.72, 30.102, 335, 463, 923, 1662, 2524, 3023, 3867, 4521, 10480, 1118, 0, 0, 22, 22, 43, 98, 215, 279, 365, 397, 689, 58, 0, 0
16:19:51, 1077.60, 30.01, 28.71, 30.062, 297, 391, 788, 1469, 2257, 2742, 3540, 4151, 9090, 917, 0, 0, 20, 19, 36, 84, 189, 250, 331, 361, 611, 51, 0, 0
16:19:52, 1094.70, 30.01, 28.72, 30.039, 245, 302, 612, 1204, 1895, 2369, 3097, 3655, 7642, 731, 0, 0, 16, 15, 26, 63, 147, 202, 275, 303, 486, 40, 0, 0
16:19:52, 1106.40, 30.01, 28.71, 30.039, 157, 170, 329, 712, 1259, 1643, 2212, 2646, 4835, 420, 0, 0, 13, 11, 18, 44, 117, 166, 231, 257, 385, 32, 0, 0
16:19:53, 1112.20, 30.00, 28.71, 30.008, 139, 147, 278, 616, 1201, 1592, 2148, 2580, 4588, 400, 0, 0, 12, 10, 16, 40, 106, 153, 214, 239, 358, 30, 0, 0
16:19:54, 1122.10, 30.00, 28.69, 29.969, 130, 134, 250, 565, 1087, 1466, 1990, 2396, 4144, 359, 0, 0, 11, 9, 14, 34, 94, 137, 194, 218, 325, 27, 0, 0
16:19:54, 1134.80, 30.00, 28.71, 29.969, 104, 103, 183, 422, 844, 1168, 1615, 1965, 3199, 273, 0, 0, 9, 8, 11, 26, 76, 114, 165, 188, 267, 22, 0, 0
16:19:55, 1143.80, 29.99, 28.71, 29.937, 85, 83, 138, 326, 711, 1008, 1423, 1730, 2767, 234, 0, 0, 8, 6, 9, 21, 65, 99, 147, 168, 232, 19, 0, 0
16:19:56, 1150.70, 29.99, 28.72, 29.922, 80, 77, 126, 299, 703, 1000, 1427, 1724, 2873, 244, 0, 0, 7, 6, 8, 19, 60, 93, 138, 158, 221, 18, 0, 0
16:19:56, 1160.70, 29.98, 28.72, 29.922, 73, 69, 110, 261, 608, 883, 1275, 1547, 2579, 216, 0, 0, 6, 5, 7, 16, 51, 81, 122, 141, 196, 16, 0, 0
16:19:57, 1169.10, 29.98, 28.71, 29.906, 62, 58, 88, 209, 500, 742, 1094, 1333, 2142, 177, 0, 0, 5, 5, 6, 13, 44, 71, 108, 126, 171, 14, 0, 0
16:19:58, 1175.80, 29.97, 28.74, 29.898, 55, 52, 76, 179, 453, 682, 1012, 1238, 1905, 157, 0, 0, 5, 4, 5, 11, 38, 63, 98, 114, 152, 12, 0, 0
16:19:58, 1180.60, 29.97, 28.74, 29.898, 49, 45, 65, 152, 399, 608, 906, 1116, 1631, 135, 0, 0, 5, 4, 4, 10, 35, 59, 91, 107, 141, 11, 0, 0
16:19:59, 1189.90, 29.97, 28.72, 29.898, 44, 42, 59, 135, 353, 541, 821, 1011, 1469, 124, 0, 0, 4, 3, 4, 9, 31, 51, 81, 96, 122, 10, 0, 0
16:20:00, 1199.60, 29.97, 28.71, 29.898, 38, 35, 48, 109, 291, 454, 696, 869, 1219, 103, 0, 0, 4, 3, 3, 7, 26, 45, 73, 87, 109, 9, 0, 0
16:20:00, 1208.90, 29.96, 28.72, 29.898, 33, 31, 41, 91, 254, 405, 628, 787, 1093, 91, 0, 0, 3, 2, 3, 6, 23, 40, 65, 78, 98, 8, 0, 0
16:20:01, 1215.60, 29.96, 28.76, 29.898, 30, 27, 36, 78, 227, 368, 577, 724, 1020, 85, 0, 0, 3, 2, 3, 5, 21, 37, 61, 74, 94, 7, 0, 0
16:20:02, 1226.80, 29.96, 28.72, 29.891, 28, 26, 33, 70, 204, 337, 536, 675, 963, 80, 0, 0, 2, 2, 2, 4, 18, 31, 53, 64, 80, 6, 0, 0
16:20:02, 1233.00, 29.96, 28.72, 29.891, 24, 22, 28, 58, 174, 293, 476, 601, 794, 65, 0, 0, 2, 2, 2, 4, 15, 28, 48, 58, 71, 5, 0, 0
16:20:03, 1241.80, 29.96, 28.71, 29.883, 22, 21, 26, 53, 167, 282, 460, 581, 784, 65, 0, 0, 2, 1, 1, 3, 13, 25, 43, 53, 63, 5, 0, 0
16:20:04, 1251.40, 29.96, 28.74, 29.891, 18, 17, 21, 41, 131, 225, 374, 478, 610, 51, 0, 0, 2, 1, 1, 3, 11, 21, 37, 46, 54, 4, 0, 0
16:20:04, 1259.90, 29.96, 28.74, 29.891, 16, 15, 18, 35, 114, 199, 335, 430, 527, 44, 0, 0, 1, 1, 1, 2, 10, 19, 34, 42, 50, 4, 0, 0
16:20:05, 1271.10, 29.95, 28.72, 29.891, 14, 13, 16, 29, 97, 172, 295, 383, 471, 39, 0, 0, 1, 1, 1, 2, 8, 16, 30, 37, 43, 3, 0, 0
16:20:06, 1277.60, 29.96, 28.71, 29.883, 12, 11, 14, 24, 81, 146, 254, 332, 397, 33, 0, 0, 1, 1, 0, 1, 7, 15, 27, 34, 39, 3, 0, 0
16:20:06, 1285.20, 29.96, 28.74, 29.883, 12, 11, 13, 22, 78, 142, 250, 325, 383, 32, 0, 0, 1, 1, 0, 1, 7, 13, 24, 31, 36, 2, 0, 0
16:20:07, 1295.80, 29.96, 28.72, 29.875, 10, 10, 12, 20, 66, 123, 220, 289, 336, 28, 0, 0, 1, 0, 0, 1, 6, 11, 22, 28, 32, 2, 0, 0
16:20:08, 1308.70, 29.96, 28.72, 29.875, 9, 8, 10, 16, 53, 100, 183, 242, 272, 23, 0, 0, 1, 0, 0, 1, 4, 9, 18, 23, 25, 2, 0, 0
16:20:08, 1314.00, 29.95, 28.71, 29.875, 7, 7, 8, 12, 45, 87, 161, 214, 231, 19, 0, 0, 0, 0, 0, 1, 4, 8, 17, 22, 24, 2, 0, 0
16:20:09, 1325.50, 29.95, 28.71, 29.883, 7, 7, 8, 12, 42, 81, 152, 204, 212, 18, 0, 0, 0, 0, 0, 0, 3, 7, 14, 19, 20, 1, 0, 0
16:20:10, 1334.10, 29.95, 28.72, 29.891, 6, 5, 7, 10, 34, 67, 128, 174, 174, 15, 0, 0, 0, 0, 0, 0, 3, 6, 13, 17, 18, 1, 0, 0
16:20:10, 1343.70, 29.95, 28.74, 29.891, 5, 5, 6, 8, 29, 58, 112, 154, 158, 13, 0, 0, 0, 0, 0, 0, 2, 5, 11, 15, 16, 1, 0, 0
16:20:11, 1351.30, 29.95, 28.74, 29.875, 4, 4, 5, 8, 27, 54, 106, 146, 150, 13, 0, 0, 0, 0, 0, 0, 2, 5, 10, 14, 15, 0, 0, 0
16:20:12, 1362.00, 29.95, 28.72, 29.875, 4, 4, 5, 7, 23, 48, 95, 131, 138, 12, 0, 0, 0, 0, 0, 0, 2, 4, 9, 12, 13, 0, 0, 0
16:20:12, 1373.30, 29.95, 28.76, 29.875, 3, 3, 4, 6, 19, 40, 82, 113, 115, 10, 0, 0, 0, 0, 0, 0, 1, 3, 7, 10, 11, 0, 0, 0
16:20:13, 1381.40, 29.95, 28.72, 29.875, 3, 3, 4, 5, 17, 36, 75, 104, 102, 9, 0, 0, 0, 0, 0, 0, 1, 3, 7, 10, 9, 0, 0, 0
16:20:14, 1388.20, 29.95, 28.74, 29.875, 3, 3, 3, 5, 15, 33, 68, 95, 93, 8, 0, 0, 0, 0, 0, 0, 1, 2, 6, 9, 9, 0, 0, 0
16:20:14, 1395.30, 29.95, 28.72, 29.875, 2, 2, 3, 4, 14, 30, 62, 87, 83, 7, 0, 0, 0, 0, 0, 0, 1, 2, 6, 8, 8, 0, 0, 0
16:20:15, 1403.70, 29.95, 28.72, 29.867, 2, 2, 3, 3, 11, 25, 53, 76, 70, 6, 0, 0, 0, 0, 0, 0, 1, 2, 5, 7, 7, 0, 0, 0
16:20:16, 1412.20, 29.95, 28.76, 29.883, 2, 2, 3, 3, 10, 22, 48, 69, 64, 5, 0, 0, 0, 0, 0, 0, 1, 2, 4, 7, 6, 0, 0, 0
16:20:16, 1425.30, 29.95, 28.72, 29.883, 1, 2, 2, 3, 9, 20, 44, 63, 59, 5, 0, 0, 0, 0, 0, 0, 0, 1, 4, 6, 6, 0, 0, 0
16:20:17, 1435.10, 29.95, 28.74, 29.875, 1, 1, 2, 1, 7, 16, 37, 53, 48, 4, 0, 0, 0, 0, 0, 0, 0, 1, 3, 5, 5, 0, 0, 0
16:20:18, 1445.00, 29.95, 28.78, 29.883, 1, 1, 2, 2, 6, 15, 34, 49, 44, 4, 0, 0, 0, 0, 0, 0, 0, 1, 3, 5, 4, 0, 0, 0
16:20:18, 1451.10, 29.95, 28.72, 29.883, 1, 1, 2, 2, 5, 13, 30, 44, 38, 3, 0, 0, 0, 0, 0, 0, 0, 1, 2, 4, 4, 0, 0, 0
16:20:19, 1461.80, 29.95, 28.76, 29.875, 1, 1, 2, 1, 5, 12, 27, 40, 37, 3, 0, 0, 0, 0, 0, 0, 0, 1, 2, 4, 3, 0, 0, 0
16:20:20, 1470.00, 29.95, 28.72, 29.875, 1, 1, 1, 2, 4, 10, 24, 35, 31, 3, 0, 0, 0, 0, 0, 0, 0, 0, 2, 4, 3, 0, 0, 0
16:20:20, 1479.90, 29.95, 28.74, 29.875, 0, 0, 1, 1, 3, 8, 20, 30, 27, 2, 0, 0, 0, 0, 0, 0, 0, 0, 2, 3, 3, 0, 0, 0
16:20:21, 1490.40, 29.95, 28.76, 29.867, 0, 0, 1, 1, 3, 7, 18, 27, 25, 2, 0, 0, 0, 0, 0, 0, 0, 0, 2, 3, 3, 0, 0, 0
16:20:22, 1499.10, 29.95, 28.76, 29.867, 0, 0, 1, 1, 2, 6, 16, 24, 22, 2, 0, 0, 0, 0, 0, 0, 0, 0, 2, 3, 3, 0, 0, 0
16:20:22, 1510.60, 29.95, 28.71, 29.875, 0, 0, 1, 1, 2, 5, 14, 21, 19, 2, 0, 0, 0, 0, 0, 0, 0, 0, 2, 3, 2, 0, 0, 0
16:20:23, 1519.40, 29.95, 28.74, 29.867, 0, 0, 1, 1, 1, 4, 12, 18, 16, 1, 0, 0, 0, 0, 0, 0, 0, 0, 1, 3, 2, 0, 0, 0
16:20:24, 1527.80, 29.95, 28.72, 29.867, 0, 0, 1, 0, 1, 4, 11, 17, 15, 1, 0, 0, 0, 0, 0, 0, 0, 0, 1, 3, 2, 0, 0, 0
16:20:24, 1536.60, 29.95, 28.78, 29.867, 0, 0, 1, 0, 1, 3, 10, 15, 13, 1, 0, 0, 0, 0, 0, 0, 0, 0, 1, 3, 2, 0, 0, 0
16:20:25, 1544.50, 29.95, 28.74, 29.867, 0, 0, 1, 1, 1, 3, 9, 13, 12, 1, 0, 0, 0, 0, 0, 0, 0, 0, 2, 3, 2, 0, 0, 0
16:20:26, 1552.10, 29.94, 28.76, 29.867, 0, 0, 1, 1, 1, 3, 8, 13, 11, 1, 0, 0, 0, 0, 0, 0, 0, 0, 1, 3, 3, 0, 0, 0
16:20:27, 1561.20, 29.95, 28.69, 29.867, 0, 0, 1, 1, 1, 2, 8, 12, 11, 1, 0, 0, 0, 0, 0, 0, 0, 0, 2, 3, 3, 0, 0, 0
16:20:27, 1573.60, 29.95, 28.76, 29.859, 0, 0, 1, 1, 0, 2, 7, 10, 9, 1, 0, 0, 0, 0, 0, 0, 0, 0, 2, 4, 3, 0, 0, 0
16:20:28, 1580.00, 29.95, 28.72, 29.859, 0, 0, 1, 1, 0, 2, 6, 9, 7, 1, 0, 0, 0, 0, 0, 0, 0, 0, 2, 4, 3, 0, 0, 0
16:20:29, 1590.60, 29.95, 28.74, 29.859, 0, 0, 0, 1, 0, 1, 5, 8, 7, 1, 0, 0, 0, 0, 0, 0, 0, 0, 1, 3, 3, 0, 0, 0
16:20:29, 1596.50, 29.95, 28.78, 29.859, 0, 0, 0, 1, 0, 1, 5, 6, 6, 1, 0, 0, 0, 0, 0, 0, 0, 0, 0, 1, 1, 0, 0, 0
16:20:30, 1598.70, 29.95, 28.76, 29.859, 0, 0, 0, 0, 0, 1, 4, 6, 4, 0, 0, 0, 0, 0, 0, 0, 0, 0, 0, 0, 0, 0, 0, 0
16:20:31, 1598.80, 29.94, 28.72, 29.859, 0, 0, 0, 0, 0, 0, 3, 4, 2, 0, 0, 0, 0, 0, 0, 0, 0, 0, 0, 0, 0, 0, 0, 0
16:20:31, 1598.70, 29.94, 28.76, 29.867, 0, 0, 0, 1, 0, 0, 3, 4, 2, 0, 0, 0, 0, 0, 0, 0, 0, 0, 0, 0, 0, 0, 0, 0
16:20:32, 1598.60, 29.93, 28.80, 29.867, 0, 0, 0, 1, 0, 0, 3, 4, 2, 0, 0, 0, 0, 0, 0, 0, 0, 0, 0, 0, 0, 0, 0, 0
16:20:33, 1597.10, 29.93, 28.72, 29.852, 0, 0, 0, 1, 0, 0, 3, 4, 2, 0, 0, 0, 0, 0, 0, 0, 0, 0, 0, 0, 0, 0, 0, 0
16:20:33, 1588.50, 29.93, 28.71, 29.859, 0, 0, 0, 0, 0, 1, 4, 7, 5, 0, 0, 0, 0, 0, 0, 0, 0, 0, 1, 3, 3, 0, 0, 0
16:20:34, 1588.70, 29.93, 28.76, 29.859, 0, 0, 0, 1, 0, 1, 5, 8, 7, 1, 0, 0, 0, 0, 0, 0, 0, 0, 1, 4, 3, 0, 0, 0
16:20:35, 1588.00, 29.94, 28.76, 29.852, 0, 0, 0, 1, 0, 1, 5, 8, 6, 1, 0, 0, 0, 0, 0, 0, 0, 0, 2, 3, 3, 0, 0, 0
16:20:35, 1588.10, 29.94, 28.74, 29.852, 0, 0, 0, 1, 0, 1, 5, 7, 7, 1, 0, 0, 0, 0, 0, 0, 0, 0, 2, 3, 3, 0, 0, 0
16:20:36, 1590.50, 29.94, 28.74, 29.852, 0, 0, 0, 1, 0, 1, 5, 9, 7, 1, 0, 0, 0, 0, 0, 0, 0, 0, 1, 3, 3, 0, 0, 0
16:20:37, 1589.40, 29.94, 28.74, 29.852, 0, 0, 0, 0, 0, 1, 5, 7, 7, 1, 0, 0, 0, 0, 0, 0, 0, 0, 1, 3, 3, 0, 0, 0
16:20:37, 1589.90, 29.94, 28.78, 29.859, 0, 0, 0, 1, 0, 1, 5, 8, 7, 1, 0, 0, 0, 0, 0, 0, 0, 0, 1, 3, 3, 0, 0, 0
16:20:38, 1590.20, 29.94, 28.80, 29.859, 0, 0, 0, 1, 0, 1, 5, 8, 7, 1, 0, 0, 0, 0, 0, 0, 0, 0, 1, 3, 3, 0, 0, 0
16:20:39, 1589.00, 29.94, 28.78, 29.859, 0, 0, 1, 0, 0, 1, 5, 8, 7, 1, 0, 0, 0, 0, 0, 0, 0, 0, 1, 3, 3, 0, 0, 0
16:20:39, 1588.10, 29.94, 28.72, 29.859, 0, 0, 0, 0, 0, 1, 5, 9, 7, 1, 0, 0, 0, 0, 0, 0, 0, 0, 1, 3, 3, 0, 0, 0
16:20:40, 1587.90, 29.94, 28.74, 29.859, 0, 0, 0, 0, 0, 1, 5, 9, 7, 1, 0, 0, 0, 0, 0, 0, 0, 0, 1, 3, 2, 0, 0, 0
16:20:41, 1587.00, 29.94, 28.78, 29.859, 0, 0, 0, 1, 0, 1, 5, 9, 7, 1, 0, 0, 0, 0, 0, 0, 0, 0, 1, 3, 2, 0, 0, 0
16:20:41, 1589.00, 29.95, 28.74, 29.867, 0, 0, 0, 1, 0, 1, 5, 8, 7, 1, 0, 0, 0, 0, 0, 0, 0, 0, 1, 3, 3, 0, 0, 0
16:20:42, 1588.00, 29.95, 28.76, 29.867, 0, 0, 0, 1, 0, 1, 5, 8, 7, 1, 0, 0, 0, 0, 0, 0, 0, 0, 1, 3, 3, 0, 0, 0
16:20:43, 1585.80, 29.95, 28.76, 29.859, 0, 0, 0, 1, 0, 1, 5, 9, 7, 1, 0, 0, 0, 0, 0, 0, 0, 0, 1, 3, 2, 0, 0, 0
16:20:43, 1578.10, 29.95, 28.72, 29.867, 0, 0, 1, 1, 0, 2, 6, 9, 7, 1, 0, 0, 0, 0, 0, 0, 0, 0, 1, 3, 2, 0, 0, 0
16:20:44, 1575.40, 29.96, 28.74, 29.867, 0, 0, 1, 1, 0, 2, 6, 9, 8, 1, 0, 0, 0, 0, 0, 0, 0, 0, 1, 3, 2, 0, 0, 0
16:20:45, 1562.80, 29.96, 28.72, 29.859, 0, 0, 1, 1, 0, 2, 6, 10, 8, 1, 0, 0, 0, 0, 0, 0, 0, 0, 1, 3, 2, 0, 0, 0
16:20:45, 1548.40, 29.97, 28.76, 29.859, 0, 0, 1, 0, 1, 2, 8, 11, 9, 1, 0, 0, 0, 0, 0, 0, 0, 0, 1, 3, 2, 0, 0, 0
16:20:46, 1538.80, 29.97, 28.74, 29.859, 0, 0, 1, 1, 1, 3, 9, 14, 12, 1, 0, 0, 0, 0, 0, 0, 0, 0, 1, 3, 2, 0, 0, 0
16:20:47, 1528.20, 29.97, 28.76, 29.867, 0, 0, 1, 1, 1, 4, 10, 16, 12, 1, 0, 0, 0, 0, 0, 0, 0, 0, 1, 2, 2, 0, 0, 0
16:20:47, 1517.60, 29.98, 28.80, 29.867, 0, 0, 1, 0, 1, 4, 12, 18, 14, 1, 0, 0, 0, 0, 0, 0, 0, 0, 1, 3, 2, 0, 0, 0
16:20:48, 1507.60, 29.98, 28.80, 29.867, 0, 0, 1, 1, 2, 5, 13, 20, 17, 1, 0, 0, 0, 0, 0, 0, 0, 0, 1, 3, 2, 0, 0, 0
16:20:49, 1492.50, 29.98, 28.72, 29.859, 0, 0, 1, 1, 2, 6, 16, 23, 19, 2, 0, 0, 0, 0, 0, 0, 0, 0, 1, 3, 2, 0, 0, 0
16:20:49, 1485.30, 29.99, 28.74, 29.867, 0, 0, 1, 1, 3, 8, 19, 29, 26, 2, 0, 0, 0, 0, 0, 0, 0, 0, 1, 3, 3, 0, 0, 0
16:20:50, 1473.80, 29.99, 28.74, 29.867, 0, 0, 1, 1, 3, 8, 19, 29, 25, 2, 0, 0, 0, 0, 0, 0, 0, 0, 2, 3, 3, 0, 0, 0
16:20:51, 1462.20, 30.00, 28.78, 29.867, 0, 1, 1, 2, 4, 10, 24, 36, 32, 3, 0, 0, 0, 0, 0, 0, 0, 0, 2, 4, 3, 0, 0, 0
16:20:51, 1458.10, 30.00, 28.78, 29.867, 1, 1, 1, 2, 5, 11, 27, 40, 36, 3, 0, 0, 0, 0, 0, 0, 0, 0, 2, 4, 4, 0, 0, 0
16:20:52, 1448.20, 30.00, 28.80, 29.867, 1, 1, 2, 1, 5, 12, 28, 41, 34, 3, 0, 0, 0, 0, 0, 0, 0, 1, 3, 4, 4, 0, 0, 0
16:20:53, 1438.20, 30.01, 28.78, 29.859, 1, 1, 2, 2, 6, 14, 32, 47, 39, 3, 0, 0, 0, 0, 0, 0, 0, 1, 3, 5, 4, 0, 0, 0
16:20:53, 1430.10, 30.01, 28.76, 29.875, 1, 1, 2, 2, 7, 16, 37, 54, 45, 4, 0, 0, 0, 0, 0, 0, 0, 1, 3, 5, 5, 0, 0, 0
16:20:54, 1422.90, 30.01, 28.78, 29.875, 1, 1, 2, 3, 8, 18, 39, 57, 48, 4, 0, 0, 0, 0, 0, 0, 0, 1, 4, 6, 5, 0, 0, 0
16:20:55, 1411.40, 30.01, 28.78, 29.859, 1, 1, 2, 3, 9, 20, 45, 64, 52, 4, 0, 0, 0, 0, 0, 0, 1, 2, 4, 7, 6, 0, 0, 0
16:20:55, 1399.60, 30.01, 28.78, 29.875, 2, 2, 3, 3, 11, 25, 53, 75, 61, 5, 0, 0, 0, 0, 0, 0, 1, 2, 5, 8, 8, 0, 0, 0
16:20:56, 1396.80, 30.01, 28.80, 29.875, 2, 2, 3, 4, 13, 28, 59, 83, 74, 6, 0, 0, 0, 0, 0, 0, 1, 2, 5, 8, 8, 0, 0, 0
16:20:57, 1385.50, 30.01, 28.78, 29.867, 2, 2, 3, 4, 13, 28, 59, 83, 68, 6, 0, 0, 0, 0, 0, 0, 1, 3, 6, 9, 9, 0, 0, 0
16:20:57, 1371.70, 30.02, 28.74, 29.875, 3, 3, 3, 5, 16, 34, 70, 99, 84, 7, 0, 0, 0, 0, 0, 0, 1, 3, 8, 11, 11, 0, 0, 0
16:20:58, 1363.90, 30.02, 28.76, 29.875, 3, 3, 4, 6, 20, 42, 85, 117, 111, 9, 0, 0, 0, 0, 0, 0, 2, 4, 9, 12, 12, 0, 0, 0
16:20:59, 1351.60, 30.02, 28.76, 29.867, 4, 4, 4, 6, 22, 46, 91, 126, 116, 10, 0, 0, 0, 0, 0, 0, 2, 5, 10, 14, 14, 1, 0, 0
16:20:59, 1338.30, 30.03, 28.78, 29.875, 4, 4, 5, 7, 28, 57, 110, 150, 137, 11, 0, 0, 0, 0, 0, 0, 3, 6, 12, 17, 18, 1, 0, 0
16:21:00, 1331.20, 30.03, 28.76, 29.875, 5, 5, 6, 10, 33, 66, 125, 170, 154, 12, 0, 0, 0, 0, 0, 0, 3, 6, 13, 18, 19, 1, 0, 0
16:21:01, 1321.70, 30.03, 28.74, 29.875, 6, 6, 7, 11, 40, 78, 146, 195, 169, 14, 0, 0, 0, 0, 0, 1, 4, 8, 16, 20, 22, 1, 0, 0
16:21:01, 1308.40, 30.04, 28.76, 29.875, 7, 7, 8, 12, 44, 86, 159, 212, 184, 15, 0, 0, 1, 0, 0, 1, 5, 10, 19, 24, 26, 2, 0, 0
16:21:02, 1297.50, 30.04, 28.74, 29.883, 8, 8, 10, 16, 54, 103, 187, 247, 225, 18, 0, 0, 1, 0, 0, 1, 6, 11, 22, 28, 30, 2, 0, 0
16:21:03, 1286.10, 30.05, 28.80, 29.875, 10, 9, 11, 19, 66, 124, 220, 290, 266, 21, 0, 0, 1, 0, 0, 1, 7, 14, 25, 32, 35, 2, 0, 0
16:21:03, 1275.60, 30.05, 28.78, 29.875, 11, 10, 12, 21, 73, 134, 234, 309, 259, 21, 0, 0, 1, 1, 1, 2, 8, 16, 29, 36, 41, 3, 0, 0
16:21:04, 1264.90, 30.05, 28.78, 29.883, 12, 12, 14, 25, 85, 153, 264, 344, 306, 25, 0, 0, 1, 1, 1, 2, 10, 19, 33, 41, 46, 4, 0, 0
16:21:05, 1254.90, 30.05, 28.78, 29.883, 14, 14, 16, 30, 100, 178, 302, 390, 379, 31, 0, 0, 1, 1, 1, 2, 11, 21, 37, 46, 52, 4, 0, 0
16:21:05, 1247.70, 30.05, 28.80, 29.883, 15, 15, 18, 34, 115, 201, 336, 431, 442, 36, 0, 0, 2, 1, 1, 3, 13, 24, 41, 50, 59, 5, 0, 0
16:21:06, 1240.20, 30.05, 28.80, 29.883, 17, 16, 19, 38, 124, 213, 354, 452, 493, 41, 0, 0, 2, 1, 1, 3, 14, 26, 44, 54, 63, 5, 0, 0
16:21:07, 1230.50, 30.05, 28.78, 29.883, 19, 18, 22, 44, 146, 246, 404, 509, 563, 46, 0, 0, 2, 2, 2, 4, 16, 29, 50, 60, 71, 6, 0, 0
16:21:07, 1218.70, 30.06, 28.76, 29.883, 21, 20, 25, 52, 163, 272, 436, 552, 662, 55, 0, 0, 3, 2, 2, 5, 20, 35, 58, 70, 84, 7, 0, 0
16:21:08, 1212.50, 30.06, 28.78, 29.883, 26, 24, 31, 65, 198, 323, 514, 645, 928, 78, 0, 0, 3, 2, 2, 5, 22, 38, 63, 76, 91, 7, 0, 0
16:21:09, 1204.00, 30.06, 28.80, 29.883, 26, 24, 31, 67, 220, 355, 552, 695, 988, 82, 0, 0, 3, 2, 3, 6, 24, 42, 69, 82, 101, 8, 0, 0
16:21:09, 1191.60, 30.07, 28.81, 29.883, 33, 30, 41, 91, 272, 430, 662, 824, 1095, 90, 0, 0, 4, 3, 3, 8, 30, 50, 80, 95, 118, 10, 0, 0
16:21:10, 1182.90, 30.07, 28.78, 29.883, 39, 36, 50, 115, 323, 501, 760, 940, 1268, 105, 0, 0, 4, 3, 4, 9, 34, 57, 90, 106, 134, 11, 0, 0
16:21:11, 1175.60, 30.07, 28.78, 29.891, 45, 42, 59, 137, 378, 576, 862, 1062, 1545, 128, 0, 0, 5, 4, 5, 11, 40, 65, 100, 117, 154, 13, 0, 0
16:21:11, 1169.30, 30.07, 28.80, 29.891, 51, 47, 69, 161, 430, 648, 960, 1176, 1839, 154, 0, 0, 5, 4, 6, 13, 45, 72, 111, 129, 173, 14, 0, 0
16:21:12, 1164.60, 30.07, 28.80, 29.883, 58, 54, 81, 189, 476, 710, 1049, 1280, 1991, 166, 0, 0, 6, 5, 6, 13, 47, 75, 115, 133, 178, 15, 0, 0
16:21:13, 1158.60, 30.07, 28.78, 29.883, 57, 54, 81, 192, 488, 719, 1048, 1282, 1876, 156, 0, 0, 6, 5, 6, 15, 50, 80, 121, 140, 184, 15, 0, 0
16:21:13, 1153.70, 30.07, 28.78, 29.883, 61, 57, 89, 209, 523, 761, 1109, 1347, 1748, 146, 0, 0, 6, 5, 7, 16, 53, 84, 126, 145, 191, 16, 0, 0
16:21:14, 1148.50, 30.07, 28.78, 29.883, 63, 61, 96, 224, 545, 783, 1144, 1382, 1636, 136, 0, 0, 7, 6, 7, 17, 56, 88, 132, 151, 197, 17, 0, 0
16:21:15, 1141.80, 30.07, 28.78, 29.891, 67, 65, 105, 245, 582, 826, 1198, 1441, 1633, 136, 0, 0, 7, 6, 8, 19, 62, 96, 141, 162, 212, 18, 0, 0
16:21:15, 1136.60, 30.07, 28.81, 29.891, 73, 73, 120, 279, 641, 899, 1292, 1550, 1773, 148, 0, 0, 8, 7, 9, 21, 66, 102, 149, 170, 225, 19, 0, 0
16:21:16, 1132.80, 30.07, 28.80, 29.883, 76, 76, 129, 299, 680, 946, 1351, 1613, 1994, 166, 0, 0, 8, 7, 9, 22, 69, 105, 153, 175, 232, 20, 0, 0
16:21:17, 1125.50, 30.07, 28.80, 29.898, 81, 81, 139, 319, 717, 985, 1388, 1672, 1948, 165, 0, 0, 9, 7, 10, 25, 76, 115, 166, 188, 254, 22, 0, 0
16:21:18, 1120.40, 30.08, 28.80, 29.898, 90, 92, 163, 369, 796, 1078, 1502, 1805, 2312, 199, 0, 0, 9, 8, 12, 28, 84, 126, 180, 203, 279, 24, 0, 0
16:21:18, 1114.40, 30.08, 28.81, 29.891, 97, 99, 180, 406, 843, 1137, 1562, 1887, 2715, 238, 0, 0, 10, 9, 13, 32, 93, 137, 195, 219, 306, 26, 0, 0
16:21:19, 1106.80, 30.08, 28.80, 29.898, 113, 119, 222, 494, 1011, 1341, 1814, 2181, 3549, 315, 0, 0, 12, 10, 16, 38, 109, 156, 219, 244, 357, 30, 0, 0
16:21:20, 1108.80, 30.08, 28.80, 29.898, 137, 148, 285, 627, 1234, 1621, 2195, 2601, 4781, 423, 0, 0, 12, 10, 16, 39, 107, 154, 215, 241, 359, 30, 0, 0
16:21:20, 1106.70, 30.08, 28.81, 29.891, 140, 148, 282, 627, 1220, 1620, 2189, 2613, 4671, 407, 0, 0, 12, 11, 17, 40, 112, 161, 225, 251, 372, 31, 0, 0
16:21:21, 1102.90, 30.08, 28.80, 29.898, 151, 162, 310, 681, 1317, 1731, 2324, 2772, 5114, 452, 0, 0, 13, 12, 19, 46, 124, 175, 243, 271, 409, 34, 0, 0
16:21:22, 1097.30, 30.08, 28.80, 29.898, 166, 182, 354, 766, 1465, 1906, 2548, 3028, 5740, 516, 0, 0, 14, 13, 21, 51, 138, 194, 267, 296, 455, 38, 0, 0
16:21:22, 1091.80, 30.08, 28.80, 29.906, 188, 213, 421, 889, 1659, 2125, 2811, 3334, 6486, 598, 0, 0, 16, 15, 25, 60, 155, 214, 291, 322, 504, 42, 0, 0
16:21:23, 1086.70, 30.09, 28.78, 29.914, 207, 242, 485, 999, 1797, 2278, 2990, 3549, 6803, 636, 0, 0, 17, 15, 27, 64, 163, 223, 302, 333, 517, 44, 0, 0
16:21:24, 1079.40, 30.09, 28.80, 29.914, 212, 259, 521, 1034, 1861, 2310, 3005, 3564, 6391, 626, 0, 0, 18, 17, 31, 73, 177, 239, 320, 351, 541, 46, 0, 0
16:21:24, 1075.20, 30.10, 28.83, 29.914, 243, 312, 632, 1204, 2045, 2499, 3255, 3827, 6046, 600, 0, 0, 19, 18, 33, 78, 182, 244, 324, 355, 542, 46, 0, 0
16:21:25, 1071.40, 30.10, 28.80, 29.922, 258, 347, 699, 1300, 2147, 2591, 3388, 3943, 5783, 571, 0, 0, 20, 19, 35, 82, 188, 249, 330, 360, 553, 48, 0, 0
16:21:26, 1063.20, 30.10, 28.80, 29.922, 275, 381, 764, 1386, 2232, 2660, 3480, 4043, 5723, 583, 0, 0, 21, 21, 40, 91, 209, 273, 359, 389, 605, 53, 0, 0
16:21:26, 1059.20, 30.11, 28.81, 29.922, 344, 514, 1010, 1734, 2622, 3081, 3951, 4599, 7265, 797, 0, 0, 23, 24, 46, 103, 228, 294, 383, 415, 657, 57, 0, 0
16:21:27, 1053.40, 30.11, 28.80, 29.930, 382, 583, 1127, 1882, 2812, 3273, 4131, 4821, 8384, 1023, 0, 0, 26, 28, 56, 122, 257, 326, 421, 454, 747, 65, 0, 0
16:21:28, 1046.50, 30.11, 28.80, 29.930, 439, 693, 1311, 2133, 3108, 3582, 4479, 5238, 10305, 1371, 0, 0, 29, 32, 65, 139, 287, 358, 457, 492, 841, 73, 0, 0
16:21:28, 1038.70, 30.11, 28.81, 29.945, 577, 958, 1731, 2658, 3764, 4249, 5229, 6085, 13934, 2122, 0, 0, 32, 38, 79, 161, 316, 386, 488, 523, 932, 82, 0, 0
16:21:29, 1029.60, 30.12, 28.80, 29.977, 788, 1350, 2298, 3306, 4580, 5069, 6147, 7127, 18559, 3417, 0, 0, 37, 49, 100, 193, 359, 427, 533, 568, 1076, 97, 0, 0
16:21:30, 1024.20, 30.13, 28.81, 29.977, 1148, 1990, 3127, 4214, 5401, 5877, 7060, 8159, 23971, 5441, 0, 0, 44, 61, 123, 226, 398, 467, 576, 612, 1223, 114, 0, 0
16:21:30, 1019.00, 30.14, 28.80, 29.992, 1556, 2626, 3901, 5008, 6086, 6525, 7755, 8924, 29593, 8462, 0, 0, 52, 77, 152, 266, 452, 520, 635, 672, 1438, 139, 0, 0
16:21:31, 1020.80, 30.15, 28.78, 30.078, 1819, 3040, 4353, 5473, 6211, 6648, 7903, 9128, 31558, 9185, 0, 0, 51, 74, 146, 258, 433, 501, 616, 652, 1379, 131, 0, 0
16:21:32, 1011.70, 30.17, 28.78, 30.078, 1889, 3089, 4382, 5453, 6774, 7207, 8453, 9738, 35988, 14320, 0, 1, 59, 90, 171, 286, 485, 547, 663, 699, 1573, 164, 0, 0
16:21:32, 1012.00, 30.18, 28.81, 30.156, 2494, 3891, 5476, 6548, 7871, 8319, 9825, 11213, 36000, 16778, 1, 1, 767, 1224, 1774, 2117, 2782, 2943, 3445, 3889, 12536, 4241, 0, 0
16:21:33, 1012.00, 30.18, 28.81, 30.117, 2711, 4244, 5896, 7180, 8098, 8682, 10360, 11533, 36000, 15310, 1, 1, 1983, 3750, 4565, 6351, 6181, 7424, 8714, 10852, 17159, 5995, 0, 0
16:21:34, 1011.90, 30.18, 28.83, 30.117, 2815, 4455, 6228, 7518, 8503, 8997, 10790, 12018, 36000, 18589, 1, 1, 1879, 3105, 4205, 5355, 6405, 7490, 8429, 10257, 18454, 6717, 0, 0
16:21:34, 1012.20, 30.17, 28.83, 29.984, 2573, 4101, 5753, 6863, 8082, 8402, 10140, 11357, 36000, 17154, 1, 1, 2773, 5094, 6650, 8277, 9709, 10472, 12942, 15368, 27096, 10233, 0, 0
16:21:35, 1011.80, 30.16, 28.81, 29.727, 2569, 3923, 5521, 6539, 7325, 7836, 9143, 10580, 34040, 13976, 0, 1, 2248, 4165, 5474, 6861, 10367, 11711, 13349, 15844, 35990, 15494, 0, 1
16:21:36, 1011.10, 30.15, 28.83, 29.727, 2379, 3572, 4981, 5926, 6602, 7265, 8437, 9732, 26673, 10508, 0, 0, 2588, 4352, 6128, 7492, 9519, 9643, 12590, 13364, 36000, 18617, 1, 1
16:21:36, 1011.70, 30.13, 28.80, 29.250, 1780, 2638, 3623, 4439, 4082, 4672, 5736, 6420, 12927, 5299, 0, 0, 4052, 6639, 9822, 10308, 12257, 12262, 15282, 17986, 36000, 27573, 1, 1
16:21:37, 1011.40, 30.09, 28.83, 28.852, 1353, 1927, 2658, 3332, 4125, 4853, 5787, 6705, 14294, 6024, 0, 0, 2722, 4705, 6311, 7968, 13915, 15186, 17848, 21071, 35988, 17424, 0, 1
16:21:38, 1011.50, 30.06, 28.81, 28.852, 2286, 3410, 4834, 5701, 6937, 7604, 8926, 10194, 35940, 15025, 0, 1, 8903, 16303, 20932, 26816, 35916, 36000, 36000, 36000, 36000, 36000, 1, 1
16:21:38, 1011.50, 30.03, 28.85, 28.594, 2722, 4308, 6059, 7304, 8407, 8828, 10995, 11965, 36000, 17909, 1, 1, 13520, 21468, 31513, 34890, 36000, 36000, 36000, 36000, 36000, 36000, 1, 1
16:21:39, 1011.90, 30.02, 28.83, 28.492, 2013, 3057, 4311, 5083, 4780, 5060, 6330, 7188, 25753, 10907, 0, 0, 11673, 20073, 27699, 33508, 36000, 36000, 36000, 36000, 36000, 36000, 1, 1
16:21:40, 1011.70, 30.00, 28.87, 28.492, 1208, 1599, 2227, 2838, 3794, 4315, 5377, 5868, 14508, 5508, 0, 0, 11347, 18386, 26079, 30786, 36000, 36000, 36000, 36000, 36000, 36000, 1, 1
16:21:40, 1011.60, 29.98, 28.87, 28.367, 1203, 1638, 2354, 2705, 3479, 3639, 4587, 5343, 18239, 8697, 0, 0, 10126, 17169, 24006, 29174, 32372, 35887, 36000, 36000, 36000, 36000, 1, 1
16:21:41, 1011.80, 29.96, 28.85, 28.211, 1442, 2092, 2958, 3295, 3709, 4026, 4676, 5866, 22334, 10530, 0, 0, 8723, 14856, 20736, 25221, 32735, 34985, 36000, 36000, 36000, 36000, 1, 1
16:21:42, 1011.80, 29.94, 28.85, 28.211, 496, 482, 804, 765, 1816, 1857, 2541, 3010, 8725, 5043, 0, 0, 8725, 14239, 20510, 23992, 27862, 30885, 36000, 36000, 36000, 36000, 1, 1
16:21:42, 1011.90, 29.90, 28.85, 28.047, 397, 515, 800, 871, 1232, 1169, 1789, 1784, 9608, 5454, 0, 0, 8589, 13850, 20046, 23259, 29436, 31555, 36000, 36000, 36000, 36000, 1, 1
16:21:43, 1012.10, 29.89, 28.87, 27.914, 522, 750, 1066, 1250, 1660, 1753, 2220, 2581, 14898, 7438, 0, 0, 9356, 14808, 21056, 24929, 28512, 32303, 36000, 36000, 36000, 36000, 1, 1
16:21:44, 1012.30, 29.87, 28.85, 27.914, 581, 911, 1245, 1540, 2054, 2136, 2754, 3058, 16119, 7616, 0, 0, 8852, 13855, 19869, 23102, 26579, 29475, 34773, 36000, 36000, 36000, 1, 1
16:21:44, 1012.40, 29.86, 28.87, 27.789, 946, 1573, 2093, 2629, 3137, 3333, 4175, 4580, 21248, 9131, 0, 0, 6227, 9955, 13674, 16183, 9649, 12724, 17542, 23589, 36000, 36000, 1, 1
16:21:45, 1012.20, 29.86, 28.87, 27.672, 859, 1420, 1910, 2404, 2173, 2317, 2907, 3196, 16003, 7200, 0, 0, 2221, 2888, 3338, 3711, 3957, 6415, 10385, 14162, 34031, 24588, 0, 1
16:21:46, 1012.00, 29.86, 28.89, 27.672, 653, 894, 1193, 1566, 1311, 1409, 1810, 2281, 9276, 4922, 0, 0, 782, 1011, 1123, 1273, 1665, 2737, 4469, 6082, 17822, 11901, 0, 0
16:21:46, 1011.80, 29.84, 28.87, 27.594, 1298, 1954, 2683, 3313, 4704, 5293, 6071, 7077, 28322, 11282, 0, 0, 210, 249, 269, 307, 1117, 1913, 3008, 4379, 11848, 8329, 0, 0
16:21:47, 1011.90, 29.82, 28.89, 27.570, 1737, 2797, 3839, 4597, 5438, 5925, 6813, 8042, 30159, 11738, 0, 0, 168, 207, 215, 250, 335, 554, 876, 1360, 3468, 2497, 0, 0
16:21:48, 1012.10, 29.80, 28.87, 27.570, 708, 1073, 1433, 1884, 1246, 1346, 1866, 2012, 11787, 6233, 0, 0, 98, 117, 119, 129, 101, 158, 310, 537, 1322, 1208, 0, 0
