Secchi Depth (cm) = 9999
Forel Ule Scale = 99
pH Colour Scale = 99
SensingSecchi S/N = A016
Latitude (degs N) = 34.24371
Longitude (degs E) = -77.96980
Date = 2026-08-28
Time (UTC), Pressure (mbar) MS5803, Temp (deg C) MS5803, Temp (deg C) 10KTHERM, Temp (deg C) TMP117, ED 415nm, ED 445nm, ED 480nm, ED 515nm, ED 555nm, ED 590nm, ED 630nm, ED 680nm, ED Clear, ED NIR, ED D-SAT, ED A-SAT, EU 415nm, EU 445nm, EU 480nm, EU 515nm, EU 555nm, EU 590nm, EU 630nm, EU 680nm, EU Clear, EU NIR, EU D-SAT, EU A-SAT
14:28:54, 1012.10, 22.94, 21.89, 25.664, 1216, 1830, 2640, 3185, 3702, 4057, 4597, 5495, 22676, 9305, 0, 0, 7777, 12078, 17383, 20231, 24221, 25459, 30980, 34647, 36000, 36000, 1, 1
14:28:54, 1012.10, 22.95, 21.89, 25.672, 1221, 1839, 2653, 3199, 3725, 4080, 4627, 5527, 22773, 9341, 0, 0, 7804, 12135, 17452, 20333, 24358, 25582, 31162, 34802, 36000, 36000, 1, 1
14:28:55, 1012.00, 22.95, 21.87, 25.672, 1227, 1852, 2669, 3217, 3747, 4101, 4654, 5562, 22857, 9365, 0, 0, 7825, 12166, 17503, 20377, 24403, 25629, 31222, 34864, 36000, 36000, 1, 1
14:28:56, 1011.80, 22.96, 21.89, 25.680, 1232, 1861, 2682, 3230, 3768, 4120, 4680, 5592, 22929, 9383, 0, 0, 7792, 12107, 17435, 20281, 24232, 25459, 30990, 34653, 36000, 36000, 1, 1
14:28:56, 1011.90, 22.97, 21.90, 25.695, 1235, 1867, 2692, 3242, 3778, 4128, 4689, 5606, 22940, 9387, 0, 0, 7738, 12000, 17321, 20081, 24148, 25328, 30902, 34539, 36000, 36000, 1, 1
14:28:57, 1012.10, 22.97, 21.92, 25.695, 1236, 1867, 2694, 3242, 3789, 4137, 4702, 5627, 22941, 9397, 0, 0, 7883, 12258, 17629, 20519, 24616, 25703, 31598, 35011, 36000, 36000, 1, 1
14:28:58, 1012.00, 22.97, 21.90, 25.711, 1246, 1886, 2720, 3271, 3826, 4172, 4749, 5678, 23084, 9422, 0, 0, 7973, 12436, 17823, 20820, 24925, 26077, 31967, 35469, 36000, 36000, 1, 1
14:28:58, 1011.80, 22.97, 21.89, 25.742, 1252, 1897, 2735, 3288, 3848, 4190, 4774, 5709, 23171, 9440, 0, 0, 7965, 12402, 17798, 20765, 24914, 26049, 31943, 35430, 36000, 36000, 1, 1
14:28:59, 1011.90, 22.98, 21.90, 25.742, 1255, 1903, 2744, 3294, 3859, 4199, 4785, 5728, 23171, 9441, 0, 0, 7966, 12389, 17783, 20738, 24837, 25956, 31832, 35273, 36000, 36000, 1, 1
14:29:00, 1012.00, 22.99, 21.92, 25.750, 1258, 1908, 2751, 3301, 3870, 4211, 4799, 5744, 23195, 9438, 0, 0, 7929, 12280, 17681, 20580, 24683, 25791, 31653, 35054, 36000, 36000, 1, 1
14:29:00, 1012.10, 22.99, 21.92, 25.789, 1261, 1914, 2760, 3310, 3886, 4224, 4815, 5766, 23224, 9442, 0, 0, 7933, 12301, 17699, 20602, 24751, 25890, 31728, 35200, 36000, 36000, 1, 1
14:29:01, 1011.80, 23.00, 21.94, 25.789, 1267, 1924, 2771, 3324, 3898, 4237, 4829, 5787, 23224, 9432, 0, 0, 7984, 12407, 17825, 20779, 24892, 26046, 31922, 35429, 36000, 36000, 1, 1
14:29:02, 1011.80, 23.00, 21.87, 25.812, 1258, 1909, 2757, 3298, 3870, 4204, 4780, 5747, 23012, 9400, 0, 0, 8002, 12420, 17858, 20800, 24942, 26105, 31986, 35506, 36000, 36000, 1, 1
14:29:02, 1011.90, 23.00, 21.90, 25.852, 1267, 1924, 2775, 3324, 3916, 4253, 4846, 5816, 23220, 9425, 0, 0, 7988, 12414, 17836, 20801, 24894, 26061, 31913, 35447, 36000, 36000, 1, 1
14:29:03, 1011.90, 23.01, 21.90, 25.852, 1279, 1949, 2801, 3361, 3944, 4284, 4886, 5860, 23351, 9442, 0, 0, 7976, 12371, 17794, 20737, 24886, 26038, 31903, 35425, 36000, 36000, 1, 1
14:29:04, 1011.80, 23.01, 21.90, 25.844, 1272, 1934, 2789, 3336, 3918, 4255, 4841, 5823, 23139, 9409, 0, 0, 8007, 12421, 17866, 20800, 24975, 26101, 32014, 35484, 36000, 36000, 1, 1
14:29:04, 1011.90, 23.01, 21.94, 25.844, 1276, 1941, 2796, 3347, 3941, 4279, 4874, 5859, 23231, 9417, 0, 0, 7995, 12398, 17839, 20759, 24925, 26046, 31916, 35395, 36000, 36000, 1, 1
14:29:05, 1011.80, 23.02, 21.92, 25.852, 1288, 1966, 2823, 3386, 3981, 4321, 4933, 5918, 23418, 9437, 0, 0, 8014, 12473, 17921, 20869, 25087, 26185, 32106, 35606, 36000, 36000, 1, 1
14:29:06, 1012.00, 23.02, 21.92, 25.852, 1286, 1962, 2821, 3378, 3965, 4304, 4903, 5897, 23284, 9418, 0, 0, 8066, 12591, 18040, 21055, 25264, 26362, 32345, 35864, 36000, 36000, 1, 1
14:29:06, 1012.00, 23.02, 21.92, 25.852, 1285, 1961, 2819, 3376, 3972, 4312, 4916, 5908, 23312, 9411, 0, 0, 7994, 12441, 17865, 20798, 24807, 25889, 31812, 35249, 36000, 36000, 1, 1
14:29:07, 1011.90, 23.03, 21.94, 25.852, 1293, 1976, 2834, 3403, 3999, 4342, 4962, 5950, 23486, 9423, 0, 0, 7926, 12345, 17709, 20644, 24645, 25734, 31670, 35155, 36000, 36000, 1, 1
14:29:08, 1011.80, 23.03, 21.94, 25.844, 1287, 1969, 2821, 3384, 3962, 4301, 4910, 5901, 23332, 9370, 0, 0, 7411, 11245, 16418, 18908, 21310, 22659, 28023, 31407, 36000, 36000, 1, 1
14:29:08, 1011.90, 23.04, 21.94, 25.844, 1288, 1971, 2820, 3389, 3993, 4336, 4960, 5946, 23509, 9386, 0, 0, 5902, 9436, 13065, 15695, 18678, 19887, 25011, 28628, 36000, 36000, 1, 1
14:29:09, 1011.70, 23.04, 21.94, 25.844, 1307, 2011, 2862, 3457, 4057, 4407, 5063, 6044, 23811, 9437, 0, 0, 6153, 10108, 13764, 16861, 19879, 21141, 26155, 30056, 36000, 36000, 1, 1
14:29:01, 1011.80, 23.04, 21.92, 25.852, 1322, 2042, 2893, 3510, 4110, 4470, 5151, 6128, 24108, 9498, 0, 0, 6882, 10793, 15117, 17976, 21427, 22756, 27758, 31655, 36000, 36000, 1, 1
14:29:10, 1012.10, 23.04, 21.94, 25.852, 1329, 2057, 2911, 3536, 4130, 4491, 5180, 6157, 24139, 9508, 0, 0, 7403, 11431, 16336, 19091, 22840, 24111, 29367, 33184, 36000, 36000, 1, 1
14:29:11, 1011.90, 23.04, 21.94, 25.844, 1332, 2063, 2917, 3545, 4141, 4502, 5199, 6175, 24196, 9516, 0, 0, 7617, 11748, 16877, 19633, 23564, 24767, 30148, 33934, 36000, 36000, 1, 1
14:29:11, 1012.00, 23.04, 21.94, 25.844, 1332, 2062, 2919, 3546, 4125, 4479, 5161, 6142, 24057, 9477, 0, 0, 7887, 12225, 17579, 20400, 24523, 25643, 31258, 34939, 36000, 36000, 1, 1
14:29:12, 1011.80, 23.05, 21.94, 25.844, 1301, 1994, 2856, 3431, 4020, 4360, 4980, 5979, 23420, 9366, 0, 0, 7989, 12392, 17823, 20704, 24885, 26011, 31743, 35377, 36000, 36000, 1, 1
14:29:13, 1011.80, 23.05, 21.94, 25.836, 1317, 2031, 2890, 3491, 4112, 4464, 5135, 6120, 23933, 9445, 0, 0, 7947, 12355, 17760, 20692, 24781, 25930, 31639, 35244, 36000, 36000, 1, 1
14:29:13, 1012.00, 23.05, 21.97, 25.852, 1333, 2070, 2926, 3555, 4153, 4513, 5206, 6188, 24110, 9483, 0, 0, 8008, 12461, 17895, 20898, 24850, 25995, 31790, 35341, 36000, 36000, 1, 1
14:29:14, 1012.10, 23.05, 21.97, 25.852, 1321, 2045, 2899, 3511, 4097, 4449, 5116, 6102, 23826, 9403, 0, 0, 7608, 11719, 16993, 19656, 23063, 24189, 29528, 32974, 36000, 36000, 1, 1
14:29:15, 1011.90, 23.06, 21.97, 25.852, 1323, 2049, 2903, 3517, 4135, 4497, 5187, 6170, 24023, 9442, 0, 0, 6930, 10566, 15268, 17715, 20937, 22128, 26883, 30384, 36000, 36000, 1, 1
14:29:15, 1012.00, 23.06, 21.96, 25.859, 1361, 2137, 2989, 3678, 4277, 4666, 5450, 6416, 24681, 9592, 0, 0, 6410, 9942, 14035, 16675, 19417, 20660, 25211, 28812, 36000, 36000, 1, 1
14:29:16, 1011.90, 23.06, 21.99, 25.859, 1370, 2157, 3012, 3716, 4282, 4672, 5460, 6424, 24667, 9594, 0, 0, 6234, 9862, 13723, 16558, 19225, 20364, 25206, 28669, 36000, 36000, 1, 1
14:29:17, 1011.70, 23.06, 21.97, 25.859, 1365, 2147, 3000, 3694, 4278, 4667, 5452, 6415, 24595, 9571, 0, 0, 6280, 9983, 13846, 16771, 19543, 20716, 25664, 29149, 36000, 36000, 1, 1
14:29:17, 1012.00, 23.07, 21.92, 25.875, 1371, 2161, 3018, 3724, 4307, 4702, 5504, 6463, 24716, 9585, 0, 0, 6227, 9917, 13733, 16686, 19261, 20463, 25347, 28895, 36000, 36000, 1, 1
14:29:18, 1011.90, 23.07, 21.97, 25.875, 1373, 2168, 3026, 3740, 4309, 4705, 5514, 6473, 24694, 9565, 0, 0, 6196, 9902, 13674, 16626, 19443, 20682, 25475, 29143, 36000, 36000, 1, 1
14:29:19, 1011.90, 23.08, 21.99, 25.898, 1363, 2145, 2999, 3695, 4265, 4654, 5436, 6398, 24477, 9507, 0, 0, 6436, 10251, 14245, 17173, 19971, 21195, 26086, 29755, 36000, 36000, 1, 1
14:29:19, 1012.00, 23.08, 21.97, 25.898, 1365, 2152, 3007, 3711, 4289, 4683, 5485, 6438, 24578, 9513, 0, 0, 6420, 10204, 14221, 17080, 19920, 21063, 25996, 29551, 36000, 36000, 1, 1
14:29:20, 1011.80, 23.08, 21.96, 25.914, 1364, 2153, 3007, 3714, 4281, 4672, 5470, 6421, 24514, 9492, 0, 0, 6407, 10188, 14208, 17049, 20096, 21230, 26190, 29782, 36000, 36000, 1, 1
14:29:21, 1011.70, 23.08, 21.99, 25.906, 1358, 2138, 2990, 3682, 4264, 4653, 5439, 6391, 24415, 9463, 0, 0, 6719, 10630, 14862, 17809, 20878, 22047, 27165, 30778, 36000, 36000, 1, 1
14:29:21, 1012.00, 23.09, 21.97, 25.906, 1376, 2181, 3043, 3769, 4366, 4766, 5614, 6560, 24819, 9542, 0, 0, 6725, 10614, 14870, 17815, 20856, 22044, 27107, 30727, 36000, 36000, 1, 1
14:29:22, 1011.90, 23.09, 21.99, 25.906, 1385, 2205, 3075, 3819, 4377, 4778, 5634, 6578, 24825, 9527, 0, 0, 6729, 10607, 14877, 17803, 20832, 21989, 27088, 30674, 36000, 36000, 1, 1
14:29:23, 1012.00, 23.10, 21.97, 25.906, 1368, 2163, 3021, 3733, 4297, 4689, 5496, 6441, 24490, 9449, 0, 0, 6745, 10607, 14893, 17794, 20853, 21978, 27130, 30665, 36000, 36000, 1, 1
14:29:23, 1011.90, 23.10, 21.99, 25.906, 1370, 2169, 3027, 3748, 4329, 4725, 5557, 6497, 24608, 9464, 0, 0, 6616, 10422, 14599, 17493, 20388, 21555, 26541, 30108, 36000, 36000, 1, 1
14:29:24, 1011.90, 23.10, 21.97, 25.914, 1376, 2186, 3048, 3783, 4343, 4742, 5586, 6522, 24652, 9453, 0, 0, 6383, 10117, 14091, 16972, 19554, 20808, 25572, 29290, 36000, 36000, 1, 1
14:29:25, 1011.80, 23.10, 21.97, 25.922, 1359, 2147, 2997, 3704, 4250, 4639, 5431, 6370, 24255, 9347, 0, 0, 6095, 9699, 13499, 16230, 18743, 19980, 24693, 28357, 36000, 36000, 1, 1
14:29:25, 1012.10, 23.11, 21.99, 25.922, 1342, 2111, 2954, 3634, 4208, 4591, 5362, 6300, 24037, 9290, 0, 0, 5813, 9291, 12973, 15540, 17777, 18879, 23676, 27106, 36000, 36000, 1, 1
14:29:26, 1012.00, 23.11, 21.99, 25.930, 1354, 2142, 2989, 3699, 4260, 4653, 5468, 6396, 24308, 9334, 0, 0, 5243, 8225, 11479, 13778, 16107, 17119, 21735, 24837, 36000, 36000, 1, 1
14:29:27, 1012.00, 23.12, 21.97, 25.937, 1333, 2098, 2934, 3613, 4148, 4524, 5272, 6205, 23752, 9193, 0, 0, 5248, 8082, 11395, 13444, 16084, 16968, 21575, 24610, 36000, 36000, 1, 1
14:29:27, 1012.30, 23.12, 21.99, 25.937, 1314, 2059, 2891, 3539, 4118, 4489, 5220, 6154, 23598, 9138, 0, 0, 5384, 8351, 11772, 13887, 16729, 17632, 22436, 25514, 36000, 36000, 1, 1
14:29:28, 1011.90, 23.12, 21.99, 25.945, 1342, 2121, 2961, 3658, 4228, 4613, 5413, 6340, 24121, 9276, 0, 0, 5741, 8845, 12564, 14867, 17768, 18810, 23816, 27001, 36000, 36000, 1, 1
14:29:29, 1011.90, 23.13, 21.99, 25.961, 1339, 2113, 2951, 3640, 4184, 4561, 5333, 6261, 23885, 9213, 0, 0, 6120, 9480, 13431, 15900, 18891, 19900, 25184, 28214, 36000, 36000, 1, 1
14:29:29, 1011.70, 23.13, 21.99, 25.961, 1331, 2095, 2933, 3607, 4193, 4573, 5349, 6277, 23911, 9217, 0, 0, 6150, 9702, 13706, 16317, 19269, 20367, 25421, 28758, 36000, 36000, 1, 1
14:29:30, 1011.60, 23.13, 22.02, 25.992, 1358, 2157, 3010, 3735, 4303, 4696, 5539, 6458, 24361, 9302, 0, 0, 6150, 9781, 13719, 16411, 19476, 20614, 25529, 29021, 36000, 36000, 1, 1
14:29:31, 1011.90, 23.14, 21.99, 26.016, 1345, 2126, 2969, 3670, 4213, 4597, 5385, 6311, 23985, 9225, 0, 0, 6184, 9874, 13729, 16592, 19092, 20495, 25178, 29077, 36000, 36000, 1, 1
14:29:31, 1012.00, 23.14, 21.99, 26.016, 1331, 2094, 2932, 3607, 4165, 4542, 5306, 6235, 23763, 9164, 0, 0, 6077, 9557, 13311, 16037, 18584, 20038, 24569, 28477, 36000, 36000, 1, 1
14:29:32, 1011.90, 23.14, 21.99, 26.031, 1333, 2100, 2939, 3621, 4190, 4573, 5352, 6279, 23884, 9191, 0, 0, 6146, 9645, 13480, 16225, 18926, 20215, 25002, 28669, 36000, 36000, 1, 1
14:29:33, 1011.80, 23.14, 22.06, 26.047, 1344, 2124, 2968, 3670, 4226, 4615, 5414, 6337, 24018, 9218, 0, 0, 5983, 9468, 13169, 15956, 18502, 19911, 24515, 28349, 36000, 36000, 1, 1
14:29:33, 1011.80, 23.14, 21.99, 26.047, 1336, 2106, 2945, 3636, 4185, 4568, 5345, 6269, 23814, 9162, 0, 0, 6055, 9654, 13386, 16238, 18890, 20249, 24979, 28790, 36000, 36000, 1, 1
14:29:34, 1011.90, 23.14, 22.01, 26.055, 1334, 2103, 2942, 3631, 4195, 4581, 5368, 6288, 23859, 9166, 0, 0, 6087, 9703, 13477, 16330, 18958, 20277, 25066, 28835, 36000, 36000, 1, 1
14:29:35, 1012.00, 23.14, 22.02, 26.062, 1344, 2128, 2973, 3682, 4239, 4630, 5440, 6358, 24011, 9196, 0, 0, 6084, 9698, 13477, 16327, 19005, 20312, 25127, 28873, 36000, 36000, 1, 1
14:29:35, 1011.80, 23.15, 21.99, 26.062, 1339, 2116, 2958, 3659, 4203, 4590, 5382, 6303, 23850, 9145, 0, 0, 6136, 9783, 13605, 16467, 19167, 20447, 25320, 29034, 36000, 36000, 1, 1
14:29:36, 1011.80, 23.15, 22.01, 26.070, 1332, 2102, 2940, 3631, 4187, 4573, 5358, 6278, 23755, 9121, 0, 0, 6113, 9747, 13551, 16405, 19046, 20337, 25177, 28906, 36000, 36000, 1, 1
14:29:37, 1012.00, 23.15, 22.01, 26.070, 1337, 2116, 2958, 3661, 4216, 4605, 5408, 6320, 23878, 9142, 0, 0, 6097, 9718, 13513, 16357, 19035, 20324, 25158, 28882, 36000, 36000, 1, 1
14:29:37, 1012.00, 23.15, 22.02, 26.070, 1336, 2114, 2954, 3657, 4204, 4593, 5391, 6303, 23813, 9122, 0, 0, 6115, 9746, 13555, 16405, 19083, 20364, 25220, 28940, 36000, 36000, 1, 1
14:29:38, 1012.10, 23.16, 22.01, 26.078, 1331, 2102, 2940, 3636, 4183, 4569, 5357, 6269, 23696, 9091, 0, 0, 6120, 9756, 13566, 16420, 19092, 20375, 25242, 28955, 36000, 36000, 1, 1
14:29:39, 1011.80, 23.16, 21.99, 26.078, 1331, 2104, 2941, 3639, 4193, 4582, 5378, 6285, 23736, 9093, 0, 0, 6088, 9707, 13498, 16339, 18914, 20243, 25027, 28789, 36000, 36000, 1, 1
14:29:39, 1011.80, 23.16, 22.02, 26.078, 1331, 2107, 2945, 3649, 4187, 4575, 5373, 6278, 23711, 9075, 0, 0, 5884, 9336, 12948, 15698, 18079, 19628, 24026, 28051, 36000, 36000, 1, 1
14:29:40, 1012.10, 23.17, 22.08, 26.094, 1317, 2074, 2905, 3586, 4114, 4495, 5258, 6161, 23375, 8971, 0, 0, 5960, 9518, 13158, 15896, 18353, 19696, 24210, 28036, 36000, 36000, 1, 1
14:29:41, 1011.90, 23.17, 22.02, 26.094, 1305, 2052, 2876, 3545, 4104, 4483, 5245, 6144, 23307, 8943, 0, 0, 5637, 9067, 12511, 15214, 17528, 18625, 23466, 26643, 36000, 36000, 1, 1
14:29:41, 1011.90, 23.17, 22.04, 26.102, 1332, 2114, 2953, 3666, 4232, 4624, 5461, 6347, 23845, 9075, 0, 0, 5866, 8925, 12717, 14825, 17565, 18729, 23246, 26613, 36000, 36000, 1, 1
14:29:42, 1011.70, 23.17, 22.02, 26.109, 1339, 2132, 2976, 3704, 4229, 4621, 5457, 6338, 23788, 9060, 0, 0, 5862, 8893, 12679, 14764, 17481, 18653, 23202, 26534, 36000, 36000, 1, 1
14:29:43, 1012.00, 23.18, 22.06, 26.109, 1316, 2077, 2907, 3595, 4127, 4509, 5288, 6178, 23355, 8962, 0, 0, 5806, 8755, 12527, 14534, 17253, 18383, 22913, 26047, 36000, 36000, 1, 1
14:29:43, 1012.00, 23.18, 22.04, 26.125, 1320, 2088, 2920, 3619, 4172, 4561, 5368, 6250, 23557, 9003, 0, 0, 5771, 8725, 12443, 14485, 17132, 18285, 22723, 25928, 36000, 36000, 1, 1
14:29:44, 1012.00, 23.18, 22.02, 26.133, 1332, 2119, 2959, 3679, 4219, 4610, 5445, 6319, 23698, 9022, 0, 0, 5793, 8799, 12501, 14599, 17284, 18444, 22934, 26146, 36000, 36000, 1, 1
14:29:45, 1012.10, 23.19, 22.06, 26.133, 1321, 2091, 2923, 3626, 4149, 4536, 5334, 6213, 23429, 8956, 0, 0, 5790, 8809, 12492, 14606, 17181, 18306, 22798, 25994, 36000, 36000, 1, 1
14:29:45, 1011.80, 23.19, 22.04, 26.125, 1316, 2080, 2908, 3604, 4147, 4534, 5331, 6210, 23400, 8941, 0, 0, 5686, 8663, 12229, 14366, 16965, 18096, 22526, 25716, 36000, 36000, 1, 1
14:29:46, 1011.70, 23.20, 22.02, 26.148, 1322, 2098, 2933, 3643, 4181, 4569, 5390, 6262, 23530, 8962, 0, 0, 5774, 8764, 12435, 14535, 17176, 18342, 22768, 25997, 36000, 36000, 1, 1
14:29:47, 1011.80, 23.20, 22.06, 26.148, 1320, 2094, 2927, 3635, 4164, 4553, 5365, 6236, 23449, 8938, 0, 0, 5822, 8809, 12537, 14615, 17310, 18495, 22923, 26172, 36000, 36000, 1, 1
14:29:47, 1011.90, 23.21, 22.06, 26.148, 1315, 2083, 2913, 3612, 4143, 4530, 5330, 6203, 23351, 8905, 0, 0, 5953, 9000, 12850, 14953, 17628, 18817, 23301, 26552, 36000, 36000, 1, 1
14:29:48, 1011.90, 23.21, 22.06, 26.164, 1315, 2082, 2913, 3614, 4149, 4537, 5343, 6213, 23362, 8902, 0, 0, 5837, 8835, 12601, 14661, 17395, 18563, 23023, 26268, 36000, 36000, 1, 1
14:29:49, 1011.90, 23.21, 22.06, 26.164, 1317, 2089, 2921, 3627, 4159, 4547, 5359, 6226, 23398, 8906, 0, 0, 5892, 8888, 12713, 14770, 17467, 18663, 23101, 26362, 36000, 36000, 1, 1
14:29:49, 1012.00, 23.21, 22.06, 26.172, 1313, 2080, 2910, 3611, 4138, 4524, 5325, 6192, 23282, 8872, 0, 0, 5908, 8924, 12745, 14819, 17594, 18765, 23260, 26489, 36000, 36000, 1, 1
14:29:50, 1012.00, 23.22, 22.04, 26.180, 1310, 2074, 2902, 3600, 4132, 4518, 5318, 6185, 23268, 8857, 0, 0, 5922, 8962, 12787, 14875, 17557, 18736, 23235, 26486, 36000, 36000, 1, 1
14:29:51, 1012.00, 23.22, 22.06, 26.180, 1313, 2084, 2914, 3620, 4149, 4537, 5348, 6212, 23315, 8859, 0, 0, 5941, 8978, 12821, 14900, 17706, 18866, 23382, 26619, 36000, 36000, 1, 1
14:29:51, 1011.90, 23.22, 22.09, 26.187, 1309, 2075, 2904, 3604, 4129, 4516, 5318, 6183, 23230, 8834, 0, 0, 5966, 9000, 12911, 14936, 17867, 18892, 23561, 26754, 36000, 36000, 1, 1
14:29:52, 1011.90, 23.23, 22.11, 26.187, 1308, 2074, 2902, 3601, 4127, 4516, 5318, 6178, 23209, 8817, 0, 0, 5869, 9090, 12826, 15197, 18030, 19016, 24079, 27029, 36000, 36000, 1, 1
14:29:53, 1012.00, 23.24, 22.06, 26.203, 1303, 2062, 2886, 3580, 4099, 4485, 5274, 6134, 23075, 8767, 0, 0, 5651, 9018, 12597, 15077, 17605, 18590, 23397, 26547, 36000, 36000, 1, 1
14:29:53, 1012.10, 23.24, 22.06, 26.203, 1296, 2049, 2869, 3557, 4077, 4460, 5239, 6100, 22969, 8733, 0, 0, 5433, 8660, 12029, 14367, 16832, 17818, 22510, 25778, 36000, 36000, 1, 1
14:29:54, 1011.70, 23.23, 22.06, 26.203, 1293, 2042, 2860, 3542, 4064, 4447, 5220, 6079, 22905, 8719, 0, 0, 5650, 9012, 12486, 14943, 17760, 18885, 23607, 27056, 36000, 36000, 1, 1
14:29:55, 1011.90, 23.24, 22.06, 26.203, 1301, 2060, 2881, 3577, 4108, 4498, 5295, 6150, 23082, 8754, 0, 0, 5844, 9318, 12936, 15499, 18170, 19336, 24059, 27572, 36000, 36000, 1, 1
14:29:55, 1011.80, 23.24, 22.08, 26.211, 1307, 2076, 2902, 3606, 4126, 4517, 5325, 6176, 23144, 8757, 0, 0, 5919, 9414, 13103, 15666, 18428, 19575, 24361, 27849, 36000, 36000, 1, 1
14:29:56, 1011.70, 23.24, 22.08, 26.211, 1300, 2058, 2881, 3574, 4091, 4479, 5267, 6121, 22985, 8718, 0, 0, 5934, 9483, 13197, 15798, 18302, 19420, 24194, 27683, 36000, 36000, 1, 1
14:29:57, 1012.00, 23.24, 22.11, 26.211, 1299, 2057, 2877, 3571, 4091, 4477, 5270, 6124, 22971, 8707, 0, 0, 5635, 9029, 12400, 15117, 17442, 18838, 23275, 27150, 36000, 36000, 1, 1
14:29:57, 1011.80, 23.24, 22.08, 26.219, 1295, 2048, 2867, 3556, 4068, 4455, 5234, 6090, 22874, 8677, 0, 0, 5624, 9012, 12373, 15101, 17340, 18739, 23138, 27017, 36000, 36000, 1, 1
14:29:58, 1011.90, 23.24, 22.09, 26.219, 1293, 2042, 2860, 3544, 4066, 4450, 5230, 6084, 22841, 8665, 0, 0, 5613, 9050, 12386, 15109, 17446, 18784, 23203, 27053, 36000, 36000, 1, 1
14:29:59, 1011.90, 23.24, 22.11, 26.211, 1297, 2054, 2874, 3566, 4089, 4473, 5269, 6117, 22918, 8677, 0, 0, 5643, 9103, 12463, 15198, 17568, 18877, 23365, 27188, 36000, 36000, 1, 1
14:29:59, 1011.90, 23.25, 22.08, 26.219, 1296, 2053, 2873, 3566, 4081, 4469, 5259, 6104, 22876, 8661, 0, 0, 5657, 9118, 12487, 15232, 17599, 18893, 23383, 27193, 36000, 36000, 1, 1
14:30:00, 1011.90, 23.25, 22.08, 26.219, 1294, 2047, 2865, 3556, 4070, 4457, 5243, 6087, 22818, 8638, 0, 0, 5659, 9128, 12500, 15244, 17604, 18897, 23395, 27198, 36000, 36000, 1, 1
14:30:00, 1012.00, 23.25, 22.11, 26.219, 1293, 2047, 2865, 3555, 4073, 4459, 5249, 6092, 22814, 8632, 0, 0, 5648, 9108, 12471, 15211, 17553, 18857, 23332, 27155, 36000, 36000, 1, 1
14:30:01, 1011.90, 23.25, 22.11, 26.234, 1295, 2053, 2871, 3567, 4082, 4471, 5265, 6106, 22844, 8630, 0, 0, 5650, 9112, 12475, 15216, 17592, 18889, 23381, 27196, 36000, 36000, 1, 1
14:30:02, 1011.90, 23.25, 22.16, 26.234, 1292, 2045, 2862, 3552, 4064, 4449, 5236, 6078, 22759, 8604, 0, 0, 5658, 9129, 12499, 15244, 17594, 18898, 23395, 27203, 36000, 36000, 1, 1
14:30:02, 1011.90, 23.25, 22.11, 26.219, 1292, 2045, 2862, 3551, 4069, 4454, 5249, 6089, 22778, 8599, 0, 0, 5638, 9097, 12452, 15190, 17531, 18841, 23331, 27150, 36000, 36000, 1, 1
14:30:03, 1011.90, 23.25, 22.13, 26.234, 1292, 2049, 2866, 3558, 4070, 4457, 5250, 6088, 22760, 8591, 0, 0, 5643, 9106, 12458, 15198, 17547, 18851, 23345, 27157, 36000, 36000, 1, 1
14:30:04, 1012.00, 23.25, 22.15, 26.234, 1290, 2043, 2859, 3548, 4062, 4446, 5238, 6075, 22707, 8571, 0, 0, 5637, 9098, 12450, 15179, 17523, 18829, 23316, 27133, 36000, 36000, 1, 1
14:30:04, 1011.90, 23.26, 22.11, 26.227, 1291, 2045, 2860, 3551, 4065, 4449, 5244, 6080, 22707, 8566, 0, 0, 5643, 9109, 12465, 15203, 17559, 18859, 23347, 27168, 36000, 36000, 1, 1
14:30:05, 1011.70, 23.26, 22.11, 26.234, 1290, 2044, 2860, 3551, 4064, 4448, 5244, 6077, 22683, 8555, 0, 0, 5645, 9112, 12465, 15208, 17555, 18866, 23352, 27174, 36000, 36000, 1, 1
14:30:06, 1011.90, 23.26, 22.13, 26.234, 1289, 2043, 2858, 3548, 4060, 4444, 5238, 6070, 22655, 8540, 0, 0, 5651, 9123, 12481, 15226, 17573, 18879, 23388, 27200, 36000, 36000, 1, 1
14:30:06, 1011.80, 23.26, 22.11, 26.242, 1288, 2042, 2857, 3548, 4061, 4445, 5240, 6073, 22648, 8534, 0, 0, 5647, 9114, 12473, 15207, 17557, 18865, 23375, 27194, 36000, 36000, 1, 1
14:30:07, 1011.80, 23.26, 22.15, 26.242, 1288, 2041, 2856, 3547, 4057, 4441, 5235, 6065, 22611, 8519, 0, 0, 5705, 9172, 12580, 15330, 17796, 19088, 23738, 27500, 36000, 36000, 1, 1
14:30:08, 1012.00, 23.27, 22.15, 26.250, 1288, 2042, 2857, 3548, 4062, 4446, 5244, 6073, 22623, 8517, 0, 0, 5849, 9378, 12932, 15726, 18334, 19553, 24364, 28004, 36000, 36000, 1, 1
14:30:08, 1012.00, 23.27, 22.11, 26.258, 1290, 2049, 2866, 3562, 4078, 4462, 5270, 6093, 22660, 8519, 0, 0, 6108, 9728, 13582, 16305, 19320, 20490, 25450, 29013, 36000, 36000, 1, 1
14:30:09, 1012.00, 23.27, 22.11, 26.258, 1294, 2057, 2876, 3577, 4096, 4478, 5295, 6118, 22713, 8524, 0, 0, 6414, 10215, 14290, 17121, 20191, 21360, 26407, 29996, 36000, 36000, 1, 1
14:30:10, 1011.90, 23.27, 22.11, 26.273, 1297, 2064, 2886, 3592, 4112, 4496, 5322, 6142, 22761, 8528, 0, 0, 6585, 10445, 14681, 17525, 20607, 21760, 26894, 30459, 36000, 36000, 1, 1
14:30:10, 1011.80, 23.28, 22.15, 26.281, 1302, 2078, 2903, 3617, 4143, 4523, 5367, 6183, 22862, 8533, 0, 0, 6549, 10371, 14607, 17407, 20379, 21544, 26609, 30197, 36000, 36000, 1, 1
14:30:11, 1011.80, 23.28, 22.16, 26.281, 1298, 2070, 2893, 3604, 4114, 4494, 5328, 6141, 22729, 8502, 0, 0, 6454, 10262, 14389, 17190, 20115, 21270, 26267, 29907, 36000, 36000, 1, 1
14:30:12, 1011.80, 23.28, 22.11, 26.297, 1292, 2055, 2874, 3575, 4089, 4470, 5290, 6104, 22610, 8470, 0, 0, 6366, 10154, 14185, 16981, 19892, 21068, 25988, 29643, 36000, 36000, 1, 1
14:30:12, 1011.90, 23.28, 22.15, 26.312, 1293, 2058, 2877, 3580, 4102, 4481, 5309, 6123, 22649, 8472, 0, 0, 6384, 10175, 14242, 17014, 19919, 21104, 26028, 29715, 36000, 36000, 1, 1
14:30:13, 1011.90, 23.28, 22.15, 26.312, 1295, 2066, 2887, 3594, 4113, 4492, 5329, 6138, 22676, 8471, 0, 0, 6347, 10128, 14159, 16942, 19867, 21040, 25954, 29648, 36000, 36000, 1, 1
14:30:14, 1012.00, 23.28, 22.15, 26.328, 1293, 2060, 2881, 3585, 4101, 4477, 5309, 6119, 22601, 8452, 0, 0, 6346, 10117, 14147, 16914, 19839, 20999, 25899, 29579, 36000, 36000, 1, 1
14:30:14, 1012.10, 23.28, 22.09, 26.352, 1291, 2056, 2874, 3577, 4096, 4472, 5300, 6110, 22563, 8439, 0, 0, 6349, 10133, 14157, 16948, 19816, 21014, 25917, 29621, 36000, 36000, 1, 1
14:30:15, 1011.90, 23.28, 22.15, 26.352, 1293, 2060, 2881, 3587, 4111, 4484, 5324, 6127, 22593, 8443, 0, 0, 6362, 10143, 14189, 16974, 19891, 21090, 26011, 29688, 36000, 36000, 1, 1
14:30:16, 1012.00, 23.28, 22.13, 26.352, 1294, 2063, 2885, 3592, 4114, 4485, 5329, 6131, 22589, 8435, 0, 0, 6330, 10108, 14116, 16901, 19772, 20962, 25854, 29564, 36000, 36000, 1, 1
14:30:16, 1011.90, 23.28, 22.15, 26.359, 1291, 2058, 2878, 3580, 4101, 4472, 5308, 6111, 22523, 8418, 0, 0, 6347, 10140, 14155, 16949, 19890, 21088, 25990, 29727, 36000, 36000, 1, 1
14:30:17, 1012.00, 23.28, 22.15, 26.359, 1291, 2057, 2877, 3580, 4107, 4476, 5317, 6120, 22529, 8417, 0, 0, 6386, 10174, 14231, 17016, 19954, 21115, 26064, 29734, 36000, 36000, 1, 1
14:30:18, 1011.90, 23.28, 22.13, 26.367, 1295, 2069, 2892, 3603, 4132, 4496, 5353, 6154, 22599, 8423, 0, 0, 6389, 10183, 14251, 17037, 19998, 21173, 26106, 29783, 36000, 36000, 1, 1
14:30:18, 1011.90, 23.29, 22.16, 26.383, 1293, 2064, 2888, 3595, 4117, 4481, 5330, 6128, 22516, 8407, 0, 0, 6387, 10201, 14256, 17065, 20001, 21193, 26151, 29836, 36000, 36000, 1, 1
14:30:19, 1012.10, 23.29, 22.16, 26.383, 1290, 2056, 2877, 3578, 4105, 4468, 5312, 6112, 22453, 8392, 0, 0, 6389, 10204, 14258, 17067, 19957, 21145, 26081, 29787, 36000, 36000, 1, 1
14:30:20, 1012.00, 23.29, 22.16, 26.391, 1292, 2064, 2887, 3594, 4124, 4484, 5341, 6137, 22502, 8392, 0, 0, 6337, 10139, 14140, 16953, 19806, 21012, 25920, 29655, 36000, 36000, 1, 1
14:30:20, 1011.90, 23.29, 22.15, 26.398, 1293, 2065, 2889, 3596, 4123, 4482, 5340, 6135, 22483, 8386, 0, 0, 6353, 10165, 14181, 16993, 19901, 21102, 26022, 29738, 36000, 36000, 1, 1
14:30:21, 1011.90, 23.29, 22.16, 26.398, 1292, 2062, 2885, 3590, 4118, 4476, 5333, 6127, 22435, 8374, 0, 0, 6365, 10182, 14201, 17021, 19917, 21112, 26037, 29765, 36000, 36000, 1, 1
14:30:22, 1011.80, 23.30, 22.22, 26.406, 1291, 2062, 2886, 3590, 4122, 4476, 5336, 6128, 22420, 8367, 0, 0, 6332, 10151, 14129, 16967, 19806, 21032, 25891, 29662, 36000, 36000, 1, 1
14:30:22, 1011.90, 23.30, 22.13, 26.406, 1292, 2065, 2890, 3597, 4128, 4481, 5344, 6137, 22435, 8364, 0, 0, 6331, 10148, 14133, 16963, 19879, 21096, 25992, 29752, 36000, 36000, 1, 1
14:30:23, 1011.90, 23.30, 22.16, 26.422, 1291, 2062, 2885, 3589, 4117, 4471, 5330, 6123, 22371, 8349, 0, 0, 6393, 10231, 14275, 17100, 20008, 21208, 26141, 29898, 36000, 36000, 1, 1
14:30:24, 1011.80, 23.31, 22.16, 26.430, 1290, 2062, 2885, 3591, 4127, 4477, 5343, 6133, 22381, 8347, 0, 0, 6384, 10212, 14249, 17066, 19980, 21179, 26112, 29871, 36000, 36000, 1, 1
14:30:24, 1011.90, 23.31, 22.18, 26.430, 1293, 2069, 2895, 3604, 4140, 4485, 5358, 6147, 22399, 8343, 0, 0, 6377, 10210, 14225, 17062, 19953, 21171, 26068, 29841, 36000, 36000, 1, 1
14:30:25, 1011.80, 23.31, 22.18, 26.437, 1290, 2063, 2886, 3589, 4123, 4469, 5333, 6122, 22310, 8325, 0, 0, 6356, 10180, 14194, 17006, 19822, 21063, 25965, 29734, 36000, 36000, 1, 1
14:30:26, 1012.10, 23.31, 22.18, 26.445, 1290, 2063, 2886, 3589, 4129, 4473, 5345, 6131, 22319, 8320, 0, 0, 6320, 10140, 14103, 16925, 19770, 21003, 25862, 29676, 36000, 36000, 1, 1
14:30:26, 1011.80, 23.31, 22.20, 26.445, 1292, 2069, 2894, 3600, 4138, 4479, 5356, 6140, 22329, 8317, 0, 0, 6334, 10145, 14125, 16938, 19784, 20997, 25896, 29693, 36000, 36000, 1, 1
14:30:27, 1011.80, 23.31, 22.20, 26.453, 1290, 2063, 2888, 3593, 4129, 4469, 5342, 6128, 22273, 8304, 0, 0, 6289, 10097, 14031, 16853, 19703, 20902, 25775, 29566, 36000, 36000, 1, 1
14:30:28, 1012.00, 23.31, 22.20, 26.461, 1290, 2063, 2887, 3590, 4130, 4468, 5339, 6126, 22250, 8295, 0, 0, 6347, 10192, 14176, 17008, 19938, 21151, 26055, 29885, 36000, 36000, 1, 1
14:30:28, 1011.90, 23.32, 22.16, 26.461, 1289, 2062, 2886, 3589, 4131, 4466, 5340, 6123, 22236, 8293, 0, 0, 6345, 10178, 14153, 16977, 19771, 20967, 25863, 29639, 36000, 36000, 1, 1
14:30:29, 1011.90, 23.32, 22.23, 26.453, 1291, 2068, 2893, 3599, 4140, 4475, 5356, 6140, 22255, 8289, 0, 0, 6292, 10108, 14041, 16869, 19747, 20953, 25832, 29645, 36000, 36000, 1, 1
14:30:30, 1012.00, 23.32, 22.20, 26.453, 1290, 2064, 2888, 3591, 4129, 4461, 5336, 6119, 22183, 8273, 0, 0, 6334, 10180, 14147, 17000, 19842, 21062, 25980, 29786, 36000, 36000, 1, 1
14:30:30, 1011.90, 23.32, 22.18, 26.453, 1288, 2062, 2886, 3586, 4131, 4462, 5340, 6122, 22171, 8268, 0, 0, 6312, 10149, 14085, 16936, 19721, 20938, 25818, 29658, 36000, 36000, 1, 1
14:30:31, 1011.80, 23.32, 22.22, 26.430, 1292, 2072, 2898, 3605, 4148, 4478, 5369, 6151, 22227, 8276, 0, 0, 6334, 10136, 14110, 16915, 19818, 21041, 25931, 29752, 36000, 36000, 1, 1
14:30:32, 1011.90, 23.33, 22.20, 26.437, 1290, 2068, 2892, 3597, 4139, 4468, 5350, 6132, 22164, 8265, 0, 0, 6415, 10285, 14330, 17182, 20096, 21297, 26259, 30076, 36000, 36000, 1, 1
14:30:32, 1011.90, 23.33, 22.22, 26.437, 1292, 2071, 2896, 3602, 4153, 4479, 5371, 6153, 22199, 8266, 0, 0, 6423, 10295, 14344, 17206, 20127, 21337, 26335, 30155, 36000, 36000, 1, 1
14:30:33, 1011.70, 23.33, 22.23, 26.430, 1295, 2079, 2906, 3619, 4164, 4488, 5388, 6168, 22223, 8269, 0, 0, 6446, 10312, 14405, 17245, 20177, 21399, 26414, 30224, 36000, 36000, 1, 1
14:30:34, 1011.90, 23.33, 22.20, 26.437, 1292, 2072, 2897, 3601, 4146, 4469, 5359, 6139, 22136, 8250, 0, 0, 6423, 10289, 14361, 17221, 20095, 21342, 26354, 30167, 36000, 36000, 1, 1
14:30:34, 1012.10, 23.33, 22.20, 26.437, 1291, 2070, 2894, 3599, 4146, 4469, 5358, 6139, 22106, 8242, 0, 0, 6425, 10306, 14368, 17245, 20137, 21398, 26394, 30241, 36000, 36000, 1, 1
14:30:35, 1011.90, 23.34, 22.23, 26.430, 1290, 2070, 2894, 3597, 4144, 4467, 5357, 6136, 22097, 8237, 0, 0, 6409, 10285, 14327, 17214, 20021, 21288, 26272, 30139, 36000, 36000, 1, 1
14:30:36, 1011.70, 23.34, 22.22, 26.430, 1291, 2071, 2896, 3602, 4150, 4469, 5365, 6145, 22088, 8229, 0, 0, 6361, 10198, 14215, 17062, 19927, 21175, 26111, 29992, 36000, 36000, 1, 1
14:30:36, 1011.90, 23.34, 22.22, 26.430, 1290, 2068, 2893, 3596, 4142, 4463, 5354, 6133, 22043, 8216, 0, 0, 6379, 10209, 14253, 17069, 19960, 21202, 26133, 30016, 36000, 36000, 1, 1
14:30:37, 1011.90, 23.34, 22.22, 26.430, 1290, 2072, 2896, 3602, 4155, 4473, 5371, 6149, 22066, 8220, 0, 0, 6381, 10209, 14258, 17071, 19984, 21222, 26160, 30032, 36000, 36000, 1, 1
14:30:38, 1011.70, 23.35, 22.22, 26.430, 1293, 2078, 2903, 3616, 4167, 4483, 5390, 6164, 22098, 8219, 0, 0, 6431, 10299, 14388, 17220, 20183, 21442, 26419, 30300, 36000, 36000, 1, 1
14:30:38, 1012.00, 23.35, 22.20, 26.437, 1291, 2075, 2900, 3607, 4155, 4470, 5369, 6144, 22031, 8206, 0, 0, 6493, 10403, 14533, 17391, 20337, 21597, 26629, 30490, 36000, 36000, 1, 1
14:30:39, 1011.90, 23.35, 22.25, 26.437, 1290, 2073, 2897, 3603, 4157, 4471, 5372, 6149, 22024, 8201, 0, 0, 6488, 10406, 14519, 17380, 20342, 21593, 26593, 30459, 36000, 36000, 1, 1
14:30:40, 1011.80, 23.35, 22.22, 26.437, 1293, 2080, 2906, 3618, 4172, 4483, 5395, 6167, 22063, 8197, 0, 0, 6476, 10411, 14487, 17378, 20359, 21600, 26608, 30490, 36000, 36000, 1, 1
14:30:40, 1011.90, 23.36, 22.23, 26.437, 1292, 2077, 2902, 3611, 4162, 4473, 5380, 6153, 22014, 8190, 0, 0, 6511, 10459, 14557, 17463, 20388, 21611, 26664, 30537, 36000, 36000, 1, 1
14:30:41, 1012.00, 23.36, 22.22, 26.445, 1291, 2078, 2902, 3611, 4167, 4476, 5386, 6157, 22016, 8183, 0, 0, 6496, 10434, 14528, 17423, 20352, 21599, 26657, 30536, 36000, 36000, 1, 1
14:30:42, 1011.80, 23.36, 22.20, 26.445, 1291, 2077, 2903, 3612, 4167, 4476, 5386, 6158, 22001, 8178, 0, 0, 6545, 10506, 14653, 17545, 20465, 21728, 26793, 30710, 36000, 36000, 1, 1
14:30:42, 1011.90, 23.36, 22.18, 26.453, 1293, 2083, 2908, 3621, 4182, 4489, 5410, 6177, 22044, 8180, 0, 0, 6552, 10496, 14651, 17500, 20461, 21702, 26700, 30607, 36000, 36000, 1, 1
14:30:43, 1011.80, 23.36, 22.25, 26.461, 1293, 2083, 2909, 3621, 4170, 4474, 5391, 6159, 21979, 8166, 0, 0, 6511, 10460, 14568, 17457, 20360, 21624, 26647, 30595, 36000, 36000, 1, 1
14:30:44, 1012.00, 23.36, 22.20, 26.461, 1285, 2067, 2888, 3589, 4142, 4449, 5348, 6121, 21854, 8144, 0, 0, 6470, 10419, 14475, 17394, 20291, 21598, 26572, 30506, 36000, 36000, 1, 1
14:30:44, 1011.90, 23.36, 22.25, 26.453, 1289, 2074, 2898, 3605, 4165, 4470, 5383, 6152, 21943, 8150, 0, 0, 6434, 10365, 14408, 17311, 20236, 21542, 26511, 30473, 36000, 36000, 1, 1
14:30:45, 1011.90, 23.36, 22.25, 26.461, 1291, 2079, 2904, 3614, 4169, 4472, 5389, 6156, 21938, 8149, 0, 0, 6542, 10481, 14652, 17495, 20508, 21762, 26808, 30716, 36000, 36000, 1, 1
14:30:46, 1012.00, 23.37, 22.27, 26.461, 1288, 2075, 2897, 3604, 4158, 4463, 5373, 6140, 21883, 8140, 0, 0, 6561, 10516, 14700, 17565, 20555, 21815, 26874, 30808, 36000, 36000, 1, 1
14:30:46, 1011.80, 23.37, 22.20, 26.461, 1289, 2075, 2899, 3607, 4165, 4468, 5382, 6150, 21902, 8138, 0, 0, 6548, 10498, 14669, 17530, 20545, 21798, 26853, 30786, 36000, 36000, 1, 1
14:30:47, 1012.00, 23.37, 22.23, 26.469, 1290, 2079, 2903, 3613, 4169, 4472, 5389, 6154, 21902, 8136, 0, 0, 6566, 10509, 14702, 17552, 20559, 21804, 26869, 30798, 36000, 36000, 1, 1
14:30:48, 1012.00, 23.37, 22.25, 26.469, 1289, 2079, 2902, 3612, 4168, 4470, 5389, 6154, 21886, 8128, 0, 0, 6529, 10481, 14626, 17511, 20477, 21739, 26812, 30735, 36000, 36000, 1, 1
14:30:48, 1011.80, 23.37, 22.23, 26.469, 1288, 2076, 2898, 3605, 4160, 4461, 5373, 6141, 21853, 8118, 0, 0, 6545, 10501, 14658, 17547, 20498, 21756, 26846, 30747, 36000, 36000, 1, 1
14:30:49, 1012.00, 23.37, 22.23, 26.469, 1288, 2075, 2896, 3605, 4167, 4468, 5384, 6150, 21869, 8120, 0, 0, 6548, 10516, 14665, 17564, 20522, 21800, 26857, 30806, 36000, 36000, 1, 1
14:30:49, 1012.00, 23.37, 22.27, 26.469, 1290, 2080, 2903, 3616, 4171, 4471, 5392, 6156, 21876, 8112, 0, 0, 6596, 10571, 14775, 17648, 20653, 21920, 27005, 30926, 36000, 36000, 1, 1
14:30:50, 1011.90, 23.38, 22.22, 26.461, 1287, 2074, 2895, 3603, 4158, 4458, 5371, 6137, 21822, 8103, 0, 0, 6583, 10565, 14749, 17644, 20621, 21894, 26984, 30932, 36000, 36000, 1, 1
14:30:51, 1012.00, 23.38, 22.25, 26.477, 1288, 2075, 2896, 3605, 4161, 4463, 5381, 6144, 21830, 8101, 0, 0, 6563, 10528, 14700, 17583, 20579, 21849, 26932, 30855, 36000, 36000, 1, 1
14:30:51, 1011.90, 23.38, 22.25, 26.477, 1288, 2075, 2897, 3606, 4162, 4461, 5378, 6141, 21818, 8095, 0, 0, 6584, 10549, 14742, 17619, 20579, 21855, 26933, 30869, 36000, 36000, 1, 1
14:30:52, 1011.80, 23.38, 22.22, 26.469, 1285, 2072, 2892, 3600, 4156, 4455, 5371, 6132, 21783, 8086, 0, 0, 6582, 10556, 14748, 17628, 20594, 21873, 26972, 30896, 36000, 36000, 1, 1
14:30:53, 1011.90, 23.38, 22.25, 26.469, 1286, 2073, 2893, 3603, 4159, 4455, 5378, 6136, 21788, 8083, 0, 0, 6605, 10575, 14798, 17660, 20690, 21948, 27047, 30986, 36000, 36000, 1, 1
14:30:53, 1011.90, 23.38, 22.23, 26.469, 1285, 2070, 2890, 3598, 4151, 4451, 5366, 6126, 21753, 8072, 0, 0, 6584, 10557, 14748, 17627, 20574, 21851, 26943, 30884, 36000, 36000, 1, 1
14:30:54, 1012.10, 23.38, 22.28, 26.461, 1284, 2070, 2890, 3600, 4153, 4452, 5372, 6129, 21750, 8066, 0, 0, 6571, 10520, 14717, 17565, 20566, 21816, 26908, 30850, 36000, 36000, 1, 1
14:30:55, 1012.00, 23.38, 22.25, 26.461, 1282, 2066, 2884, 3591, 4140, 4438, 5353, 6108, 21696, 8052, 0, 0, 6550, 10508, 14674, 17549, 20541, 21800, 26894, 30843, 36000, 36000, 1, 1
14:30:55, 1011.80, 23.38, 22.27, 26.469, 1282, 2065, 2883, 3590, 4145, 4444, 5362, 6114, 21710, 8048, 0, 0, 6564, 10520, 14703, 17565, 20571, 21836, 26922, 30861, 36000, 36000, 1, 1
14:30:56, 1012.10, 23.38, 22.28, 26.477, 1283, 2068, 2886, 3595, 4145, 4444, 5360, 6115, 21704, 8044, 0, 0, 6579, 10537, 14739, 17603, 20567, 21819, 26914, 30812, 36000, 36000, 1, 1
14:30:57, 1012.00, 23.39, 22.25, 26.477, 1280, 2061, 2876, 3584, 4133, 4432, 5346, 6097, 21651, 8026, 0, 0, 6458, 10333, 14460, 17255, 20153, 21378, 26383, 30255, 36000, 36000, 1, 1
14:30:57, 1011.90, 23.39, 22.28, 26.477, 1276, 2053, 2867, 3570, 4109, 4408, 5311, 6063, 21551, 8000, 0, 0, 6470, 10354, 14497, 17250, 20234, 21450, 26450, 30379, 36000, 36000, 1, 1
14:30:58, 1012.10, 23.39, 22.27, 26.477, 1264, 2029, 2834, 3520, 4058, 4358, 5236, 5991, 21336, 7957, 0, 0, 6367, 10160, 14251, 16913, 19643, 20842, 25673, 29598, 36000, 36000, 1, 1
14:30:59, 1011.90, 23.39, 22.30, 26.477, 1262, 2026, 2830, 3515, 4056, 4355, 5236, 5987, 21321, 7939, 0, 0, 6193, 9879, 13864, 16403, 19152, 20311, 24966, 28910, 36000, 36000, 1, 1
14:30:59, 1011.90, 23.40, 22.25, 26.477, 1248, 2001, 2795, 3467, 3982, 4279, 5128, 5878, 21030, 7854, 0, 0, 5912, 9403, 13297, 15579, 17901, 18999, 23378, 27223, 36000, 36000, 1, 1
14:31:00, 1012.00, 23.40, 22.27, 26.484, 1231, 1968, 2752, 3406, 3947, 4242, 5077, 5826, 20862, 7800, 0, 0, 4961, 8092, 10940, 13435, 15189, 16741, 21079, 25422, 36000, 35407, 1, 1
14:31:01, 1012.00, 23.40, 22.30, 26.484, 1253, 2011, 2808, 3491, 4032, 4327, 5207, 5956, 21219, 7884, 0, 0, 4656, 7143, 9955, 12001, 14918, 16620, 21682, 25499, 36000, 36000, 1, 1
14:31:01, 1011.80, 23.39, 22.27, 26.484, 1258, 2019, 2818, 3504, 4034, 4332, 5208, 5962, 21213, 7897, 0, 0, 6864, 10976, 15309, 18314, 21594, 22940, 28327, 32312, 36000, 36000, 1, 1
14:31:02, 1011.90, 23.39, 22.30, 26.484, 1262, 2024, 2827, 3509, 4053, 4354, 5229, 5982, 21247, 7915, 0, 0, 6982, 11230, 15635, 18731, 21835, 23159, 28506, 32457, 36000, 36000, 1, 1
14:31:03, 1011.80, 23.39, 22.27, 26.484, 1265, 2029, 2835, 3522, 4067, 4368, 5251, 6002, 21302, 7922, 0, 0, 6918, 11157, 15511, 18613, 21697, 23026, 28315, 32297, 36000, 36000, 1, 1
14:31:03, 1011.80, 23.40, 22.28, 26.484, 1267, 2035, 2842, 3536, 4079, 4378, 5272, 6020, 21346, 7925, 0, 0, 6934, 11164, 15545, 18628, 21753, 23083, 28380, 32348, 36000, 36000, 1, 1
14:31:04, 1012.10, 23.40, 22.27, 26.500, 1265, 2031, 2839, 3531, 4070, 4369, 5257, 6005, 21300, 7912, 0, 0, 6952, 11205, 15583, 18679, 21756, 23093, 28411, 32382, 36000, 36000, 1, 1
14:31:05, 1011.70, 23.40, 22.30, 26.500, 1262, 2026, 2831, 3519, 4059, 4358, 5242, 5991, 21255, 7898, 0, 0, 6925, 11172, 15523, 18631, 21701, 23040, 28346, 32304, 36000, 36000, 1, 1
14:31:05, 1011.90, 23.40, 22.25, 26.500, 1263, 2028, 2834, 3524, 4065, 4366, 5254, 5998, 21265, 7898, 0, 0, 6938, 11181, 15549, 18646, 21780, 23106, 28418, 32377, 36000, 36000, 1, 1
14:31:06, 1011.60, 23.40, 22.28, 26.516, 1262, 2027, 2831, 3521, 4059, 4359, 5245, 5990, 21243, 7887, 0, 0, 6956, 11210, 15580, 18693, 21735, 23083, 28393, 32353, 36000, 36000, 1, 1
14:31:07, 1011.90, 23.40, 22.30, 26.516, 1261, 2023, 2828, 3516, 4053, 4353, 5238, 5982, 21212, 7878, 0, 0, 6917, 11164, 15502, 18613, 21683, 23024, 28325, 32285, 36000, 36000, 1, 1
14:31:07, 1011.80, 23.40, 22.30, 26.508, 1260, 2022, 2826, 3514, 4052, 4352, 5236, 5976, 21202, 7869, 0, 0, 6955, 11211, 15580, 18692, 21806, 23136, 28465, 32416, 36000, 36000, 1, 1
14:31:08, 1011.80, 23.40, 22.34, 26.516, 1260, 2022, 2827, 3516, 4053, 4353, 5239, 5980, 21200, 7864, 0, 0, 6952, 11198, 15559, 18676, 21728, 23088, 28391, 32340, 36000, 36000, 1, 1
14:31:09, 1011.90, 23.40, 22.27, 26.516, 1259, 2019, 2822, 3510, 4047, 4347, 5232, 5974, 21179, 7857, 0, 0, 6943, 11199, 15553, 18673, 21784, 23114, 28411, 32372, 36000, 36000, 1, 1
14:31:09, 1011.80, 23.40, 22.30, 26.516, 1260, 2022, 2827, 3517, 4053, 4354, 5240, 5980, 21186, 7855, 0, 0, 6977, 11266, 15646, 18804, 21974, 23304, 28641, 32583, 36000, 36000, 1, 1
14:31:10, 1011.80, 23.41, 22.30, 26.531, 1257, 2015, 2817, 3502, 4035, 4336, 5212, 5952, 21097, 7836, 0, 0, 7006, 11303, 15703, 18865, 21927, 23271, 28605, 32531, 36000, 36000, 1, 1
14:31:11, 1011.90, 23.41, 22.30, 26.531, 1253, 2008, 2809, 3489, 4025, 4322, 5197, 5937, 21048, 7820, 0, 0, 6980, 11269, 15649, 18800, 21915, 23231, 28565, 32490, 36000, 36000, 1, 1
14:31:11, 1011.80, 23.41, 22.30, 26.523, 1253, 2008, 2806, 3488, 4025, 4322, 5197, 5935, 21039, 7816, 0, 0, 6965, 11240, 15612, 18754, 21851, 23180, 28481, 32430, 36000, 36000, 1, 1
14:31:12, 1011.80, 23.41, 22.34, 26.523, 1254, 2011, 2811, 3497, 4034, 4333, 5212, 5947, 21067, 7818, 0, 0, 7000, 11278, 15684, 18821, 21949, 23263, 28609, 32503, 36000, 36000, 1, 1
14:31:13, 1011.80, 23.41, 22.34, 26.531, 1252, 2007, 2808, 3489, 4021, 4320, 5193, 5929, 21008, 7803, 0, 0, 6969, 11242, 15620, 18751, 21858, 23174, 28505, 32416, 36000, 36000, 1, 1
14:31:13, 1011.80, 23.41, 22.34, 26.547, 1251, 2005, 2803, 3483, 4020, 4318, 5192, 5929, 21000, 7796, 0, 0, 6947, 11217, 15583, 18711, 21827, 23138, 28441, 32366, 36000, 36000, 1, 1
14:31:14, 1011.80, 23.41, 22.28, 26.547, 1252, 2009, 2809, 3492, 4027, 4324, 5203, 5938, 21016, 7796, 0, 0, 6975, 11247, 15646, 18766, 21916, 23218, 28558, 32444, 36000, 36000, 1, 1
14:31:15, 1011.70, 23.41, 22.34, 26.555, 1251, 2006, 2805, 3486, 4019, 4316, 5190, 5926, 20970, 7783, 0, 0, 6969, 11226, 15619, 18733, 21806, 23145, 28446, 32347, 36000, 36000, 1, 1
14:31:15, 1011.60, 23.42, 22.28, 26.562, 1250, 2003, 2800, 3481, 4013, 4311, 5182, 5918, 20939, 7775, 0, 0, 6949, 11219, 15589, 18708, 21864, 23160, 28497, 32386, 36000, 36000, 1, 1
14:31:16, 1012.00, 23.42, 22.34, 26.562, 1249, 2003, 2801, 3481, 4022, 4320, 5197, 5930, 20973, 7777, 0, 0, 6972, 11230, 15640, 18741, 21901, 23197, 28525, 32415, 36000, 36000, 1, 1
14:31:17, 1011.80, 23.42, 22.34, 26.570, 1258, 2022, 2827, 3520, 4066, 4361, 5262, 5989, 21161, 7814, 0, 0, 6971, 11242, 15627, 18771, 21844, 23199, 28472, 32435, 36000, 36000, 1, 1
14:31:17, 1011.80, 23.42, 22.35, 26.586, 1264, 2034, 2844, 3544, 4085, 4378, 5292, 6017, 21216, 7820, 0, 0, 6974, 11247, 15640, 18773, 21920, 23248, 28554, 32506, 36000, 36000, 1, 1
14:31:18, 1012.10, 23.42, 22.35, 26.586, 1256, 2017, 2820, 3508, 4034, 4329, 5214, 5947, 20992, 7773, 0, 0, 7030, 11324, 15760, 18903, 22068, 23380, 28774, 32653, 36000, 36000, 1, 1
14:31:19, 1011.90, 23.42, 22.34, 26.594, 1245, 1995, 2790, 3463, 3998, 4292, 5156, 5894, 20827, 7737, 0, 0, 6984, 11272, 15658, 18807, 21896, 23218, 28573, 32494, 36000, 36000, 1, 1
14:31:19, 1012.00, 23.42, 22.34, 26.602, 1247, 2000, 2797, 3471, 4008, 4302, 5174, 5913, 20847, 7738, 0, 0, 6981, 11279, 15653, 18827, 21945, 23277, 28626, 32547, 36000, 36000, 1, 1
14:31:20, 1011.80, 23.42, 22.34, 26.602, 1245, 1995, 2790, 3463, 3998, 4290, 5153, 5894, 20784, 7723, 0, 0, 7029, 11332, 15758, 18907, 21981, 23317, 28688, 32587, 36000, 36000, 1, 1
14:31:21, 1011.70, 23.42, 22.35, 26.609, 1241, 1988, 2781, 3448, 3984, 4275, 5133, 5873, 20717, 7707, 0, 0, 6984, 11301, 15664, 18852, 21925, 23260, 28630, 32564, 36000, 36000, 1, 1
14:31:21, 1011.90, 23.42, 22.32, 26.617, 1245, 1996, 2791, 3462, 4008, 4299, 5169, 5909, 20812, 7723, 0, 0, 6972, 11270, 15628, 18805, 21923, 23243, 28586, 32518, 36000, 36000, 1, 1
14:31:22, 1011.90, 23.42, 22.35, 26.617, 1254, 2013, 2814, 3499, 4043, 4332, 5224, 5961, 20955, 7751, 0, 0, 6972, 11252, 15612, 18769, 21810, 23162, 28489, 32418, 36000, 36000, 1, 1
14:31:23, 1011.80, 23.43, 22.34, 26.625, 1252, 2011, 2810, 3492, 4026, 4314, 5197, 5937, 20867, 7727, 0, 0, 6986, 11278, 15658, 18808, 21894, 23221, 28595, 32531, 36000, 36000, 1, 1
14:31:23, 1011.90, 23.43, 22.34, 26.641, 1242, 1990, 2781, 3451, 3979, 4269, 5139, 5881, 20695, 7680, 0, 0, 6886, 11070, 15368, 18433, 20737, 21998, 27467, 31199, 36000, 36000, 1, 1
14:31:24, 1011.90, 23.44, 22.34, 26.641, 1231, 1977, 2760, 3431, 3965, 4247, 5140, 5872, 20700, 7645, 0, 0, 3809, 5905, 8160, 9627, 12407, 13631, 18267, 21968, 36000, 32453, 1, 1
14:31:25, 1011.90, 23.43, 22.35, 26.633, 1234, 1985, 2771, 3445, 3970, 4254, 5135, 5866, 20698, 7641, 0, 0, 5371, 8518, 11951, 13988, 17418, 18684, 22841, 26972, 36000, 36000, 1, 1
14:31:25, 1012.00, 23.43, 22.39, 26.641, 1229, 1969, 2752, 3413, 3948, 4233, 5090, 5832, 20550, 7632, 0, 0, 6370, 10139, 14251, 16774, 19929, 21082, 25960, 29900, 36000, 36000, 1, 1
14:31:26, 1012.00, 23.43, 22.35, 26.641, 1242, 1995, 2787, 3461, 4007, 4291, 5169, 5913, 20751, 7685, 0, 0, 6596, 10494, 14728, 17440, 20516, 21709, 26834, 30710, 36000, 36000, 1, 1
14:31:27, 1011.80, 23.43, 22.37, 26.641, 1259, 2032, 2837, 3531, 4089, 4373, 5297, 6029, 21063, 7751, 0, 0, 6624, 10571, 14796, 17595, 20656, 21863, 26999, 30903, 36000, 36000, 1, 1
14:31:27, 1012.00, 23.43, 22.39, 26.664, 1262, 2037, 2843, 3538, 4076, 4361, 5273, 6010, 21000, 7736, 0, 0, 6683, 10661, 14934, 17757, 20870, 22080, 27270, 31164, 36000, 36000, 1, 1
14:31:28, 1012.10, 23.43, 22.35, 26.664, 1251, 2011, 2810, 3489, 4034, 4314, 5201, 5949, 20804, 7695, 0, 0, 6725, 10752, 15044, 17879, 20930, 22142, 27330, 31249, 36000, 36000, 1, 1
14:31:29, 1012.00, 23.43, 22.35, 26.664, 1249, 2008, 2806, 3482, 4028, 4308, 5191, 5941, 20771, 7682, 0, 0, 6612, 10531, 14766, 17516, 20398, 21583, 26714, 30616, 36000, 36000, 1, 1
14:31:29, 1012.00, 23.44, 22.34, 26.664, 1253, 2018, 2817, 3498, 4046, 4329, 5221, 5975, 20819, 7689, 0, 0, 6216, 9932, 13779, 16526, 19003, 20412, 25127, 29280, 36000, 36000, 1, 1
14:31:30, 1011.80, 23.44, 22.35, 26.680, 1255, 2022, 2822, 3504, 4056, 4337, 5229, 5992, 20837, 7692, 0, 0, 6186, 9860, 13594, 16471, 18998, 20480, 25130, 29347, 36000, 36000, 1, 1
14:31:31, 1011.80, 23.44, 22.37, 26.680, 1267, 2049, 2859, 3553, 4127, 4415, 5342, 6097, 21088, 7747, 0, 0, 6154, 9857, 13512, 16493, 18974, 20457, 25151, 29319, 36000, 36000, 1, 1
14:31:31, 1011.90, 23.44, 22.37, 26.680, 1284, 2085, 2905, 3610, 4174, 4468, 5410, 6167, 21231, 7774, 0, 0, 6208, 9956, 13657, 16664, 19242, 20664, 25504, 29577, 36000, 36000, 1, 1
14:31:32, 1012.10, 23.44, 22.39, 26.687, 1279, 2073, 2890, 3592, 4150, 4442, 5371, 6132, 21119, 7748, 0, 0, 6152, 9903, 13545, 16552, 19052, 20513, 25238, 29336, 36000, 36000, 1, 1
14:31:33, 1011.90, 23.44, 22.39, 26.703, 1281, 2079, 2897, 3600, 4167, 4462, 5392, 6160, 21169, 7759, 0, 0, 6162, 9909, 13574, 16582, 19068, 20506, 25258, 29313, 36000, 36000, 1, 1
14:31:33, 1012.10, 23.44, 22.41, 26.703, 1289, 2094, 2918, 3623, 4194, 4491, 5429, 6200, 21240, 7774, 0, 0, 6185, 9948, 13626, 16645, 19164, 20586, 25375, 29432, 36000, 36000, 1, 1
14:31:34, 1011.90, 23.45, 22.39, 26.711, 1288, 2091, 2913, 3616, 4180, 4477, 5405, 6184, 21166, 7762, 0, 0, 6198, 9974, 13664, 16703, 19220, 20642, 25449, 29493, 36000, 36000, 1, 1
14:31:35, 1012.00, 23.45, 22.39, 26.727, 1285, 2085, 2905, 3605, 4173, 4470, 5391, 6177, 21133, 7752, 0, 0, 6186, 9958, 13636, 16666, 19163, 20585, 25376, 29431, 36000, 36000, 1, 1
14:31:35, 1012.00, 23.46, 22.39, 26.727, 1289, 2094, 2917, 3620, 4192, 4491, 5414, 6204, 21177, 7761, 0, 0, 6198, 9983, 13664, 16701, 19230, 20670, 25461, 29555, 36000, 36000, 1, 1
14:31:36, 1011.90, 23.46, 22.41, 26.727, 1293, 2100, 2925, 3628, 4199, 4499, 5422, 6219, 21192, 7764, 0, 0, 6186, 9958, 13635, 16652, 19170, 20640, 25390, 29589, 36000, 36000, 1, 1
14:31:37, 1012.00, 23.46, 22.37, 26.734, 1297, 2107, 2936, 3639, 4224, 4528, 5456, 6256, 21262, 7782, 0, 0, 6344, 10134, 14041, 16914, 19671, 21122, 25854, 30077, 36000, 36000, 1, 1
14:31:37, 1011.90, 23.47, 22.42, 26.734, 1308, 2129, 2968, 3675, 4256, 4562, 5498, 6303, 21363, 7803, 0, 0, 6479, 10238, 14336, 17067, 19900, 21332, 26050, 30259, 36000, 36000, 1, 1
14:31:38, 1011.90, 23.47, 22.39, 26.734, 1291, 2096, 2918, 3617, 4161, 4456, 5357, 6168, 20999, 7711, 0, 0, 6650, 10438, 14764, 17376, 20530, 21766, 26953, 30867, 36000, 36000, 1, 1
14:31:39, 1011.90, 23.47, 22.39, 26.742, 1265, 2042, 2843, 3518, 4082, 4370, 5232, 6053, 20718, 7641, 0, 0, 6633, 10417, 14743, 17293, 20355, 21584, 26770, 30651, 36000, 36000, 1, 1
14:31:39, 1011.80, 23.48, 22.41, 26.742, 1288, 2089, 2908, 3601, 4191, 4492, 5397, 6214, 21088, 7734, 0, 0, 6496, 10218, 14438, 16982, 20002, 21247, 26276, 30199, 36000, 36000, 1, 1
14:31:40, 1011.80, 23.48, 22.39, 26.742, 1300, 2111, 2940, 3639, 4207, 4509, 5415, 6236, 21103, 7742, 0, 0, 6540, 10267, 14531, 17077, 20225, 21490, 26548, 30463, 36000, 36000, 1, 1
14:31:41, 1011.80, 23.48, 22.44, 26.766, 1282, 2076, 2887, 3575, 4140, 4434, 5307, 6148, 20868, 7679, 0, 0, 6610, 10365, 14676, 17248, 20293, 21600, 26640, 30591, 36000, 36000, 1, 1
14:31:41, 1011.80, 23.49, 22.42, 26.766, 1298, 2106, 2932, 3626, 4225, 4531, 5436, 6272, 21146, 7756, 0, 0, 6504, 10222, 14440, 17013, 20003, 21362, 26235, 30280, 36000, 36000, 1, 1
14:31:42, 1011.90, 23.49, 22.39, 26.766, 1313, 2132, 2975, 3672, 4252, 4562, 5471, 6315, 21221, 7778, 0, 0, 6591, 10378, 14641, 17245, 20347, 21694, 26677, 30770, 36000, 36000, 1, 1
14:31:43, 1012.10, 23.49, 22.42, 26.773, 1294, 2097, 2916, 3607, 4165, 4466, 5339, 6197, 20922, 7693, 0, 0, 6644, 10483, 14780, 17391, 20531, 21819, 26888, 30943, 36000, 36000, 1, 1
14:31:43, 1012.00, 23.49, 22.41, 26.773, 1282, 2074, 2882, 3565, 4143, 4441, 5300, 6167, 20846, 7671, 0, 0, 6637, 10474, 14721, 17407, 20317, 21673, 26685, 30777, 36000, 36000, 1, 1
14:31:44, 1012.00, 23.50, 22.41, 26.773, 1307, 2121, 2955, 3648, 4257, 4566, 5462, 6325, 21192, 7778, 0, 0, 6498, 10247, 14327, 17057, 19979, 21303, 26230, 30254, 36000, 36000, 1, 1
14:31:45, 1011.80, 23.50, 22.44, 26.773, 1321, 2144, 2992, 3688, 4267, 4579, 5475, 6342, 21225, 7787, 0, 0, 6669, 10503, 14704, 17470, 20646, 21975, 27121, 31134, 36000, 36000, 1, 1
14:31:45, 1011.80, 23.50, 22.42, 26.773, 1286, 2080, 2886, 3568, 4106, 4406, 5245, 6121, 20729, 7628, 0, 0, 6955, 10987, 15369, 18251, 21479, 22722, 28248, 32109, 36000, 36000, 1, 1
14:31:46, 1011.90, 23.50, 22.42, 26.781, 1279, 2066, 2866, 3541, 4134, 4439, 5280, 6165, 20821, 7654, 0, 0, 6909, 10915, 15251, 18146, 21098, 22377, 27746, 31641, 36000, 36000, 1, 1
14:31:47, 1011.70, 23.51, 22.41, 26.797, 1319, 2140, 2981, 3674, 4283, 4597, 5485, 6366, 21241, 7799, 0, 0, 6610, 10513, 14637, 17456, 20324, 21623, 26696, 30711, 36000, 36000, 1, 1
14:31:47, 1012.00, 23.52, 22.42, 26.797, 1308, 2121, 2949, 3638, 4194, 4503, 5355, 6245, 20919, 7690, 0, 0, 6180, 9862, 13846, 16357, 18999, 20128, 25132, 28834, 36000, 36000, 1, 1
14:31:48, 1012.10, 23.52, 22.41, 26.781, 1264, 2039, 2827, 3491, 4002, 4318, 5114, 5992, 20356, 7485, 0, 0, 5992, 9589, 13312, 15883, 19224, 20491, 25223, 29231, 36000, 36000, 1, 1
14:31:49, 1011.90, 23.51, 22.48, 26.781, 1234, 1980, 2754, 3396, 3897, 4218, 4980, 5842, 19981, 7364, 0, 0, 7527, 11725, 16804, 19357, 23657, 24579, 30420, 33944, 36000, 36000, 1, 1
14:31:49, 1012.00, 23.51, 22.44, 26.781, 1204, 1922, 2681, 3298, 3754, 4093, 4802, 5680, 19583, 7234, 0, 0, 8038, 12459, 17785, 20617, 24715, 25642, 31845, 35238, 36000, 36000, 1, 1
14:31:50, 1012.00, 23.51, 22.41, 26.773, 1166, 1840, 2583, 3160, 3501, 3855, 4516, 5402, 19080, 7044, 0, 0, 8125, 12584, 17887, 20656, 24541, 25284, 31296, 35227, 36000, 36000, 1, 1
14:31:51, 1011.60, 23.51, 22.42, 26.773, 1223, 1964, 2788, 3339, 3884, 4244, 5000, 5875, 16358, 5489, 0, 0, 7101, 11207, 15770, 18618, 21856, 22961, 27837, 32162, 36000, 36000, 1, 1
14:31:51, 1011.80, 23.52, 22.44, 26.781, 1191, 1901, 2715, 3241, 3448, 3742, 4474, 5225, 16066, 5404, 0, 0, 7094, 11184, 15739, 18579, 21857, 22961, 27847, 32145, 36000, 36000, 1, 1
14:31:52, 1011.60, 23.51, 22.46, 26.781, 1231, 1967, 2801, 3347, 3787, 4137, 4828, 5656, 16385, 5506, 0, 0, 7100, 11194, 15751, 18592, 21843, 22941, 27815, 32124, 36000, 36000, 1, 1
14:31:53, 1011.90, 23.52, 22.44, 26.781, 1138, 1823, 2599, 3111, 3458, 3732, 4457, 5117, 15796, 5353, 0, 0, 7088, 11177, 15721, 18563, 21801, 22924, 27750, 32135, 36000, 36000, 1, 1
14:31:53, 1011.60, 23.52, 22.42, 26.773, 996, 1581, 2249, 2725, 3693, 4007, 4739, 5476, 15895, 5389, 0, 0, 7066, 11142, 15669, 18497, 21602, 22761, 27506, 31873, 36000, 36000, 1, 1
14:31:54, 1011.80, 23.52, 22.44, 26.773, 1262, 2049, 2890, 3502, 4114, 4462, 5294, 6132, 16225, 5398, 0, 0, 6988, 11074, 15549, 18437, 21622, 22778, 27500, 31927, 36000, 36000, 1, 1
14:31:55, 1011.70, 23.52, 22.46, 26.773, 1234, 2003, 2818, 3423, 3960, 4309, 5116, 5909, 15308, 5085, 0, 0, 7043, 11172, 15669, 18568, 21743, 22897, 27616, 32149, 36000, 36000, 1, 1
14:31:55, 1011.70, 23.52, 22.42, 26.766, 1246, 2034, 2852, 3474, 4118, 4474, 5300, 6153, 16101, 5327, 0, 0, 6930, 11027, 15451, 18375, 21599, 22727, 27397, 31862, 36000, 36000, 1, 1
14:31:56, 1011.60, 23.52, 22.42, 26.766, 1283, 2091, 2938, 3563, 4147, 4498, 5345, 6182, 16159, 5335, 0, 0, 6900, 10985, 15393, 18306, 21451, 22573, 27210, 31661, 36000, 36000, 1, 1
14:31:57, 1011.60, 23.52, 22.46, 26.766, 1308, 2132, 2993, 3641, 4223, 4570, 5451, 6279, 16516, 5449, 0, 0, 6863, 10937, 15334, 18213, 21378, 22500, 27119, 31572, 36000, 36000, 1, 1
14:31:57, 1011.70, 23.53, 22.49, 26.766, 1314, 2147, 3008, 3667, 4238, 4586, 5468, 6304, 16528, 5440, 0, 0, 6689, 10750, 14997, 17851, 20645, 21762, 26149, 30846, 36000, 36000, 1, 1
14:31:58, 1011.60, 23.53, 22.44, 26.773, 1225, 2079, 2895, 3555, 4203, 4414, 5414, 6156, 13624, 4524, 0, 0, 6098, 9951, 13728, 16586, 19568, 20750, 24865, 29246, 36000, 36000, 1, 1
14:31:59, 1011.90, 23.54, 22.46, 26.773, 1033, 1759, 2426, 3029, 3186, 3224, 4129, 4603, 6370, 2468, 0, 0, 3672, 5733, 7830, 9575, 10750, 11611, 14333, 16750, 36000, 29873, 1, 1
14:31:59, 1011.90, 23.51, 22.44, 26.773, 1245, 2100, 2992, 3502, 3472, 3581, 4466, 5105, 7147, 2708, 0, 0, 4174, 6454, 8627, 10677, 18381, 19306, 24338, 28476, 36000, 35985, 1, 1
14:32:00, 1012.20, 23.55, 22.46, 26.789, 323, 448, 650, 734, 1323, 1253, 1692, 1886, 4331, 2128, 0, 0, 1460, 2083, 2589, 3403, 2750, 3294, 4088, 5510, 17724, 9208, 0, 0
14:32:01, 1012.10, 23.55, 22.44, 26.789, 909, 1434, 2057, 2402, 2956, 2971, 3736, 4281, 5452, 2230, 0, 0, 982, 1357, 1716, 2212, 2335, 2815, 3466, 4790, 15393, 8252, 0, 0
14:32:01, 1012.00, 23.55, 22.48, 26.781, 768, 1272, 1784, 2147, 2640, 2714, 3430, 3933, 5471, 2233, 0, 0, 893, 1231, 1552, 2001, 1887, 2291, 2823, 3997, 12783, 7079, 0, 0
14:32:02, 1012.20, 23.54, 22.51, 26.797, 1018, 1676, 2334, 2794, 3026, 3171, 3869, 4508, 6253, 2462, 0, 0, 770, 1061, 1336, 1714, 1791, 2171, 2683, 3824, 12315, 6871, 0, 0
14:32:03, 1012.30, 23.54, 22.42, 26.797, 928, 1497, 2109, 2510, 2603, 2763, 3371, 4013, 5568, 2294, 0, 0, 753, 1034, 1302, 1661, 1738, 2113, 2610, 3763, 12111, 6849, 0, 0
14:32:03, 1011.80, 23.51, 22.48, 26.805, 753, 956, 1403, 1658, 1602, 1859, 2009, 2419, 6468, 2777, 0, 0, 3335, 4967, 6204, 7592, 7354, 10867, 15866, 22098, 36000, 36000, 1, 1
14:32:04, 1011.90, 23.51, 22.42, 26.805, 536, 743, 1031, 1393, 1782, 1995, 2617, 2666, 8689, 3288, 0, 0, 3824, 6058, 7816, 9544, 13363, 15474, 19693, 24869, 36000, 35246, 1, 1
14:32:05, 1012.00, 23.52, 22.48, 26.805, 477, 830, 1149, 1540, 1299, 1191, 1776, 1792, 9418, 4971, 0, 0, 4178, 6969, 9410, 11522, 12695, 14513, 18234, 22667, 36000, 30883, 1, 1
14:32:05, 1011.80, 23.52, 22.51, 26.781, 357, 442, 634, 824, 840, 1028, 1362, 1454, 5058, 2435, 0, 0, 4650, 7526, 10468, 12389, 15165, 16803, 20195, 25222, 36000, 35957, 1, 1
14:32:06, 1011.80, 23.52, 22.49, 26.781, 1089, 1691, 2369, 2842, 2665, 2874, 3475, 4077, 19358, 8396, 0, 0, 7143, 11663, 16662, 19816, 24547, 26365, 31933, 36000, 36000, 36000, 1, 1
14:32:07, 1011.80, 23.53, 22.48, 26.773, 1065, 1668, 2291, 2785, 3156, 3438, 4335, 4803, 11752, 4763, 0, 0, 7207, 11699, 16692, 19847, 23541, 26331, 31271, 36000, 36000, 36000, 1, 1
14:32:07, 1012.30, 23.53, 22.49, 26.773, 1503, 2293, 3243, 3810, 4629, 4785, 5927, 6506, 23034, 9339, 0, 0, 8043, 13159, 18879, 22501, 28874, 30632, 36000, 36000, 36000, 36000, 1, 1
14:32:08, 1012.20, 23.53, 22.51, 26.773, 1690, 2715, 3803, 4573, 4708, 4861, 6113, 6593, 23653, 9468, 0, 0, 9921, 16144, 23185, 27207, 35275, 36000, 36000, 36000, 36000, 36000, 1, 1
14:32:09, 1011.70, 23.56, 22.49, 26.773, 1168, 1617, 2345, 2666, 3176, 3409, 4040, 4737, 13980, 6300, 0, 0, 8289, 13192, 19455, 22413, 25284, 27482, 32022, 35989, 36000, 36000, 1, 1
14:32:09, 1011.80, 23.57, 22.51, 26.781, 1105, 1538, 2130, 2653, 2865, 3220, 3878, 4402, 10065, 4191, 0, 0, 5889, 8950, 13747, 15032, 16767, 17947, 21135, 24641, 36000, 36000, 1, 1
14:32:10, 1011.60, 23.58, 22.53, 26.781, 1026, 1629, 2229, 2801, 3171, 3285, 4293, 4659, 13764, 6161, 0, 0, 4039, 5793, 9044, 9733, 11150, 12092, 14368, 16604, 36000, 31762, 1, 1
14:32:11, 1011.60, 23.59, 22.51, 26.766, 923, 1409, 1925, 2392, 3251, 3406, 4382, 4766, 13659, 6003, 0, 0, 3090, 4735, 6995, 8275, 10141, 10728, 13502, 14813, 36000, 28648, 1, 1
14:32:11, 1011.70, 23.60, 22.53, 26.750, 998, 1555, 2154, 2673, 3272, 3325, 4480, 4678, 15865, 7286, 0, 0, 2306, 3862, 5349, 6710, 8214, 8708, 11026, 12671, 36000, 20348, 1, 1
14:32:12, 1011.90, 23.60, 22.53, 26.750, 1022, 1517, 2066, 2610, 2580, 2913, 3523, 3904, 9341, 3944, 0, 0, 3103, 5112, 7212, 8839, 12061, 12570, 15783, 17752, 36000, 28810, 1, 1
14:32:13, 1012.00, 23.61, 22.51, 26.750, 1144, 1626, 2261, 2765, 3168, 3546, 4141, 4714, 12175, 4982, 0, 0, 1861, 3125, 4432, 5164, 5442, 5469, 6865, 7997, 23803, 8827, 0, 0
14:32:13, 1012.10, 23.62, 22.55, 26.766, 1377, 2034, 2863, 3380, 3855, 4129, 4845, 5578, 17913, 7173, 0, 0, 2162, 3796, 5075, 6355, 3764, 4030, 5251, 5795, 13977, 4983, 0, 0
14:32:14, 1012.30, 23.63, 22.53, 26.766, 1276, 1938, 2691, 3231, 3656, 3921, 4626, 5326, 15963, 6706, 0, 0, 868, 1432, 1952, 2579, 4864, 5241, 6662, 7650, 15652, 5433, 0, 0
14:32:14, 1012.10, 23.64, 22.53, 26.773, 1258, 1873, 2623, 3096, 3349, 3571, 4214, 4860, 14218, 6118, 0, 0, 670, 1065, 1482, 1862, 2243, 2475, 2966, 3424, 10664, 3697, 0, 0
14:32:15, 1012.00, 23.65, 22.56, 26.773, 1281, 1936, 2690, 3201, 3674, 3908, 4612, 5278, 15611, 6316, 0, 0, 451, 729, 1017, 1302, 1477, 1640, 2005, 2334, 6329, 2050, 0, 0
14:32:16, 1012.20, 23.67, 22.55, 26.773, 1299, 1965, 2716, 3273, 3848, 4143, 4902, 5556, 15299, 5843, 0, 0, 400, 624, 880, 1142, 703, 822, 1030, 1202, 3173, 972, 0, 0
14:32:16, 1016.00, 23.68, 22.56, 26.773, 1335, 2043, 2813, 3421, 3720, 3977, 4794, 5363, 13951, 5278, 0, 0, 54, 70, 126, 217, 348, 444, 618, 734, 1253, 156, 0, 0
14:32:17, 1016.40, 23.70, 22.55, 28.148, 1174, 1871, 2574, 3208, 3518, 3802, 4535, 5130, 14456, 4834, 0, 0, 46, 58, 105, 183, 321, 412, 579, 690, 1116, 135, 0, 0
14:32:18, 1017.10, 23.75, 22.55, 28.148, 1240, 1947, 2711, 3359, 3823, 4104, 4918, 5551, 14241, 4820, 0, 0, 49, 62, 113, 198, 354, 456, 639, 759, 1246, 150, 0, 0
14:32:18, 1017.90, 23.80, 22.51, 28.922, 1221, 1888, 2668, 3306, 3756, 4067, 4834, 5467, 13821, 4451, 0, 0, 55, 70, 127, 224, 406, 520, 725, 862, 1465, 177, 0, 0
14:32:19, 1019.10, 23.86, 22.53, 29.227, 1149, 1786, 2567, 3173, 3659, 3998, 4733, 5431, 14067, 4397, 0, 0, 56, 70, 127, 225, 390, 501, 699, 834, 1452, 174, 0, 0
14:32:20, 1018.10, 23.92, 22.55, 29.227, 1105, 1715, 2496, 3081, 3744, 4052, 4761, 5542, 15245, 4751, 0, 0, 53, 67, 122, 214, 374, 479, 669, 797, 1416, 170, 0, 0
14:32:20, 1018.00, 23.99, 22.58, 29.375, 1211, 1863, 2689, 3274, 3834, 4130, 4837, 5617, 15960, 5278, 0, 0, 52, 67, 120, 212, 373, 478, 665, 793, 1429, 173, 0, 0
14:32:21, 1019.60, 24.07, 22.55, 29.375, 1155, 1777, 2582, 3171, 3620, 3937, 4596, 5361, 14995, 4651, 0, 0, 52, 66, 119, 210, 372, 479, 670, 800, 1410, 168, 0, 0
14:32:22, 1019.20, 24.15, 22.58, 29.445, 1075, 1672, 2473, 3082, 3506, 3799, 4489, 5167, 14289, 4181, 0, 0, 54, 68, 123, 218, 394, 507, 708, 844, 1484, 177, 0, 0
14:32:22, 1019.60, 24.22, 22.55, 29.461, 1159, 1804, 2601, 3211, 3781, 4075, 4807, 5545, 15248, 4768, 0, 0, 55, 70, 126, 223, 389, 500, 698, 832, 1489, 178, 0, 0
14:32:23, 1019.40, 24.29, 22.53, 29.461, 1063, 1664, 2458, 3080, 3470, 3743, 4453, 5144, 13878, 4014, 0, 0, 51, 63, 115, 205, 360, 465, 652, 779, 1352, 160, 0, 0
14:32:24, 1020.00, 24.36, 22.55, 29.500, 1086, 1698, 2478, 3087, 3607, 3904, 4605, 5356, 14210, 4214, 0, 0, 50, 63, 113, 202, 356, 458, 642, 767, 1345, 160, 0, 0
14:32:24, 1020.10, 24.42, 22.56, 29.500, 1032, 1620, 2387, 2995, 3537, 3858, 4568, 5279, 13625, 3865, 0, 0, 50, 63, 114, 202, 361, 467, 654, 781, 1358, 161, 0, 0
14:32:25, 1019.70, 24.48, 22.56, 29.500, 1021, 1602, 2351, 2962, 3575, 3898, 4625, 5318, 13597, 3904, 0, 0, 52, 66, 119, 211, 372, 479, 671, 800, 1382, 165, 0, 0
14:32:26, 1020.50, 24.54, 22.58, 29.500, 1055, 1652, 2406, 3035, 3560, 3880, 4633, 5307, 13450, 3856, 0, 0, 52, 64, 116, 208, 361, 467, 656, 783, 1344, 159, 0, 0
14:32:26, 1019.70, 24.60, 22.56, 29.508, 983, 1558, 2301, 2926, 3499, 3817, 4550, 5235, 13063, 3604, 0, 0, 49, 61, 110, 197, 350, 453, 636, 759, 1287, 152, 0, 0
14:32:27, 1020.20, 24.65, 22.53, 29.508, 1062, 1661, 2428, 3045, 3606, 3927, 4648, 5362, 13633, 3930, 0, 0, 49, 61, 111, 198, 349, 450, 632, 753, 1300, 155, 0, 0
14:32:28, 1020.40, 24.71, 22.58, 29.500, 991, 1568, 2319, 2964, 3432, 3757, 4475, 5160, 12637, 3378, 0, 0, 47, 58, 106, 190, 344, 445, 628, 749, 1250, 147, 0, 0
14:32:28, 1020.60, 24.76, 22.51, 29.500, 1002, 1581, 2331, 2951, 3522, 3847, 4601, 5265, 13016, 3597, 0, 0, 50, 62, 112, 201, 356, 460, 646, 771, 1306, 154, 0, 0
14:32:29, 1021.20, 24.80, 22.58, 29.500, 987, 1564, 2321, 2968, 3454, 3779, 4539, 5213, 12909, 3453, 0, 0, 50, 61, 110, 198, 355, 460, 648, 774, 1305, 153, 0, 0
14:32:30, 1019.40, 24.85, 22.55, 29.516, 991, 1559, 2313, 2941, 3485, 3799, 4513, 5200, 13194, 3697, 0, 0, 51, 64, 116, 206, 366, 471, 661, 788, 1361, 162, 0, 0
14:32:30, 1020.70, 24.89, 22.53, 29.531, 1070, 1693, 2473, 3111, 3675, 3998, 4755, 5493, 14230, 4061, 0, 0, 50, 62, 113, 202, 354, 458, 644, 770, 1324, 156, 0, 0
14:32:31, 1020.10, 24.94, 22.53, 29.531, 990, 1567, 2339, 2979, 3403, 3713, 4417, 5133, 12969, 3538, 0, 0, 49, 61, 110, 198, 354, 458, 644, 769, 1298, 152, 0, 0
14:32:32, 1020.00, 24.98, 22.58, 29.539, 1068, 1681, 2461, 3092, 3644, 3973, 4709, 5429, 13933, 4035, 0, 0, 51, 64, 116, 206, 360, 466, 654, 780, 1341, 159, 0, 0
14:32:32, 1020.20, 25.02, 22.55, 29.547, 1049, 1661, 2448, 3096, 3547, 3863, 4620, 5327, 13542, 3751, 0, 0, 50, 62, 113, 203, 357, 463, 652, 779, 1309, 154, 0, 0
14:32:33, 1020.00, 25.06, 22.55, 29.547, 1038, 1633, 2397, 3023, 3531, 3837, 4591, 5251, 13313, 3753, 0, 0, 51, 64, 116, 206, 361, 467, 655, 782, 1335, 158, 0, 0
14:32:34, 1020.50, 25.10, 22.58, 29.531, 1048, 1655, 2441, 3081, 3593, 3927, 4684, 5395, 13688, 3781, 0, 0, 50, 62, 112, 201, 354, 459, 646, 771, 1300, 153, 0, 0
14:32:34, 1019.30, 25.13, 22.55, 29.539, 1006, 1586, 2342, 2966, 3513, 3833, 4545, 5253, 13214, 3683, 0, 0, 50, 63, 113, 202, 360, 465, 653, 779, 1317, 156, 0, 0
14:32:35, 1020.50, 25.16, 22.58, 29.539, 1092, 1727, 2514, 3164, 3622, 3958, 4712, 5415, 13678, 3893, 0, 0, 50, 63, 114, 203, 358, 463, 651, 776, 1320, 156, 0, 0
14:32:36, 1020.30, 25.20, 22.56, 29.539, 1010, 1595, 2358, 2995, 3502, 3830, 4562, 5250, 13047, 3571, 0, 0, 50, 62, 112, 200, 356, 460, 647, 773, 1302, 153, 0, 0
14:32:36, 1020.20, 25.22, 22.56, 29.539, 1027, 1633, 2404, 3056, 3505, 3843, 4591, 5280, 13167, 3613, 0, 0, 50, 62, 112, 200, 357, 462, 650, 776, 1302, 153, 0, 0
14:32:37, 1019.80, 25.25, 22.56, 29.539, 1038, 1630, 2398, 3031, 3616, 3957, 4702, 5418, 13732, 3820, 0, 0, 50, 62, 112, 199, 353, 458, 645, 769, 1291, 152, 0, 0
14:32:38, 1019.90, 25.28, 22.58, 29.539, 1043, 1644, 2412, 3044, 3614, 3944, 4685, 5397, 13551, 3822, 0, 0, 50, 62, 113, 202, 359, 464, 651, 776, 1317, 156, 0, 0
14:32:38, 1020.40, 25.30, 22.56, 29.531, 1061, 1675, 2452, 3094, 3617, 3949, 4715, 5399, 13516, 3794, 0, 0, 50, 62, 112, 200, 356, 461, 648, 773, 1318, 156, 0, 0
14:32:39, 1019.80, 25.34, 22.60, 29.531, 992, 1572, 2336, 2979, 3382, 3704, 4425, 5084, 12404, 3313, 0, 0, 50, 62, 111, 200, 357, 463, 651, 776, 1301, 154, 0, 0
14:32:40, 1019.00, 25.36, 22.56, 29.531, 1095, 1723, 2506, 3151, 3653, 3986, 4747, 5436, 13690, 3976, 0, 0, 52, 65, 118, 209, 365, 471, 661, 788, 1342, 160, 0, 0
14:32:40, 1018.80, 25.38, 22.58, 29.531, 1121, 1749, 2535, 3167, 3634, 3955, 4692, 5396, 13619, 3959, 0, 0, 51, 64, 116, 206, 365, 469, 658, 784, 1324, 157, 0, 0
14:32:41, 1018.20, 25.41, 22.60, 29.531, 1123, 1739, 2509, 3115, 3667, 3980, 4724, 5400, 13592, 4056, 0, 0, 52, 66, 119, 210, 365, 469, 656, 780, 1347, 162, 0, 0
14:32:42, 1017.40, 25.44, 22.55, 29.523, 1157, 1786, 2572, 3185, 3724, 4044, 4774, 5450, 14056, 4412, 0, 0, 53, 68, 123, 216, 383, 489, 681, 809, 1409, 171, 0, 0
14:32:42, 1018.20, 25.46, 22.58, 29.523, 1305, 2030, 2856, 3527, 4069, 4386, 5244, 5927, 15636, 5232, 0, 0, 53, 68, 123, 216, 375, 481, 672, 799, 1383, 167, 0, 0
14:32:43, 1014.70, 25.49, 22.56, 29.508, 1214, 1912, 2728, 3394, 3719, 4036, 4768, 5444, 14005, 4346, 0, 0, 53, 68, 123, 217, 382, 486, 676, 802, 1388, 169, 0, 0
14:32:44, 1016.90, 25.51, 22.58, 29.492, 1419, 2115, 2962, 3569, 4119, 4464, 5225, 5948, 16184, 5967, 0, 0, 56, 72, 131, 227, 377, 484, 674, 801, 1376, 166, 0, 0
14:32:44, 1020.50, 25.54, 22.58, 29.492, 1177, 1862, 2604, 3202, 3422, 3666, 4386, 5012, 12912, 4072, 0, 0, 49, 63, 113, 199, 339, 437, 613, 730, 1271, 152, 0, 0
14:32:45, 1020.60, 25.56, 22.58, 29.469, 841, 1336, 2014, 2587, 3282, 3599, 4321, 4968, 11580, 2953, 0, 0, 44, 54, 97, 175, 325, 424, 600, 717, 1153, 133, 0, 0
14:32:46, 1022.10, 25.59, 22.58, 29.469, 962, 1513, 2246, 2852, 3524, 3834, 4625, 5266, 12633, 3426, 0, 0, 47, 57, 104, 186, 335, 434, 613, 731, 1231, 145, 0, 0
14:32:46, 1022.10, 25.61, 22.58, 29.469, 843, 1357, 2049, 2678, 3346, 3669, 4453, 5088, 11853, 2932, 0, 0, 44, 54, 97, 176, 324, 424, 601, 719, 1183, 136, 0, 0
14:32:47, 1019.30, 25.64, 22.60, 29.484, 899, 1423, 2140, 2753, 3439, 3744, 4498, 5148, 12345, 3322, 0, 0, 49, 60, 109, 196, 353, 456, 641, 765, 1282, 151, 0, 0
14:32:48, 1020.00, 25.66, 22.58, 29.500, 1130, 1767, 2562, 3205, 3670, 3978, 4754, 5419, 13641, 4059, 0, 0, 50, 62, 112, 200, 351, 454, 639, 762, 1299, 153, 0, 0
14:32:48, 1019.70, 25.68, 22.58, 29.500, 1031, 1642, 2416, 3063, 3562, 3873, 4642, 5304, 13231, 3684, 0, 0, 49, 60, 108, 194, 345, 447, 630, 753, 1267, 149, 0, 0
14:32:49, 1019.00, 25.69, 22.58, 29.500, 1076, 1682, 2449, 3076, 3673, 3985, 4739, 5436, 13893, 4095, 0, 0, 49, 62, 112, 198, 350, 452, 635, 758, 1294, 153, 0, 0
14:32:50, 1019.10, 25.71, 22.60, 29.508, 1131, 1782, 2583, 3232, 3746, 4080, 4855, 5569, 14199, 4161, 0, 0, 50, 62, 112, 199, 354, 458, 643, 766, 1300, 154, 0, 0
14:32:50, 1019.70, 25.74, 22.60, 29.508, 1096, 1699, 2468, 3070, 3743, 4062, 4839, 5529, 14083, 4187, 0, 0, 51, 64, 116, 205, 361, 466, 653, 777, 1345, 160, 0, 0
14:32:51, 1020.20, 25.75, 22.60, 29.500, 1002, 1573, 2322, 2936, 3440, 3750, 4495, 5132, 12388, 3473, 0, 0, 49, 61, 110, 196, 344, 445, 627, 748, 1257, 149, 0, 0
14:32:52, 1020.70, 25.77, 22.58, 29.492, 1001, 1610, 2352, 3019, 3429, 3744, 4501, 5121, 11991, 3252, 0, 0, 46, 57, 102, 184, 327, 426, 603, 720, 1176, 137, 0, 0
14:32:52, 1022.20, 25.79, 22.61, 29.492, 949, 1555, 2302, 2988, 3327, 3609, 4419, 5043, 11438, 2922, 0, 0, 43, 51, 93, 169, 306, 402, 573, 686, 1072, 122, 0, 0
14:32:53, 1026.50, 25.81, 22.60, 29.500, 875, 1447, 2172, 2832, 3307, 3580, 4392, 5055, 11364, 2832, 0, 0, 42, 51, 91, 167, 295, 390, 558, 669, 1064, 121, 0, 0
14:32:54, 1033.80, 25.84, 22.60, 29.531, 589, 976, 1584, 2177, 2587, 2890, 3587, 4223, 8290, 1603, 0, 0, 35, 39, 69, 132, 253, 346, 506, 614, 902, 96, 0, 0
14:32:54, 1038.50, 25.87, 22.60, 29.531, 427, 690, 1189, 1729, 2207, 2501, 3150, 3757, 6845, 1157, 0, 0, 33, 35, 60, 118, 236, 329, 488, 596, 861, 90, 0, 0
14:32:55, 1044.60, 25.90, 22.60, 29.547, 357, 555, 997, 1520, 1996, 2313, 2945, 3549, 6761, 1032, 0, 0, 30, 31, 51, 101, 214, 304, 460, 567, 791, 81, 0, 0
14:32:56, 1048.70, 25.92, 22.61, 29.555, 293, 434, 799, 1258, 1849, 2155, 2765, 3347, 6152, 907, 0, 0, 29, 29, 48, 96, 200, 285, 433, 535, 788, 81, 0, 0
14:32:56, 1053.90, 25.95, 22.61, 29.555, 233, 330, 619, 1019, 1453, 1720, 2267, 2743, 4502, 594, 0, 0, 26, 25, 40, 81, 174, 253, 390, 487, 698, 70, 0, 0
14:32:57, 1066.50, 25.97, 22.58, 29.555, 203, 272, 521, 893, 1302, 1606, 2110, 2642, 4860, 601, 0, 0, 20, 19, 28, 58, 133, 203, 324, 412, 531, 52, 0, 0
14:32:58, 1069.20, 26.00, 22.58, 29.555, 136, 164, 308, 570, 970, 1226, 1670, 2076, 3184, 348, 0, 0, 19, 17, 25, 51, 124, 190, 307, 391, 508, 49, 0, 0
14:32:58, 1075.20, 26.02, 22.60, 29.578, 130, 154, 288, 542, 897, 1151, 1581, 1975, 3088, 333, 0, 0, 17, 16, 22, 45, 111, 173, 283, 364, 468, 45, 0, 0
14:32:59, 1079.60, 26.04, 22.61, 29.586, 112, 127, 234, 454, 790, 1033, 1441, 1811, 2839, 298, 0, 0, 16, 14, 20, 39, 101, 161, 266, 343, 440, 42, 0, 0
14:33:00, 1083.20, 26.06, 22.61, 29.586, 104, 117, 215, 419, 759, 997, 1401, 1760, 2791, 292, 0, 0, 15, 14, 19, 38, 95, 151, 251, 326, 423, 40, 0, 0
14:33:00, 1087.80, 26.08, 22.61, 29.594, 91, 100, 179, 357, 655, 874, 1251, 1572, 2400, 243, 0, 0, 14, 13, 17, 33, 86, 138, 233, 304, 390, 37, 0, 0
14:33:01, 1097.90, 26.09, 22.60, 29.602, 81, 88, 154, 311, 574, 785, 1137, 1450, 2198, 216, 0, 0, 12, 10, 13, 26, 67, 112, 194, 256, 318, 30, 0, 0
14:33:02, 1105.10, 26.10, 22.61, 29.602, 59, 61, 101, 209, 415, 587, 875, 1123, 1562, 147, 0, 0, 10, 9, 11, 20, 57, 97, 172, 229, 276, 26, 0, 0
14:33:02, 1112.00, 26.11, 22.60, 29.609, 53, 54, 87, 181, 377, 541, 812, 1050, 1450, 135, 0, 0, 9, 8, 10, 18, 50, 86, 154, 207, 250, 23, 0, 0
14:33:03, 1116.20, 26.12, 22.60, 29.625, 44, 43, 67, 139, 302, 445, 682, 889, 1167, 106, 0, 0, 8, 7, 8, 16, 45, 79, 144, 194, 232, 21, 0, 0
14:33:04, 1122.80, 26.13, 22.61, 29.625, 41, 40, 61, 127, 277, 414, 641, 843, 1088, 97, 0, 0, 7, 6, 7, 13, 39, 69, 126, 173, 200, 18, 0, 0
14:33:04, 1131.90, 26.14, 22.60, 29.633, 35, 34, 50, 104, 235, 358, 564, 750, 944, 83, 0, 0, 6, 5, 6, 10, 31, 55, 105, 145, 163, 15, 0, 0
14:33:05, 1139.30, 26.15, 22.61, 29.633, 28, 27, 38, 78, 185, 288, 462, 619, 729, 63, 0, 0, 5, 4, 5, 9, 26, 48, 93, 129, 141, 13, 0, 0
14:33:06, 1147.80, 26.16, 22.61, 29.633, 23, 22, 30, 60, 146, 234, 384, 519, 567, 48, 0, 0, 4, 4, 4, 7, 21, 40, 78, 110, 118, 11, 0, 0
14:33:06, 1151.40, 26.17, 22.65, 29.633, 19, 18, 24, 47, 117, 191, 320, 434, 434, 36, 0, 0, 4, 3, 3, 6, 19, 36, 71, 100, 106, 10, 0, 0
14:33:07, 1157.10, 26.18, 22.63, 29.656, 17, 17, 22, 43, 108, 178, 301, 411, 413, 34, 0, 0, 3, 3, 3, 5, 16, 31, 64, 91, 94, 8, 0, 0
14:33:08, 1166.40, 26.20, 22.60, 29.656, 15, 15, 19, 36, 94, 157, 270, 371, 369, 30, 0, 0, 3, 2, 2, 4, 13, 26, 53, 77, 79, 7, 0, 0
14:33:08, 1175.60, 26.22, 22.63, 29.648, 11, 11, 14, 25, 67, 116, 207, 285, 266, 22, 0, 0, 2, 2, 2, 3, 11, 21, 45, 65, 65, 6, 0, 0
14:33:09, 1182.50, 26.23, 22.63, 29.656, 9, 9, 12, 20, 58, 101, 183, 254, 241, 20, 0, 0, 2, 1, 1, 3, 9, 18, 40, 58, 59, 5, 0, 0
14:33:10, 1187.00, 26.25, 22.63, 29.656, 8, 8, 10, 17, 48, 85, 157, 219, 205, 17, 0, 0, 2, 1, 1, 2, 8, 16, 36, 54, 53, 5, 0, 0
14:33:10, 1192.50, 26.27, 22.61, 29.656, 8, 8, 9, 16, 43, 77, 145, 204, 192, 16, 0, 0, 1, 1, 1, 2, 7, 15, 33, 49, 47, 4, 0, 0
14:33:11, 1201.10, 26.29, 22.63, 29.664, 7, 7, 8, 14, 40, 73, 137, 194, 191, 16, 0, 0, 1, 1, 1, 1, 6, 12, 28, 42, 41, 3, 0, 0
14:33:12, 1209.10, 26.32, 22.65, 29.664, 5, 5, 6, 10, 29, 55, 107, 153, 142, 12, 0, 0, 1, 1, 1, 1, 5, 10, 24, 36, 35, 3, 0, 0
14:33:12, 1218.80, 26.35, 22.61, 29.656, 5, 5, 6, 8, 26, 50, 99, 143, 141, 12, 0, 0, 1, 0, 0, 1, 4, 8, 20, 31, 29, 2, 0, 0
14:33:13, 1223.60, 26.37, 22.65, 29.664, 4, 4, 5, 6, 21, 40, 81, 119, 115, 10, 0, 0, 1, 0, 0, 1, 3, 7, 18, 28, 26, 2, 0, 0
14:33:14, 1231.60, 26.40, 22.65, 29.664, 3, 3, 4, 6, 20, 38, 78, 115, 116, 10, 0, 0, 1, 0, 0, 0, 3, 6, 16, 25, 24, 2, 0, 0
14:33:14, 1245.70, 26.42, 22.63, 29.656, 3, 3, 4, 4, 14, 28, 59, 88, 84, 7, 0, 0, 0, 0, 0, 0, 2, 4, 12, 19, 17, 1, 0, 0
14:33:15, 1253.30, 26.45, 22.65, 29.656, 2, 2, 3, 4, 10, 21, 47, 70, 65, 6, 0, 0, 0, 0, 0, 0, 2, 4, 10, 16, 14, 1, 0, 0
14:33:16, 1257.60, 26.48, 22.61, 29.664, 2, 2, 3, 3, 9, 20, 44, 67, 65, 6, 0, 0, 0, 0, 0, 0, 1, 3, 9, 15, 13, 1, 0, 0
14:33:16, 1262.70, 26.51, 22.65, 29.664, 2, 2, 2, 2, 9, 19, 42, 63, 61, 5, 0, 0, 0, 0, 0, 0, 1, 3, 8, 14, 13, 1, 0, 0
14:33:17, 1277.50, 26.53, 22.67, 29.664, 1, 1, 2, 2, 7, 14, 33, 50, 48, 4, 0, 0, 0, 0, 0, 0, 1, 2, 6, 11, 9, 0, 0, 0
14:33:18, 1284.50, 26.56, 22.65, 29.664, 1, 1, 2, 1, 5, 11, 27, 41, 38, 3, 0, 0, 0, 0, 0, 0, 1, 2, 5, 9, 8, 0, 0, 0
14:33:18, 1289.70, 26.59, 22.67, 29.672, 1, 1, 1, 1, 5, 10, 25, 39, 36, 3, 0, 0, 0, 0, 0, 0, 0, 1, 5, 8, 7, 0, 0, 0
14:33:19, 1298.60, 26.62, 22.68, 29.672, 1, 1, 1, 1, 4, 8, 21, 33, 30, 3, 0, 0, 0, 0, 0, 0, 0, 1, 4, 7, 6, 0, 0, 0
14:33:20, 1308.80, 26.65, 22.65, 29.664, 0, 0, 1, 0, 3, 6, 16, 26, 23, 2, 0, 0, 0, 0, 0, 0, 0, 1, 3, 6, 5, 0, 0, 0
14:33:20, 1318.00, 26.68, 22.63, 29.672, 0, 0, 1, 0, 2, 5, 14, 22, 21, 2, 0, 0, 0, 0, 0, 0, 0, 1, 3, 5, 4, 0, 0, 0
14:33:21, 1325.70, 26.71, 22.67, 29.672, 0, 0, 1, 1, 2, 4, 12, 20, 19, 2, 0, 0, 0, 0, 0, 0, 0, 0, 2, 4, 4, 0, 0, 0
14:33:22, 1339.20, 26.73, 22.67, 29.664, 0, 0, 1, 1, 1, 4, 10, 16, 16, 2, 0, 0, 0, 0, 0, 0, 0, 0, 1, 3, 3, 0, 0, 0
14:33:22, 1348.20, 26.75, 22.68, 29.664, 0, 0, 1, 1, 1, 3, 8, 13, 12, 1, 0, 0, 0, 0, 0, 0, 0, 0, 1, 3, 2, 0, 0, 0
14:33:23, 1355.90, 26.77, 22.61, 29.664, 0, 0, 1, 1, 1, 2, 7, 11, 10, 1, 0, 0, 0, 0, 0, 0, 0, 0, 1, 2, 2, 0, 0, 0
14:33:24, 1362.50, 26.80, 22.67, 29.664, 0, 0, 1, 1, 0, 2, 6, 10, 9, 1, 0, 0, 0, 0, 0, 0, 0, 0, 1, 2, 2, 0, 0, 0
14:33:24, 1375.10, 26.82, 22.65, 29.672, 0, 0, 1, 0, 0, 1, 5, 8, 7, 1, 0, 0, 0, 0, 0, 0, 0, 0, 0, 1, 1, 0, 0, 0
14:33:25, 1380.60, 26.84, 22.67, 29.672, 0, 0, 0, 0, 0, 1, 4, 6, 6, 1, 0, 0, 0, 0, 0, 0, 0, 0, 0, 1, 1, 0, 0, 0
14:33:25, 1387.20, 26.86, 22.67, 29.672, 0, 0, 0, 1, 0, 1, 4, 6, 6, 1, 0, 0, 0, 0, 0, 0, 0, 0, 0, 1, 1, 0, 0, 0
14:33:26, 1398.00, 26.88, 22.68, 29.672, 0, 0, 0, 1, 0, 1, 3, 5, 6, 1, 0, 0, 0, 0, 0, 0, 0, 0, 0, 1, 1, 0, 0, 0
14:33:27, 1408.90, 26.89, 22.68, 29.672, 0, 0, 0, 0, 0, 0, 3, 5, 4, 0, 0, 0, 0, 0, 0, 0, 0, 0, 0, 1, 0, 0, 0, 0
14:33:27, 1414.90, 26.91, 22.68, 29.672, 0, 0, 0, 0, 0, 0, 2, 4, 4, 0, 0, 0, 0, 0, 0, 0, 0, 0, 0, 0, 0, 0, 0, 0
14:33:28, 1423.10, 26.93, 22.70, 29.672, 0, 0, 0, 0, 0, 0, 2, 3, 3, 0, 0, 0, 0, 0, 0, 0, 0, 0, 0, 0, 0, 0, 0, 0
14:33:29, 1436.20, 26.95, 22.68, 29.672, 0, 0, 0, 0, 0, 0, 2, 2, 3, 0, 0, 0, 0, 0, 0, 0, 0, 0, 0, 0, 0, 0, 0, 0
14:33:29, 1446.00, 26.96, 22.68, 29.680, 0, 0, 0, 0, 0, 0, 1, 2, 2, 0, 0, 0, 0, 0, 0, 0, 0, 0, 0, 0, 0, 0, 0, 0
14:33:30, 1456.60, 26.98, 22.67, 29.680, 0, 0, 0, 0, 0, 0, 1, 1, 2, 0, 0, 0, 0, 0, 0, 0, 0, 0, 0, 0, 0, 0, 0, 0
14:33:31, 1470.90, 27.00, 22.65, 29.680, 0, 0, 0, 0, 0, 0, 1, 2, 1, 0, 0, 0, 0, 0, 0, 0, 0, 0, 0, 0, 0, 0, 0, 0
14:33:31, 1479.80, 27.02, 22.68, 29.672, 0, 0, 0, 0, 0, 0, 1, 1, 1, 0, 0, 0, 0, 0, 0, 0, 0, 0, 0, 0, 0, 0, 0, 0
14:33:32, 1491.50, 27.03, 22.68, 29.687, 0, 0, 0, 0, 0, 0, 1, 0, 1, 0, 0, 0, 0, 0, 0, 0, 0, 0, 0, 0, 0, 0, 0, 0
14:33:33, 1501.20, 27.04, 22.68, 29.687, 0, 0, 0, 0, 0, 0, 1, 1, 1, 0, 0, 0, 0, 0, 0, 0, 0, 0, 0, 0, 0, 0, 0, 0
14:33:33, 1509.80, 27.05, 22.67, 29.703, 0, 0, 0, 0, 0, 0, 1, 0, 1, 0, 0, 0, 0, 0, 0, 0, 0, 0, 0, 0, 0, 0, 0, 0
14:33:34, 1522.70, 27.06, 22.68, 29.703, 0, 0, 0, 0, 0, 0, 0, 0, 1, 0, 0, 0, 0, 0, 0, 0, 0, 0, 0, 0, 0, 0, 0, 0
14:33:35, 1530.20, 27.07, 22.68, 29.711, 0, 0, 0, 0, 0, 0, 0, 0, 1, 0, 0, 0, 0, 0, 0, 0, 0, 0, 0, 0, 0, 0, 0, 0
14:33:35, 1534.90, 27.08, 22.70, 29.727, 0, 0, 0, 0, 0, 0, 0, 0, 1, 0, 0, 0, 0, 0, 0, 0, 0, 0, 0, 0, 0, 0, 0, 0
14:33:36, 1540.50, 27.08, 22.68, 29.727, 0, 0, 0, 0, 0, 0, 0, 0, 0, 0, 0, 0, 0, 0, 0, 0, 0, 0, 0, 0, 0, 0, 0, 0
14:33:37, 1553.80, 27.08, 22.72, 29.719, 0, 0, 0, 0, 0, 0, 0, 0, 0, 0, 0, 0, 0, 0, 0, 0, 0, 0, 0, 0, 0, 0, 0, 0
14:33:37, 1562.90, 27.08, 22.68, 29.734, 0, 0, 0, 0, 0, 0, 0, 0, 0, 0, 0, 0, 0, 0, 0, 0, 0, 0, 0, 0, 0, 0, 0, 0
14:33:38, 1565.40, 27.08, 22.68, 29.734, 0, 0, 0, 0, 0, 0, 0, 0, 0, 0, 0, 0, 0, 0, 0, 0, 0, 0, 0, 0, 0, 0, 0, 0
14:33:39, 1565.80, 27.09, 22.68, 29.742, 0, 0, 0, 0, 0, 0, 0, 0, 0, 0, 0, 0, 0, 0, 0, 0, 0, 0, 0, 0, 0, 0, 0, 0
14:33:39, 1565.20, 27.10, 22.68, 29.742, 0, 0, 0, 0, 0, 0, 0, 1, 0, 0, 0, 0, 0, 0, 0, 0, 0, 0, 0, 0, 0, 0, 0, 0
14:33:40, 1565.30, 27.11, 22.70, 29.742, 0, 0, 0, 0, 0, 0, 0, 0, 0, 0, 0, 0, 0, 0, 0, 0, 0, 0, 0, 0, 0, 0, 0, 0
14:33:41, 1569.00, 27.12, 22.70, 29.734, 0, 0, 0, 0, 0, 0, 0, 0, 0, 0, 0, 0, 0, 0, 0, 0, 0, 0, 0, 0, 0, 0, 0, 0
14:33:41, 1581.00, 27.12, 22.70, 29.742, 0, 0, 0, 0, 0, 0, 0, 0, 0, 0, 0, 0, 0, 0, 0, 0, 0, 0, 0, 0, 0, 0, 0, 0
14:33:42, 1590.80, 27.12, 22.70, 29.742, 0, 0, 0, 0, 0, 0, 0, 0, 0, 0, 0, 0, 0, 0, 0, 0, 0, 0, 0, 0, 0, 0, 0, 0
14:33:43, 1595.50, 27.13, 22.68, 29.742, 0, 0, 0, 0, 0, 0, 0, 0, 0, 0, 0, 0, 0, 0, 0, 0, 0, 0, 0, 0, 0, 0, 0, 0
14:33:43, 1602.10, 27.13, 22.68, 29.750, 0, 0, 0, 0, 0, 0, 0, 0, 0, 0, 0, 0, 0, 0, 0, 0, 0, 0, 0, 0, 0, 0, 0, 0
14:33:44, 1612.80, 27.14, 22.72, 29.750, 0, 0, 0, 0, 0, 0, 0, 0, 0, 0, 0, 0, 0, 0, 0, 0, 0, 0, 0, 0, 0, 0, 0, 0
14:33:45, 1618.60, 27.14, 22.68, 29.742, 0, 0, 0, 0, 0, 0, 0, 0, 0, 0, 0, 0, 0, 0, 0, 0, 0, 0, 0, 0, 0, 0, 0, 0
14:33:45, 1622.70, 27.15, 22.72, 29.758, 0, 0, 0, 0, 0, 0, 0, 0, 0, 0, 0, 0, 0, 0, 0, 0, 0, 0, 0, 0, 0, 0, 0, 0
14:33:46, 1627.70, 27.15, 22.72, 29.758, 0, 0, 0, 0, 0, 0, 0, 0, 0, 0, 0, 0, 0, 0, 0, 0, 0, 0, 0, 0, 0, 0, 0, 0
14:33:47, 1635.70, 27.16, 22.74, 29.742, 0, 0, 0, 0, 0, 0, 0, 0, 0, 0, 0, 0, 0, 0, 0, 0, 0, 0, 0, 0, 0, 0, 0, 0
14:33:47, 1647.00, 27.16, 22.75, 29.742, 0, 0, 0, 0, 0, 0, 0, 0, 0, 0, 0, 0, 0, 0, 0, 0, 0, 0, 0, 0, 0, 0, 0, 0
14:33:48, 1654.80, 27.18, 22.72, 29.742, 0, 0, 0, 0, 0, 0, 0, 0, 0, 0, 0, 0, 0, 0, 0, 0, 0, 0, 0, 0, 0, 0, 0, 0
14:33:49, 1655.10, 27.19, 22.72, 29.734, 0, 0, 0, 0, 0, 0, 0, 0, 0, 0, 0, 0, 0, 0, 0, 0, 0, 0, 0, 0, 0, 0, 0, 0
14:33:49, 1660.80, 27.21, 22.74, 29.742, 0, 0, 0, 0, 0, 0, 0, 0, 0, 0, 0, 0, 0, 0, 0, 0, 0, 0, 0, 0, 0, 0, 0, 0
14:33:50, 1673.80, 27.22, 22.74, 29.742, 0, 0, 0, 0, 0, 0, 0, 0, 0, 0, 0, 0, 0, 0, 0, 0, 0, 0, 0, 0, 0, 0, 0, 0
14:33:51, 1683.00, 27.24, 22.75, 29.734, 0, 0, 0, 0, 0, 0, 0, 0, 0, 0, 0, 0, 0, 0, 0, 0, 0, 0, 0, 0, 0, 0, 0, 0
14:33:51, 1687.00, 27.25, 22.74, 29.734, 0, 0, 0, 0, 0, 0, 0, 0, 0, 0, 0, 0, 0, 0, 0, 0, 0, 0, 0, 0, 0, 0, 0, 0
14:33:52, 1691.40, 27.27, 22.74, 29.742, 0, 0, 0, 0, 0, 0, 0, 0, 0, 0, 0, 0, 0, 0, 0, 0, 0, 0, 0, 0, 0, 0, 0, 0
14:33:53, 1701.80, 27.28, 22.72, 29.750, 0, 0, 0, 0, 0, 0, 0, 0, 0, 0, 0, 0, 0, 0, 0, 0, 0, 0, 0, 0, 0, 0, 0, 0
14:33:53, 1708.30, 27.29, 22.75, 29.750, 0, 0, 0, 0, 0, 0, 0, 0, 0, 0, 0, 0, 0, 0, 0, 0, 0, 0, 0, 0, 0, 0, 0, 0
14:33:54, 1714.90, 27.30, 22.77, 29.750, 0, 0, 0, 0, 0, 0, 0, 0, 0, 0, 0, 0, 0, 0, 0, 0, 0, 0, 0, 0, 0, 0, 0, 0
14:33:55, 1725.90, 27.31, 22.74, 29.773, 0, 0, 0, 0, 0, 0, 0, 0, 0, 0, 0, 0, 0, 0, 0, 0, 0, 0, 0, 0, 0, 0, 0, 0
14:33:55, 1730.30, 27.32, 22.77, 29.773, 0, 0, 0, 0, 0, 0, 0, 0, 0, 0, 0, 0, 0, 0, 0, 0, 0, 0, 0, 0, 0, 0, 0, 0
14:33:56, 1737.10, 27.33, 22.75, 29.781, 0, 0, 0, 0, 0, 0, 0, 0, 0, 0, 0, 0, 0, 0, 0, 0, 0, 0, 0, 0, 0, 0, 0, 0
14:33:57, 1746.50, 27.34, 22.77, 29.789, 0, 0, 0, 0, 0, 0, 0, 0, 0, 0, 0, 0, 0, 0, 0, 0, 0, 0, 0, 0, 0, 0, 0, 0
14:33:57, 1752.30, 27.35, 22.77, 29.789, 0, 0, 0, 0, 0, 0, 0, 0, 0, 0, 0, 0, 0, 0, 0, 0, 0, 0, 0, 0, 0, 0, 0, 0
14:33:58, 1759.10, 27.36, 22.81, 29.789, 0, 0, 0, 0, 0, 0, 0, 0, 0, 0, 0, 0, 0, 0, 0, 0, 0, 0, 0, 0, 0, 0, 0, 0
14:33:59, 1763.30, 27.37, 22.77, 29.797, 0, 0, 0, 0, 0, 0, 0, 0, 0, 0, 0, 0, 0, 0, 0, 0, 0, 0, 0, 0, 0, 0, 0, 0
14:33:59, 1768.50, 27.38, 22.79, 29.797, 0, 0, 0, 0, 0, 0, 0, 0, 0, 0, 0, 0, 0, 0, 0, 0, 0, 0, 0, 0, 0, 0, 0, 0
14:34:00, 1774.60, 27.39, 22.75, 29.789, 0, 0, 0, 0, 0, 0, 0, 0, 0, 0, 0, 0, 0, 0, 0, 0, 0, 0, 0, 0, 0, 0, 0, 0
14:34:01, 1783.10, 27.40, 22.77, 29.797, 0, 0, 0, 0, 0, 0, 0, 0, 0, 0, 0, 0, 0, 0, 0, 0, 0, 0, 0, 0, 0, 0, 0, 0
14:34:01, 1789.10, 27.41, 22.77, 29.797, 0, 0, 0, 0, 0, 0, 0, 0, 0, 0, 0, 0, 0, 0, 0, 0, 0, 0, 0, 0, 0, 0, 0, 0
14:34:02, 1797.70, 27.41, 22.75, 29.789, 0, 0, 0, 0, 0, 0, 0, 0, 0, 0, 0, 0, 0, 0, 0, 0, 0, 0, 0, 0, 0, 0, 0, 0
14:34:03, 1806.70, 27.42, 22.79, 29.797, 0, 0, 0, 0, 0, 0, 0, 0, 0, 0, 0, 0, 0, 0, 0, 0, 0, 0, 0, 0, 0, 0, 0, 0
14:34:03, 1814.40, 27.43, 22.77, 29.797, 0, 0, 0, 0, 0, 0, 0, 0, 0, 0, 0, 0, 0, 0, 0, 0, 0, 0, 0, 0, 0, 0, 0, 0
14:34:04, 1818.70, 27.44, 22.74, 29.789, 0, 0, 0, 0, 0, 0, 0, 0, 0, 0, 0, 0, 0, 0, 0, 0, 0, 0, 0, 0, 0, 0, 0, 0
14:34:05, 1823.30, 27.44, 22.77, 29.797, 0, 0, 0, 0, 0, 0, 0, 0, 0, 0, 0, 0, 0, 0, 0, 0, 0, 0, 0, 0, 0, 0, 0, 0
14:34:05, 1831.30, 27.44, 22.79, 29.797, 0, 0, 0, 0, 0, 0, 0, 0, 0, 0, 0, 0, 0, 0, 0, 0, 0, 0, 0, 0, 0, 0, 0, 0
14:34:06, 1837.60, 27.44, 22.79, 29.797, 0, 0, 0, 0, 0, 0, 0, 0, 0, 0, 0, 0, 0, 0, 0, 0, 0, 0, 0, 0, 0, 0, 0, 0
14:34:07, 1842.00, 27.45, 22.79, 29.805, 0, 0, 0, 0, 0, 0, 0, 0, 0, 0, 0, 0, 0, 0, 0, 0, 0, 0, 0, 0, 0, 0, 0, 0
14:34:07, 1849.60, 27.45, 22.81, 29.805, 0, 0, 0, 0, 0, 0, 0, 0, 0, 0, 0, 0, 0, 0, 0, 0, 0, 0, 0, 0, 0, 0, 0, 0
14:34:08, 1860.60, 27.45, 22.77, 29.805, 0, 0, 0, 0, 0, 0, 0, 0, 0, 0, 0, 0, 0, 0, 0, 0, 0, 0, 0, 0, 0, 0, 0, 0
14:34:09, 1865.90, 27.45, 22.81, 29.805, 0, 0, 0, 0, 0, 0, 0, 0, 0, 0, 0, 0, 0, 0, 0, 0, 0, 0, 0, 0, 0, 0, 0, 0
14:34:09, 1872.30, 27.46, 22.81, 29.812, 0, 0, 0, 0, 0, 0, 0, 0, 0, 0, 0, 0, 0, 0, 0, 0, 0, 0, 0, 0, 0, 0, 0, 0
14:34:10, 1882.70, 27.47, 22.77, 29.805, 0, 0, 0, 0, 0, 0, 0, 0, 0, 0, 0, 0, 0, 0, 0, 0, 0, 0, 0, 0, 0, 0, 0, 0
14:34:11, 1891.70, 27.47, 22.77, 29.805, 0, 0, 0, 0, 0, 0, 0, 0, 0, 0, 0, 0, 0, 0, 0, 0, 0, 0, 0, 0, 0, 0, 0, 0
14:34:11, 1895.00, 27.48, 22.81, 29.812, 0, 0, 0, 0, 0, 0, 0, 0, 0, 0, 0, 0, 0, 0, 0, 0, 0, 0, 0, 0, 0, 0, 0, 0
14:34:12, 1901.40, 27.49, 22.81, 29.812, 0, 0, 0, 0, 0, 0, 0, 0, 0, 0, 0, 0, 0, 0, 0, 0, 0, 0, 0, 0, 0, 0, 0, 0
14:34:13, 1912.40, 27.50, 22.82, 29.812, 0, 0, 0, 0, 0, 0, 0, 0, 0, 0, 0, 0, 0, 0, 0, 0, 0, 0, 0, 0, 0, 0, 0, 0
14:34:13, 1917.00, 27.51, 22.81, 29.812, 0, 0, 0, 0, 0, 0, 0, 0, 0, 0, 0, 0, 0, 0, 0, 0, 0, 0, 0, 0, 0, 0, 0, 0
14:34:14, 1924.50, 27.51, 22.79, 29.812, 0, 0, 0, 0, 0, 0, 0, 0, 0, 0, 0, 0, 0, 0, 0, 0, 0, 0, 0, 0, 0, 0, 0, 0
14:34:15, 1933.90, 27.52, 22.79, 29.812, 0, 0, 0, 0, 0, 0, 0, 0, 0, 0, 0, 0, 0, 0, 0, 0, 0, 0, 0, 0, 0, 0, 0, 0
14:34:15, 1939.10, 27.53, 22.79, 29.812, 0, 0, 0, 0, 0, 0, 0, 0, 0, 0, 0, 0, 0, 0, 0, 0, 0, 0, 0, 0, 0, 0, 0, 0
14:34:16, 1939.50, 27.55, 22.79, 29.820, 0, 0, 0, 0, 0, 0, 0, 0, 0, 0, 0, 0, 0, 0, 0, 0, 0, 0, 0, 0, 0, 0, 0, 0
14:34:17, 1940.20, 27.56, 22.77, 29.820, 0, 0, 0, 0, 0, 0, 0, 0, 0, 0, 0, 0, 0, 0, 0, 0, 0, 0, 0, 0, 0, 0, 0, 0
14:34:17, 1941.00, 27.58, 22.81, 29.812, 0, 0, 0, 0, 0, 0, 0, 0, 0, 0, 0, 0, 0, 0, 0, 0, 0, 0, 0, 0, 0, 0, 0, 0
14:34:18, 1940.90, 27.59, 22.82, 29.812, 0, 0, 0, 0, 0, 0, 0, 0, 0, 0, 0, 0, 0, 0, 0, 0, 0, 0, 0, 0, 0, 0, 0, 0
14:34:19, 1940.60, 27.59, 22.81, 29.812, 0, 0, 0, 0, 0, 0, 0, 0, 0, 0, 0, 0, 0, 0, 0, 0, 0, 0, 0, 0, 0, 0, 0, 0
14:34:19, 1940.40, 27.60, 22.82, 29.805, 0, 0, 0, 0, 0, 0, 0, 0, 0, 0, 0, 0, 0, 0, 0, 0, 0, 0, 0, 0, 0, 0, 0, 0
14:34:20, 1940.50, 27.59, 22.86, 29.797, 0, 0, 0, 0, 0, 0, 0, 0, 0, 0, 0, 0, 0, 0, 0, 0, 0, 0, 0, 0, 0, 0, 0, 0
14:34:21, 1940.30, 27.60, 22.82, 29.797, 0, 0, 0, 0, 0, 0, 0, 0, 0, 0, 0, 0, 0, 0, 0, 0, 0, 0, 0, 0, 0, 0, 0, 0
14:34:21, 1935.40, 27.60, 22.82, 29.797, 0, 0, 0, 0, 0, 0, 0, 0, 0, 0, 0, 0, 0, 0, 0, 0, 0, 0, 0, 0, 0, 0, 0, 0
14:34:22, 1935.60, 27.61, 22.82, 29.805, 0, 0, 0, 0, 0, 0, 0, 0, 0, 0, 0, 0, 0, 0, 0, 0, 0, 0, 0, 0, 0, 0, 0, 0
14:34:23, 1933.70, 27.62, 22.84, 29.805, 0, 0, 0, 0, 0, 0, 0, 0, 0, 0, 0, 0, 0, 0, 0, 0, 0, 0, 0, 0, 0, 0, 0, 0
14:34:23, 1932.30, 27.64, 22.84, 29.805, 0, 0, 0, 0, 0, 0, 0, 0, 0, 0, 0, 0, 0, 0, 0, 0, 0, 0, 0, 0, 0, 0, 0, 0
14:34:24, 1935.30, 27.66, 22.84, 29.820, 0, 0, 0, 0, 0, 0, 0, 0, 0, 0, 0, 0, 0, 0, 0, 0, 0, 0, 0, 0, 0, 0, 0, 0
14:34:25, 1936.90, 27.68, 22.84, 29.820, 0, 0, 0, 0, 0, 0, 0, 0, 0, 0, 0, 0, 0, 0, 0, 0, 0, 0, 0, 0, 0, 0, 0, 0
14:34:25, 1936.90, 27.70, 22.86, 29.820, 0, 0, 0, 0, 0, 0, 0, 0, 0, 0, 0, 0, 0, 0, 0, 0, 0, 0, 0, 0, 0, 0, 0, 0
14:34:26, 1936.90, 27.72, 22.84, 29.820, 0, 0, 0, 0, 0, 0, 0, 0, 0, 0, 0, 0, 0, 0, 0, 0, 0, 0, 0, 0, 0, 0, 0, 0
14:34:27, 1937.20, 27.73, 22.82, 29.812, 0, 0, 0, 0, 0, 0, 0, 0, 0, 0, 0, 0, 0, 0, 0, 0, 0, 0, 0, 0, 0, 0, 0, 0
14:34:27, 1937.10, 27.74, 22.86, 29.812, 0, 0, 0, 0, 0, 0, 0, 0, 0, 0, 0, 0, 0, 0, 0, 0, 0, 0, 0, 0, 0, 0, 0, 0
14:34:28, 1936.60, 27.75, 22.86, 29.812, 0, 0, 0, 0, 0, 0, 0, 0, 0, 0, 0, 0, 0, 0, 0, 0, 0, 0, 0, 0, 0, 0, 0, 0
14:34:29, 1936.40, 27.75, 22.88, 29.812, 0, 0, 0, 0, 0, 0, 0, 0, 0, 0, 0, 0, 0, 0, 0, 0, 0, 0, 0, 0, 0, 0, 0, 0
14:34:29, 1937.00, 27.76, 22.86, 29.812, 0, 0, 0, 0, 0, 0, 0, 0, 0, 0, 0, 0, 0, 0, 0, 0, 0, 0, 0, 0, 0, 0, 0, 0
14:34:30, 1936.60, 27.76, 22.84, 29.812, 0, 0, 0, 0, 0, 0, 0, 0, 0, 0, 0, 0, 0, 0, 0, 0, 0, 0, 0, 0, 0, 0, 0, 0
14:34:31, 1937.10, 27.77, 22.89, 29.805, 0, 0, 0, 0, 0, 0, 0, 0, 0, 0, 0, 0, 0, 0, 0, 0, 0, 0, 0, 0, 0, 0, 0, 0
14:34:31, 1938.40, 27.77, 22.88, 29.812, 0, 0, 0, 0, 0, 0, 0, 0, 0, 0, 0, 0, 0, 0, 0, 0, 0, 0, 0, 0, 0, 0, 0, 0
14:34:32, 1938.30, 27.77, 22.86, 29.812, 0, 0, 0, 0, 0, 0, 0, 0, 0, 0, 0, 0, 0, 0, 0, 0, 0, 0, 0, 0, 0, 0, 0, 0
14:34:33, 1938.20, 27.77, 22.86, 29.812, 0, 0, 0, 0, 0, 0, 0, 0, 0, 0, 0, 0, 0, 0, 0, 0, 0, 0, 0, 0, 0, 0, 0, 0
14:34:33, 1931.60, 27.77, 22.86, 29.820, 0, 0, 0, 0, 0, 0, 0, 0, 0, 0, 0, 0, 0, 0, 0, 0, 0, 0, 0, 0, 0, 0, 0, 0
14:34:34, 1912.40, 27.78, 22.89, 29.820, 0, 0, 0, 0, 0, 0, 0, 0, 0, 0, 0, 0, 0, 0, 0, 0, 0, 0, 0, 0, 0, 0, 0, 0
14:34:35, 1906.00, 27.80, 22.89, 29.812, 0, 0, 0, 0, 0, 0, 0, 0, 0, 0, 0, 0, 0, 0, 0, 0, 0, 0, 0, 0, 0, 0, 0, 0
14:34:35, 1896.10, 27.83, 22.89, 29.812, 0, 0, 0, 0, 0, 0, 0, 0, 0, 0, 0, 0, 0, 0, 0, 0, 0, 0, 0, 0, 0, 0, 0, 0
14:34:36, 1888.10, 27.85, 22.86, 29.812, 0, 0, 0, 0, 0, 0, 0, 0, 0, 0, 0, 0, 0, 0, 0, 0, 0, 0, 0, 0, 0, 0, 0, 0
14:34:36, 1879.30, 27.86, 22.89, 29.812, 0, 0, 0, 0, 0, 0, 0, 0, 0, 0, 0, 0, 0, 0, 0, 0, 0, 0, 0, 0, 0, 0, 0, 0
14:34:37, 1869.00, 27.87, 22.91, 29.820, 0, 0, 0, 0, 0, 0, 0, 0, 0, 0, 0, 0, 0, 0, 0, 0, 0, 0, 0, 0, 0, 0, 0, 0
14:34:38, 1858.70, 27.88, 22.86, 29.820, 0, 0, 0, 0, 0, 0, 0, 0, 0, 0, 0, 0, 0, 0, 0, 0, 0, 0, 0, 0, 0, 0, 0, 0
14:34:38, 1849.50, 27.89, 22.89, 29.805, 0, 0, 0, 0, 0, 0, 0, 0, 0, 0, 0, 0, 0, 0, 0, 0, 0, 0, 0, 0, 0, 0, 0, 0
14:34:39, 1840.90, 27.89, 22.89, 29.812, 0, 0, 0, 0, 0, 0, 0, 0, 0, 0, 0, 0, 0, 0, 0, 0, 0, 0, 0, 0, 0, 0, 0, 0
14:34:40, 1832.30, 27.89, 22.91, 29.812, 0, 0, 0, 0, 0, 0, 0, 0, 0, 0, 0, 0, 0, 0, 0, 0, 0, 0, 0, 0, 0, 0, 0, 0
14:34:40, 1820.20, 27.90, 22.89, 29.805, 0, 0, 0, 0, 0, 0, 0, 0, 0, 0, 0, 0, 0, 0, 0, 0, 0, 0, 0, 0, 0, 0, 0, 0
14:34:41, 1809.10, 27.91, 22.88, 29.812, 0, 0, 0, 0, 0, 0, 0, 0, 0, 0, 0, 0, 0, 0, 0, 0, 0, 0, 0, 0, 0, 0, 0, 0
14:34:42, 1799.10, 27.91, 22.91, 29.812, 0, 0, 0, 0, 0, 0, 0, 0, 0, 0, 0, 0, 0, 0, 0, 0, 0, 0, 0, 0, 0, 0, 0, 0
14:34:42, 1785.90, 27.92, 22.91, 29.812, 0, 0, 0, 0, 0, 0, 0, 0, 0, 0, 0, 0, 0, 0, 0, 0, 0, 0, 0, 0, 0, 0, 0, 0
14:34:43, 1774.00, 27.94, 22.91, 29.812, 0, 0, 0, 0, 0, 0, 0, 0, 0, 0, 0, 0, 0, 0, 0, 0, 0, 0, 0, 0, 0, 0, 0, 0
14:34:44, 1763.30, 27.95, 22.89, 29.812, 0, 0, 0, 0, 0, 0, 0, 0, 0, 0, 0, 0, 0, 0, 0, 0, 0, 0, 0, 0, 0, 0, 0, 0
14:34:44, 1752.70, 27.96, 22.94, 29.812, 0, 0, 0, 0, 0, 0, 0, 0, 0, 0, 0, 0, 0, 0, 0, 0, 0, 0, 0, 0, 0, 0, 0, 0
14:34:45, 1741.20, 27.97, 22.89, 29.812, 0, 0, 0, 0, 0, 0, 0, 0, 0, 0, 0, 0, 0, 0, 0, 0, 0, 0, 0, 0, 0, 0, 0, 0
14:34:46, 1732.40, 27.97, 22.96, 29.805, 0, 0, 0, 0, 0, 0, 0, 0, 0, 0, 0, 0, 0, 0, 0, 0, 0, 0, 0, 0, 0, 0, 0, 0
14:34:46, 1722.10, 27.98, 22.94, 29.805, 0, 0, 0, 0, 0, 0, 0, 0, 0, 0, 0, 0, 0, 0, 0, 0, 0, 0, 0, 0, 0, 0, 0, 0
14:34:47, 1710.70, 27.97, 22.93, 29.805, 0, 0, 0, 0, 0, 0, 0, 0, 0, 0, 0, 0, 0, 0, 0, 0, 0, 0, 0, 0, 0, 0, 0, 0
14:34:48, 1699.40, 27.97, 22.89, 29.805, 0, 0, 0, 0, 0, 0, 0, 0, 0, 0, 0, 0, 0, 0, 0, 0, 0, 0, 0, 0, 0, 0, 0, 0
14:34:48, 1687.40, 27.96, 22.93, 29.805, 0, 0, 0, 0, 0, 0, 0, 0, 0, 0, 0, 0, 0, 0, 0, 0, 0, 0, 0, 0, 0, 0, 0, 0
14:34:49, 1675.30, 27.96, 22.93, 29.805, 0, 0, 0, 0, 0, 0, 0, 0, 0, 0, 0, 0, 0, 0, 0, 0, 0, 0, 0, 0, 0, 0, 0, 0
14:34:50, 1665.80, 27.96, 22.98, 29.797, 0, 0, 0, 0, 0, 0, 0, 0, 0, 0, 0, 0, 0, 0, 0, 0, 0, 0, 0, 0, 0, 0, 0, 0
14:34:50, 1656.50, 27.96, 22.93, 29.789, 0, 0, 0, 0, 0, 0, 0, 0, 0, 0, 0, 0, 0, 0, 0, 0, 0, 0, 0, 0, 0, 0, 0, 0
14:34:51, 1645.50, 27.96, 22.96, 29.789, 0, 0, 0, 0, 0, 0, 0, 0, 0, 0, 0, 0, 0, 0, 0, 0, 0, 0, 0, 0, 0, 0, 0, 0
14:34:52, 1633.30, 27.96, 22.93, 29.773, 0, 0, 0, 0, 0, 0, 0, 0, 0, 0, 0, 0, 0, 0, 0, 0, 0, 0, 0, 0, 0, 0, 0, 0
14:34:52, 1620.30, 27.96, 22.93, 29.758, 0, 0, 0, 0, 0, 0, 0, 0, 0, 0, 0, 0, 0, 0, 0, 0, 0, 0, 0, 0, 0, 0, 0, 0
14:34:53, 1610.20, 27.96, 22.94, 29.758, 0, 0, 0, 0, 0, 0, 0, 0, 0, 0, 0, 0, 0, 0, 0, 0, 0, 0, 0, 0, 0, 0, 0, 0
14:34:54, 1598.80, 27.97, 22.93, 29.742, 0, 0, 0, 0, 0, 0, 0, 0, 0, 0, 0, 0, 0, 0, 0, 0, 0, 0, 0, 0, 0, 0, 0, 0
14:34:54, 1586.20, 27.97, 22.94, 29.742, 0, 0, 0, 0, 0, 0, 0, 0, 0, 0, 0, 0, 0, 0, 0, 0, 0, 0, 0, 0, 0, 0, 0, 0
14:34:55, 1575.80, 27.98, 22.98, 29.742, 0, 0, 0, 0, 0, 0, 0, 0, 0, 0, 0, 0, 0, 0, 0, 0, 0, 0, 0, 0, 0, 0, 0, 0
14:34:56, 1564.80, 27.98, 22.96, 29.727, 0, 0, 0, 0, 0, 0, 0, 0, 0, 0, 0, 0, 0, 0, 0, 0, 0, 0, 0, 0, 0, 0, 0, 0
14:34:56, 1551.80, 27.99, 22.94, 29.719, 0, 0, 0, 0, 0, 0, 0, 0, 0, 0, 0, 0, 0, 0, 0, 0, 0, 0, 0, 0, 0, 0, 0, 0
14:34:57, 1542.60, 27.99, 22.98, 29.719, 0, 0, 0, 0, 0, 0, 0, 1, 0, 0, 0, 0, 0, 0, 0, 0, 0, 0, 0, 0, 0, 0, 0, 0
14:34:58, 1531.40, 27.99, 22.94, 29.711, 0, 0, 0, 0, 0, 0, 0, 1, 0, 0, 0, 0, 0, 0, 0, 0, 0, 0, 0, 0, 0, 0, 0, 0
14:34:58, 1521.70, 28.00, 23.00, 29.703, 0, 0, 0, 0, 0, 0, 0, 0, 0, 0, 0, 0, 0, 0, 0, 0, 0, 0, 0, 0, 0, 0, 0, 0
14:34:59, 1507.20, 28.01, 22.94, 29.703, 0, 0, 0, 0, 0, 0, 0, 1, 1, 0, 0, 0, 0, 0, 0, 0, 0, 0, 0, 0, 0, 0, 0, 0
14:35:00, 1498.00, 28.01, 22.94, 29.703, 0, 0, 0, 0, 0, 0, 1, 0, 1, 0, 0, 0, 0, 0, 0, 0, 0, 0, 0, 0, 0, 0, 0, 0
14:35:00, 1485.00, 28.02, 23.01, 29.703, 0, 0, 0, 0, 0, 0, 1, 1, 1, 0, 0, 0, 0, 0, 0, 0, 0, 0, 0, 0, 0, 0, 0, 0
14:35:01, 1472.00, 28.03, 23.01, 29.695, 0, 0, 0, 0, 0, 0, 1, 0, 1, 0, 0, 0, 0, 0, 0, 0, 0, 0, 0, 0, 0, 0, 0, 0
14:35:02, 1459.60, 28.03, 23.01, 29.695, 0, 0, 0, 0, 0, 0, 1, 1, 1, 0, 0, 0, 0, 0, 0, 0, 0, 0, 0, 0, 0, 0, 0, 0
14:35:02, 1445.90, 28.03, 22.98, 29.695, 0, 0, 0, 0, 0, 0, 1, 2, 1, 0, 0, 0, 0, 0, 0, 0, 0, 0, 0, 0, 0, 0, 0, 0
14:35:03, 1433.80, 28.03, 22.96, 29.695, 0, 0, 0, 0, 0, 0, 1, 2, 2, 0, 0, 0, 0, 0, 0, 0, 0, 0, 0, 0, 0, 0, 0, 0
14:35:04, 1421.70, 28.03, 23.01, 29.695, 0, 0, 0, 0, 0, 0, 2, 3, 2, 0, 0, 0, 0, 0, 0, 0, 0, 0, 0, 0, 0, 0, 0, 0
14:35:04, 1408.00, 28.03, 23.01, 29.695, 0, 0, 0, 0, 0, 0, 2, 4, 3, 0, 0, 0, 0, 0, 0, 0, 0, 0, 0, 1, 0, 0, 0, 0
14:35:05, 1395.00, 28.02, 23.03, 29.695, 0, 0, 0, 0, 0, 0, 3, 4, 4, 0, 0, 0, 0, 0, 0, 0, 0, 0, 0, 1, 0, 0, 0, 0
14:35:06, 1382.00, 28.03, 23.01, 29.695, 0, 0, 0, 0, 0, 1, 3, 5, 5, 1, 0, 0, 0, 0, 0, 0, 0, 0, 0, 1, 1, 0, 0, 0
14:35:06, 1371.50, 28.03, 23.03, 29.695, 0, 0, 0, 0, 0, 1, 4, 7, 6, 1, 0, 0, 0, 0, 0, 0, 0, 0, 0, 2, 1, 0, 0, 0
14:35:07, 1358.70, 28.04, 23.01, 29.695, 0, 0, 1, 0, 0, 1, 5, 8, 8, 1, 0, 0, 0, 0, 0, 0, 0, 0, 1, 2, 2, 0, 0, 0
14:35:08, 1344.80, 28.04, 23.00, 29.687, 0, 0, 1, 0, 1, 2, 7, 12, 10, 1, 0, 0, 0, 0, 0, 0, 0, 0, 1, 3, 3, 0, 0, 0
14:35:08, 1334.20, 28.04, 23.01, 29.687, 0, 0, 1, 0, 1, 3, 9, 16, 13, 1, 0, 0, 0, 0, 0, 0, 0, 0, 2, 4, 3, 0, 0, 0
14:35:09, 1321.10, 28.04, 23.05, 29.687, 0, 0, 1, 1, 2, 4, 12, 20, 17, 1, 0, 0, 0, 0, 0, 0, 0, 1, 3, 6, 5, 0, 0, 0
14:35:10, 1324.10, 28.05, 23.07, 29.695, 0, 0, 1, 1, 2, 5, 15, 23, 23, 2, 0, 0, 0, 0, 0, 0, 0, 1, 3, 6, 5, 0, 0, 0
14:35:10, 1314.70, 28.06, 23.03, 29.695, 0, 0, 1, 1, 2, 5, 14, 22, 19, 2, 0, 0, 0, 0, 0, 0, 0, 1, 3, 6, 5, 0, 0, 0
14:35:11, 1308.10, 28.07, 23.03, 29.695, 0, 0, 1, 1, 3, 7, 18, 29, 25, 2, 0, 0, 0, 0, 0, 0, 0, 1, 4, 8, 6, 0, 0, 0
14:35:12, 1300.50, 28.08, 23.03, 29.703, 0, 1, 1, 2, 3, 8, 20, 33, 27, 2, 0, 0, 0, 0, 0, 0, 1, 1, 5, 9, 8, 0, 0, 0
14:35:12, 1292.10, 28.08, 23.05, 29.703, 1, 1, 1, 2, 4, 10, 24, 39, 33, 3, 0, 0, 0, 0, 0, 0, 1, 2, 6, 10, 9, 0, 0, 0
14:35:13, 1285.20, 28.09, 23.05, 29.687, 1, 1, 2, 2, 5, 12, 28, 44, 38, 3, 0, 0, 0, 0, 0, 0, 1, 2, 6, 11, 10, 0, 0, 0
14:35:14, 1272.60, 28.09, 23.03, 29.695, 1, 1, 2, 2, 6, 14, 32, 51, 42, 4, 0, 0, 0, 0, 0, 0, 1, 3, 8, 14, 12, 0, 0, 0
14:35:14, 1260.20, 28.10, 23.05, 29.695, 1, 1, 2, 3, 8, 17, 39, 61, 51, 4, 0, 0, 0, 0, 0, 0, 1, 4, 10, 17, 15, 1, 0, 0
14:35:15, 1247.50, 28.10, 23.03, 29.680, 2, 2, 3, 4, 11, 23, 50, 75, 68, 6, 0, 0, 0, 0, 0, 0, 2, 5, 13, 21, 19, 1, 0, 0
14:35:16, 1236.20, 28.10, 23.05, 29.680, 3, 3, 3, 4, 14, 29, 62, 92, 91, 8, 0, 0, 1, 0, 0, 1, 3, 6, 16, 26, 24, 2, 0, 0
14:35:16, 1224.60, 28.11, 23.03, 29.680, 3, 3, 4, 6, 19, 38, 79, 116, 119, 10, 0, 0, 1, 0, 0, 1, 4, 8, 20, 31, 29, 2, 0, 0
14:35:17, 1212.40, 28.11, 23.03, 29.664, 4, 4, 6, 9, 27, 52, 104, 150, 147, 12, 0, 0, 1, 1, 1, 1, 5, 11, 25, 38, 36, 3, 0, 0
14:35:18, 1197.80, 28.12, 23.05, 29.664, 5, 5, 7, 11, 33, 62, 119, 170, 170, 14, 0, 0, 1, 1, 1, 2, 7, 15, 34, 51, 49, 4, 0, 0
14:35:18, 1183.90, 28.12, 23.07, 29.672, 7, 7, 9, 15, 44, 80, 147, 208, 220, 19, 0, 0, 2, 1, 1, 3, 10, 20, 43, 63, 62, 5, 0, 0
14:35:19, 1171.00, 28.13, 23.08, 29.664, 10, 10, 12, 22, 65, 113, 203, 283, 282, 24, 0, 0, 2, 2, 2, 3, 13, 25, 53, 77, 76, 7, 0, 0
14:35:20, 1160.40, 28.13, 23.07, 29.664, 14, 13, 17, 32, 92, 155, 270, 370, 385, 32, 0, 0, 3, 2, 3, 5, 16, 32, 65, 92, 93, 8, 0, 0
14:35:20, 1147.00, 28.14, 23.07, 29.664, 16, 16, 20, 39, 110, 180, 303, 412, 443, 38, 0, 0, 4, 3, 4, 6, 23, 42, 83, 117, 123, 11, 0, 0
14:35:21, 1132.80, 28.14, 23.07, 29.672, 21, 21, 29, 58, 159, 250, 407, 543, 653, 56, 0, 0, 5, 4, 5, 9, 31, 55, 105, 145, 157, 14, 0, 0
14:35:22, 1119.30, 28.14, 23.08, 29.672, 30, 29, 42, 90, 225, 340, 536, 704, 831, 72, 0, 0, 7, 6, 7, 13, 41, 72, 132, 178, 197, 18, 0, 0
14:35:22, 1110.20, 28.14, 23.07, 29.664, 40, 41, 62, 132, 300, 440, 680, 878, 1053, 90, 0, 0, 8, 7, 8, 16, 49, 85, 153, 204, 228, 21, 0, 0
14:35:23, 1100.80, 28.14, 23.08, 29.664, 49, 51, 81, 172, 380, 541, 816, 1040, 1280, 112, 0, 0, 10, 9, 11, 21, 61, 102, 180, 237, 275, 26, 0, 0
14:35:24, 1088.20, 28.15, 23.10, 29.664, 58, 62, 103, 216, 454, 628, 921, 1163, 1482, 135, 0, 0, 12, 11, 14, 27, 80, 130, 222, 289, 345, 32, 0, 0
14:35:24, 1078.60, 28.15, 23.10, 29.656, 78, 88, 155, 316, 618, 826, 1181, 1470, 2037, 194, 0, 0, 14, 13, 18, 35, 99, 156, 261, 335, 404, 38, 0, 0
14:35:25, 1067.00, 28.14, 23.05, 29.648, 101, 120, 220, 428, 805, 1035, 1440, 1774, 2301, 225, 0, 0, 18, 16, 23, 47, 122, 188, 303, 385, 475, 46, 0, 0
14:35:26, 1053.20, 28.14, 23.08, 29.648, 144, 187, 350, 634, 1092, 1347, 1812, 2208, 2877, 305, 0, 0, 21, 21, 31, 64, 158, 232, 362, 452, 589, 58, 0, 0
14:35:26, 1042.50, 28.14, 23.10, 29.633, 226, 330, 616, 1019, 1561, 1853, 2416, 2906, 4323, 523, 0, 0, 26, 26, 43, 87, 200, 283, 429, 528, 718, 73, 0, 0
14:35:27, 1028.30, 28.14, 23.10, 29.633, 391, 639, 1110, 1649, 2421, 2744, 3437, 4061, 7260, 1176, 0, 0, 37, 41, 72, 137, 286, 382, 554, 665, 992, 107, 0, 0
14:35:28, 1016.10, 28.14, 23.10, 29.633, 753, 1275, 1976, 2640, 3403, 3683, 4573, 5208, 11064, 2645, 0, 0, 52, 64, 117, 211, 409, 523, 729, 862, 1419, 169, 0, 0
14:35:28, 1012.70, 28.14, 23.14, 29.617, 1485, 2340, 3205, 3907, 4356, 4621, 5556, 6283, 15958, 5919, 0, 0, 74, 100, 177, 296, 635, 745, 1013, 1157, 2651, 622, 0, 0
14:35:29, 1012.90, 28.13, 23.14, 29.586, 1532, 2380, 3288, 3981, 4664, 4994, 5866, 6768, 18682, 6923, 0, 0, 612, 963, 1360, 1687, 2092, 2317, 2791, 3259, 8574, 2807, 0, 0
14:35:30, 1012.80, 28.13, 23.14, 29.586, 1589, 2452, 3398, 4081, 4620, 4855, 5838, 6602, 19086, 7456, 0, 0, 822, 1272, 1815, 2244, 3034, 3342, 4201, 4648, 12346, 4546, 0, 0
14:35:30, 1012.70, 28.11, 23.14, 29.500, 1564, 2393, 3324, 3976, 4370, 4661, 5480, 6320, 18245, 7339, 0, 0, 1758, 3091, 4207, 4957, 5358, 5382, 7075, 8311, 20314, 8172, 0, 0
14:35:31, 1012.90, 28.09, 23.12, 29.352, 1459, 2231, 3139, 3696, 4357, 4642, 5485, 6330, 19736, 8016, 0, 0, 1451, 2554, 3386, 4256, 6545, 6623, 8741, 10532, 28548, 11692, 0, 0
14:35:32, 1012.70, 28.06, 23.15, 29.352, 1453, 2144, 3012, 3592, 3726, 4096, 4901, 5565, 15026, 5794, 0, 0, 2132, 3684, 5117, 6152, 9470, 10532, 13336, 15569, 36000, 24349, 1, 1
14:35:32, 1012.70, 28.03, 23.10, 29.156, 878, 1195, 1685, 2093, 2167, 2462, 3051, 3545, 9035, 4233, 0, 0, 2706, 4228, 6222, 7152, 9934, 11696, 14020, 17870, 36000, 21699, 1, 1
14:35:33, 1012.70, 28.00, 23.14, 28.906, 983, 1473, 2050, 2442, 3505, 3779, 4533, 5187, 17317, 7053, 0, 0, 2962, 4715, 6982, 8173, 8395, 9850, 11394, 14862, 31308, 11879, 0, 0
14:35:34, 1012.70, 27.95, 23.14, 28.906, 1160, 1847, 2544, 3096, 3720, 3984, 5075, 5825, 12629, 4954, 0, 0, 2290, 3680, 5272, 6102, 8819, 10374, 12622, 15474, 36000, 23486, 1, 1
14:35:34, 1012.30, 27.92, 23.14, 28.648, 1397, 2172, 3035, 3602, 3714, 4146, 4826, 5645, 19739, 7706, 0, 0, 2372, 3400, 5072, 6130, 7860, 9039, 11712, 13232, 36000, 23719, 1, 1
14:35:35, 1012.80, 27.89, 23.19, 28.648, 979, 1424, 1951, 2509, 2556, 2732, 3693, 3829, 14506, 6236, 0, 0, 2556, 3806, 5692, 6373, 8948, 9897, 13007, 14805, 36000, 21762, 1, 1
14:35:36, 1012.80, 27.85, 23.17, 28.437, 939, 1403, 1980, 2381, 2150, 2309, 3062, 3308, 12151, 5708, 0, 0, 3338, 4987, 7356, 8885, 11173, 12982, 15709, 19159, 36000, 24912, 1, 1
14:35:36, 1012.60, 27.83, 23.17, 28.219, 1231, 1879, 2640, 3095, 4449, 4760, 5649, 6454, 22698, 9120, 0, 0, 3873, 5816, 8579, 10272, 12985, 15002, 18601, 21964, 36000, 26234, 1, 1
14:35:37, 1012.50, 27.80, 23.19, 28.219, 1461, 2219, 3102, 3641, 3120, 3371, 4106, 4472, 17242, 6463, 0, 0, 2179, 3587, 4675, 6171, 6551, 6865, 9313, 10018, 24996, 9520, 0, 0
14:35:38, 1012.80, 27.78, 23.15, 28.000, 1171, 1736, 2462, 2854, 3378, 3493, 4106, 4647, 18418, 7585, 0, 0, 4127, 5948, 9055, 10081, 9925, 11289, 14202, 16097, 36000, 24863, 1, 1
