Secchi Depth (cm) = 9999
Forel Ule Scale = 99
pH Colour Scale = 99
SensingSecchi S/N = A016
Latitude (degs N) = 34.39703
Longitude (degs E) = -78.26681
Date = 2026-08-28
Time (UTC), Pressure (mbar) MS5803, Temp (deg C) MS5803, Temp (deg C) 10KTHERM, Temp (deg C) TMP117, ED 415nm, ED 445nm, ED 480nm, ED 515nm, ED 555nm, ED 590nm, ED 630nm, ED 680nm, ED Clear, ED NIR, ED D-SAT, ED A-SAT, EU 415nm, EU 445nm, EU 480nm, EU 515nm, EU 555nm, EU 590nm, EU 630nm, EU 680nm, EU Clear, EU NIR, EU D-SAT, EU A-SAT
16:36:01, 1011.90, 28.04, 28.69, 26.391, 1288, 1973, 2715, 3246, 3629, 3958, 4522, 5097, 19107, 7301, 0, 0, 1758, 2805, 3554, 4352, 5190, 5700, 6898, 9700, 34430, 21503, 0, 1
16:36:01, 1012.10, 28.04, 28.71, 26.352, 1241, 1899, 2615, 3112, 3474, 3783, 4311, 4884, 18575, 7141, 0, 0, 1786, 2860, 3605, 4431, 5170, 5693, 6863, 9669, 34296, 21496, 0, 1
16:36:02, 1011.70, 28.04, 28.71, 26.352, 1225, 1886, 2593, 3087, 3511, 3803, 4366, 4922, 18534, 7119, 0, 0, 1647, 2632, 3327, 4086, 4761, 5220, 6353, 8901, 31345, 19925, 0, 0
16:36:03, 1012.00, 28.04, 28.63, 26.305, 1228, 1922, 2638, 3139, 3543, 3795, 4406, 4949, 18130, 6951, 0, 0, 1468, 2358, 2959, 3661, 4206, 4632, 5644, 7881, 27624, 18108, 0, 0
16:36:03, 1012.10, 28.04, 28.72, 26.289, 1184, 1882, 2561, 3072, 3473, 3731, 4348, 4854, 17541, 6681, 0, 0, 1238, 2034, 2509, 3151, 3642, 4008, 4941, 6835, 24349, 16392, 0, 0
16:36:04, 1012.10, 28.04, 28.71, 26.289, 1293, 2010, 2753, 3307, 3767, 4108, 4712, 5293, 19412, 7372, 0, 0, 1238, 1803, 2314, 2755, 3204, 3767, 4994, 7449, 24788, 16038, 0, 0
16:36:05, 1011.80, 28.03, 28.69, 26.281, 1362, 2099, 2886, 3464, 3890, 4243, 4866, 5471, 19963, 7590, 0, 0, 1280, 1854, 2398, 2854, 3465, 4025, 5272, 7746, 26435, 17480, 0, 0
16:36:05, 1012.00, 28.03, 28.71, 26.289, 1340, 2061, 2836, 3400, 3791, 4136, 4738, 5324, 19674, 7494, 0, 0, 1547, 2354, 2989, 3618, 4352, 4839, 5997, 8586, 30856, 20131, 0, 0
16:36:06, 1012.00, 28.03, 28.72, 26.289, 1338, 2055, 2829, 3390, 3836, 4183, 4800, 5388, 19871, 7577, 0, 0, 1590, 2460, 3138, 3798, 4519, 4946, 6122, 8613, 30793, 19715, 0, 0
16:36:07, 1012.20, 28.02, 28.69, 26.273, 1393, 2150, 2961, 3553, 4006, 4367, 5017, 5635, 20450, 7771, 0, 0, 1551, 2410, 3097, 3746, 4531, 4927, 6109, 8525, 30340, 19250, 0, 0
16:36:07, 1012.00, 28.02, 28.69, 26.242, 1371, 2111, 2907, 3485, 3872, 4221, 4843, 5436, 19983, 7610, 0, 0, 1610, 2526, 3231, 3923, 4734, 5178, 6338, 8870, 31700, 19959, 0, 0
16:36:08, 1011.90, 28.02, 28.72, 26.242, 1316, 2018, 2779, 3330, 3745, 4085, 4681, 5251, 19565, 7462, 0, 0, 1625, 2553, 3259, 3962, 4694, 5131, 6282, 8793, 31414, 19792, 0, 0
16:36:09, 1012.00, 28.02, 28.72, 26.219, 1369, 2109, 2904, 3482, 3951, 4305, 4946, 5551, 20249, 7691, 0, 0, 1562, 2441, 3144, 3806, 4571, 4968, 6139, 8539, 30301, 19073, 0, 0
16:36:09, 1012.10, 28.02, 28.72, 26.195, 1391, 2147, 2955, 3547, 3959, 4316, 4958, 5563, 20275, 7698, 0, 0, 1581, 2467, 3170, 3843, 4623, 5066, 6225, 8724, 30968, 19525, 0, 0
16:36:10, 1012.10, 28.02, 28.69, 26.195, 1340, 2058, 2834, 3398, 3795, 4137, 4746, 5324, 19719, 7512, 0, 0, 1615, 2519, 3223, 3910, 4654, 5115, 6259, 8815, 31383, 19826, 0, 0
16:36:11, 1012.00, 28.02, 28.72, 26.172, 1347, 2070, 2851, 3419, 3867, 4215, 4839, 5428, 19963, 7591, 0, 0, 1576, 2448, 3145, 3810, 4543, 4985, 6128, 8605, 30504, 19288, 0, 0
16:36:11, 1012.00, 28.01, 28.71, 26.164, 1384, 2133, 2939, 3526, 3961, 4318, 4958, 5565, 20273, 7693, 0, 0, 1559, 2421, 3117, 3775, 4534, 4968, 6112, 8571, 30362, 19177, 0, 0
16:36:12, 1011.80, 28.01, 28.71, 26.164, 1362, 2096, 2885, 3462, 3862, 4211, 4834, 5421, 19944, 7586, 0, 0, 1600, 2498, 3203, 3891, 4677, 5128, 6266, 8776, 31268, 19659, 0, 0
16:36:13, 1012.10, 28.00, 28.71, 26.156, 1339, 2057, 2832, 3396, 3819, 4167, 4781, 5360, 19796, 7536, 0, 0, 1611, 2521, 3234, 3932, 4667, 5109, 6247, 8738, 31088, 19539, 0, 0
16:36:13, 1012.00, 28.00, 28.69, 26.156, 1371, 2112, 2908, 3489, 3936, 4292, 4929, 5530, 20194, 7665, 0, 0, 1570, 2445, 3154, 3824, 4579, 5003, 6145, 8574, 30402, 19108, 0, 0
16:36:14, 1012.10, 27.99, 28.72, 26.156, 1375, 2118, 2917, 3501, 3908, 4260, 4891, 5488, 20084, 7627, 0, 0, 1592, 2482, 3193, 3878, 4656, 5103, 6236, 8727, 31019, 19487, 0, 0
16:36:15, 1012.10, 28.00, 28.71, 26.141, 1337, 2052, 2827, 3389, 3799, 4141, 4753, 5327, 19712, 7502, 0, 0, 1610, 2516, 3227, 3924, 4644, 5094, 6216, 8716, 31002, 19490, 0, 0
16:36:15, 1012.10, 27.99, 28.72, 26.148, 1363, 2097, 2887, 3464, 3917, 4270, 4903, 5499, 20088, 7628, 0, 0, 1543, 2398, 3099, 3755, 4486, 4903, 6011, 8410, 29891, 18882, 0, 0
16:36:16, 1011.90, 27.99, 28.71, 26.148, 1375, 2119, 2916, 3501, 3904, 4258, 4889, 5481, 20045, 7609, 0, 0, 1568, 2454, 3168, 3847, 4645, 5087, 6188, 8647, 30813, 19436, 0, 0
16:36:17, 1012.10, 27.98, 28.71, 26.148, 1311, 2009, 2766, 3316, 3691, 4027, 4615, 5171, 19318, 7371, 0, 0, 1634, 2565, 3284, 4003, 4723, 5200, 6290, 8855, 31699, 20021, 0, 0
16:36:17, 1012.00, 27.98, 28.71, 26.156, 1329, 2038, 2807, 3365, 3824, 4172, 4787, 5366, 19784, 7518, 0, 0, 1557, 2430, 3134, 3809, 4513, 4934, 6039, 8434, 30006, 19016, 0, 0
16:36:18, 1012.20, 27.98, 28.69, 26.156, 1391, 2145, 2953, 3545, 3985, 4345, 4989, 5598, 20293, 7694, 0, 0, 1524, 2373, 3071, 3728, 4470, 4885, 5990, 8362, 29717, 18856, 0, 0
16:36:19, 1011.90, 27.97, 28.71, 26.133, 1358, 2089, 2876, 3450, 3831, 4180, 4796, 5375, 19785, 7529, 0, 0, 1583, 2476, 3181, 3874, 4628, 5081, 6172, 8659, 30948, 19591, 0, 0
16:36:19, 1012.10, 27.97, 28.71, 26.109, 1318, 2018, 2779, 3331, 3744, 4086, 4683, 5247, 19505, 7430, 0, 0, 1582, 2472, 3176, 3870, 4551, 4994, 6077, 8519, 30442, 19299, 0, 0
16:36:20, 1012.00, 27.97, 28.74, 26.109, 1362, 2096, 2886, 3462, 3914, 4269, 4901, 5498, 20069, 7616, 0, 0, 1513, 2349, 3038, 3693, 4390, 4810, 5886, 8233, 29271, 18622, 0, 0
16:36:21, 1012.10, 27.97, 28.74, 26.070, 1377, 2122, 2921, 3506, 3912, 4267, 4900, 5496, 20051, 7608, 0, 0, 1529, 2376, 3069, 3735, 4466, 4901, 5969, 8369, 29811, 18943, 0, 0
16:36:21, 1012.10, 27.96, 28.72, 26.070, 1339, 2054, 2828, 3392, 3789, 4134, 4743, 5316, 19643, 7470, 0, 0, 1558, 2426, 3122, 3806, 4498, 4947, 6000, 8432, 30120, 19125, 0, 0
16:36:22, 1011.90, 27.96, 28.72, 26.070, 1342, 2061, 2837, 3402, 3836, 4184, 4801, 5385, 19805, 7525, 0, 0, 1520, 2356, 3046, 3707, 4380, 4814, 5858, 8223, 29285, 18639, 0, 0
16:36:23, 1011.70, 27.96, 28.71, 26.062, 1371, 2110, 2905, 3486, 3911, 4268, 4898, 5494, 20048, 7602, 0, 0, 1508, 2336, 3024, 3679, 4380, 4811, 5858, 8223, 29242, 18602, 0, 0
16:36:23, 1011.90, 27.96, 28.69, 26.062, 1354, 2082, 2865, 3439, 3834, 4185, 4800, 5384, 19779, 7514, 0, 0, 1536, 2384, 3075, 3746, 4438, 4886, 5921, 8331, 29719, 18899, 0, 0
16:36:24, 1011.80, 27.96, 28.72, 26.047, 1337, 2052, 2824, 3387, 3803, 4153, 4761, 5339, 19691, 7482, 0, 0, 1524, 2363, 3052, 3716, 4384, 4824, 5853, 8234, 29352, 18684, 0, 0
16:36:25, 1011.80, 27.96, 28.74, 26.031, 1361, 2093, 2882, 3457, 3885, 4243, 4867, 5460, 19959, 7570, 0, 0, 1505, 2327, 3013, 3664, 4346, 4778, 5810, 8168, 29033, 18487, 0, 0
16:36:25, 1011.90, 27.96, 28.74, 26.031, 1362, 2093, 2882, 3458, 3866, 4221, 4840, 5431, 19892, 7550, 0, 0, 1515, 2344, 3031, 3688, 4377, 4816, 5848, 8229, 29281, 18632, 0, 0
16:36:26, 1012.00, 27.96, 28.71, 26.039, 1350, 2073, 2853, 3423, 3839, 4191, 4806, 5390, 19795, 7518, 0, 0, 1518, 2351, 3039, 3699, 4375, 4814, 5841, 8217, 29237, 18610, 0, 0
16:36:27, 1012.10, 27.96, 28.74, 26.031, 1357, 2086, 2872, 3445, 3866, 4220, 4839, 5429, 19886, 7544, 0, 0, 1507, 2331, 3016, 3670, 4347, 4780, 5806, 8170, 29042, 18500, 0, 0
16:36:27, 1011.90, 27.96, 28.74, 26.031, 1355, 2081, 2864, 3437, 3842, 4196, 4811, 5391, 19814, 7519, 0, 0, 1515, 2345, 3031, 3690, 4376, 4817, 5835, 8217, 29244, 18629, 0, 0
16:36:28, 1012.00, 27.96, 28.74, 26.008, 1342, 2059, 2834, 3400, 3812, 4163, 4773, 5350, 19716, 7490, 0, 0, 1515, 2346, 3033, 3694, 4353, 4792, 5804, 8166, 29076, 18543, 0, 0
16:36:29, 1012.00, 27.96, 28.72, 25.945, 1360, 2089, 2877, 3451, 3881, 4239, 4860, 5453, 19937, 7559, 0, 0, 1491, 2304, 2988, 3634, 4303, 4731, 5737, 8067, 28654, 18282, 0, 0
16:36:29, 1012.00, 27.96, 28.72, 25.945, 1362, 2094, 2882, 3459, 3862, 4218, 4836, 5425, 19872, 7540, 0, 0, 1507, 2330, 3017, 3674, 4370, 4810, 5814, 8182, 29117, 18563, 0, 0
16:36:30, 1012.10, 27.96, 28.74, 25.898, 1335, 2048, 2819, 3383, 3784, 4133, 4736, 5310, 19612, 7455, 0, 0, 1528, 2369, 3060, 3732, 4405, 4848, 5852, 8234, 29345, 18688, 0, 0
16:36:31, 1011.90, 27.96, 28.74, 25.859, 1348, 2070, 2850, 3418, 3851, 4206, 4823, 5408, 19831, 7527, 0, 0, 1491, 2302, 2982, 3630, 4286, 4714, 5723, 8056, 28604, 18292, 0, 0
16:36:31, 1011.90, 27.95, 28.74, 25.859, 1368, 2105, 2897, 3478, 3893, 4253, 4876, 5471, 19963, 7572, 0, 0, 1479, 2279, 2954, 3593, 4264, 4692, 5698, 8029, 28532, 18259, 0, 0
16:36:32, 1011.70, 27.95, 28.76, 25.844, 1348, 2070, 2850, 3419, 3819, 4172, 4784, 5364, 19735, 7497, 0, 0, 1504, 2321, 3003, 3655, 4318, 4759, 5760, 8128, 28950, 18519, 0, 0
16:36:33, 1011.90, 27.95, 28.74, 25.828, 1342, 2060, 2835, 3403, 3820, 4172, 4784, 5366, 19731, 7495, 0, 0, 1493, 2303, 2982, 3629, 4279, 4711, 5713, 8051, 28646, 18332, 0, 0
16:36:33, 1011.90, 27.95, 28.72, 25.828, 1356, 2084, 2868, 3442, 3867, 4222, 4843, 5432, 19891, 7545, 0, 0, 1477, 2273, 2950, 3588, 4246, 4671, 5673, 7986, 28366, 18153, 0, 0
16:36:34, 1011.90, 27.95, 28.72, 25.797, 1365, 2100, 2890, 3470, 3891, 4251, 4877, 5470, 19959, 7573, 0, 0, 1471, 2262, 2933, 3566, 4225, 4650, 5656, 7974, 28345, 18200, 0, 0
16:36:35, 1011.80, 27.95, 28.78, 25.781, 1358, 2087, 2873, 3448, 3852, 4207, 4826, 5410, 19829, 7532, 0, 0, 1483, 2279, 2947, 3585, 4236, 4669, 5666, 8010, 28568, 18358, 0, 0
16:36:35, 1012.00, 27.95, 28.72, 25.781, 1344, 2063, 2840, 3407, 3827, 4180, 4793, 5375, 19761, 7509, 0, 0, 1474, 2253, 2917, 3546, 4170, 4607, 5605, 7949, 28315, 18266, 0, 0
16:36:36, 1012.00, 27.94, 28.76, 25.758, 1362, 2095, 2883, 3461, 3885, 4243, 4867, 5462, 19920, 7559, 0, 0, 1456, 2209, 2857, 3466, 4093, 4532, 5524, 7880, 28120, 18307, 0, 0
16:36:37, 1011.90, 27.95, 28.74, 25.758, 1354, 2080, 2862, 3436, 3835, 4189, 4805, 5390, 19740, 7500, 0, 0, 1479, 2248, 2896, 3516, 4144, 4594, 5575, 7967, 28539, 18543, 0, 0
16:36:37, 1011.90, 27.95, 28.76, 25.758, 1334, 2047, 2817, 3380, 3787, 4137, 4744, 5321, 19596, 7454, 0, 0, 1474, 2242, 2890, 3508, 4117, 4565, 5539, 7913, 28357, 18446, 0, 0
16:36:38, 1012.00, 27.94, 28.76, 25.766, 1352, 2078, 2858, 3432, 3865, 4220, 4841, 5431, 19830, 7535, 0, 0, 1450, 2201, 2844, 3451, 4071, 4508, 5489, 7828, 27970, 18209, 0, 0
16:36:39, 1011.90, 27.94, 28.78, 25.789, 1360, 2092, 2879, 3455, 3859, 4214, 4837, 5424, 19803, 7526, 0, 0, 1465, 2227, 2872, 3488, 4123, 4572, 5549, 7925, 28386, 18451, 0, 0
16:36:39, 1012.10, 27.94, 28.72, 25.789, 1333, 2046, 2816, 3379, 3785, 4134, 4741, 5316, 19576, 7452, 0, 0, 1475, 2241, 2888, 3505, 4118, 4569, 5541, 7920, 28413, 18479, 0, 0
16:36:40, 1011.90, 27.94, 28.74, 25.820, 1351, 2077, 2858, 3429, 3866, 4222, 4845, 5434, 19833, 7534, 0, 0, 1447, 2194, 2834, 3438, 4054, 4491, 5470, 7810, 27901, 18173, 0, 0
16:36:41, 1012.00, 27.93, 28.76, 25.859, 1362, 2095, 2884, 3463, 3867, 4225, 4850, 5437, 19836, 7537, 0, 0, 1461, 2215, 2859, 3470, 4103, 4548, 5528, 7899, 28259, 18384, 0, 0
16:36:41, 1012.00, 27.94, 28.78, 25.859, 1343, 2063, 2839, 3408, 3819, 4171, 4788, 5367, 19679, 7488, 0, 0, 1468, 2226, 2874, 3485, 4104, 4550, 5527, 7902, 28283, 18407, 0, 0
16:36:42, 1012.00, 27.93, 28.78, 25.883, 1350, 2075, 2857, 3428, 3849, 4203, 4823, 5408, 19773, 7520, 0, 0, 1464, 2218, 2867, 3476, 4103, 4547, 5530, 7898, 28243, 18380, 0, 0
16:36:43, 1011.90, 27.93, 28.76, 25.914, 1351, 2077, 2859, 3432, 3846, 4200, 4822, 5405, 19759, 7510, 0, 0, 1435, 2155, 2788, 3373, 3893, 4354, 5346, 7669, 27604, 18298, 0, 0
16:36:43, 1012.10, 27.93, 28.78, 25.914, 1356, 2086, 2870, 3447, 3875, 4230, 4857, 5446, 19830, 7532, 0, 0, 1384, 2049, 2660, 3205, 3594, 4063, 5080, 7332, 26065, 17347, 0, 0
16:36:44, 1012.10, 27.93, 28.80, 25.937, 1366, 2105, 2897, 3480, 3898, 4255, 4889, 5479, 19878, 7533, 0, 0, 1138, 1669, 2155, 2606, 2936, 3413, 4380, 6518, 21716, 14229, 0, 0
16:36:45, 1011.70, 27.93, 28.74, 25.969, 1355, 2091, 2877, 3457, 3877, 4230, 4864, 5451, 19730, 7465, 0, 0, 1041, 1557, 1999, 2443, 3097, 3409, 4248, 5954, 21299, 14395, 0, 0
16:36:46, 1012.10, 27.93, 28.78, 25.969, 1345, 2088, 2866, 3449, 3864, 4212, 4850, 5434, 19508, 7369, 0, 0, 1154, 1801, 2304, 2847, 3427, 3776, 4584, 6398, 22923, 15413, 0, 0
16:36:46, 1011.80, 27.93, 28.80, 26.000, 1346, 2082, 2861, 3437, 3856, 4206, 4837, 5422, 19614, 7426, 0, 0, 1310, 2018, 2600, 3186, 3833, 4222, 5118, 7225, 25583, 16740, 0, 0
16:36:47, 1012.00, 27.92, 28.76, 26.023, 1350, 2082, 2865, 3438, 3859, 4209, 4839, 5422, 19698, 7468, 0, 0, 1411, 2169, 2805, 3424, 4113, 4526, 5483, 7765, 27483, 17684, 0, 0
16:36:48, 1011.90, 27.92, 28.78, 26.023, 1358, 2090, 2877, 3456, 3890, 4245, 4878, 5466, 19861, 7540, 0, 0, 1465, 2250, 2921, 3561, 4262, 4680, 5679, 8020, 28263, 18014, 0, 0
16:36:48, 1012.00, 27.92, 28.78, 26.039, 1381, 2127, 2930, 3520, 3952, 4315, 4961, 5558, 20111, 7630, 0, 0, 1490, 2289, 2980, 3626, 4335, 4758, 5774, 8151, 28682, 18156, 0, 0
16:36:49, 1012.10, 27.91, 28.78, 26.062, 1375, 2118, 2919, 3505, 3936, 4296, 4939, 5532, 20083, 7626, 0, 0, 1504, 2312, 3012, 3665, 4370, 4789, 5816, 8209, 28831, 18213, 0, 0
16:36:50, 1012.20, 27.91, 28.78, 26.062, 1394, 2149, 2962, 3557, 4006, 4373, 5028, 5633, 20314, 7702, 0, 0, 1498, 2303, 3008, 3657, 4386, 4794, 5840, 8218, 28779, 18111, 0, 0
16:36:50, 1012.20, 27.91, 28.76, 26.070, 1402, 2163, 2981, 3580, 4018, 4383, 5044, 5651, 20366, 7722, 0, 0, 1511, 2325, 3038, 3695, 4423, 4834, 5884, 8276, 28982, 18235, 0, 0
16:36:51, 1012.00, 27.91, 28.78, 26.078, 1400, 2159, 2976, 3576, 4016, 4379, 5041, 5647, 20394, 7738, 0, 0, 1523, 2343, 3065, 3727, 4463, 4879, 5935, 8335, 29178, 18335, 0, 0
16:36:52, 1012.00, 27.90, 28.78, 26.078, 1393, 2147, 2959, 3554, 3986, 4348, 5001, 5601, 20276, 7699, 0, 0, 1525, 2346, 3063, 3729, 4449, 4861, 5914, 8317, 29147, 18344, 0, 0
16:36:52, 1011.90, 27.90, 28.78, 26.078, 1399, 2158, 2974, 3573, 4026, 4392, 5053, 5660, 20397, 7736, 0, 0, 1502, 2308, 3020, 3672, 4389, 4792, 5844, 8221, 28724, 18093, 0, 0
16:36:53, 1012.20, 27.90, 28.74, 26.086, 1411, 2178, 3002, 3608, 4042, 4413, 5075, 5688, 20463, 7759, 0, 0, 1503, 2309, 3023, 3674, 4410, 4818, 5867, 8259, 28893, 18209, 0, 0
16:36:54, 1011.90, 27.90, 28.76, 26.086, 1389, 2140, 2950, 3543, 3970, 4331, 4982, 5577, 20210, 7675, 0, 0, 1520, 2333, 3050, 3708, 4438, 4856, 5899, 8308, 29144, 18399, 0, 0
16:36:54, 1012.00, 27.90, 28.78, 26.094, 1388, 2138, 2949, 3541, 3988, 4351, 5005, 5604, 20280, 7704, 0, 0, 1518, 2332, 3054, 3709, 4444, 4853, 5898, 8285, 29021, 18301, 0, 0
16:36:55, 1012.00, 27.90, 28.76, 26.117, 1398, 2155, 2971, 3569, 4004, 4370, 5028, 5630, 20346, 7722, 0, 0, 1522, 2340, 3067, 3724, 4467, 4878, 5921, 8306, 29108, 18339, 0, 0
16:36:56, 1012.10, 27.90, 28.78, 26.117, 1396, 2151, 2966, 3564, 4011, 4379, 5038, 5640, 20370, 7729, 0, 0, 1510, 2320, 3044, 3692, 4420, 4822, 5863, 8222, 28793, 18141, 0, 0
16:36:56, 1012.20, 27.90, 28.78, 26.117, 1407, 2171, 2992, 3598, 4035, 4404, 5067, 5676, 20444, 7748, 0, 0, 1507, 2317, 3040, 3688, 4435, 4838, 5877, 8237, 28887, 18203, 0, 0
16:36:57, 1011.80, 27.90, 28.81, 26.125, 1390, 2141, 2951, 3546, 3974, 4336, 4988, 5583, 20229, 7685, 0, 0, 1524, 2343, 3070, 3726, 4466, 4875, 5914, 8298, 29131, 18366, 0, 0
16:36:58, 1011.90, 27.90, 28.78, 26.125, 1394, 2148, 2960, 3557, 4010, 4376, 5035, 5637, 20358, 7722, 0, 0, 1508, 2317, 3038, 3686, 4418, 4816, 5860, 8218, 28767, 18127, 0, 0
16:36:58, 1012.00, 27.89, 28.80, 26.109, 1409, 2174, 2996, 3602, 4041, 4411, 5075, 5686, 20463, 7759, 0, 0, 1509, 2319, 3043, 3691, 4438, 4840, 5882, 8250, 28864, 18192, 0, 0
16:36:59, 1011.90, 27.89, 28.80, 26.109, 1398, 2155, 2971, 3570, 4004, 4372, 5026, 5630, 20335, 7718, 0, 0, 1518, 2334, 3062, 3715, 4456, 4861, 5901, 8277, 28992, 18278, 0, 0
16:37:00, 1012.10, 27.89, 28.78, 26.109, 1397, 2153, 2967, 3567, 4008, 4375, 5031, 5634, 20361, 7724, 0, 0, 1507, 2315, 3035, 3684, 4410, 4811, 5847, 8204, 28739, 18137, 0, 0
16:37:00, 1012.10, 27.88, 28.78, 26.086, 1400, 2159, 2976, 3577, 4018, 4385, 5044, 5649, 20396, 7737, 0, 0, 1505, 2313, 3035, 3681, 4423, 4823, 5862, 8224, 28789, 18153, 0, 0
16:37:01, 1012.10, 27.88, 28.78, 26.086, 1405, 2167, 2987, 3590, 4030, 4401, 5060, 5670, 20429, 7746, 0, 0, 1511, 2323, 3047, 3697, 4434, 4837, 5877, 8244, 28844, 18184, 0, 0
16:37:02, 1011.90, 27.88, 28.78, 26.102, 1399, 2158, 2974, 3573, 4007, 4374, 5031, 5634, 20351, 7720, 0, 0, 1509, 2320, 3041, 3690, 4425, 4827, 5861, 8227, 28826, 18191, 0, 0
16:37:02, 1012.10, 27.87, 28.80, 26.102, 1398, 2154, 2969, 3569, 4012, 4381, 5036, 5643, 20362, 7725, 0, 0, 1508, 2319, 3042, 3691, 4429, 4829, 5870, 8232, 28798, 18159, 0, 0
16:37:03, 1011.90, 27.87, 28.81, 26.102, 1406, 2169, 2991, 3594, 4037, 4407, 5067, 5679, 20432, 7749, 0, 0, 1504, 2313, 3034, 3681, 4410, 4807, 5848, 8198, 28691, 18102, 0, 0
16:37:04, 1011.90, 27.86, 28.81, 26.094, 1403, 2162, 2981, 3580, 4017, 4386, 5041, 5650, 20399, 7735, 0, 0, 1502, 2306, 3026, 3673, 4404, 4804, 5839, 8193, 28714, 18126, 0, 0
16:37:04, 1012.30, 27.86, 28.80, 26.086, 1400, 2157, 2974, 3573, 4017, 4385, 5043, 5651, 20377, 7726, 0, 0, 1505, 2313, 3035, 3682, 4414, 4812, 5855, 8211, 28724, 18122, 0, 0
16:37:05, 1011.90, 27.86, 28.81, 26.086, 1412, 2178, 3002, 3605, 4054, 4426, 5090, 5705, 20497, 7761, 0, 0, 1497, 2302, 3020, 3667, 4393, 4788, 5830, 8176, 28593, 18045, 0, 0
16:37:06, 1012.00, 27.86, 28.80, 26.070, 1405, 2167, 2988, 3589, 4017, 4386, 5041, 5651, 20396, 7734, 0, 0, 1505, 2312, 3032, 3682, 4419, 4821, 5856, 8215, 28819, 18205, 0, 0
16:37:06, 1011.90, 27.85, 28.80, 26.062, 1392, 2144, 2956, 3549, 3990, 4356, 5004, 5611, 20296, 7700, 0, 0, 1507, 2316, 3035, 3687, 4412, 4811, 5849, 8205, 28750, 18167, 0, 0
16:37:07, 1011.80, 27.85, 28.78, 26.062, 1411, 2175, 3000, 3604, 4061, 4435, 5095, 5716, 20525, 7774, 0, 0, 1491, 2291, 3008, 3653, 4380, 4774, 5819, 8155, 28480, 17966, 0, 0
16:37:08, 1012.10, 27.85, 28.80, 26.055, 1419, 2190, 3020, 3627, 4063, 4436, 5098, 5719, 20535, 7776, 0, 0, 1500, 2306, 3028, 3677, 4418, 4818, 5859, 8214, 28751, 18149, 0, 0
16:37:08, 1012.10, 27.84, 28.78, 26.047, 1397, 2151, 2967, 3562, 3989, 4358, 5003, 5613, 20309, 7705, 0, 0, 1513, 2325, 3048, 3705, 4433, 4838, 5873, 8237, 28919, 18276, 0, 0
16:37:09, 1011.90, 27.84, 28.81, 26.047, 1399, 2154, 2970, 3565, 4018, 4389, 5040, 5655, 20403, 7732, 0, 0, 1501, 2308, 3028, 3678, 4401, 4799, 5839, 8183, 28638, 18089, 0, 0
16:37:10, 1012.00, 27.84, 28.80, 26.055, 1420, 2191, 3020, 3628, 4076, 4452, 5114, 5741, 20575, 7787, 0, 0, 1493, 2297, 3015, 3662, 4391, 4788, 5828, 8167, 28558, 18037, 0, 0
16:37:10, 1012.00, 27.84, 28.81, 26.070, 1409, 2171, 2994, 3594, 4017, 4391, 5038, 5654, 20389, 7725, 0, 0, 1504, 2315, 3032, 3688, 4420, 4821, 5859, 8212, 28847, 18245, 0, 0
16:37:11, 1011.80, 27.84, 28.80, 26.070, 1391, 2140, 2950, 3540, 3977, 4346, 4985, 5598, 20262, 7680, 0, 0, 1507, 2320, 3038, 3694, 4416, 4818, 5853, 8203, 28805, 18214, 0, 0
16:37:12, 1011.90, 27.84, 28.83, 26.078, 1412, 2175, 2998, 3599, 4055, 4431, 5085, 5712, 20518, 7761, 0, 0, 1496, 2303, 3022, 3672, 4401, 4797, 5841, 8182, 28595, 18049, 0, 0
16:37:12, 1011.80, 27.84, 28.81, 26.102, 1422, 2192, 3022, 3628, 4061, 4439, 5092, 5722, 20525, 7761, 0, 0, 1505, 2319, 3042, 3698, 4437, 4835, 5884, 8237, 28851, 18217, 0, 0
16:37:13, 1011.90, 27.84, 28.80, 26.102, 1400, 2153, 2967, 3562, 3989, 4362, 4997, 5617, 20296, 7683, 0, 0, 1510, 2327, 3046, 3707, 4428, 4829, 5865, 8217, 28870, 18247, 0, 0
16:37:14, 1011.90, 27.84, 28.81, 26.117, 1409, 2169, 2989, 3588, 4044, 4423, 5068, 5698, 20478, 7737, 0, 0, 1494, 2302, 3019, 3671, 4396, 4788, 5831, 8160, 28536, 18001, 0, 0
16:37:14, 1012.00, 27.85, 28.81, 26.125, 1428, 2202, 3034, 3641, 4077, 4459, 5110, 5750, 20572, 7769, 0, 0, 1499, 2313, 3032, 3688, 4423, 4818, 5862, 8202, 28719, 18120, 0, 0
16:37:15, 1011.90, 27.85, 28.83, 26.125, 1402, 2156, 2972, 3567, 3988, 4362, 4993, 5619, 20281, 7668, 0, 0, 1511, 2330, 3050, 3710, 4423, 4824, 5855, 8202, 28836, 18227, 0, 0
16:37:16, 1011.80, 27.84, 28.80, 26.109, 1404, 2159, 2975, 3568, 4020, 4398, 5034, 5666, 20390, 7699, 0, 0, 1491, 2298, 3011, 3661, 4373, 4764, 5801, 8118, 28438, 17963, 0, 0
16:37:16, 1011.80, 27.84, 28.83, 26.109, 1427, 2198, 3028, 3635, 4076, 4461, 5108, 5751, 20566, 7754, 0, 0, 1485, 2289, 3001, 3648, 4371, 4762, 5796, 8114, 28423, 17940, 0, 0
16:37:17, 1011.70, 27.84, 28.81, 26.109, 1413, 2175, 2996, 3595, 4016, 4395, 5030, 5662, 20371, 7687, 0, 0, 1498, 2309, 3023, 3677, 4391, 4789, 5815, 8144, 28634, 18098, 0, 0
16:37:18, 1012.00, 27.84, 28.80, 26.109, 1399, 2150, 2963, 3555, 3989, 4366, 4995, 5624, 20293, 7658, 0, 0, 1489, 2294, 3004, 3653, 4357, 4750, 5774, 8090, 28419, 17977, 0, 0
16:37:18, 1011.80, 27.84, 28.81, 26.109, 1422, 2190, 3016, 3621, 4070, 4453, 5100, 5744, 20540, 7743, 0, 0, 1479, 2280, 2990, 3635, 4354, 4744, 5773, 8077, 28284, 17854, 0, 0
16:37:19, 1012.10, 27.83, 28.81, 26.109, 1421, 2187, 3014, 3617, 4034, 4414, 5054, 5689, 20436, 7702, 0, 0, 1495, 2308, 3020, 3674, 4395, 4794, 5818, 8145, 28645, 18093, 0, 0
16:37:20, 1012.00, 27.83, 28.83, 26.125, 1396, 2146, 2956, 3547, 3977, 4353, 4979, 5606, 20257, 7638, 0, 0, 1495, 2307, 3017, 3670, 4369, 4766, 5786, 8103, 28500, 18016, 0, 0
16:37:20, 1011.80, 27.84, 28.81, 26.156, 1421, 2187, 3011, 3615, 4065, 4450, 5094, 5736, 20541, 7734, 0, 0, 1482, 2286, 2996, 3642, 4361, 4752, 5781, 8085, 28321, 17880, 0, 0
16:37:21, 1011.90, 27.84, 28.81, 26.156, 1421, 2188, 3012, 3618, 4030, 4413, 5052, 5685, 20427, 7695, 0, 0, 1501, 2320, 3036, 3692, 4414, 4816, 5842, 8170, 28736, 18155, 0, 0
16:37:22, 1011.90, 27.84, 28.81, 26.164, 1393, 2140, 2947, 3536, 3962, 4337, 4962, 5585, 20221, 7618, 0, 0, 1504, 2324, 3038, 3697, 4392, 4792, 5813, 8130, 28612, 18076, 0, 0
16:37:22, 1012.10, 27.84, 28.80, 26.180, 1423, 2191, 3015, 3621, 4074, 4461, 5106, 5751, 20572, 7737, 0, 0, 1476, 2276, 2984, 3625, 4333, 4721, 5743, 8033, 28131, 17772, 0, 0
16:37:23, 1011.90, 27.84, 28.83, 26.180, 1426, 2195, 3020, 3629, 4034, 4418, 5054, 5692, 20444, 7694, 0, 0, 1496, 2311, 3024, 3679, 4402, 4803, 5824, 8145, 28661, 18105, 0, 0
16:37:24, 1011.90, 27.84, 28.83, 26.187, 1388, 2131, 2931, 3519, 3938, 4308, 4926, 5548, 20105, 7579, 0, 0, 1509, 2334, 3050, 3713, 4402, 4804, 5821, 8139, 28671, 18113, 0, 0
16:37:24, 1012.00, 27.84, 28.83, 26.211, 1416, 2179, 2996, 3600, 4053, 4436, 5077, 5717, 20473, 7698, 0, 0, 1478, 2280, 2989, 3635, 4330, 4721, 5738, 8020, 28096, 17741, 0, 0
16:37:25, 1011.80, 27.84, 28.83, 26.211, 1435, 2209, 3039, 3653, 4075, 4460, 5104, 5749, 20525, 7719, 0, 0, 1478, 2282, 2988, 3637, 4349, 4745, 5758, 8048, 28273, 17874, 0, 0
16:37:26, 1012.00, 27.84, 28.81, 26.211, 1400, 2151, 2957, 3551, 3959, 4329, 4951, 5577, 20133, 7589, 0, 0, 1505, 2331, 3045, 3711, 4409, 4813, 5827, 8140, 28724, 18146, 0, 0
16:37:26, 1011.90, 27.83, 28.87, 26.203, 1405, 2161, 2970, 3567, 4019, 4395, 5028, 5667, 20320, 7648, 0, 0, 1481, 2288, 2995, 3646, 4326, 4720, 5728, 7999, 28103, 17754, 0, 0
16:37:27, 1012.00, 27.83, 28.85, 26.203, 1437, 2214, 3043, 3659, 4089, 4474, 5119, 5770, 20525, 7720, 0, 0, 1476, 2279, 2985, 3634, 4342, 4738, 5747, 8023, 28215, 17807, 0, 0
16:37:28, 1011.90, 27.83, 28.85, 26.180, 1412, 2173, 2984, 3584, 3994, 4365, 4997, 5632, 20208, 7612, 0, 0, 1505, 2330, 3042, 3708, 4408, 4814, 5825, 8132, 28741, 18135, 0, 0
16:37:28, 1012.00, 27.83, 28.87, 26.180, 1405, 2161, 2967, 3564, 4006, 4377, 5011, 5649, 20230, 7616, 0, 0, 1491, 2307, 3016, 3673, 4349, 4747, 5753, 8033, 28313, 17877, 0, 0
16:37:29, 1012.10, 27.83, 28.83, 26.180, 1436, 2213, 3040, 3654, 4100, 4482, 5130, 5786, 20505, 7704, 0, 0, 1467, 2267, 2969, 3613, 4303, 4696, 5700, 7956, 27987, 17664, 0, 0
16:37:30, 1011.90, 27.82, 28.83, 26.156, 1429, 2203, 3024, 3634, 4050, 4423, 5067, 5712, 20330, 7647, 0, 0, 1497, 2317, 3027, 3690, 4404, 4808, 5819, 8117, 28703, 18087, 0, 0
16:37:30, 1011.80, 27.83, 28.85, 26.156, 1405, 2162, 2968, 3564, 3990, 4352, 4988, 5623, 20145, 7582, 0, 0, 1515, 2347, 3062, 3734, 4407, 4812, 5821, 8118, 28765, 18123, 0, 0
16:37:31, 1011.70, 27.82, 28.81, 26.156, 1425, 2196, 3013, 3619, 4074, 4449, 5096, 5747, 20376, 7653, 0, 0, 1476, 2281, 2985, 3635, 4311, 4705, 5705, 7959, 28052, 17690, 0, 0
16:37:32, 1011.90, 27.83, 28.85, 26.156, 1447, 2234, 3064, 3682, 4114, 4491, 5147, 5806, 20474, 7689, 0, 0, 1486, 2299, 3006, 3663, 4377, 4777, 5783, 8059, 28494, 17940, 0, 0
16:37:32, 1011.90, 27.82, 28.85, 26.156, 1415, 2178, 2990, 3590, 4004, 4368, 5005, 5646, 20146, 7575, 0, 0, 1532, 2374, 3096, 3778, 4469, 4883, 5892, 8205, 29191, 18341, 0, 0
16:37:33, 1012.10, 27.82, 28.85, 26.156, 1417, 2182, 2993, 3592, 4043, 4411, 5055, 5702, 20227, 7598, 0, 0, 1493, 2310, 3019, 3678, 4343, 4741, 5739, 7992, 28309, 17838, 0, 0
16:37:34, 1012.00, 27.82, 28.85, 26.156, 1451, 2239, 3072, 3691, 4137, 4513, 5175, 5839, 20472, 7677, 0, 0, 1482, 2292, 3002, 3654, 4355, 4752, 5753, 8007, 28319, 17829, 0, 0
16:37:34, 1011.70, 27.82, 28.85, 26.148, 1436, 2215, 3037, 3646, 4066, 4433, 5081, 5735, 20251, 7598, 0, 0, 1523, 2359, 3079, 3755, 4467, 4878, 5886, 8185, 29147, 18310, 0, 0
16:37:35, 1011.80, 27.82, 28.87, 26.148, 1417, 2182, 2994, 3589, 4027, 4389, 5029, 5678, 20125, 7555, 0, 0, 1534, 2377, 3100, 3780, 4457, 4866, 5874, 8169, 29083, 18266, 0, 0
16:37:36, 1011.80, 27.82, 28.89, 26.148, 1441, 2224, 3049, 3660, 4118, 4489, 5148, 5811, 20331, 7625, 0, 0, 1497, 2316, 3030, 3690, 4376, 4776, 5777, 8038, 28480, 17909, 0, 0
16:37:36, 1011.90, 27.82, 28.83, 26.156, 1454, 2245, 3079, 3697, 4132, 4504, 5165, 5830, 20367, 7638, 0, 0, 1518, 2350, 3073, 3744, 4463, 4871, 5881, 8179, 29041, 18231, 0, 0
16:37:37, 1012.00, 27.82, 28.85, 26.156, 1434, 2212, 3033, 3639, 4068, 4433, 5084, 5738, 20159, 7570, 0, 0, 1548, 2400, 3133, 3821, 4521, 4936, 5952, 8269, 29456, 18468, 0, 0
16:37:38, 1011.90, 27.82, 28.87, 26.164, 1438, 2218, 3041, 3648, 4100, 4468, 5123, 5783, 20237, 7592, 0, 0, 1524, 2360, 3085, 3759, 4440, 4847, 5851, 8131, 28860, 18119, 0, 0
16:37:39, 1011.90, 27.82, 28.87, 26.164, 1460, 2256, 3093, 3714, 4160, 4535, 5202, 5874, 20408, 7651, 0, 0, 1517, 2350, 3076, 3746, 4460, 4866, 5877, 8160, 28935, 18150, 0, 0
16:37:39, 1012.00, 27.82, 28.85, 26.164, 1448, 2235, 3064, 3675, 4100, 4466, 5122, 5781, 20194, 7579, 0, 0, 1549, 2402, 3135, 3823, 4524, 4944, 5956, 8277, 29520, 18492, 0, 0
16:37:40, 1012.00, 27.82, 28.83, 26.180, 1428, 2202, 3018, 3615, 4050, 4410, 5057, 5707, 20013, 7509, 0, 0, 1514, 2340, 3050, 3716, 4399, 4814, 5814, 8129, 29034, 18301, 0, 0
16:37:41, 1011.90, 27.82, 28.81, 26.180, 1439, 2219, 3042, 3648, 4094, 4458, 5112, 5772, 20134, 7552, 0, 0, 1503, 2323, 3031, 3693, 4358, 4769, 5770, 8066, 28721, 18098, 0, 0
16:37:41, 1012.00, 27.82, 28.89, 26.195, 1442, 2224, 3047, 3653, 4082, 4445, 5099, 5754, 20075, 7533, 0, 0, 1506, 2331, 3034, 3698, 4384, 4798, 5802, 8117, 29009, 18278, 0, 0
16:37:42, 1012.00, 27.82, 28.89, 26.203, 1425, 2195, 3007, 3604, 4032, 4389, 5031, 5678, 19905, 7469, 0, 0, 1515, 2342, 3047, 3712, 4381, 4796, 5795, 8113, 29047, 18306, 0, 0
16:37:43, 1011.90, 27.83, 28.87, 26.203, 1437, 2215, 3036, 3639, 4090, 4453, 5109, 5766, 20074, 7531, 0, 0, 1494, 2310, 3008, 3664, 4332, 4735, 5737, 8025, 28619, 18046, 0, 0
16:37:43, 1011.80, 27.83, 28.87, 26.219, 1453, 2243, 3073, 3684, 4120, 4485, 5147, 5808, 20158, 7560, 0, 0, 1492, 2307, 3004, 3659, 4339, 4745, 5745, 8040, 28716, 18124, 0, 0
16:37:44, 1011.90, 27.83, 28.85, 26.242, 1434, 2210, 3028, 3630, 4056, 4415, 5063, 5714, 19950, 7487, 0, 0, 1512, 2338, 3039, 3703, 4368, 4786, 5780, 8097, 29008, 18311, 0, 0
16:37:45, 1011.80, 27.83, 28.85, 26.242, 1441, 2221, 3043, 3647, 4099, 4463, 5119, 5777, 20075, 7534, 0, 0, 1533, 2377, 3097, 3779, 4493, 4913, 5915, 8204, 29315, 18384, 0, 0
16:37:45, 1011.90, 27.83, 28.81, 26.258, 1461, 2256, 3089, 3704, 4154, 4522, 5190, 5853, 20259, 7607, 0, 0, 1558, 2422, 3162, 3860, 4570, 4990, 6002, 8295, 29583, 18488, 0, 0
16:37:46, 1012.00, 27.83, 28.89, 26.281, 1460, 2254, 3088, 3704, 4147, 4514, 5180, 5846, 20244, 7599, 0, 0, 1565, 2434, 3176, 3877, 4588, 5011, 6018, 8318, 29712, 18561, 0, 0
16:37:47, 1011.90, 27.83, 28.85, 26.281, 1460, 2255, 3088, 3705, 4152, 4517, 5186, 5849, 20236, 7600, 0, 0, 1567, 2439, 3183, 3884, 4587, 5009, 6016, 8314, 29692, 18553, 0, 0
16:37:47, 1011.90, 27.83, 28.85, 26.297, 1465, 2262, 3098, 3717, 4165, 4533, 5204, 5870, 20257, 7609, 0, 0, 1564, 2433, 3176, 3875, 4574, 4996, 5999, 8288, 29616, 18506, 0, 0
16:37:48, 1011.80, 27.83, 28.89, 26.328, 1462, 2258, 3091, 3708, 4149, 4515, 5182, 5846, 20200, 7586, 0, 0, 1567, 2438, 3180, 3880, 4585, 5012, 6012, 8306, 29733, 18566, 0, 0
16:37:49, 1011.90, 27.83, 28.87, 26.328, 1459, 2252, 3084, 3700, 4148, 4515, 5184, 5845, 20183, 7576, 0, 0, 1569, 2443, 3184, 3887, 4585, 5009, 6010, 8303, 29688, 18540, 0, 0
16:37:49, 1011.80, 27.84, 28.89, 26.352, 1471, 2274, 3112, 3737, 4188, 4559, 5234, 5904, 20295, 7620, 0, 0, 1558, 2425, 3165, 3863, 4565, 4985, 5989, 8264, 29516, 18429, 0, 0
16:37:50, 1012.00, 27.83, 28.87, 26.375, 1469, 2271, 3109, 3732, 4171, 4537, 5209, 5876, 20235, 7596, 0, 0, 1569, 2443, 3184, 3888, 4597, 5022, 6025, 8317, 29764, 18587, 0, 0
16:37:51, 1012.00, 27.83, 28.87, 26.375, 1460, 2255, 3086, 3703, 4151, 4516, 5184, 5844, 20165, 7574, 0, 0, 1573, 2449, 3194, 3900, 4599, 5025, 6028, 8317, 29747, 18577, 0, 0
16:37:51, 1012.00, 27.83, 28.83, 26.383, 1473, 2277, 3116, 3742, 4196, 4566, 5244, 5915, 20301, 7629, 0, 0, 1561, 2433, 3176, 3877, 4580, 5003, 6003, 8282, 29566, 18462, 0, 0
16:37:52, 1012.00, 27.84, 28.87, 26.383, 1474, 2279, 3119, 3744, 4185, 4553, 5227, 5895, 20247, 7610, 0, 0, 1578, 2460, 3209, 3920, 4636, 5068, 6069, 8366, 29934, 18666, 0, 0
16:37:53, 1012.00, 27.84, 28.87, 26.383, 1462, 2261, 3093, 3712, 4158, 4523, 5191, 5853, 20157, 7569, 0, 0, 1580, 2466, 3215, 3927, 4624, 5049, 6051, 8338, 29855, 18625, 0, 0
16:37:53, 1012.00, 27.84, 28.87, 26.367, 1471, 2274, 3111, 3735, 4187, 4557, 5231, 5899, 20233, 7603, 0, 0, 1561, 2435, 3175, 3878, 4581, 4999, 5998, 8269, 29552, 18451, 0, 0
16:37:54, 1012.00, 27.84, 28.87, 26.391, 1475, 2281, 3121, 3748, 4194, 4562, 5237, 5908, 20241, 7605, 0, 0, 1566, 2444, 3187, 3891, 4607, 5029, 6031, 8318, 29751, 18587, 0, 0
16:37:55, 1012.00, 27.84, 28.89, 26.391, 1469, 2270, 3106, 3728, 4171, 4537, 5207, 5870, 20159, 7577, 0, 0, 1576, 2460, 3205, 3914, 4617, 5046, 6043, 8345, 29886, 18663, 0, 0
16:37:55, 1011.90, 27.84, 28.89, 26.398, 1467, 2266, 3100, 3721, 4166, 4533, 5204, 5867, 20152, 7569, 0, 0, 1565, 2440, 3178, 3878, 4573, 4996, 5999, 8292, 29665, 18535, 0, 0
16:37:56, 1012.00, 27.84, 28.87, 26.398, 1473, 2275, 3113, 3737, 4189, 4556, 5227, 5899, 20211, 7600, 0, 0, 1559, 2429, 3164, 3861, 4553, 4973, 5980, 8267, 29530, 18443, 0, 0
16:37:57, 1012.00, 27.84, 28.87, 26.398, 1477, 2284, 3123, 3751, 4198, 4565, 5243, 5912, 20203, 7594, 0, 0, 1515, 2351, 3057, 3737, 4334, 4745, 5710, 7903, 28428, 17945, 0, 0
16:37:57, 1011.70, 27.84, 28.89, 26.406, 1464, 2263, 3093, 3715, 4140, 4504, 5166, 5826, 19975, 7507, 0, 0, 1458, 2256, 2934, 3577, 4216, 4622, 5556, 7704, 27948, 17884, 0, 0
16:37:58, 1011.90, 27.84, 28.89, 26.422, 1437, 2219, 3034, 3641, 4067, 4420, 5073, 5718, 19691, 7398, 0, 0, 1496, 2368, 3065, 3781, 4464, 4910, 5785, 7789, 28450, 18216, 0, 0
16:37:59, 1011.90, 27.84, 28.89, 26.422, 1398, 2180, 2972, 3572, 3967, 4289, 4948, 5571, 18927, 7066, 0, 0, 1547, 2489, 3199, 3992, 4664, 5146, 6006, 8017, 28927, 18484, 0, 0
16:37:59, 1012.10, 27.84, 28.87, 26.406, 1194, 1911, 2601, 3090, 3317, 3521, 4142, 4617, 15691, 5872, 0, 0, 1810, 2878, 3706, 4589, 5410, 5996, 6959, 9512, 34289, 21070, 0, 1
16:38:00, 1012.00, 27.84, 28.89, 26.414, 968, 1510, 2053, 2463, 2738, 2971, 3486, 3955, 13654, 5285, 0, 0, 1885, 2981, 3841, 4742, 5283, 5847, 6803, 9369, 33944, 20782, 0, 1
16:38:01, 1011.90, 27.84, 28.89, 26.414, 896, 1353, 1848, 2220, 2787, 3026, 3560, 4042, 13603, 5240, 0, 0, 1561, 2401, 3119, 3779, 4081, 4558, 5295, 7612, 28543, 17602, 0, 0
16:38:01, 1012.00, 27.84, 28.91, 26.406, 735, 1133, 1517, 1811, 1341, 1625, 2078, 2557, 8369, 3825, 0, 0, 1482, 2287, 2950, 3601, 4145, 4638, 5360, 7607, 29296, 18011, 0, 0
16:38:02, 1012.20, 27.84, 28.91, 26.414, 301, 436, 577, 723, 638, 785, 1111, 1388, 4925, 2631, 0, 0, 1318, 2021, 2581, 3143, 3591, 4062, 4660, 6973, 25902, 16123, 0, 0
16:38:03, 1011.80, 27.84, 28.89, 26.414, 810, 1235, 1678, 2022, 2348, 2601, 3096, 3544, 12462, 4956, 0, 0, 1340, 2000, 2610, 3108, 3503, 3914, 4552, 6643, 27148, 16684, 0, 0
16:38:03, 1012.00, 27.84, 28.91, 26.398, 1017, 1578, 2144, 2579, 2879, 3120, 3655, 4145, 13183, 5117, 0, 0, 1239, 1849, 2408, 2870, 3392, 3802, 4406, 6424, 26124, 16123, 0, 0
16:38:04, 1012.20, 27.84, 28.89, 26.398, 836, 1302, 1755, 2115, 2820, 3056, 3612, 4108, 13010, 4978, 0, 0, 1302, 1963, 2542, 3049, 3570, 4014, 4623, 6719, 26989, 16600, 0, 0
16:38:05, 1011.70, 27.84, 28.91, 26.398, 1005, 1565, 2123, 2545, 2701, 2944, 3483, 3967, 12862, 5019, 0, 0, 1372, 2071, 2694, 3230, 3786, 4227, 4918, 7107, 27998, 17267, 0, 0
16:38:05, 1012.00, 27.84, 28.89, 26.391, 603, 894, 1200, 1430, 1806, 2053, 2476, 3013, 9411, 4194, 0, 0, 1217, 1809, 2351, 2797, 3231, 3640, 4218, 6264, 25351, 15591, 0, 0
16:38:06, 1012.10, 27.84, 28.92, 26.383, 977, 1498, 2035, 2464, 2760, 3023, 3543, 4041, 12570, 4938, 0, 0, 1162, 1715, 2226, 2638, 2982, 3440, 3933, 6202, 20960, 13235, 0, 0
16:38:07, 1011.70, 27.78, 28.91, 26.383, 884, 1106, 1619, 1914, 1812, 2152, 2461, 2769, 9917, 4490, 0, 0, 3233, 4440, 5267, 6200, 14440, 18088, 23056, 30795, 36000, 36000, 1, 1
16:38:07, 1011.60, 27.78, 28.89, 26.375, 696, 971, 1413, 1614, 1767, 2073, 2423, 2800, 9248, 4238, 0, 0, 10192, 17048, 23837, 28681, 31043, 34656, 36000, 36000, 36000, 36000, 1, 1
16:38:08, 1011.70, 27.76, 28.89, 26.375, 1528, 2379, 3335, 3976, 4707, 5096, 5972, 6904, 25658, 11100, 0, 0, 11527, 19163, 26794, 32562, 36000, 36000, 36000, 36000, 36000, 36000, 1, 1
16:38:09, 1011.00, 27.75, 28.89, 26.375, 2435, 3788, 5330, 6318, 8002, 8453, 10180, 11508, 36000, 20384, 1, 1, 13366, 21376, 30979, 36000, 36000, 36000, 36000, 36000, 36000, 36000, 1, 1
16:38:09, 1011.50, 27.76, 28.89, 26.328, 2331, 3729, 5137, 6233, 7516, 8242, 9664, 11295, 35161, 15356, 0, 1, 11764, 18611, 26817, 31883, 36000, 36000, 36000, 36000, 36000, 36000, 1, 1
16:38:10, 1011.60, 27.75, 28.91, 26.289, 2833, 4363, 6032, 7303, 7223, 7738, 9156, 10557, 35739, 15032, 0, 1, 12413, 20936, 29011, 35779, 36000, 36000, 36000, 36000, 36000, 36000, 1, 1
16:38:11, 1011.20, 27.76, 28.89, 26.289, 2182, 3474, 4781, 5820, 6626, 7134, 8772, 10049, 20721, 9131, 0, 0, 12183, 19455, 28186, 33315, 36000, 36000, 36000, 36000, 36000, 36000, 1, 1
16:38:11, 1011.90, 27.77, 28.91, 26.289, 2566, 3937, 5443, 6625, 8083, 8675, 10395, 11848, 36000, 18982, 1, 1, 10644, 16375, 23994, 28084, 33959, 36000, 36000, 36000, 36000, 36000, 1, 1
16:38:12, 1011.80, 27.77, 28.91, 26.312, 2244, 3621, 5001, 6148, 7074, 7403, 9207, 10340, 26534, 10728, 0, 0, 11632, 18566, 26903, 31773, 36000, 36000, 36000, 36000, 36000, 36000, 1, 1
16:38:13, 1011.70, 27.77, 28.89, 26.312, 2043, 3425, 4668, 5821, 7072, 7371, 9087, 10396, 36000, 17898, 1, 1, 11448, 17953, 26189, 30932, 36000, 36000, 36000, 36000, 36000, 36000, 1, 1
16:38:13, 1011.60, 27.78, 28.91, 26.297, 2755, 4285, 6045, 7110, 8568, 9189, 10585, 12681, 36000, 22929, 1, 1, 11258, 17644, 25510, 30028, 36000, 36000, 36000, 36000, 36000, 36000, 1, 1
16:38:14, 1011.40, 27.77, 28.89, 26.234, 2700, 4331, 5958, 7308, 8371, 8972, 10676, 12248, 36000, 17295, 1, 1, 11098, 17183, 25126, 29217, 34938, 36000, 36000, 36000, 36000, 36000, 1, 1
16:38:15, 1011.50, 27.78, 28.92, 26.234, 2116, 3359, 4634, 5570, 6887, 7400, 9085, 10426, 20643, 9190, 0, 0, 8144, 12671, 18002, 21156, 23991, 28136, 33609, 36000, 36000, 36000, 1, 1
16:38:15, 1011.60, 27.74, 28.91, 26.266, 3171, 4941, 6957, 8353, 8849, 9426, 11193, 12992, 36000, 24286, 1, 1, 14218, 23539, 33000, 36000, 36000, 36000, 36000, 36000, 36000, 36000, 1, 1
16:38:16, 1011.60, 27.76, 28.91, 26.234, 2966, 4769, 6632, 8009, 8402, 8949, 10789, 12069, 36000, 17306, 1, 1, 16197, 26875, 36000, 36000, 36000, 36000, 36000, 36000, 36000, 36000, 1, 1
16:38:17, 1011.70, 27.79, 28.91, 26.234, 2200, 3428, 4658, 5931, 7519, 8260, 9726, 10942, 36000, 16848, 1, 1, 11915, 19804, 27734, 33376, 36000, 36000, 36000, 36000, 36000, 36000, 1, 1
16:38:17, 1011.20, 27.79, 28.92, 26.266, 2952, 4609, 6404, 7805, 8917, 9575, 11242, 12913, 36000, 17489, 1, 1, 9759, 15624, 22345, 26940, 28776, 32128, 36000, 36000, 36000, 36000, 1, 1
16:38:18, 1012.50, 27.81, 28.92, 26.266, 2636, 4068, 5613, 6967, 7924, 8563, 10275, 11297, 36000, 17908, 1, 1, 6609, 10656, 15348, 18236, 20936, 24046, 26902, 32610, 36000, 25653, 1, 1
16:38:19, 1012.20, 27.81, 28.96, 26.266, 3265, 5246, 7382, 8915, 10859, 11679, 13818, 15701, 36000, 23104, 1, 1, 7890, 12557, 18242, 21594, 24732, 27662, 31712, 36000, 36000, 33572, 1, 1
16:38:19, 1012.30, 27.81, 28.92, 26.180, 2658, 4106, 5824, 6858, 7680, 8040, 9619, 10981, 36000, 22665, 1, 1, 2193, 3898, 5173, 6843, 17165, 19591, 22191, 27323, 35865, 16763, 0, 1
16:38:20, 1011.70, 27.84, 28.96, 26.180, 3187, 5092, 7121, 8614, 8866, 9398, 11144, 12811, 36000, 24650, 1, 1, 1241, 1955, 2842, 3513, 4653, 4934, 5858, 6337, 22888, 8295, 0, 0
16:38:21, 1012.20, 27.83, 28.91, 26.141, 3074, 4765, 6697, 8029, 10615, 11409, 13516, 15386, 36000, 24517, 1, 1, 1485, 2527, 3445, 4651, 5221, 5642, 7152, 7635, 18306, 6708, 0, 0
16:38:21, 1011.80, 27.84, 28.94, 26.148, 3057, 4769, 6667, 8012, 9470, 10186, 11857, 13815, 36000, 22880, 1, 1, 1091, 1704, 2507, 3089, 3562, 3802, 4557, 4924, 17470, 5935, 0, 0
16:38:22, 1011.80, 27.87, 28.92, 26.148, 3317, 5165, 7238, 8697, 10181, 10987, 12827, 14873, 36000, 22228, 1, 1, 131, 194, 369, 640, 1071, 1231, 1427, 1440, 3238, 327, 0, 0
16:38:23, 1013.60, 28.06, 28.94, 26.719, 3330, 5193, 7282, 8745, 9807, 10595, 12314, 14393, 36000, 21081, 1, 1, 141, 209, 397, 685, 1168, 1339, 1551, 1568, 3566, 362, 0, 0
16:38:23, 1015.50, 28.22, 28.91, 28.914, 3231, 4999, 6985, 8398, 9719, 10509, 12196, 14267, 36000, 21208, 1, 1, 143, 211, 402, 698, 1156, 1331, 1544, 1559, 3504, 347, 0, 0
16:38:24, 1015.50, 28.33, 28.92, 28.914, 3178, 4933, 6881, 8290, 9186, 9862, 11643, 13437, 34313, 17407, 0, 1, 136, 200, 383, 671, 1122, 1295, 1502, 1515, 3378, 333, 0, 0
16:38:25, 1016.20, 28.43, 28.94, 29.742, 3533, 5555, 7803, 9417, 11183, 11926, 14017, 16291, 36000, 22343, 1, 1, 127, 186, 356, 626, 1075, 1240, 1439, 1451, 3232, 319, 0, 0
16:38:25, 1020.50, 28.53, 28.92, 30.117, 2939, 4871, 6959, 8496, 8649, 9373, 10817, 12840, 36000, 13903, 1, 1, 122, 175, 341, 612, 1038, 1211, 1411, 1419, 3030, 289, 0, 0
16:38:26, 1020.50, 28.62, 28.89, 30.117, 2769, 4580, 6849, 8558, 9926, 10638, 12608, 14641, 36000, 11113, 1, 1, 119, 169, 332, 604, 1045, 1219, 1421, 1429, 3045, 290, 0, 0
16:38:27, 1018.20, 28.69, 28.92, 30.305, 2789, 4569, 6775, 8377, 10388, 11120, 13191, 15172, 36000, 12313, 1, 1, 124, 179, 348, 625, 1100, 1275, 1480, 1491, 3269, 317, 0, 0
16:38:28, 1023.40, 28.77, 28.92, 30.375, 2713, 4343, 6206, 7757, 8870, 9592, 11196, 13170, 36000, 13501, 1, 1, 120, 170, 332, 602, 1039, 1215, 1416, 1424, 3053, 290, 0, 0
16:38:28, 1019.10, 28.83, 28.92, 30.375, 2234, 3721, 5644, 7257, 8511, 9025, 10962, 12568, 33362, 7996, 0, 1, 114, 159, 313, 578, 986, 1156, 1349, 1352, 2782, 266, 0, 0
16:38:29, 1019.00, 28.90, 28.92, 30.422, 2947, 4859, 7077, 8776, 10385, 11108, 13283, 15233, 36000, 10779, 1, 1, 102, 144, 282, 519, 909, 1067, 1248, 1247, 2544, 244, 0, 0
16:38:30, 1020.80, 28.97, 28.92, 30.430, 2670, 4498, 6556, 8050, 9169, 9870, 11752, 13556, 36000, 10292, 1, 1, 107, 151, 296, 539, 942, 1102, 1287, 1289, 2698, 259, 0, 0
16:38:30, 1021.20, 29.02, 28.94, 30.430, 2430, 3974, 5940, 7470, 8929, 9585, 11422, 13168, 34226, 8612, 0, 1, 109, 153, 302, 553, 989, 1156, 1350, 1353, 2833, 271, 0, 0
16:38:31, 1019.80, 29.04, 28.89, 30.445, 2661, 4324, 6466, 8075, 9867, 10594, 12652, 14462, 36000, 9788, 1, 1, 118, 168, 330, 599, 1077, 1253, 1459, 1468, 3175, 308, 0, 0
16:38:32, 1021.00, 29.07, 28.89, 30.445, 2824, 4594, 6723, 8376, 10177, 10851, 12860, 14940, 36000, 12939, 1, 1, 120, 171, 335, 606, 1065, 1240, 1444, 1454, 3193, 306, 0, 0
16:38:32, 1019.30, 29.09, 28.87, 30.445, 2689, 4467, 6683, 8330, 9645, 10301, 12210, 14182, 36000, 11878, 1, 1, 116, 165, 323, 587, 1026, 1195, 1392, 1399, 3033, 292, 0, 0
16:38:33, 1019.30, 29.11, 28.94, 30.437, 2909, 4749, 6963, 8538, 10432, 11091, 13131, 15191, 36000, 13582, 1, 1, 113, 162, 315, 568, 988, 1150, 1340, 1347, 2944, 285, 0, 0
16:38:34, 1020.40, 29.14, 28.96, 30.430, 2652, 4312, 6317, 7962, 9797, 10491, 12463, 14403, 36000, 11045, 1, 1, 110, 156, 306, 558, 983, 1147, 1340, 1344, 2876, 277, 0, 0
16:38:34, 1019.60, 29.15, 28.91, 30.430, 2647, 4359, 6452, 7953, 9447, 10085, 11998, 13810, 36000, 10112, 1, 1, 114, 163, 318, 579, 1015, 1183, 1382, 1384, 2893, 279, 0, 0
16:38:35, 1021.40, 29.16, 28.92, 30.430, 2743, 4448, 6569, 8112, 9945, 10516, 12670, 14465, 36000, 9416, 1, 1, 112, 158, 311, 570, 997, 1166, 1362, 1363, 2838, 272, 0, 0
16:38:36, 1022.00, 29.18, 28.92, 30.437, 2469, 4108, 6159, 7816, 9746, 10367, 12454, 14205, 35335, 8153, 0, 1, 103, 143, 284, 529, 946, 1112, 1302, 1300, 2658, 251, 0, 0
16:38:36, 1019.50, 29.19, 28.94, 30.437, 2597, 4418, 6535, 8289, 10197, 10808, 13210, 14918, 35166, 8602, 0, 1, 107, 151, 296, 545, 981, 1145, 1337, 1337, 2800, 271, 0, 0
16:38:37, 1021.80, 29.21, 28.91, 30.430, 2640, 4273, 6335, 7848, 9909, 10557, 12675, 14537, 36000, 10338, 1, 1, 110, 156, 305, 559, 991, 1159, 1354, 1356, 2887, 276, 0, 0
16:38:38, 1021.20, 29.23, 28.91, 30.422, 2491, 4110, 6205, 7863, 9987, 10665, 12681, 14654, 36000, 9299, 1, 1, 108, 151, 300, 555, 996, 1166, 1360, 1363, 2868, 272, 0, 0
16:38:38, 1019.90, 29.25, 28.92, 30.422, 2741, 4464, 6677, 8252, 10322, 10946, 12997, 14925, 36000, 11654, 1, 1, 117, 167, 325, 591, 1054, 1227, 1427, 1436, 3139, 303, 0, 0
16:38:39, 1021.40, 29.27, 28.94, 30.430, 2686, 4480, 6540, 8249, 9779, 10425, 12429, 14537, 36000, 12374, 1, 1, 115, 163, 320, 584, 1019, 1191, 1388, 1394, 3019, 287, 0, 0
16:38:40, 1021.00, 29.28, 28.91, 30.437, 2542, 4193, 6245, 7899, 9989, 10639, 12675, 14755, 36000, 11360, 1, 1, 113, 159, 313, 573, 998, 1166, 1359, 1365, 2953, 280, 0, 0
16:38:40, 1020.50, 29.30, 28.89, 30.437, 2700, 4514, 6658, 8432, 9989, 10667, 12569, 14619, 36000, 11415, 1, 1, 114, 162, 317, 577, 1026, 1196, 1394, 1400, 3052, 292, 0, 0
16:38:41, 1020.30, 29.31, 28.94, 30.437, 2927, 4770, 7128, 8740, 10495, 11209, 13211, 15294, 36000, 12162, 1, 1, 118, 168, 330, 597, 1059, 1232, 1433, 1441, 3128, 302, 0, 0
16:38:42, 1022.00, 29.32, 28.92, 30.437, 2753, 4543, 6650, 8294, 9546, 10349, 12269, 14385, 36000, 11087, 1, 1, 115, 163, 320, 583, 1011, 1181, 1377, 1381, 2947, 280, 0, 0
16:38:42, 1020.00, 29.32, 28.91, 30.437, 2566, 4261, 6550, 8148, 10812, 11534, 14016, 15888, 36000, 9357, 1, 1, 108, 153, 302, 556, 983, 1149, 1342, 1341, 2776, 264, 0, 0
16:38:43, 1020.30, 29.33, 28.94, 30.437, 2817, 4743, 6925, 8678, 10801, 11368, 13826, 15546, 36000, 10218, 1, 1, 110, 157, 308, 561, 995, 1162, 1356, 1356, 2854, 274, 0, 0
16:38:44, 1021.60, 29.35, 28.92, 30.445, 2885, 4984, 7348, 9288, 11951, 12493, 15660, 17498, 36000, 9669, 1, 1, 107, 151, 298, 550, 986, 1155, 1350, 1350, 2795, 266, 0, 0
16:38:44, 1020.20, 29.37, 28.89, 30.445, 2804, 4844, 7102, 9117, 10721, 11345, 13769, 15630, 36000, 9425, 1, 1, 114, 163, 319, 583, 1031, 1203, 1404, 1405, 2952, 284, 0, 0
16:38:45, 1021.60, 29.39, 28.92, 30.437, 2690, 4403, 6629, 8167, 9519, 10194, 12283, 14158, 36000, 10078, 1, 1, 114, 161, 317, 581, 1012, 1183, 1381, 1383, 2919, 277, 0, 0
16:38:46, 1021.00, 29.41, 28.92, 30.437, 2626, 4335, 6547, 8174, 10773, 11436, 13634, 15599, 36000, 10447, 1, 1, 112, 158, 310, 569, 1002, 1170, 1365, 1368, 2880, 274, 0, 0
16:38:46, 1022.10, 29.43, 28.89, 30.437, 2662, 4374, 6527, 8149, 9603, 10316, 12381, 14379, 36000, 10576, 1, 1, 113, 160, 315, 577, 1015, 1186, 1382, 1386, 2970, 282, 0, 0
16:38:47, 1020.80, 29.44, 28.91, 30.430, 2610, 4303, 6498, 8133, 9662, 10329, 12449, 14353, 36000, 10087, 1, 1, 112, 158, 311, 570, 1002, 1169, 1362, 1365, 2918, 278, 0, 0
16:38:48, 1021.20, 29.45, 28.89, 30.437, 2788, 4539, 6760, 8348, 10603, 11268, 13404, 15406, 36000, 11333, 1, 1, 112, 159, 312, 568, 1000, 1166, 1358, 1361, 2929, 280, 0, 0
16:38:48, 1022.20, 29.45, 28.91, 30.437, 2702, 4440, 6694, 8340, 10203, 10860, 13016, 14920, 36000, 10032, 1, 1, 109, 153, 303, 557, 986, 1154, 1345, 1347, 2853, 271, 0, 0
16:38:49, 1021.50, 29.47, 28.89, 30.430, 2641, 4368, 6711, 8275, 10170, 10842, 13007, 14867, 36000, 9166, 1, 1, 107, 150, 296, 546, 976, 1141, 1331, 1331, 2788, 265, 0, 0
16:38:50, 1021.40, 29.48, 28.91, 30.430, 2761, 4590, 6918, 8537, 10367, 10952, 13203, 15183, 36000, 10648, 1, 1, 111, 158, 310, 565, 990, 1155, 1345, 1346, 2874, 275, 0, 0
16:38:50, 1021.90, 29.49, 28.89, 30.430, 2619, 4348, 6571, 8144, 9868, 10615, 12643, 14658, 36000, 9756, 1, 1, 107, 151, 297, 547, 962, 1126, 1312, 1311, 2757, 261, 0, 0
16:38:51, 1019.90, 29.50, 28.89, 30.422, 2597, 4315, 6498, 8191, 10389, 11087, 13522, 15302, 36000, 9364, 1, 1, 109, 155, 304, 558, 998, 1163, 1353, 1353, 2876, 276, 0, 0
16:38:52, 1022.00, 29.50, 28.92, 30.422, 2769, 4571, 6765, 8338, 10097, 10789, 12857, 14856, 36000, 11802, 1, 1, 114, 162, 317, 578, 1020, 1190, 1383, 1387, 3020, 288, 0, 0
16:38:52, 1021.80, 29.52, 28.92, 30.422, 2604, 4389, 6717, 8421, 10388, 11111, 13300, 15345, 36000, 10171, 1, 1, 108, 152, 300, 553, 996, 1165, 1355, 1357, 2891, 273, 0, 0
16:38:53, 1020.40, 29.53, 28.91, 30.414, 2725, 4521, 6792, 8481, 10615, 11352, 13537, 15741, 36000, 12107, 1, 1, 114, 163, 319, 580, 1022, 1190, 1383, 1388, 3012, 287, 0, 0
16:38:54, 1022.30, 29.54, 28.91, 30.422, 2585, 4239, 6250, 7992, 9544, 10254, 12205, 14120, 36000, 10895, 1, 1, 111, 156, 307, 564, 987, 1154, 1343, 1345, 2914, 274, 0, 0
16:38:54, 1021.60, 29.55, 28.92, 30.422, 2563, 4293, 6437, 8146, 10202, 10838, 13010, 15025, 36000, 10672, 1, 1, 107, 151, 298, 548, 985, 1150, 1338, 1341, 2885, 273, 0, 0
16:38:55, 1020.20, 29.56, 28.89, 30.414, 2795, 4640, 7044, 8722, 10828, 11599, 13800, 15906, 36000, 11698, 1, 1, 112, 159, 312, 570, 1009, 1177, 1369, 1371, 2934, 280, 0, 0
16:38:56, 1021.50, 29.57, 28.89, 30.422, 2758, 4525, 6733, 8365, 9582, 10331, 12335, 14328, 36000, 10910, 1, 1, 113, 160, 314, 574, 998, 1165, 1356, 1358, 2903, 275, 0, 0
16:38:56, 1021.90, 29.57, 28.91, 30.422, 2576, 4286, 6448, 8192, 9982, 10728, 12822, 14826, 36000, 9963, 1, 1, 107, 150, 296, 548, 971, 1137, 1326, 1325, 2781, 262, 0, 0
16:38:57, 1020.30, 29.58, 28.91, 30.422, 2690, 4443, 6718, 8396, 10292, 10990, 13259, 15124, 36000, 9897, 1, 1, 109, 154, 302, 554, 988, 1153, 1342, 1343, 2862, 273, 0, 0
16:38:58, 1022.40, 29.59, 28.91, 30.445, 2692, 4420, 6506, 8230, 9726, 10504, 12463, 14579, 36000, 10980, 1, 1, 112, 157, 309, 568, 996, 1165, 1357, 1359, 2919, 276, 0, 0
16:38:58, 1021.20, 29.60, 28.89, 30.445, 2599, 4307, 6569, 8241, 9704, 10384, 12413, 14320, 36000, 9501, 1, 1, 108, 151, 298, 552, 977, 1143, 1333, 1333, 2802, 265, 0, 0
16:38:59, 1021.90, 29.61, 28.89, 30.445, 2927, 4853, 7321, 9123, 10663, 11377, 13645, 15692, 36000, 11021, 1, 1, 111, 157, 309, 566, 999, 1167, 1361, 1364, 2928, 279, 0, 0
16:39:00, 1021.80, 29.62, 28.89, 30.461, 2534, 4265, 6421, 8175, 9299, 10048, 11989, 13949, 36000, 9643, 1, 1, 108, 151, 298, 554, 981, 1148, 1340, 1341, 2829, 267, 0, 0
16:39:00, 1020.20, 29.63, 28.89, 30.461, 2833, 4674, 6990, 8689, 10615, 11323, 13560, 15570, 36000, 11505, 1, 1, 112, 160, 313, 571, 1006, 1172, 1366, 1367, 2930, 281, 0, 0
16:39:01, 1023.50, 29.64, 28.89, 30.469, 2705, 4416, 6525, 8334, 10556, 11295, 13499, 15696, 36000, 11387, 1, 1, 109, 152, 300, 556, 984, 1153, 1345, 1348, 2897, 272, 0, 0
16:39:02, 1020.50, 29.65, 28.91, 30.484, 2494, 4165, 6398, 8169, 10498, 11318, 13578, 15556, 36000, 9753, 1, 1, 108, 151, 299, 553, 994, 1161, 1353, 1356, 2903, 275, 0, 0
16:39:02, 1021.00, 29.67, 28.85, 30.484, 2914, 4815, 7170, 8837, 10356, 10982, 13191, 15254, 36000, 12914, 1, 1, 116, 166, 324, 588, 1020, 1188, 1383, 1387, 3037, 290, 0, 0
16:39:03, 1023.00, 29.68, 28.89, 30.492, 2438, 4060, 6034, 7699, 9617, 10351, 12291, 14388, 36000, 11126, 1, 1, 110, 154, 305, 565, 985, 1154, 1346, 1348, 2880, 270, 0, 0
16:39:04, 1021.50, 29.68, 28.91, 30.500, 2554, 4269, 6408, 8176, 10828, 11643, 13874, 15985, 36000, 11112, 1, 1, 109, 153, 302, 556, 1001, 1169, 1362, 1363, 2940, 279, 0, 0
16:39:04, 1021.60, 29.70, 28.89, 30.500, 2889, 4773, 7182, 8991, 11036, 11833, 14229, 16272, 36000, 11400, 1, 1, 111, 156, 307, 564, 1014, 1183, 1378, 1381, 3000, 287, 0, 0
16:39:05, 1022.10, 29.71, 28.92, 30.500, 2679, 4488, 6700, 8491, 10446, 11124, 13277, 15314, 36000, 10569, 1, 1, 108, 152, 299, 553, 988, 1156, 1348, 1349, 2873, 272, 0, 0
16:39:06, 1021.70, 29.72, 28.89, 30.508, 2672, 4418, 6669, 8331, 10542, 11239, 13464, 15496, 36000, 10221, 1, 1, 107, 151, 297, 548, 972, 1137, 1327, 1326, 2803, 266, 0, 0
16:39:06, 1021.40, 29.73, 28.92, 30.508, 2633, 4405, 6615, 8304, 10370, 10991, 13343, 15317, 36000, 9833, 1, 1, 107, 150, 296, 547, 971, 1136, 1327, 1325, 2791, 266, 0, 0
16:39:07, 1021.50, 29.73, 28.89, 30.500, 2746, 4639, 6993, 8751, 10887, 11579, 14082, 15907, 36000, 9782, 1, 1, 108, 152, 298, 550, 976, 1141, 1333, 1330, 2819, 270, 0, 0
16:39:08, 1022.20, 29.74, 28.87, 30.508, 2697, 4573, 6818, 8708, 10157, 10758, 13107, 14833, 36000, 8795, 1, 1, 105, 147, 290, 538, 959, 1124, 1315, 1309, 2706, 257, 0, 0
16:39:09, 1021.80, 29.75, 28.91, 30.508, 2458, 4097, 6220, 7864, 10384, 11021, 13291, 15217, 35770, 8288, 0, 1, 102, 143, 282, 529, 943, 1108, 1295, 1288, 2613, 247, 0, 0
16:39:09, 1021.10, 29.76, 28.89, 30.500, 2643, 4444, 6684, 8374, 10253, 10904, 13075, 15109, 35582, 8583, 0, 1, 106, 150, 295, 547, 971, 1136, 1326, 1321, 2741, 261, 0, 0
16:39:10, 1022.30, 29.78, 28.89, 30.508, 2584, 4268, 6403, 8032, 10279, 10851, 13173, 14978, 36000, 9350, 1, 1, 106, 149, 294, 545, 963, 1130, 1319, 1315, 2734, 259, 0, 0
16:39:11, 1021.40, 29.79, 28.91, 30.508, 2571, 4318, 6611, 8284, 10804, 11368, 13903, 15818, 36000, 9361, 1, 1, 107, 150, 295, 548, 972, 1138, 1329, 1325, 2752, 261, 0, 0
16:39:11, 1021.60, 29.80, 28.89, 30.500, 3045, 5069, 7644, 9485, 10638, 11190, 13622, 15433, 36000, 10471, 1, 1, 110, 156, 307, 563, 996, 1163, 1356, 1356, 2888, 276, 0, 0
16:39:12, 1022.00, 29.81, 28.89, 30.508, 2528, 4196, 6262, 7885, 9953, 10635, 12792, 14779, 36000, 9922, 1, 1, 108, 152, 300, 556, 988, 1155, 1347, 1346, 2867, 271, 0, 0
16:39:13, 1020.90, 29.81, 28.89, 30.508, 2778, 4682, 6934, 8842, 10952, 11684, 13913, 16135, 36000, 11548, 1, 1, 113, 161, 316, 580, 1016, 1184, 1378, 1379, 2985, 284, 0, 0
16:39:13, 1022.10, 29.82, 28.91, 30.500, 2737, 4680, 6865, 8816, 10146, 10863, 12932, 14957, 36000, 11777, 1, 1, 115, 162, 319, 585, 1026, 1197, 1393, 1396, 3064, 290, 0, 0
16:39:14, 1021.00, 29.82, 28.91, 30.500, 2714, 4597, 6903, 8662, 10660, 11174, 13492, 15507, 36000, 11642, 1, 1, 114, 162, 318, 583, 1039, 1210, 1407, 1410, 3122, 297, 0, 0
16:39:15, 1021.40, 29.83, 28.89, 30.500, 2759, 4633, 6735, 8640, 10935, 11684, 13839, 16344, 36000, 14765, 1, 1, 118, 169, 330, 596, 1040, 1209, 1406, 1411, 3156, 300, 0, 0
16:39:15, 1022.10, 29.83, 28.92, 30.492, 2758, 4752, 6972, 9109, 12688, 13610, 16377, 18890, 36000, 14234, 1, 1, 112, 157, 311, 572, 1007, 1178, 1370, 1374, 2982, 281, 0, 0
16:39:16, 1021.00, 29.84, 28.89, 30.492, 2880, 4910, 7601, 9299, 10967, 11589, 13844, 15942, 36000, 12001, 1, 1, 114, 160, 316, 579, 1019, 1189, 1384, 1387, 3020, 287, 0, 0
16:39:17, 1021.50, 29.84, 28.91, 30.492, 2769, 4756, 6938, 8978, 10876, 11344, 13726, 15858, 36000, 12006, 1, 1, 114, 161, 317, 582, 1035, 1206, 1405, 1407, 3076, 292, 0, 0
16:39:17, 1020.80, 29.84, 28.91, 30.492, 2910, 4962, 7451, 9294, 12455, 13132, 15659, 18011, 36000, 12808, 1, 1, 118, 168, 329, 600, 1067, 1240, 1443, 1446, 3178, 304, 0, 0
16:39:18, 1021.90, 29.85, 28.91, 30.492, 3182, 5360, 8119, 9926, 10522, 11266, 13363, 15538, 36000, 12535, 1, 1, 121, 171, 336, 613, 1054, 1228, 1428, 1430, 3115, 296, 0, 0
16:39:19, 1020.90, 29.85, 28.89, 30.492, 2681, 4609, 6711, 8618, 11499, 12032, 14532, 16750, 36000, 11557, 1, 1, 116, 163, 323, 592, 1048, 1222, 1423, 1424, 3044, 289, 0, 0
16:39:19, 1020.40, 29.86, 28.89, 30.484, 3233, 5527, 8315, 10204, 13061, 13945, 16830, 19068, 36000, 13062, 1, 1, 118, 168, 330, 602, 1084, 1261, 1467, 1470, 3189, 306, 0, 0
16:39:20, 1021.70, 29.86, 28.89, 30.484, 3505, 5988, 9325, 11297, 11386, 11818, 14485, 16345, 36000, 11326, 1, 1, 116, 164, 324, 593, 1039, 1212, 1413, 1413, 3006, 286, 0, 0
16:39:21, 1021.50, 29.87, 28.89, 30.492, 2862, 4876, 7538, 9292, 11092, 11510, 14142, 16208, 36000, 10662, 1, 1, 114, 162, 319, 588, 1042, 1216, 1418, 1416, 2984, 283, 0, 0
16:39:21, 1021.50, 29.87, 28.92, 30.484, 2862, 4815, 7328, 9010, 13358, 14213, 17072, 19506, 36000, 12552, 1, 1, 117, 166, 327, 599, 1052, 1227, 1431, 1428, 3020, 287, 0, 0
16:39:22, 1025.20, 29.88, 28.92, 30.484, 3006, 5095, 7811, 9599, 12043, 12786, 15617, 17398, 36000, 10238, 1, 1, 114, 160, 318, 587, 1060, 1239, 1445, 1445, 3119, 295, 0, 0
16:39:23, 1033.80, 29.89, 28.89, 30.484, 2261, 3898, 6301, 7898, 9962, 10317, 13035, 14643, 36000, 7282, 1, 1, 98, 131, 264, 511, 930, 1108, 1301, 1293, 2621, 237, 0, 0
16:39:23, 1039.50, 29.90, 28.91, 30.484, 1555, 2706, 4663, 6299, 11191, 11943, 14809, 16951, 30888, 4333, 0, 0, 87, 109, 222, 452, 855, 1034, 1222, 1209, 2313, 207, 0, 0
16:39:24, 1044.70, 29.90, 28.91, 30.484, 1379, 2427, 4243, 6063, 8198, 9135, 10860, 12905, 20959, 2516, 0, 0, 80, 96, 196, 409, 804, 983, 1165, 1149, 2130, 188, 0, 0
16:39:25, 1047.40, 29.91, 28.91, 30.469, 1222, 2094, 3875, 5669, 8545, 9927, 11269, 13656, 15815, 1663, 0, 0, 76, 88, 179, 385, 789, 973, 1158, 1140, 2013, 177, 0, 0
16:39:25, 1053.80, 29.93, 28.83, 30.445, 1330, 2315, 4290, 6216, 6961, 7896, 9542, 11209, 18185, 1838, 0, 0, 72, 81, 165, 359, 748, 933, 1113, 1096, 1934, 169, 0, 0
16:39:26, 1056.70, 29.95, 28.91, 30.445, 943, 1583, 2996, 4675, 6605, 7325, 9100, 10670, 14636, 1377, 0, 0, 72, 80, 161, 357, 758, 947, 1132, 1116, 2001, 175, 0, 0
16:39:27, 1064.10, 29.95, 28.89, 30.414, 825, 1312, 2524, 4030, 6410, 6963, 8784, 10104, 19368, 1986, 0, 0, 72, 78, 158, 349, 735, 924, 1109, 1096, 2044, 176, 0, 0
16:39:27, 1073.70, 29.96, 28.89, 30.406, 796, 1229, 2519, 4208, 6349, 7229, 9051, 10377, 17610, 1591, 0, 0, 63, 64, 126, 292, 653, 842, 1017, 1003, 1750, 151, 0, 0
16:39:28, 1078.80, 29.97, 28.94, 30.406, 643, 973, 2007, 3502, 6248, 7389, 8869, 10740, 12746, 994, 0, 0, 59, 59, 114, 268, 610, 792, 961, 945, 1631, 141, 0, 0
16:39:29, 1084.30, 29.97, 28.92, 30.383, 558, 808, 1676, 3062, 4777, 5820, 7080, 8259, 9376, 743, 0, 0, 54, 52, 98, 235, 561, 737, 898, 884, 1480, 128, 0, 0
16:39:29, 1088.10, 29.96, 28.87, 30.359, 527, 732, 1518, 2847, 5099, 6480, 7661, 9242, 9240, 725, 0, 0, 51, 50, 92, 221, 533, 703, 859, 845, 1429, 124, 0, 0
16:39:30, 1092.60, 29.97, 28.92, 30.359, 447, 607, 1263, 2416, 4067, 4906, 6167, 7082, 9154, 700, 0, 0, 49, 47, 86, 209, 512, 681, 834, 822, 1383, 120, 0, 0
16:39:31, 1099.90, 29.97, 28.89, 30.320, 400, 530, 1105, 2160, 4021, 4879, 6126, 7110, 9649, 744, 0, 0, 48, 45, 82, 200, 483, 648, 794, 784, 1368, 117, 0, 0
16:39:31, 1112.30, 29.97, 28.87, 30.289, 426, 542, 1129, 2327, 3961, 4934, 6260, 7220, 9048, 681, 0, 0, 40, 36, 62, 155, 400, 551, 684, 672, 1105, 95, 0, 0
16:39:32, 1114.20, 29.97, 28.89, 30.289, 294, 345, 707, 1524, 2812, 3530, 4552, 5128, 6033, 452, 0, 0, 38, 34, 57, 143, 389, 537, 667, 656, 1075, 93, 0, 0
16:39:33, 1119.20, 29.97, 28.89, 30.250, 276, 325, 662, 1434, 2825, 3532, 4521, 5092, 6994, 536, 0, 0, 37, 33, 55, 136, 365, 506, 630, 620, 1051, 90, 0, 0
16:39:33, 1125.50, 29.97, 28.89, 30.234, 268, 304, 616, 1360, 2923, 3714, 4828, 5438, 6928, 522, 0, 0, 32, 29, 46, 117, 323, 453, 567, 557, 910, 79, 0, 0
16:39:34, 1130.70, 29.96, 28.91, 30.234, 273, 306, 610, 1358, 2427, 3107, 4011, 4534, 5429, 401, 0, 0, 31, 27, 43, 108, 306, 431, 541, 532, 873, 76, 0, 0
16:39:35, 1141.70, 29.95, 28.87, 30.219, 215, 234, 454, 1051, 2166, 2827, 3670, 4118, 5092, 376, 0, 0, 27, 24, 36, 91, 262, 376, 475, 467, 747, 65, 0, 0
16:39:35, 1146.90, 29.95, 28.89, 30.211, 180, 187, 355, 844, 1962, 2636, 3389, 3853, 4006, 295, 0, 0, 24, 21, 32, 79, 243, 353, 448, 439, 690, 60, 0, 0
16:39:36, 1148.20, 29.95, 28.91, 30.211, 183, 189, 351, 834, 1863, 2504, 3241, 3674, 3928, 289, 0, 0, 24, 21, 31, 78, 241, 350, 445, 437, 692, 60, 0, 0
16:39:37, 1149.60, 29.94, 28.89, 30.203, 170, 176, 323, 774, 1676, 2225, 2913, 3248, 4019, 301, 0, 0, 24, 21, 31, 77, 238, 346, 439, 432, 691, 60, 0, 0
16:39:37, 1154.80, 29.93, 28.91, 30.203, 165, 167, 308, 744, 1658, 2197, 2883, 3188, 4629, 357, 0, 0, 23, 20, 29, 73, 224, 328, 417, 410, 674, 58, 0, 0
16:39:38, 1160.50, 29.93, 28.89, 30.203, 151, 152, 275, 676, 1587, 2133, 2829, 3125, 3930, 297, 0, 0, 21, 18, 26, 66, 206, 304, 389, 383, 620, 53, 0, 0
16:39:39, 1171.80, 29.93, 28.89, 30.187, 141, 140, 249, 614, 1401, 1901, 2521, 2793, 3795, 289, 0, 0, 19, 16, 23, 56, 177, 265, 342, 336, 533, 46, 0, 0
16:39:39, 1177.70, 29.93, 28.91, 30.195, 118, 115, 195, 488, 1142, 1591, 2126, 2341, 2756, 205, 0, 0, 17, 14, 19, 47, 161, 244, 317, 311, 478, 41, 0, 0
16:39:40, 1181.10, 29.93, 28.89, 30.195, 111, 108, 180, 451, 1095, 1529, 2041, 2245, 2683, 200, 0, 0, 17, 14, 19, 46, 158, 240, 311, 306, 475, 41, 0, 0
16:39:41, 1188.20, 29.93, 28.91, 30.180, 106, 103, 170, 427, 1043, 1467, 1959, 2164, 2757, 207, 0, 0, 16, 14, 18, 44, 149, 230, 299, 294, 467, 40, 0, 0
16:39:41, 1194.00, 29.93, 28.89, 30.187, 97, 93, 149, 373, 994, 1421, 1919, 2127, 2413, 181, 0, 0, 15, 12, 16, 39, 137, 212, 278, 273, 425, 37, 0, 0
16:39:42, 1200.60, 29.93, 28.91, 30.187, 97, 93, 148, 373, 953, 1362, 1845, 2019, 2485, 187, 0, 0, 14, 12, 16, 37, 130, 202, 266, 262, 409, 35, 0, 0
16:39:43, 1211.60, 29.93, 28.89, 30.172, 86, 82, 126, 317, 832, 1212, 1654, 1813, 2182, 164, 0, 0, 12, 10, 13, 31, 112, 178, 236, 232, 351, 30, 0, 0
16:39:43, 1218.80, 29.94, 28.91, 30.180, 75, 71, 105, 263, 714, 1057, 1449, 1590, 1799, 134, 0, 0, 11, 9, 12, 27, 101, 163, 217, 214, 319, 28, 0, 0
16:39:44, 1220.20, 29.94, 28.92, 30.180, 69, 65, 94, 235, 662, 986, 1356, 1493, 1689, 127, 0, 0, 11, 9, 11, 26, 100, 161, 215, 212, 316, 27, 0, 0
16:39:45, 1226.10, 29.94, 28.89, 30.172, 70, 66, 95, 234, 647, 965, 1323, 1461, 1885, 144, 0, 0, 11, 9, 11, 25, 95, 153, 205, 203, 311, 27, 0, 0
16:39:45, 1235.20, 29.93, 28.87, 30.180, 62, 58, 83, 204, 584, 879, 1215, 1327, 1780, 138, 0, 0, 9, 8, 10, 21, 81, 133, 180, 177, 267, 23, 0, 0
16:39:46, 1240.80, 29.93, 28.91, 30.180, 55, 50, 71, 173, 511, 781, 1087, 1179, 1520, 117, 0, 0, 8, 7, 8, 18, 74, 122, 166, 163, 242, 21, 0, 0
16:39:47, 1243.90, 29.94, 28.89, 30.172, 50, 47, 65, 158, 474, 728, 1016, 1106, 1399, 107, 0, 0, 8, 6, 8, 17, 69, 115, 156, 154, 229, 20, 0, 0
16:39:47, 1250.80, 29.94, 28.91, 30.180, 48, 44, 61, 147, 441, 682, 953, 1040, 1306, 100, 0, 0, 7, 6, 7, 16, 64, 107, 146, 144, 217, 19, 0, 0
16:39:48, 1256.00, 29.94, 28.89, 30.180, 42, 39, 52, 125, 388, 607, 855, 924, 1056, 80, 0, 0, 7, 5, 6, 14, 59, 99, 136, 134, 197, 17, 0, 0
16:39:49, 1260.30, 29.94, 28.89, 30.172, 39, 37, 49, 116, 360, 566, 798, 866, 1015, 78, 0, 0, 6, 5, 6, 13, 56, 94, 130, 128, 188, 16, 0, 0
16:39:49, 1268.70, 29.95, 28.92, 30.172, 37, 35, 46, 108, 337, 534, 753, 821, 1026, 79, 0, 0, 6, 5, 6, 12, 51, 87, 121, 119, 176, 15, 0, 0
16:39:50, 1274.50, 29.95, 28.89, 30.172, 34, 31, 41, 96, 309, 495, 705, 762, 906, 70, 0, 0, 5, 4, 5, 11, 47, 82, 114, 113, 165, 14, 0, 0
16:39:51, 1280.90, 29.95, 28.91, 30.172, 32, 30, 39, 89, 292, 472, 676, 729, 877, 67, 0, 0, 5, 4, 5, 10, 44, 76, 107, 106, 153, 13, 0, 0
16:39:52, 1284.60, 29.95, 28.87, 30.172, 30, 28, 36, 82, 274, 446, 642, 694, 806, 62, 0, 0, 5, 4, 5, 9, 42, 74, 105, 104, 149, 13, 0, 0
16:39:52, 1290.10, 29.95, 28.89, 30.172, 30, 28, 35, 80, 266, 435, 628, 680, 806, 62, 0, 0, 5, 4, 4, 9, 41, 72, 101, 100, 144, 12, 0, 0
16:39:53, 1295.30, 29.96, 28.89, 30.172, 27, 26, 32, 72, 244, 403, 584, 632, 723, 56, 0, 0, 4, 4, 4, 8, 38, 67, 95, 95, 135, 11, 0, 0
16:39:54, 1302.20, 29.96, 28.89, 30.172, 26, 24, 30, 66, 225, 375, 544, 590, 684, 53, 0, 0, 4, 3, 4, 8, 35, 62, 88, 88, 125, 10, 0, 0
16:39:54, 1306.40, 29.95, 28.85, 30.172, 23, 21, 27, 57, 201, 336, 491, 531, 605, 47, 0, 0, 4, 3, 3, 7, 32, 57, 82, 82, 116, 10, 0, 0
16:39:55, 1313.90, 29.95, 28.92, 30.164, 21, 20, 25, 53, 183, 308, 449, 485, 614, 48, 0, 0, 3, 3, 3, 6, 28, 51, 74, 74, 105, 9, 0, 0
16:39:56, 1319.60, 29.95, 28.91, 30.172, 19, 17, 21, 45, 159, 270, 396, 427, 530, 42, 0, 0, 3, 2, 3, 5, 25, 46, 67, 67, 94, 8, 0, 0
16:39:56, 1326.10, 29.96, 28.91, 30.172, 17, 16, 19, 40, 144, 246, 362, 390, 483, 38, 0, 0, 3, 2, 2, 5, 23, 42, 62, 62, 87, 7, 0, 0
16:39:57, 1338.10, 29.96, 28.89, 30.172, 15, 14, 17, 35, 124, 215, 317, 341, 422, 33, 0, 0, 2, 2, 2, 4, 19, 36, 53, 54, 74, 6, 0, 0
16:39:58, 1347.50, 29.97, 28.87, 30.172, 12, 11, 14, 27, 103, 180, 269, 289, 336, 26, 0, 0, 2, 2, 2, 3, 17, 32, 49, 49, 67, 5, 0, 0
16:39:58, 1355.90, 29.97, 28.89, 30.172, 11, 10, 13, 24, 91, 161, 243, 259, 300, 24, 0, 0, 2, 1, 1, 3, 15, 30, 45, 46, 62, 5, 0, 0
16:39:59, 1365.20, 29.96, 28.89, 30.164, 10, 9, 11, 20, 80, 144, 218, 233, 278, 22, 0, 0, 2, 1, 1, 2, 14, 27, 42, 43, 58, 5, 0, 0
16:40:00, 1373.70, 29.97, 28.91, 30.172, 9, 8, 10, 19, 71, 130, 197, 211, 262, 21, 0, 0, 1, 1, 1, 2, 12, 24, 39, 40, 53, 4, 0, 0
16:40:00, 1381.20, 29.97, 28.89, 30.172, 8, 7, 9, 17, 64, 118, 181, 193, 240, 19, 0, 0, 1, 1, 1, 2, 11, 23, 37, 38, 50, 4, 0, 0
16:40:01, 1392.00, 29.97, 28.89, 30.156, 7, 7, 8, 15, 57, 106, 163, 173, 216, 17, 0, 0, 1, 1, 1, 2, 10, 21, 34, 36, 46, 3, 0, 0
16:40:02, 1401.80, 29.98, 28.91, 30.164, 6, 6, 7, 11, 48, 89, 139, 148, 175, 14, 0, 0, 1, 1, 1, 2, 9, 19, 32, 35, 43, 3, 0, 0
16:40:02, 1410.30, 29.98, 28.92, 30.164, 5, 5, 6, 11, 42, 79, 124, 132, 154, 12, 0, 0, 1, 1, 1, 1, 9, 19, 32, 34, 42, 3, 0, 0
16:40:03, 1418.70, 29.98, 28.89, 30.156, 5, 4, 6, 9, 38, 73, 114, 122, 145, 12, 0, 0, 1, 1, 1, 1, 9, 18, 31, 34, 42, 3, 0, 0
16:40:04, 1428.00, 29.98, 28.89, 30.164, 4, 4, 5, 8, 34, 65, 103, 111, 136, 11, 0, 0, 1, 1, 1, 1, 8, 17, 31, 34, 41, 3, 0, 0
16:40:04, 1434.60, 29.98, 28.85, 30.164, 4, 3, 5, 7, 30, 59, 93, 100, 122, 10, 0, 0, 1, 1, 1, 1, 8, 17, 30, 34, 41, 3, 0, 0
16:40:05, 1439.40, 29.98, 28.89, 30.156, 3, 3, 4, 7, 28, 56, 89, 95, 113, 9, 0, 0, 1, 1, 1, 1, 8, 17, 30, 34, 41, 3, 0, 0
16:40:06, 1449.90, 29.98, 28.87, 30.156, 3, 3, 4, 6, 25, 49, 80, 85, 100, 8, 0, 0, 1, 1, 1, 1, 7, 16, 30, 34, 40, 3, 0, 0
16:40:06, 1462.40, 29.99, 28.91, 30.156, 3, 2, 3, 5, 21, 42, 68, 73, 85, 7, 0, 0, 1, 1, 0, 1, 6, 14, 27, 31, 37, 3, 0, 0
16:40:07, 1469.30, 29.99, 28.91, 30.156, 2, 2, 3, 5, 18, 37, 60, 64, 74, 6, 0, 0, 0, 0, 0, 0, 3, 6, 12, 15, 21, 1, 0, 0
16:40:08, 1468.00, 29.99, 28.89, 30.156, 2, 2, 3, 4, 14, 29, 48, 51, 69, 6, 0, 0, 0, 0, 0, 1, 4, 9, 17, 20, 25, 2, 0, 0
16:40:08, 1467.90, 29.99, 28.89, 30.156, 1, 1, 2, 3, 10, 22, 36, 39, 54, 5, 0, 0, 0, 0, 0, 0, 4, 8, 16, 19, 24, 2, 0, 0
16:40:09, 1468.60, 29.98, 28.87, 30.133, 1, 1, 2, 3, 13, 28, 47, 50, 75, 6, 0, 0, 0, 0, 0, 0, 3, 7, 14, 17, 23, 2, 0, 0
16:40:10, 1468.10, 29.98, 28.91, 30.133, 2, 2, 3, 4, 16, 34, 56, 60, 79, 7, 0, 0, 0, 0, 0, 0, 2, 6, 12, 15, 19, 1, 0, 0
16:40:10, 1468.30, 29.98, 28.89, 30.148, 2, 2, 2, 4, 14, 29, 49, 52, 66, 6, 0, 0, 0, 0, 0, 0, 1, 3, 7, 9, 12, 1, 0, 0
16:40:11, 1468.40, 29.98, 28.89, 30.156, 2, 1, 2, 2, 13, 28, 47, 50, 64, 5, 0, 0, 0, 0, 0, 0, 2, 4, 9, 11, 15, 1, 0, 0
16:40:12, 1467.70, 29.97, 28.91, 30.156, 2, 2, 3, 4, 15, 31, 51, 55, 70, 6, 0, 0, 0, 0, 0, 0, 2, 5, 10, 13, 17, 1, 0, 0
16:40:12, 1466.90, 29.97, 28.87, 30.156, 2, 2, 3, 4, 16, 33, 55, 59, 74, 6, 0, 0, 0, 0, 0, 0, 3, 7, 14, 17, 22, 2, 0, 0
16:40:13, 1467.60, 29.97, 28.89, 30.141, 1, 1, 2, 3, 13, 28, 46, 49, 64, 5, 0, 0, 0, 0, 0, 0, 2, 5, 11, 13, 17, 1, 0, 0
16:40:14, 1461.80, 29.96, 28.87, 30.141, 2, 2, 3, 3, 16, 33, 55, 59, 72, 6, 0, 0, 1, 0, 0, 0, 4, 10, 19, 23, 29, 2, 0, 0
16:40:14, 1451.00, 29.97, 28.89, 30.156, 3, 2, 3, 5, 20, 40, 65, 70, 84, 7, 0, 0, 1, 1, 0, 1, 7, 15, 28, 33, 38, 3, 0, 0
16:40:15, 1442.10, 29.98, 28.89, 30.148, 3, 3, 4, 6, 24, 47, 76, 82, 98, 8, 0, 0, 1, 1, 1, 1, 7, 16, 30, 34, 40, 3, 0, 0
16:40:16, 1434.90, 29.99, 28.87, 30.148, 3, 3, 4, 6, 27, 53, 84, 91, 111, 9, 0, 0, 1, 1, 1, 1, 8, 17, 30, 34, 41, 3, 0, 0
16:40:16, 1423.10, 30.00, 28.89, 30.156, 4, 3, 4, 7, 29, 56, 90, 97, 116, 10, 0, 0, 1, 1, 1, 1, 8, 17, 31, 34, 40, 3, 0, 0
16:40:17, 1411.00, 30.01, 28.89, 30.148, 4, 4, 5, 9, 35, 69, 108, 115, 138, 11, 0, 0, 1, 1, 1, 1, 9, 18, 31, 34, 41, 3, 0, 0
16:40:18, 1404.00, 30.02, 28.89, 30.148, 5, 5, 6, 9, 41, 78, 122, 131, 151, 12, 0, 0, 1, 1, 1, 1, 9, 18, 32, 34, 42, 3, 0, 0
16:40:18, 1395.50, 30.02, 28.89, 30.156, 5, 5, 6, 11, 43, 82, 129, 137, 156, 12, 0, 0, 1, 1, 1, 2, 9, 19, 32, 34, 43, 3, 0, 0
16:40:19, 1382.90, 30.02, 28.87, 30.156, 6, 6, 7, 12, 52, 97, 151, 161, 185, 15, 0, 0, 1, 1, 1, 2, 11, 21, 35, 37, 47, 4, 0, 0
16:40:20, 1373.40, 30.03, 28.89, 30.156, 7, 7, 8, 15, 61, 113, 174, 186, 215, 17, 0, 0, 1, 1, 1, 2, 12, 24, 37, 39, 50, 4, 0, 0
16:40:20, 1366.30, 30.03, 28.89, 30.156, 8, 8, 9, 17, 69, 125, 191, 205, 246, 20, 0, 0, 2, 1, 1, 2, 13, 26, 40, 42, 54, 4, 0, 0
16:40:21, 1357.30, 30.03, 28.87, 30.156, 9, 8, 10, 19, 75, 136, 207, 223, 261, 21, 0, 0, 2, 1, 1, 3, 15, 29, 44, 45, 61, 5, 0, 0
16:40:22, 1348.70, 30.03, 28.83, 30.156, 10, 9, 11, 20, 84, 150, 226, 244, 288, 23, 0, 0, 2, 1, 2, 3, 16, 31, 47, 48, 65, 5, 0, 0
16:40:22, 1341.80, 30.04, 28.89, 30.164, 11, 10, 13, 25, 98, 172, 258, 278, 334, 27, 0, 0, 2, 1, 2, 3, 17, 33, 50, 50, 69, 5, 0, 0
16:40:23, 1337.30, 30.05, 28.87, 30.164, 12, 11, 14, 28, 105, 185, 276, 298, 365, 29, 0, 0, 2, 2, 2, 3, 18, 34, 52, 52, 72, 6, 0, 0
16:40:24, 1329.30, 30.05, 28.91, 30.164, 13, 12, 15, 30, 114, 199, 296, 319, 376, 30, 0, 0, 2, 2, 2, 4, 20, 38, 56, 57, 77, 6, 0, 0
16:40:24, 1322.00, 30.05, 28.91, 30.156, 14, 13, 16, 33, 124, 215, 318, 344, 402, 32, 0, 0, 2, 2, 2, 4, 22, 41, 60, 60, 83, 7, 0, 0
16:40:25, 1313.90, 30.05, 28.89, 30.156, 16, 15, 18, 38, 140, 238, 351, 380, 439, 34, 0, 0, 3, 2, 2, 5, 25, 45, 66, 66, 92, 8, 0, 0
16:40:26, 1309.30, 30.06, 28.91, 30.156, 18, 16, 20, 42, 155, 261, 384, 416, 478, 37, 0, 0, 3, 2, 3, 5, 26, 48, 70, 70, 98, 8, 0, 0
16:40:26, 1300.80, 30.05, 28.87, 30.156, 18, 17, 21, 46, 164, 275, 404, 436, 477, 37, 0, 0, 3, 2, 3, 6, 29, 52, 75, 75, 105, 9, 0, 0
16:40:27, 1295.10, 30.06, 28.91, 30.156, 21, 19, 24, 53, 191, 317, 463, 499, 562, 44, 0, 0, 4, 3, 3, 7, 32, 57, 81, 81, 114, 9, 0, 0
16:40:28, 1286.30, 30.06, 28.91, 30.156, 22, 20, 26, 57, 200, 331, 481, 520, 546, 42, 0, 0, 4, 3, 4, 8, 36, 63, 89, 89, 125, 10, 0, 0
16:40:28, 1279.20, 30.06, 28.91, 30.156, 25, 23, 30, 67, 234, 381, 549, 596, 641, 49, 0, 0, 5, 4, 4, 9, 40, 70, 99, 99, 141, 12, 0, 0
16:40:29, 1271.40, 30.06, 28.89, 30.156, 28, 26, 33, 75, 255, 412, 591, 642, 696, 53, 0, 0, 5, 4, 5, 10, 44, 77, 107, 107, 152, 13, 0, 0
16:40:30, 1261.90, 30.06, 28.91, 30.156, 31, 29, 38, 87, 291, 465, 665, 724, 789, 60, 0, 0, 6, 4, 5, 11, 50, 85, 118, 118, 168, 14, 0, 0
16:40:30, 1249.80, 30.06, 28.89, 30.156, 36, 33, 44, 104, 342, 537, 762, 829, 872, 66, 0, 0, 6, 5, 6, 13, 59, 99, 136, 135, 194, 17, 0, 0
16:40:31, 1247.50, 30.07, 28.89, 30.164, 42, 39, 54, 129, 402, 624, 880, 958, 1086, 82, 0, 0, 7, 6, 7, 15, 62, 104, 142, 141, 205, 18, 0, 0
16:40:32, 1240.20, 30.07, 28.89, 30.164, 41, 39, 53, 127, 392, 609, 858, 938, 1012, 77, 0, 0, 7, 6, 7, 16, 67, 111, 152, 151, 215, 19, 0, 0
16:40:32, 1230.10, 30.07, 28.91, 30.156, 49, 46, 64, 155, 482, 734, 1027, 1124, 1218, 92, 0, 0, 9, 7, 9, 19, 78, 129, 174, 173, 252, 22, 0, 0
16:40:33, 1217.60, 30.08, 28.87, 30.164, 55, 51, 74, 180, 542, 813, 1129, 1239, 1330, 101, 0, 0, 10, 8, 10, 23, 92, 149, 200, 199, 291, 25, 0, 0
16:40:34, 1210.20, 30.09, 28.87, 30.164, 65, 61, 90, 224, 643, 948, 1304, 1445, 1670, 127, 0, 0, 11, 9, 12, 27, 102, 163, 217, 215, 321, 28, 0, 0
16:40:35, 1198.50, 30.09, 28.89, 30.156, 71, 67, 102, 253, 722, 1051, 1442, 1588, 1704, 128, 0, 0, 12, 10, 13, 30, 116, 183, 243, 240, 357, 31, 0, 0
16:40:35, 1187.90, 30.10, 28.89, 30.164, 84, 80, 126, 317, 864, 1238, 1684, 1857, 1978, 148, 0, 0, 14, 12, 15, 37, 135, 209, 275, 272, 408, 36, 0, 0
16:40:36, 1180.10, 30.10, 28.91, 30.164, 100, 97, 156, 388, 1001, 1416, 1911, 2124, 2240, 167, 0, 0, 16, 13, 18, 43, 153, 234, 306, 303, 458, 40, 0, 0
16:40:37, 1172.70, 30.09, 28.92, 30.164, 112, 110, 184, 456, 1098, 1528, 2055, 2287, 2615, 197, 0, 0, 18, 15, 21, 50, 173, 262, 341, 338, 517, 45, 0, 0
16:40:37, 1164.30, 30.09, 28.87, 30.156, 120, 119, 201, 493, 1212, 1671, 2223, 2535, 2900, 219, 0, 0, 20, 17, 24, 58, 194, 290, 375, 373, 579, 50, 0, 0
16:40:38, 1150.70, 30.09, 28.89, 30.156, 135, 137, 240, 577, 1415, 1914, 2546, 2848, 3088, 232, 0, 0, 23, 20, 28, 69, 226, 333, 427, 424, 654, 57, 0, 0
16:40:39, 1145.20, 30.10, 28.87, 30.156, 170, 177, 330, 792, 1724, 2284, 3030, 3365, 4092, 307, 0, 0, 24, 21, 31, 78, 242, 353, 451, 448, 698, 60, 0, 0
16:40:39, 1139.30, 30.10, 28.89, 30.164, 177, 187, 352, 838, 1879, 2471, 3281, 3647, 4431, 335, 0, 0, 26, 23, 34, 84, 263, 381, 485, 481, 752, 65, 0, 0
16:40:40, 1130.30, 30.10, 28.91, 30.164, 205, 221, 425, 990, 2077, 2701, 3574, 3985, 4944, 373, 0, 0, 29, 25, 39, 96, 295, 421, 533, 529, 829, 72, 0, 0
16:40:41, 1122.10, 30.11, 28.91, 30.156, 238, 268, 534, 1203, 2558, 3266, 4322, 4864, 5965, 457, 0, 0, 33, 30, 47, 117, 338, 477, 599, 595, 963, 83, 0, 0
16:40:41, 1114.10, 30.11, 28.91, 30.164, 250, 285, 576, 1272, 2534, 3191, 4165, 4646, 5957, 454, 0, 0, 37, 33, 54, 133, 377, 525, 657, 652, 1064, 92, 0, 0
16:40:42, 1105.20, 30.11, 28.92, 30.164, 281, 333, 685, 1455, 3069, 3780, 4900, 5556, 7546, 593, 0, 0, 39, 36, 60, 148, 412, 568, 706, 701, 1136, 98, 0, 0
16:40:43, 1101.30, 30.11, 28.91, 30.156, 346, 438, 903, 1850, 3401, 4165, 5280, 6062, 8217, 635, 0, 0, 42, 39, 67, 165, 428, 585, 725, 719, 1180, 101, 0, 0
16:40:43, 1092.20, 30.12, 28.87, 30.187, 402, 511, 1085, 2150, 4148, 5056, 6427, 7294, 8457, 635, 0, 0, 45, 42, 75, 184, 476, 641, 790, 782, 1267, 109, 0, 0
16:40:44, 1087.40, 30.13, 28.91, 30.187, 476, 641, 1346, 2570, 4037, 4867, 6078, 7124, 8169, 618, 0, 0, 48, 46, 85, 204, 505, 671, 823, 814, 1354, 116, 0, 0
16:40:45, 1081.30, 30.13, 28.91, 30.219, 493, 678, 1421, 2624, 5329, 6428, 7980, 9035, 10370, 799, 0, 0, 52, 51, 96, 228, 564, 741, 904, 897, 1543, 133, 0, 0
16:40:45, 1071.40, 30.13, 28.91, 30.234, 586, 866, 1803, 3227, 6236, 7407, 9134, 10702, 13972, 1136, 0, 0, 62, 62, 120, 278, 661, 854, 1035, 1030, 1798, 156, 0, 0
16:40:46, 1064.00, 30.13, 28.91, 30.234, 751, 1208, 2398, 4082, 5962, 6771, 8405, 9738, 15802, 1472, 0, 0, 69, 72, 142, 323, 731, 932, 1124, 1118, 1979, 171, 0, 0
16:40:47, 1052.70, 30.13, 28.91, 30.250, 864, 1494, 2893, 4783, 7851, 8902, 10545, 12827, 18884, 1839, 0, 0, 75, 82, 165, 364, 793, 995, 1193, 1187, 2150, 187, 0, 0
16:40:47, 1046.40, 30.14, 28.89, 30.258, 1255, 2299, 4236, 6544, 8293, 8983, 11309, 12749, 23191, 2715, 0, 0, 83, 96, 196, 415, 851, 1053, 1256, 1250, 2298, 201, 0, 0
16:40:48, 1037.80, 30.16, 28.91, 30.258, 1567, 2943, 5073, 7529, 11041, 12138, 15100, 16533, 30196, 3889, 0, 0, 93, 115, 235, 477, 953, 1154, 1368, 1365, 2623, 233, 0, 0
16:40:49, 1031.70, 30.16, 28.89, 30.281, 2259, 4255, 7132, 9820, 11303, 12061, 15172, 16858, 30776, 4630, 0, 0, 109, 142, 287, 564, 1086, 1299, 1531, 1533, 3034, 276, 0, 0
16:40:49, 1026.30, 30.16, 28.89, 30.328, 2318, 4159, 6795, 8816, 12877, 13187, 16499, 18790, 36000, 7076, 1, 1, 119, 159, 320, 616, 1171, 1388, 1631, 1637, 3297, 305, 0, 0
16:40:50, 1020.90, 30.17, 28.87, 30.328, 3041, 5214, 8144, 10009, 13553, 13496, 16841, 19097, 36000, 11420, 1, 1, 137, 194, 382, 697, 1215, 1422, 1664, 1673, 3560, 342, 0, 0
16:40:51, 1020.00, 30.19, 28.89, 30.359, 3909, 6429, 9866, 11839, 14332, 14946, 18556, 20361, 36000, 12228, 1, 1, 125, 174, 342, 629, 1133, 1337, 1563, 1569, 3330, 321, 0, 0
16:40:51, 1011.80, 30.19, 28.87, 30.398, 4636, 7620, 11718, 13326, 17728, 17907, 21166, 24441, 36000, 25237, 1, 1, 167, 246, 459, 783, 1721, 1953, 2274, 2353, 6156, 1577, 0, 0
16:40:52, 1011.60, 30.20, 28.92, 30.398, 4985, 8667, 11955, 14268, 15666, 16767, 18825, 24716, 36000, 19906, 1, 1, 1785, 2533, 3738, 4765, 6756, 7054, 8790, 9696, 27189, 10562, 0, 0
16:40:53, 1011.60, 30.20, 28.89, 30.398, 5478, 9243, 13278, 15791, 19726, 20162, 24894, 27847, 36000, 29848, 1, 1, 2836, 4535, 6290, 8307, 7954, 8672, 10771, 11586, 34204, 14462, 0, 1
16:40:53, 1011.60, 30.17, 28.91, 30.281, 4826, 8113, 11448, 12585, 14518, 15761, 17628, 23784, 36000, 22044, 1, 1, 3721, 6136, 8596, 10061, 16602, 16053, 20900, 24559, 36000, 34318, 1, 1
16:40:54, 1011.70, 30.13, 28.91, 30.281, 6211, 9556, 15164, 16303, 20258, 21262, 24842, 28702, 36000, 36000, 1, 1, 6748, 10964, 15796, 18832, 21527, 22257, 27075, 32708, 36000, 36000, 1, 1
16:40:55, 1011.70, 30.08, 28.94, 30.086, 5020, 8652, 12905, 14550, 17803, 18037, 24162, 26881, 36000, 36000, 1, 1, 5719, 9521, 13436, 15386, 20951, 21211, 26181, 31931, 36000, 36000, 1, 1
16:40:55, 1011.70, 30.00, 28.92, 29.828, 6448, 9869, 15428, 16980, 21250, 22718, 26173, 30072, 36000, 36000, 1, 1, 10554, 18458, 25042, 30881, 36000, 36000, 36000, 36000, 36000, 36000, 1, 1
16:40:56, 1011.30, 29.94, 28.94, 29.828, 5117, 8789, 11501, 14717, 17520, 17952, 22260, 26133, 36000, 36000, 1, 1, 23286, 35745, 36000, 36000, 36000, 36000, 36000, 36000, 36000, 36000, 1, 1
16:40:57, 1010.80, 29.91, 28.96, 29.617, 5904, 10013, 16105, 17287, 19721, 20585, 25143, 28968, 36000, 36000, 1, 1, 24869, 36000, 36000, 36000, 36000, 36000, 36000, 36000, 36000, 36000, 1, 1
16:40:57, 1011.20, 29.92, 28.96, 29.523, 5574, 8841, 12370, 14768, 11786, 12731, 14863, 17425, 36000, 18832, 1, 1, 20646, 33778, 36000, 36000, 36000, 36000, 36000, 36000, 36000, 36000, 1, 1
16:40:58, 1011.80, 29.87, 28.94, 29.523, 2846, 4239, 6080, 7042, 6095, 6851, 7836, 9245, 24374, 10424, 0, 0, 20821, 33620, 36000, 36000, 36000, 36000, 36000, 36000, 36000, 36000, 1, 1
16:40:59, 1011.20, 29.87, 28.94, 29.430, 2401, 3749, 4453, 7067, 9892, 10713, 12633, 16468, 36000, 18935, 1, 1, 19720, 33546, 36000, 36000, 36000, 36000, 36000, 36000, 36000, 36000, 1, 1
16:40:59, 1011.80, 29.88, 28.94, 29.312, 1783, 2948, 4067, 4806, 4284, 4661, 6110, 7256, 19657, 10333, 0, 0, 17750, 29216, 36000, 36000, 36000, 36000, 36000, 36000, 36000, 36000, 1, 1
16:41:00, 1011.40, 29.83, 28.96, 29.312, 1462, 1792, 2636, 3067, 3926, 4289, 5276, 6144, 15211, 7661, 0, 0, 16727, 26714, 36000, 36000, 36000, 36000, 36000, 36000, 36000, 36000, 1, 1
16:41:01, 1011.00, 29.81, 28.98, 29.203, 5385, 9068, 12366, 14613, 16901, 19043, 20463, 25657, 36000, 18049, 1, 1, 14421, 22269, 33195, 36000, 36000, 36000, 36000, 36000, 36000, 36000, 1, 1
16:41:01, 1011.10, 29.79, 28.94, 29.203, 4528, 8303, 10174, 14247, 12829, 14205, 16594, 19567, 36000, 14393, 1, 1, 14997, 23733, 33837, 36000, 36000, 36000, 36000, 36000, 36000, 36000, 1, 1
