Secchi Depth (cm) = 9999
Forel Ule Scale = 99
pH Colour Scale = 99
SensingSecchi S/N = A016
Latitude (degs N) = 34.08896
Longitude (degs E) = -77.88106
Date = 2026-09-18
Time (UTC), Pressure (mbar) MS5803, Temp (deg C) MS5803, Temp (deg C) 10KTHERM, Temp (deg C) TMP117, ED 415nm, ED 445nm, ED 480nm, ED 515nm, ED 555nm, ED 590nm, ED 630nm, ED 680nm, ED Clear, ED NIR, ED D-SAT, ED A-SAT, EU 415nm, EU 445nm, EU 480nm, EU 515nm, EU 555nm, EU 590nm, EU 630nm, EU 680nm, EU Clear, EU NIR, EU D-SAT, EU A-SAT
19:55:31, 1011.00, 30.16, 27.35, 32.047, 4222, 4243, 8049, 7014, 7296, 6920, 8054, 8940, 36000, 35846, 1, 1, 11012, 16933, 21378, 26470, 28750, 34951, 36000, 36000, 36000, 36000, 1, 1
19:55:31, 1011.10, 30.17, 27.35, 32.047, 2863, 3125, 5668, 5169, 7723, 7242, 8296, 9495, 36000, 36000, 1, 1, 9865, 14903, 19096, 23254, 25326, 31051, 36000, 36000, 36000, 36000, 1, 1
19:55:32, 1010.60, 30.17, 27.35, 32.055, 3295, 3219, 6006, 5334, 6937, 7102, 7009, 8862, 36000, 36000, 1, 1, 9811, 14878, 19015, 23248, 26105, 32268, 36000, 36000, 36000, 36000, 1, 1
19:55:33, 1010.80, 30.18, 27.33, 32.063, 1944, 2195, 3462, 3836, 4358, 5013, 4989, 5929, 35746, 14501, 0, 1, 9868, 14644, 18661, 22705, 23575, 27771, 35977, 36000, 36000, 36000, 1, 1
19:55:33, 1010.70, 30.18, 27.35, 32.063, 2431, 3047, 4122, 6068, 6245, 9055, 8928, 9640, 35445, 15393, 0, 1, 7935, 11159, 14841, 17785, 20974, 26108, 35885, 36000, 36000, 36000, 1, 1
19:55:34, 1010.90, 30.18, 27.35, 32.172, 4564, 5555, 9789, 8857, 12203, 8705, 15510, 12952, 36000, 36000, 1, 1, 6140, 8755, 11343, 13963, 15255, 17762, 24557, 31788, 36000, 36000, 1, 1
19:55:35, 1011.10, 30.21, 27.35, 32.117, 9040, 14957, 23945, 27248, 33243, 35512, 36000, 36000, 36000, 36000, 1, 1, 5533, 7461, 10467, 12631, 19178, 23196, 31762, 35901, 36000, 36000, 1, 1
19:55:35, 1011.00, 30.21, 27.33, 32.117, 5167, 4969, 8427, 9953, 6615, 9491, 7837, 10779, 36000, 29822, 1, 1, 7117, 10153, 13873, 17731, 20657, 25079, 33087, 36000, 36000, 36000, 1, 1
19:55:36, 1010.50, 30.21, 27.39, 32.117, 2982, 2911, 4724, 4952, 4304, 5334, 5224, 6839, 35909, 18965, 0, 1, 7760, 11465, 15853, 20222, 28555, 31419, 36000, 36000, 36000, 36000, 1, 1
19:55:37, 1011.00, 30.23, 27.37, 32.133, 1202, 1513, 2170, 2439, 3361, 3800, 4404, 5432, 26881, 13163, 0, 0, 6052, 8750, 12881, 15895, 20140, 23045, 28989, 35129, 36000, 36000, 1, 1
19:55:37, 1010.90, 30.23, 27.37, 32.133, 8266, 13433, 19744, 24680, 29938, 30557, 36000, 36000, 36000, 36000, 1, 1, 6473, 9428, 12761, 15800, 20885, 23151, 29922, 36000, 36000, 36000, 1, 1
19:55:38, 1010.90, 30.22, 27.37, 32.102, 7168, 12477, 17250, 22119, 26950, 31349, 36000, 36000, 36000, 36000, 1, 1, 5529, 8413, 11138, 13982, 14894, 16935, 22244, 29783, 36000, 36000, 1, 1
19:55:39, 1010.70, 30.20, 27.39, 32.078, 6363, 11316, 15808, 20424, 19521, 20322, 25722, 28910, 31165, 14840, 0, 0, 4901, 7366, 10560, 13323, 20782, 22715, 26276, 31185, 36000, 35786, 1, 1
19:55:39, 1010.90, 30.22, 27.41, 32.078, 1664, 2077, 2943, 3642, 10187, 12928, 14644, 16392, 36000, 23949, 1, 1, 6167, 9474, 14268, 17624, 18900, 21031, 25002, 29857, 36000, 32892, 1, 1
19:55:40, 1011.00, 30.21, 27.39, 32.109, 2129, 2720, 4310, 4462, 13957, 14137, 16322, 21443, 36000, 36000, 1, 1, 5593, 8832, 12803, 16306, 21701, 23826, 29263, 34350, 36000, 36000, 1, 1
19:55:41, 1011.00, 30.22, 27.39, 32.078, 1810, 2916, 3843, 5435, 6427, 7098, 9809, 8990, 33634, 14287, 0, 1, 4922, 7898, 11469, 14656, 20683, 23096, 28010, 33121, 36000, 36000, 1, 1
19:55:41, 1011.20, 30.24, 27.41, 32.078, 2544, 3148, 4464, 5727, 4193, 4759, 5296, 6413, 15824, 6992, 0, 0, 2985, 5007, 7052, 9571, 9681, 10099, 11734, 12446, 34956, 16265, 0, 1
19:55:42, 1011.10, 30.22, 27.39, 32.070, 1796, 2503, 3660, 4114, 4436, 4572, 5620, 6502, 14355, 6283, 0, 0, 3294, 5061, 7877, 9753, 9056, 9329, 11227, 11628, 32091, 18226, 0, 0
19:55:43, 1010.30, 30.27, 27.42, 32.102, 2619, 4527, 6232, 8410, 6383, 6100, 9084, 8726, 17710, 7823, 0, 0, 1046, 1790, 2592, 3864, 3530, 3559, 3422, 3191, 9487, 1777, 0, 0
19:55:43, 1015.00, 30.24, 27.46, 32.102, 2106, 3206, 4220, 6235, 6438, 7358, 9645, 9384, 24654, 10329, 0, 0, 535, 860, 1664, 2652, 3941, 3980, 3775, 3437, 10743, 1581, 0, 0
19:55:44, 1015.40, 30.20, 27.44, 30.375, 2508, 3233, 4498, 6107, 5570, 6953, 7578, 8731, 32021, 13030, 0, 0, 564, 908, 1758, 2812, 3860, 3893, 3698, 3339, 10576, 1283, 0, 0
19:55:45, 1016.60, 30.18, 27.42, 29.344, 2302, 2842, 4122, 5151, 7037, 11139, 8778, 12224, 35159, 26188, 0, 1, 564, 936, 1838, 2953, 4587, 4494, 4225, 3752, 12110, 1101, 0, 0
19:55:45, 1014.50, 30.17, 27.41, 29.344, 1583, 2239, 3289, 3954, 6680, 8966, 8002, 10422, 35721, 21515, 0, 1, 567, 938, 1828, 2936, 4429, 4368, 4090, 3671, 12092, 1083, 0, 0
19:55:46, 1014.80, 30.16, 27.41, 28.914, 4229, 3777, 7039, 6457, 7268, 8361, 8166, 10576, 36000, 35998, 1, 1, 569, 943, 1836, 2957, 4398, 4349, 4059, 3632, 12201, 1071, 0, 0
19:55:47, 1014.70, 30.16, 27.37, 28.742, 2612, 3384, 5163, 5633, 6496, 7026, 7839, 9688, 36000, 21693, 1, 1, 582, 966, 1873, 3009, 4398, 4351, 4080, 3655, 12278, 1067, 0, 0
19:55:47, 1014.90, 30.15, 27.39, 28.742, 2209, 3009, 4520, 5070, 5974, 6353, 7301, 8764, 36000, 19464, 1, 1, 575, 958, 1862, 2989, 4469, 4399, 4114, 3665, 12452, 1077, 0, 0
19:55:48, 1016.90, 30.15, 27.39, 28.641, 2547, 3174, 5042, 5231, 6424, 6477, 7503, 9053, 36000, 29513, 1, 1, 587, 981, 1910, 3074, 4458, 4385, 4103, 3652, 12252, 1034, 0, 0
19:55:49, 1015.90, 30.15, 27.44, 28.602, 2133, 2918, 4739, 4870, 6172, 6070, 7312, 8535, 36000, 22491, 1, 1, 527, 880, 1721, 2785, 4033, 3958, 3698, 3270, 11221, 952, 0, 0
19:55:49, 1017.90, 30.14, 27.41, 28.602, 2401, 3032, 5342, 4985, 7851, 6862, 9373, 10121, 36000, 24852, 1, 1, 502, 843, 1643, 2656, 3893, 3822, 3596, 3194, 10827, 907, 0, 0
19:55:50, 1017.70, 30.14, 27.41, 28.562, 1913, 2777, 4221, 4687, 6305, 5910, 7505, 8309, 36000, 29941, 1, 1, 498, 837, 1640, 2650, 3893, 3812, 3571, 3155, 10841, 902, 0, 0
19:55:51, 1016.40, 30.14, 27.37, 28.562, 1670, 2490, 3762, 4273, 5542, 5414, 6586, 7530, 36000, 19994, 1, 1, 477, 801, 1569, 2536, 3598, 3506, 3275, 2868, 10008, 831, 0, 0
19:55:51, 1017.00, 30.13, 27.42, 28.562, 1928, 2717, 4236, 4598, 5755, 4983, 6777, 6996, 35130, 26898, 0, 1, 466, 787, 1535, 2473, 3484, 3395, 3174, 2778, 9694, 801, 0, 0
19:55:52, 1016.10, 30.13, 27.41, 28.547, 1852, 2735, 4125, 4558, 6059, 5635, 7218, 7910, 36000, 27538, 1, 1, 447, 752, 1460, 2341, 3379, 3294, 3085, 2709, 9446, 794, 0, 0
19:55:53, 1017.00, 30.12, 27.44, 28.539, 1957, 2877, 4442, 4760, 6152, 5755, 7247, 8067, 36000, 31339, 1, 1, 435, 735, 1438, 2313, 3404, 3312, 3092, 2709, 9519, 786, 0, 0
19:55:53, 1015.30, 30.12, 27.41, 28.539, 1691, 2475, 3761, 4139, 5143, 5258, 6153, 7175, 35985, 15993, 0, 1, 446, 751, 1460, 2338, 3299, 3212, 2969, 2599, 9202, 780, 0, 0
19:55:54, 1018.30, 30.11, 27.41, 28.539, 2373, 3052, 4783, 5107, 6952, 7116, 7998, 10080, 36000, 19761, 1, 1, 468, 784, 1530, 2438, 3565, 3468, 3187, 2785, 9803, 828, 0, 0
19:55:55, 1017.40, 30.11, 27.41, 28.539, 1953, 2417, 3692, 4153, 4596, 5091, 5584, 6885, 31028, 10487, 0, 0, 469, 785, 1522, 2408, 3404, 3317, 3063, 2697, 9349, 798, 0, 0
19:55:55, 1017.10, 30.10, 27.42, 28.539, 2029, 2670, 4011, 4465, 6058, 6676, 7036, 8779, 36000, 27054, 1, 1, 456, 765, 1491, 2371, 3593, 3497, 3225, 2829, 9963, 844, 0, 0
19:55:56, 1016.80, 30.10, 27.42, 28.531, 1711, 2118, 3548, 3647, 4894, 5145, 5875, 7035, 32530, 11115, 0, 1, 448, 756, 1476, 2366, 3486, 3393, 3137, 2746, 9662, 804, 0, 0
19:55:57, 1018.50, 30.09, 27.42, 28.523, 1943, 2657, 4139, 4425, 5451, 5627, 6322, 7649, 29851, 14384, 0, 0, 456, 770, 1505, 2416, 3460, 3371, 3108, 2718, 9530, 783, 0, 0
19:55:57, 1017.90, 30.08, 27.44, 28.523, 1752, 2473, 3809, 4178, 4920, 5041, 5848, 6864, 35164, 13488, 0, 1, 455, 764, 1497, 2403, 3499, 3416, 3151, 2770, 9694, 806, 0, 0
19:55:58, 1018.30, 30.07, 27.44, 28.516, 1886, 2569, 3982, 4363, 5095, 5184, 6074, 7065, 36000, 16846, 1, 1, 468, 789, 1550, 2493, 3742, 3634, 3365, 2941, 10354, 857, 0, 0
19:55:59, 1016.90, 30.07, 27.42, 28.516, 2257, 2857, 5130, 4800, 5453, 5329, 6536, 7361, 35758, 16061, 0, 1, 468, 794, 1542, 2466, 3517, 3411, 3195, 2795, 9765, 815, 0, 0
19:55:59, 1018.30, 30.06, 27.39, 28.516, 1756, 2655, 3985, 4481, 5812, 5453, 7022, 7659, 35891, 26367, 0, 1, 455, 768, 1498, 2402, 3501, 3399, 3159, 2758, 9662, 797, 0, 0
19:56:00, 1017.50, 30.05, 27.37, 28.516, 1542, 2404, 3589, 4136, 4826, 4718, 5844, 6537, 34631, 13375, 0, 1, 432, 731, 1432, 2302, 3381, 3276, 3039, 2647, 9368, 774, 0, 0
19:56:01, 1017.50, 30.05, 27.42, 28.516, 1538, 2238, 3363, 3818, 5189, 5170, 6092, 7135, 36000, 18432, 1, 1, 451, 761, 1485, 2380, 3508, 3410, 3140, 2740, 9679, 809, 0, 0
19:56:01, 1017.50, 30.04, 27.44, 28.516, 1758, 2306, 3536, 3937, 4951, 5369, 5907, 7214, 33939, 12591, 0, 1, 456, 764, 1486, 2362, 3218, 3143, 2894, 2545, 8842, 742, 0, 0
19:56:02, 1016.90, 30.03, 27.42, 28.516, 1694, 2354, 3541, 3951, 5541, 5726, 6478, 7798, 36000, 22321, 1, 1, 424, 713, 1391, 2221, 3293, 3200, 2952, 2584, 9125, 764, 0, 0
19:56:03, 1018.10, 30.03, 27.42, 28.516, 1558, 2219, 3627, 3767, 4972, 4917, 5925, 6767, 35212, 14314, 0, 1, 425, 722, 1411, 2264, 3240, 3130, 2905, 2516, 8926, 728, 0, 0
19:56:04, 1018.20, 30.02, 27.44, 28.516, 1323, 2027, 3041, 3488, 4935, 4824, 5923, 6642, 35391, 15329, 0, 1, 407, 690, 1347, 2165, 3192, 3085, 2859, 2476, 8805, 718, 0, 0
19:56:04, 1017.00, 30.01, 27.42, 28.516, 1367, 2007, 3030, 3472, 4466, 4449, 5419, 6091, 32511, 12273, 0, 1, 386, 652, 1275, 2047, 3158, 3052, 2828, 2458, 8782, 728, 0, 0
19:56:05, 1017.40, 30.01, 27.42, 28.516, 1707, 2471, 3776, 4155, 5549, 5548, 6613, 7639, 36000, 18692, 1, 1, 397, 670, 1307, 2093, 3057, 2958, 2753, 2402, 8504, 698, 0, 0
19:56:06, 1018.60, 30.00, 27.42, 28.516, 1637, 2417, 3710, 4127, 5316, 5146, 6318, 7108, 36000, 18203, 1, 1, 402, 683, 1333, 2140, 3060, 2954, 2729, 2357, 8413, 684, 0, 0
19:56:06, 1018.10, 29.99, 27.44, 28.516, 1592, 2371, 3620, 4061, 4664, 4611, 5614, 6356, 33638, 11796, 0, 1, 403, 683, 1337, 2148, 3271, 3158, 2919, 2531, 9018, 742, 0, 0
19:56:07, 1018.50, 29.99, 27.41, 28.516, 1351, 1969, 2960, 3377, 4673, 4579, 5703, 6317, 32449, 16071, 0, 1, 387, 654, 1274, 2041, 2939, 2838, 2636, 2289, 8151, 666, 0, 0
19:56:08, 1017.50, 29.98, 27.42, 28.516, 1407, 2111, 3211, 3622, 4420, 4301, 5381, 5964, 32938, 13429, 0, 1, 408, 692, 1346, 2158, 3180, 3074, 2850, 2483, 8811, 732, 0, 0
19:56:08, 1018.70, 29.97, 27.44, 28.516, 1501, 2205, 3334, 3769, 4066, 4077, 4958, 5580, 30552, 13142, 0, 0, 428, 726, 1414, 2261, 3229, 3119, 2883, 2505, 8933, 738, 0, 0
19:56:09, 1017.80, 29.97, 27.44, 28.516, 1308, 1942, 2961, 3366, 3996, 3976, 4880, 5462, 29531, 10386, 0, 0, 394, 669, 1301, 2089, 3048, 2942, 2727, 2367, 8429, 694, 0, 0
19:56:10, 1017.40, 29.96, 27.44, 28.508, 1646, 2342, 3603, 3971, 4264, 4257, 5182, 5814, 32846, 14280, 0, 1, 399, 677, 1312, 2100, 3015, 2911, 2696, 2343, 8345, 692, 0, 0
19:56:10, 1018.30, 29.95, 27.41, 28.516, 1437, 2068, 3151, 3550, 4020, 4109, 4793, 5585, 30658, 11457, 0, 0, 391, 661, 1284, 2061, 2945, 2850, 2638, 2298, 8106, 667, 0, 0
19:56:11, 1018.30, 29.94, 27.44, 28.516, 1332, 1922, 2935, 3285, 4272, 4284, 5164, 5867, 32847, 13375, 0, 1, 373, 631, 1227, 1974, 2847, 2752, 2554, 2224, 7857, 644, 0, 0
19:56:12, 1017.70, 29.94, 27.44, 28.516, 1420, 2100, 3180, 3588, 4596, 4582, 5506, 6296, 35033, 13806, 0, 1, 367, 620, 1207, 1939, 2780, 2688, 2479, 2153, 7687, 633, 0, 0
19:56:12, 1018.00, 29.93, 27.42, 28.523, 1630, 2364, 3619, 4000, 4915, 4785, 5839, 6620, 36000, 16436, 1, 1, 361, 610, 1185, 1908, 2791, 2694, 2507, 2178, 7745, 638, 0, 0
19:56:13, 1018.50, 29.92, 27.44, 28.523, 1406, 2108, 3168, 3594, 4560, 4462, 5507, 6136, 35964, 16418, 0, 1, 367, 620, 1200, 1932, 2815, 2724, 2539, 2212, 7808, 642, 0, 0
19:56:14, 1018.10, 29.92, 27.44, 28.523, 1491, 2209, 3389, 3802, 4996, 4884, 5978, 6717, 36000, 15755, 1, 1, 355, 600, 1167, 1880, 2725, 2641, 2454, 2138, 7547, 619, 0, 0
19:56:14, 1018.00, 29.91, 27.42, 28.531, 1395, 1997, 3076, 3424, 3945, 4041, 4696, 5492, 30254, 11508, 0, 0, 374, 631, 1225, 1969, 2809, 2727, 2509, 2188, 7726, 639, 0, 0
19:56:15, 1019.00, 29.90, 27.46, 28.531, 1344, 1802, 2769, 3128, 3171, 3454, 3753, 4613, 26838, 10733, 0, 0, 392, 661, 1290, 2064, 2878, 2789, 2569, 2241, 7894, 648, 0, 0
19:56:16, 1018.10, 29.90, 27.42, 28.531, 1324, 1882, 2886, 3248, 4321, 4370, 5146, 5946, 33177, 13275, 0, 1, 368, 622, 1205, 1937, 2801, 2705, 2533, 2215, 7747, 642, 0, 0
19:56:16, 1019.70, 29.89, 27.46, 28.539, 1240, 1883, 2819, 3251, 4763, 4667, 5691, 6424, 35951, 15377, 0, 1, 355, 599, 1179, 1904, 2826, 2739, 2508, 2184, 7754, 630, 0, 0
19:56:17, 1015.90, 29.88, 27.46, 28.539, 1577, 2212, 3353, 3865, 4224, 4533, 5031, 6037, 30969, 11173, 0, 0, 369, 618, 1205, 1929, 2755, 2675, 2441, 2129, 7592, 648, 0, 0
19:56:18, 1019.20, 29.88, 27.44, 28.539, 1719, 2352, 3538, 3958, 4756, 5236, 5607, 6935, 33911, 14749, 0, 1, 402, 677, 1319, 2106, 3045, 2946, 2703, 2348, 8347, 694, 0, 0
19:56:18, 1017.70, 29.87, 27.46, 28.547, 1547, 2161, 3306, 3732, 4170, 4294, 4968, 5823, 31856, 12066, 0, 0, 378, 640, 1246, 2000, 2826, 2728, 2527, 2194, 7804, 645, 0, 0
19:56:19, 1018.30, 29.86, 27.46, 28.547, 1499, 2241, 3356, 3788, 3817, 3729, 4548, 5133, 30785, 13759, 0, 0, 374, 633, 1231, 1975, 2792, 2697, 2510, 2189, 7711, 634, 0, 0
19:56:20, 1017.20, 29.85, 27.44, 28.547, 1249, 1791, 2716, 3084, 3950, 4113, 4717, 5561, 30471, 13476, 0, 0, 382, 643, 1254, 2009, 2748, 2670, 2449, 2144, 7601, 634, 0, 0
19:56:20, 1016.30, 29.85, 27.48, 28.547, 1183, 1640, 2510, 2837, 3805, 4049, 4540, 5468, 28337, 11019, 0, 0, 388, 654, 1269, 2023, 2837, 2753, 2533, 2221, 7829, 653, 0, 0
19:56:21, 1017.00, 29.84, 27.46, 28.547, 1842, 2565, 3901, 4277, 4940, 5014, 5846, 6831, 36000, 18902, 1, 1, 368, 620, 1207, 1933, 2814, 2730, 2507, 2194, 7787, 650, 0, 0
19:56:22, 1016.30, 29.84, 27.48, 28.539, 1740, 2431, 3671, 4127, 4587, 4815, 5444, 6510, 35185, 13913, 0, 1, 361, 606, 1179, 1889, 2774, 2691, 2471, 2158, 7690, 645, 0, 0
19:56:22, 1017.10, 29.83, 27.46, 28.547, 1503, 2130, 3203, 3596, 4979, 5072, 5865, 6926, 36000, 19257, 1, 1, 368, 621, 1203, 1927, 2765, 2671, 2489, 2172, 7677, 638, 0, 0
19:56:23, 1016.90, 29.82, 27.46, 28.547, 1581, 2348, 3590, 3980, 5114, 5034, 6121, 6913, 36000, 18571, 1, 1, 343, 578, 1129, 1816, 2688, 2596, 2416, 2101, 7470, 616, 0, 0
19:56:24, 1016.10, 29.82, 27.46, 28.547, 1415, 2062, 3105, 3506, 5274, 5509, 6239, 7458, 36000, 18333, 1, 1, 346, 581, 1130, 1815, 2738, 2659, 2448, 2141, 7587, 636, 0, 0
19:56:24, 1016.80, 29.81, 27.51, 28.547, 1811, 2463, 3719, 4115, 4372, 4725, 5205, 6287, 32191, 14701, 0, 0, 371, 623, 1212, 1936, 2791, 2709, 2491, 2183, 7677, 644, 0, 0
19:56:25, 1017.40, 29.81, 27.48, 28.547, 1254, 1668, 2580, 2868, 4422, 4670, 5233, 6245, 33856, 13334, 0, 1, 352, 592, 1153, 1852, 2635, 2563, 2353, 2061, 7265, 604, 0, 0
19:56:26, 1018.50, 29.80, 27.44, 28.539, 1612, 2311, 3458, 3853, 3738, 3887, 4424, 5299, 29442, 12160, 0, 0, 336, 563, 1108, 1785, 2643, 2571, 2348, 2051, 7264, 600, 0, 0
19:56:26, 1016.30, 29.80, 27.48, 28.555, 1170, 1659, 2498, 2865, 3690, 3869, 4402, 5242, 28507, 12243, 0, 0, 367, 618, 1208, 1941, 2646, 2565, 2371, 2070, 7378, 620, 0, 0
19:56:27, 1017.70, 29.79, 27.46, 28.555, 1534, 2319, 3469, 3912, 4604, 4419, 5566, 6126, 34303, 18438, 0, 1, 361, 611, 1193, 1919, 2755, 2661, 2479, 2157, 7620, 627, 0, 0
19:56:28, 1017.30, 29.78, 27.48, 28.547, 1103, 1585, 2414, 2761, 4174, 4378, 4979, 5912, 31137, 11344, 0, 0, 356, 596, 1167, 1876, 2770, 2691, 2462, 2152, 7602, 640, 0, 0
19:56:28, 1016.90, 29.78, 27.48, 28.547, 1527, 2061, 3132, 3523, 3998, 4269, 4763, 5727, 29942, 12540, 0, 0, 377, 632, 1231, 1971, 2738, 2657, 2441, 2133, 7516, 628, 0, 0
19:56:29, 1018.80, 29.77, 27.50, 28.547, 1261, 1809, 2731, 3086, 3654, 3700, 4374, 5075, 27782, 12450, 0, 0, 363, 613, 1200, 1935, 2757, 2659, 2476, 2151, 7609, 622, 0, 0
19:56:30, 1015.90, 29.77, 27.48, 28.547, 1327, 2001, 3016, 3442, 4420, 4385, 5349, 6023, 33402, 12812, 0, 1, 350, 590, 1152, 1858, 2791, 2698, 2483, 2161, 7736, 647, 0, 0
19:56:30, 1017.30, 29.76, 27.51, 28.547, 2001, 2577, 3966, 4368, 4710, 5118, 5614, 6824, 35787, 16291, 0, 1, 372, 623, 1218, 1951, 3058, 2961, 2714, 2365, 8423, 722, 0, 0
19:56:31, 1017.40, 29.76, 27.46, 28.547, 1505, 2045, 3100, 3541, 4079, 4424, 4873, 5922, 29902, 11519, 0, 0, 385, 646, 1262, 2021, 2958, 2865, 2627, 2289, 8188, 692, 0, 0
19:56:32, 1017.30, 29.75, 27.48, 28.539, 1487, 2106, 3205, 3593, 4323, 4447, 5155, 6030, 32848, 12944, 0, 1, 363, 613, 1199, 1931, 2910, 2818, 2589, 2260, 8087, 679, 0, 0
19:56:32, 1016.40, 29.74, 27.50, 28.555, 1534, 2170, 3283, 3699, 4235, 4433, 5058, 5965, 32256, 13719, 0, 0, 382, 642, 1247, 1996, 2794, 2713, 2487, 2178, 7713, 652, 0, 0
19:56:33, 1018.00, 29.74, 27.53, 28.555, 1643, 2313, 3502, 3888, 4423, 4368, 5220, 5992, 35128, 18244, 0, 1, 393, 664, 1290, 2063, 2850, 2753, 2562, 2239, 7874, 654, 0, 0
19:56:34, 1018.80, 29.74, 27.48, 28.555, 1358, 2017, 3054, 3443, 3843, 3732, 4658, 5165, 29971, 11668, 0, 0, 336, 567, 1109, 1791, 2496, 2416, 2232, 1940, 6908, 564, 0, 0
19:56:34, 1018.40, 29.73, 27.50, 28.555, 1451, 2165, 3269, 3669, 4417, 4390, 5237, 6037, 34934, 14610, 0, 1, 378, 635, 1243, 1999, 3094, 2996, 2769, 2428, 8474, 708, 0, 0
19:56:35, 1016.30, 29.73, 27.50, 28.555, 1412, 1998, 3039, 3417, 4538, 4639, 5383, 6308, 34356, 14537, 0, 1, 333, 558, 1089, 1752, 2782, 2704, 2498, 2200, 7693, 649, 0, 0
19:56:36, 1016.50, 29.72, 27.51, 28.547, 1635, 2342, 3661, 3929, 4768, 4802, 5800, 6534, 34056, 14022, 0, 1, 337, 568, 1110, 1791, 2692, 2605, 2409, 2099, 7465, 620, 0, 0
19:56:36, 1015.30, 29.72, 27.50, 28.555, 1913, 2677, 4202, 4426, 4561, 4769, 5355, 6494, 32500, 15888, 0, 1, 370, 619, 1203, 1928, 2741, 2669, 2453, 2160, 7580, 652, 0, 0
19:56:37, 1016.10, 29.71, 27.51, 28.555, 1995, 2671, 4080, 4415, 5340, 5496, 6281, 7535, 36000, 21460, 1, 1, 344, 575, 1113, 1794, 2628, 2553, 2375, 2089, 7322, 619, 0, 0
19:56:38, 1013.90, 29.71, 27.53, 28.547, 1701, 2370, 3682, 3959, 4453, 4723, 5276, 6595, 29956, 11488, 0, 0, 359, 602, 1173, 1887, 2709, 2638, 2425, 2135, 7466, 635, 0, 0
19:56:38, 1018.70, 29.71, 27.50, 28.555, 2396, 2968, 4648, 4891, 5569, 5854, 6513, 7992, 35933, 20510, 0, 1, 309, 513, 1002, 1617, 2016, 1966, 1804, 1584, 5668, 496, 0, 0
19:56:39, 1026.60, 29.70, 27.53, 28.555, 2770, 4589, 6652, 8198, 5795, 6239, 6873, 8491, 34062, 9584, 0, 1, 385, 645, 1286, 2086, 3199, 3099, 2817, 2408, 8412, 689, 0, 0
19:56:40, 1028.80, 29.69, 27.53, 28.547, 2158, 3469, 5165, 6379, 5779, 6287, 6825, 8329, 33063, 7085, 0, 1, 315, 525, 1077, 1792, 2748, 2653, 2398, 2030, 7098, 566, 0, 0
19:56:40, 1028.10, 29.68, 27.51, 28.562, 1716, 2368, 3656, 4488, 4807, 5585, 5930, 7003, 26825, 4994, 0, 0, 301, 501, 1025, 1700, 2635, 2545, 2308, 1952, 6614, 558, 0, 0
19:56:41, 1030.90, 29.68, 27.51, 28.562, 1656, 2238, 3406, 4378, 5134, 6175, 6626, 7677, 25594, 4303, 0, 0, 287, 483, 998, 1670, 2584, 2505, 2261, 1902, 6297, 504, 0, 0
19:56:42, 1032.50, 29.67, 27.53, 28.562, 1386, 2132, 3142, 4243, 4771, 5411, 6592, 6838, 17772, 2887, 0, 0, 308, 521, 1076, 1800, 2729, 2650, 2386, 1984, 6316, 496, 0, 0
19:56:42, 1035.30, 29.66, 27.57, 28.562, 1160, 1978, 2884, 3924, 4925, 5000, 6786, 6706, 12678, 1815, 0, 0, 302, 511, 1063, 1793, 2723, 2648, 2382, 1971, 5989, 463, 0, 0
19:56:43, 1035.40, 29.66, 27.51, 28.570, 1206, 2096, 3113, 4337, 4475, 4410, 6123, 5836, 10598, 1421, 0, 0, 291, 491, 1029, 1747, 2638, 2564, 2304, 1889, 5522, 422, 0, 0
19:56:44, 1029.40, 29.65, 27.53, 28.562, 1079, 1775, 2733, 3331, 4012, 3943, 5050, 5296, 7979, 1127, 0, 0, 297, 500, 1034, 1740, 2576, 2505, 2274, 1903, 5329, 423, 0, 0
19:56:44, 1033.20, 29.64, 27.48, 28.562, 1322, 2058, 3105, 3694, 5020, 5095, 6185, 6861, 11634, 1719, 0, 0, 274, 453, 926, 1560, 2357, 2306, 2115, 1815, 5163, 464, 0, 0
19:56:45, 1032.60, 29.63, 27.53, 28.562, 1084, 1621, 2514, 3019, 3208, 3418, 3878, 4435, 6507, 891, 0, 0, 288, 483, 1007, 1705, 2534, 2449, 2226, 1857, 5307, 441, 0, 0
19:56:46, 1036.60, 29.62, 27.53, 28.562, 1487, 2247, 3535, 4128, 4708, 4722, 5904, 6294, 9747, 1205, 0, 0, 255, 425, 894, 1527, 2385, 2312, 2082, 1722, 4865, 386, 0, 0
19:56:46, 1039.30, 29.62, 27.51, 28.562, 748, 1168, 1803, 2215, 2950, 3009, 3635, 3986, 5233, 660, 0, 0, 256, 427, 904, 1546, 2289, 2223, 1988, 1630, 4642, 355, 0, 0
19:56:47, 1038.50, 29.61, 27.55, 28.570, 911, 1465, 2291, 2810, 3790, 3820, 4750, 5028, 7587, 895, 0, 0, 258, 435, 919, 1569, 2381, 2311, 2070, 1688, 4938, 373, 0, 0
19:56:48, 1039.00, 29.60, 27.53, 28.562, 1087, 1844, 2798, 3588, 4199, 4134, 5555, 5491, 9549, 1201, 0, 0, 281, 475, 997, 1692, 2631, 2549, 2282, 1865, 5606, 430, 0, 0
19:56:48, 1041.40, 29.60, 27.53, 28.562, 1017, 1695, 2563, 3358, 4283, 4450, 5589, 5782, 12661, 1666, 0, 0, 304, 516, 1077, 1809, 2697, 2610, 2334, 1918, 6111, 469, 0, 0
19:56:49, 1043.30, 29.59, 27.53, 28.570, 1210, 2045, 3083, 4254, 4075, 4240, 5270, 5431, 12688, 1438, 0, 0, 320, 540, 1137, 1920, 2776, 2685, 2392, 1953, 6147, 470, 0, 0
19:56:50, 1045.20, 29.58, 27.59, 28.570, 1125, 1903, 2894, 3838, 4390, 4594, 5736, 5866, 13551, 1607, 0, 0, 287, 486, 1020, 1724, 2498, 2416, 2158, 1764, 5587, 426, 0, 0
19:56:50, 1044.00, 29.58, 27.53, 28.570, 1208, 2083, 3197, 4276, 4463, 4523, 5856, 5819, 11738, 1247, 0, 0, 287, 485, 1027, 1744, 2633, 2544, 2266, 1841, 5513, 416, 0, 0
19:56:51, 1043.00, 29.57, 27.51, 28.555, 795, 1337, 2084, 2646, 3280, 3291, 4166, 4304, 7355, 797, 0, 0, 286, 485, 1017, 1715, 2410, 2334, 2086, 1710, 5192, 396, 0, 0
19:56:52, 1046.40, 29.57, 27.55, 28.539, 1150, 1964, 2979, 4006, 4604, 4748, 6061, 6081, 12752, 1388, 0, 0, 270, 457, 972, 1654, 2580, 2492, 2215, 1795, 5274, 396, 0, 0
19:56:52, 1049.00, 29.56, 27.55, 28.539, 975, 1671, 2600, 3451, 4629, 4684, 6020, 6052, 11648, 1174, 0, 0, 258, 435, 930, 1594, 2646, 2553, 2272, 1837, 5241, 389, 0, 0
19:56:53, 1050.40, 29.56, 27.59, 28.539, 851, 1460, 2306, 3058, 3423, 3522, 4412, 4428, 8844, 870, 0, 0, 254, 425, 913, 1568, 2361, 2294, 2035, 1647, 5023, 377, 0, 0
19:56:54, 1049.60, 29.55, 27.55, 28.539, 978, 1686, 2649, 3548, 3875, 4041, 4976, 5098, 10809, 1087, 0, 0, 267, 448, 960, 1646, 2441, 2368, 2104, 1706, 5414, 413, 0, 0
19:56:55, 1049.60, 29.55, 27.55, 28.539, 1023, 1768, 2728, 3745, 4257, 4422, 5550, 5584, 11927, 1224, 0, 0, 252, 423, 907, 1560, 2390, 2313, 2047, 1652, 5047, 381, 0, 0
19:56:55, 1047.70, 29.54, 27.60, 28.547, 952, 1634, 2572, 3378, 4487, 4634, 5744, 5920, 12100, 1188, 0, 0, 248, 417, 897, 1546, 2670, 2580, 2289, 1852, 5413, 407, 0, 0
19:56:56, 1048.20, 29.53, 27.53, 28.562, 414, 709, 1152, 1497, 2906, 2925, 3664, 3701, 6194, 557, 0, 0, 250, 420, 906, 1562, 2477, 2397, 2123, 1714, 5323, 406, 0, 0
19:56:57, 1051.90, 29.53, 27.59, 28.562, 928, 1594, 2510, 3275, 3959, 3967, 5019, 5100, 9075, 868, 0, 0, 246, 413, 893, 1536, 2265, 2198, 1947, 1580, 4758, 357, 0, 0
19:56:57, 1050.30, 29.52, 27.59, 28.562, 902, 1549, 2487, 3216, 4186, 4141, 5225, 5340, 9008, 814, 0, 0, 229, 382, 828, 1440, 2316, 2241, 1978, 1587, 4596, 344, 0, 0
19:56:58, 1050.60, 29.52, 27.57, 28.562, 691, 1161, 1871, 2394, 3438, 3466, 4309, 4438, 7265, 676, 0, 0, 248, 416, 892, 1530, 2329, 2259, 2009, 1635, 5067, 385, 0, 0
19:56:59, 1050.60, 29.51, 27.57, 28.562, 1104, 1894, 2930, 4039, 4631, 4976, 5984, 6171, 14353, 1454, 0, 0, 264, 445, 951, 1622, 2554, 2468, 2190, 1777, 5494, 414, 0, 0
19:56:59, 1055.70, 29.51, 27.57, 28.547, 826, 1417, 2225, 2986, 3709, 3879, 4712, 4861, 10884, 1057, 0, 0, 257, 430, 923, 1585, 2438, 2362, 2086, 1685, 5440, 413, 0, 0
19:57:00, 1061.70, 29.50, 27.59, 28.547, 1090, 1750, 2853, 3780, 4507, 4971, 5568, 6003, 18477, 1783, 0, 0, 243, 406, 879, 1515, 2432, 2352, 2077, 1679, 5335, 398, 0, 0
19:57:01, 1061.30, 29.51, 27.59, 28.547, 610, 1042, 1707, 2341, 2748, 2879, 3437, 3489, 7820, 653, 0, 0, 290, 485, 1049, 1813, 2704, 2623, 2315, 1859, 5700, 432, 0, 0
19:57:01, 1063.60, 29.51, 27.60, 28.531, 827, 1418, 2290, 3148, 4107, 4409, 5185, 5366, 12931, 1144, 0, 0, 216, 360, 782, 1363, 2102, 2044, 1810, 1455, 4653, 351, 0, 0
19:57:02, 1063.80, 29.50, 27.57, 28.531, 699, 1217, 2027, 2744, 2736, 2781, 3359, 3381, 5355, 412, 0, 0, 240, 402, 885, 1553, 2381, 2300, 2020, 1593, 4545, 336, 0, 0
19:57:03, 1064.90, 29.50, 27.62, 28.531, 619, 1071, 1761, 2345, 3434, 3454, 4309, 4313, 7161, 574, 0, 0, 203, 338, 736, 1290, 1979, 1929, 1709, 1376, 4252, 320, 0, 0
19:57:03, 1065.40, 29.49, 27.57, 28.508, 720, 1275, 2100, 2892, 3412, 3474, 4286, 4267, 8091, 642, 0, 0, 217, 361, 798, 1405, 2309, 2236, 1962, 1554, 4528, 337, 0, 0
19:57:04, 1065.70, 29.49, 27.55, 28.516, 517, 894, 1487, 1998, 2755, 2807, 3450, 3437, 5974, 477, 0, 0, 229, 380, 837, 1476, 2251, 2186, 1916, 1518, 4794, 363, 0, 0
19:57:05, 1068.40, 29.48, 27.60, 28.516, 733, 1264, 2071, 2850, 3976, 4236, 4962, 5114, 12172, 1028, 0, 0, 208, 347, 759, 1333, 2086, 2027, 1783, 1420, 4546, 341, 0, 0
19:57:05, 1065.20, 29.48, 27.60, 28.523, 459, 795, 1341, 1834, 2447, 2502, 3040, 3015, 5473, 426, 0, 0, 250, 416, 915, 1610, 2518, 2449, 2146, 1704, 5147, 389, 0, 0
19:57:06, 1055.20, 29.47, 27.60, 28.531, 522, 895, 1459, 1979, 2273, 2316, 2862, 2841, 4848, 404, 0, 0, 279, 469, 1013, 1747, 2643, 2558, 2262, 1816, 5301, 399, 0, 0
19:57:07, 1040.40, 29.47, 27.60, 28.531, 568, 947, 1545, 2015, 2084, 2112, 2564, 2637, 3571, 323, 0, 0, 298, 504, 1076, 1834, 2738, 2635, 2344, 1893, 5256, 391, 0, 0
19:57:07, 1042.30, 29.47, 27.62, 28.516, 655, 1022, 1586, 1940, 3085, 3116, 3827, 4127, 5868, 762, 0, 0, 253, 421, 861, 1449, 2148, 2095, 1931, 1665, 4985, 422, 0, 0
19:57:08, 1060.80, 29.46, 27.59, 28.523, 1115, 1961, 3042, 3996, 4500, 4597, 5646, 5857, 10499, 945, 0, 0, 216, 359, 779, 1359, 2146, 2074, 1823, 1449, 4212, 314, 0, 0
19:57:09, 1077.70, 29.46, 27.60, 28.523, 342, 560, 950, 1264, 1927, 1923, 2334, 2343, 3399, 269, 0, 0, 205, 339, 757, 1352, 2024, 1968, 1719, 1344, 4048, 303, 0, 0
19:57:09, 1093.80, 29.45, 27.62, 28.523, 571, 1014, 1768, 2473, 3238, 3306, 3954, 3874, 7276, 515, 0, 0, 168, 274, 627, 1144, 1753, 1705, 1480, 1138, 3489, 259, 0, 0
19:57:10, 1108.10, 29.44, 27.60, 28.523, 444, 782, 1423, 2043, 2417, 2483, 2840, 2786, 5090, 345, 0, 0, 143, 227, 534, 1008, 1583, 1553, 1329, 1000, 3092, 231, 0, 0
19:57:11, 1123.20, 29.44, 27.59, 28.523, 368, 665, 1246, 1871, 2368, 2419, 2767, 2561, 5553, 373, 0, 0, 127, 196, 472, 911, 1530, 1506, 1278, 945, 2868, 214, 0, 0
19:57:11, 1133.00, 29.43, 27.64, 28.516, 263, 464, 900, 1367, 1888, 1940, 2160, 2028, 3912, 258, 0, 0, 120, 182, 441, 868, 1450, 1436, 1215, 893, 2753, 207, 0, 0
19:57:12, 1144.20, 29.43, 27.60, 28.508, 262, 469, 926, 1432, 1995, 2063, 2290, 2092, 4605, 310, 0, 0, 111, 167, 407, 808, 1347, 1344, 1144, 843, 2766, 210, 0, 0
19:57:13, 1155.70, 29.42, 27.60, 28.508, 245, 435, 891, 1426, 1945, 2023, 2195, 1989, 4439, 298, 0, 0, 97, 140, 349, 709, 1209, 1212, 1027, 750, 2395, 182, 0, 0
19:57:13, 1161.00, 29.42, 27.66, 28.477, 217, 384, 797, 1291, 1766, 1836, 1975, 1764, 4019, 270, 0, 0, 93, 133, 335, 686, 1173, 1179, 998, 729, 2311, 175, 0, 0
19:57:14, 1176.00, 29.41, 27.59, 28.461, 208, 362, 771, 1281, 1753, 1836, 1939, 1728, 4322, 295, 0, 0, 84, 118, 298, 618, 1079, 1093, 934, 680, 2115, 159, 0, 0
19:57:15, 1186.00, 29.41, 27.59, 28.461, 152, 265, 576, 976, 1361, 1408, 1471, 1264, 2833, 189, 0, 0, 78, 107, 271, 572, 1036, 1061, 915, 672, 2005, 151, 0, 0
19:57:15, 1189.60, 29.40, 27.59, 28.453, 143, 245, 541, 934, 1404, 1458, 1515, 1295, 2996, 201, 0, 0, 78, 107, 271, 575, 1022, 1045, 905, 665, 2044, 154, 0, 0
19:57:16, 1202.10, 29.40, 27.62, 28.437, 135, 231, 513, 889, 1261, 1310, 1348, 1141, 2777, 188, 0, 0, 73, 97, 249, 532, 961, 994, 867, 639, 1933, 147, 0, 0
19:57:17, 1208.70, 29.39, 27.64, 28.437, 116, 194, 442, 792, 1170, 1220, 1233, 1022, 2553, 174, 0, 0, 70, 91, 231, 500, 924, 965, 849, 630, 1864, 144, 0, 0
19:57:17, 1217.00, 29.39, 27.62, 28.430, 108, 178, 409, 737, 1106, 1157, 1159, 961, 2596, 179, 0, 0, 66, 85, 215, 464, 850, 895, 804, 604, 1760, 137, 0, 0
19:57:18, 1230.60, 29.38, 27.62, 28.422, 97, 159, 371, 681, 1038, 1084, 1077, 878, 2351, 162, 0, 0, 57, 72, 182, 393, 665, 709, 655, 501, 1509, 121, 0, 0
19:57:19, 1236.70, 29.38, 27.64, 28.422, 81, 131, 312, 588, 897, 934, 918, 729, 1882, 129, 0, 0, 21, 25, 61, 136, 350, 383, 353, 272, 907, 78, 0, 0
19:57:19, 1236.50, 29.37, 27.66, 28.422, 73, 110, 269, 517, 843, 889, 847, 678, 2236, 163, 0, 0, 42, 53, 131, 286, 536, 575, 535, 414, 1394, 112, 0, 0
19:57:20, 1236.30, 29.37, 27.66, 28.422, 76, 116, 285, 550, 882, 926, 888, 704, 2356, 171, 0, 0, 43, 54, 134, 291, 549, 590, 548, 425, 1426, 115, 0, 0
19:57:21, 1236.50, 29.37, 27.62, 28.422, 77, 118, 290, 560, 897, 940, 901, 714, 2378, 172, 0, 0, 44, 55, 137, 296, 554, 595, 553, 428, 1443, 116, 0, 0
19:57:21, 1237.20, 29.36, 27.62, 28.422, 79, 122, 297, 568, 894, 938, 901, 719, 2291, 164, 0, 0, 43, 54, 133, 290, 542, 585, 542, 420, 1417, 114, 0, 0
19:57:22, 1237.40, 29.36, 27.64, 28.422, 77, 119, 292, 562, 898, 939, 898, 710, 2346, 169, 0, 0, 43, 54, 134, 291, 547, 588, 545, 421, 1431, 115, 0, 0
19:57:23, 1236.80, 29.36, 27.68, 28.422, 78, 121, 298, 574, 911, 953, 915, 723, 2381, 172, 0, 0, 43, 54, 134, 292, 550, 590, 548, 424, 1437, 116, 0, 0
19:57:23, 1236.20, 29.35, 27.60, 28.422, 79, 123, 301, 578, 922, 962, 922, 730, 2399, 173, 0, 0, 44, 55, 137, 296, 561, 602, 559, 434, 1468, 118, 0, 0
19:57:24, 1236.60, 29.35, 27.64, 28.422, 81, 125, 306, 588, 932, 975, 935, 741, 2444, 177, 0, 0, 45, 56, 140, 302, 567, 609, 566, 439, 1484, 119, 0, 0
19:57:25, 1237.10, 29.35, 27.64, 28.422, 80, 124, 305, 585, 932, 973, 932, 737, 2438, 176, 0, 0, 44, 56, 138, 301, 566, 608, 564, 436, 1479, 119, 0, 0
19:57:25, 1236.80, 29.34, 27.64, 28.422, 80, 123, 303, 585, 896, 937, 893, 706, 2400, 175, 0, 0, 56, 72, 180, 389, 807, 853, 785, 598, 1981, 156, 0, 0
19:57:26, 1236.70, 29.34, 27.66, 28.422, 70, 105, 262, 505, 859, 899, 848, 669, 2352, 173, 0, 0, 53, 67, 169, 363, 691, 734, 680, 523, 1767, 141, 0, 0
19:57:27, 1236.60, 29.34, 27.68, 28.422, 76, 114, 283, 548, 886, 928, 878, 694, 2411, 177, 0, 0, 54, 68, 171, 367, 697, 740, 687, 527, 1790, 142, 0, 0
19:57:27, 1236.30, 29.34, 27.68, 28.422, 78, 117, 291, 563, 905, 946, 897, 709, 2450, 180, 0, 0, 54, 68, 173, 370, 705, 749, 695, 534, 1807, 144, 0, 0
19:57:28, 1236.70, 29.33, 27.64, 28.422, 79, 119, 294, 569, 904, 949, 898, 711, 2457, 181, 0, 0, 56, 71, 178, 381, 723, 768, 713, 548, 1848, 147, 0, 0
19:57:29, 1237.20, 29.33, 27.66, 28.422, 77, 116, 288, 559, 901, 944, 893, 704, 2431, 179, 0, 0, 55, 69, 174, 375, 714, 759, 703, 540, 1825, 145, 0, 0
19:57:29, 1236.70, 29.33, 27.68, 28.422, 78, 116, 289, 562, 902, 946, 896, 707, 2439, 179, 0, 0, 56, 70, 175, 378, 719, 765, 710, 545, 1841, 147, 0, 0
19:57:30, 1236.70, 29.33, 27.66, 28.422, 79, 119, 296, 573, 924, 968, 918, 726, 2495, 183, 0, 0, 56, 71, 178, 383, 731, 777, 722, 556, 1873, 149, 0, 0
19:57:31, 1237.10, 29.32, 27.69, 28.422, 81, 121, 301, 585, 936, 984, 933, 739, 2530, 186, 0, 0, 57, 71, 180, 387, 737, 784, 728, 560, 1889, 150, 0, 0
19:57:31, 1236.80, 29.32, 27.68, 28.430, 80, 119, 297, 578, 930, 976, 924, 731, 2518, 185, 0, 0, 57, 71, 179, 385, 735, 781, 725, 556, 1882, 150, 0, 0
19:57:32, 1236.20, 29.32, 27.66, 28.430, 81, 122, 303, 590, 952, 1000, 950, 754, 2582, 190, 0, 0, 57, 72, 181, 389, 743, 790, 735, 565, 1907, 152, 0, 0
19:57:33, 1236.50, 29.32, 27.71, 28.422, 83, 125, 309, 599, 959, 1008, 957, 761, 2596, 190, 0, 0, 58, 72, 182, 392, 745, 792, 736, 567, 1909, 152, 0, 0
19:57:33, 1237.60, 29.31, 27.68, 28.422, 82, 122, 304, 591, 949, 997, 946, 749, 2558, 188, 0, 0, 57, 72, 181, 390, 739, 786, 729, 559, 1891, 150, 0, 0
19:57:34, 1237.30, 29.31, 27.69, 28.422, 79, 118, 294, 575, 924, 970, 918, 724, 2489, 183, 0, 0, 57, 71, 178, 384, 731, 776, 719, 551, 1865, 148, 0, 0
19:57:35, 1236.10, 29.31, 27.68, 28.422, 80, 120, 298, 579, 934, 981, 930, 736, 2529, 186, 0, 0, 57, 72, 181, 390, 742, 788, 732, 562, 1897, 151, 0, 0
19:57:35, 1236.40, 29.30, 27.69, 28.430, 79, 119, 295, 572, 904, 950, 896, 709, 2475, 182, 0, 0, 62, 79, 199, 426, 837, 886, 819, 626, 2086, 165, 0, 0
19:57:36, 1237.10, 29.30, 27.71, 28.430, 74, 110, 275, 536, 880, 923, 867, 682, 2401, 178, 0, 0, 60, 76, 192, 412, 796, 843, 779, 594, 1997, 158, 0, 0
19:57:37, 1236.30, 29.30, 27.69, 28.422, 75, 111, 276, 538, 845, 887, 829, 652, 2342, 174, 0, 0, 66, 84, 211, 455, 902, 952, 871, 661, 2201, 174, 0, 0
19:57:37, 1236.00, 29.30, 27.71, 28.430, 61, 86, 220, 430, 672, 705, 640, 493, 1902, 144, 0, 0, 81, 104, 262, 565, 1047, 1103, 994, 751, 2500, 199, 0, 0
19:57:38, 1236.20, 29.29, 27.68, 28.430, 60, 86, 219, 427, 697, 730, 666, 515, 1969, 149, 0, 0, 77, 98, 250, 537, 1029, 1083, 978, 738, 2457, 196, 0, 0
19:57:39, 1235.90, 29.29, 27.69, 28.422, 54, 75, 194, 379, 598, 626, 562, 429, 1704, 130, 0, 0, 89, 116, 294, 633, 1278, 1337, 1182, 884, 3042, 247, 0, 0
19:57:39, 1235.30, 29.29, 27.71, 28.430, 27, 35, 94, 196, 284, 301, 253, 179, 764, 60, 0, 0, 190, 267, 669, 1381, 2550, 2571, 2267, 1704, 6295, 537, 0, 0
19:57:40, 1235.00, 29.28, 27.71, 28.430, 14, 16, 44, 103, 154, 171, 149, 105, 390, 31, 0, 0, 336, 502, 1243, 2434, 4644, 4620, 4210, 3223, 11798, 960, 0, 0
19:57:41, 1234.10, 29.28, 27.73, 28.422, 6, 7, 18, 41, 64, 73, 69, 51, 164, 13, 0, 0, 791, 1262, 3111, 5714, 10381, 10307, 9837, 7821, 25953, 1869, 0, 0
19:57:42, 1234.00, 29.28, 27.71, 28.430, 2, 2, 6, 14, 18, 21, 19, 14, 55, 5, 0, 0, 1031, 1675, 4151, 7479, 12293, 12195, 11671, 9343, 30001, 2079, 0, 0
19:57:42, 1234.10, 29.28, 27.71, 28.430, 1, 1, 4, 10, 16, 19, 18, 13, 55, 5, 0, 0, 1030, 1666, 4144, 7475, 12100, 11987, 11461, 9182, 29935, 2099, 0, 0
19:57:43, 1234.50, 29.27, 27.69, 28.430, 1, 1, 4, 8, 17, 20, 19, 13, 57, 5, 0, 0, 1018, 1647, 4093, 7381, 11896, 11785, 11255, 9007, 29493, 2073, 0, 0
19:57:44, 1234.20, 29.27, 27.71, 28.430, 1, 1, 4, 9, 17, 20, 19, 14, 54, 5, 0, 0, 1015, 1641, 4078, 7357, 11913, 11802, 11265, 9014, 29546, 2079, 0, 0
19:57:44, 1233.70, 29.27, 27.69, 28.430, 1, 1, 4, 9, 17, 19, 19, 14, 54, 5, 0, 0, 1017, 1649, 4090, 7363, 11908, 11797, 11257, 9028, 29427, 2071, 0, 0
19:57:45, 1234.00, 29.27, 27.71, 28.422, 1, 1, 4, 8, 19, 22, 21, 16, 60, 5, 0, 0, 1006, 1631, 4035, 7258, 11703, 11592, 11068, 8883, 29254, 2071, 0, 0
19:57:46, 1234.30, 29.26, 27.75, 28.430, 1, 1, 4, 10, 18, 21, 20, 14, 58, 5, 0, 0, 995, 1611, 3998, 7218, 11672, 11559, 11005, 8814, 28801, 2032, 0, 0
19:57:46, 1234.00, 29.26, 27.71, 28.430, 1, 1, 4, 9, 16, 19, 18, 13, 52, 4, 0, 0, 999, 1618, 4015, 7245, 11746, 11641, 11103, 8900, 29013, 2039, 0, 0
19:57:47, 1233.80, 29.26, 27.73, 28.430, 1, 1, 4, 9, 18, 20, 20, 14, 56, 5, 0, 0, 1016, 1651, 4092, 7341, 11858, 11739, 11213, 9001, 29459, 2072, 0, 0
19:57:48, 1234.20, 29.26, 27.73, 28.430, 1, 1, 4, 9, 16, 18, 17, 13, 50, 4, 0, 0, 1016, 1645, 4092, 7363, 11921, 11798, 11260, 9010, 29424, 2062, 0, 0
19:57:48, 1233.30, 29.26, 27.75, 28.430, 1, 1, 4, 7, 15, 17, 16, 12, 48, 4, 0, 0, 1021, 1653, 4112, 7393, 11959, 11852, 11321, 9076, 29642, 2075, 0, 0
19:57:49, 1233.50, 29.26, 27.73, 28.430, 1, 1, 4, 7, 16, 18, 18, 13, 51, 4, 0, 0, 1028, 1665, 4139, 7428, 11981, 11879, 11349, 9106, 29709, 2084, 0, 0
19:57:50, 1234.10, 29.25, 27.73, 28.430, 1, 1, 3, 6, 13, 16, 15, 11, 44, 4, 0, 0, 1025, 1657, 4127, 7424, 11936, 11838, 11303, 9048, 29428, 2065, 0, 0
19:57:50, 1233.60, 29.25, 27.69, 28.430, 1, 1, 3, 7, 14, 16, 16, 11, 45, 4, 0, 0, 1024, 1660, 4123, 7422, 11979, 11892, 11344, 9122, 29463, 2068, 0, 0
19:57:51, 1234.20, 29.25, 27.78, 28.430, 1, 1, 3, 7, 13, 15, 15, 10, 42, 4, 0, 0, 1028, 1667, 4138, 7437, 12007, 11914, 11369, 9132, 29499, 2063, 0, 0
19:57:52, 1233.90, 29.25, 27.75, 28.430, 1, 1, 3, 7, 12, 14, 14, 9, 40, 3, 0, 0, 1020, 1651, 4108, 7412, 12018, 11914, 11356, 9096, 29420, 2058, 0, 0
19:57:52, 1233.60, 29.25, 27.73, 28.430, 1, 1, 3, 7, 14, 16, 15, 11, 44, 4, 0, 0, 1019, 1652, 4102, 7382, 11963, 11837, 11312, 9085, 29529, 2074, 0, 0
19:57:53, 1232.10, 29.25, 27.73, 28.430, 2, 3, 8, 17, 49, 57, 54, 39, 136, 11, 0, 0, 806, 1292, 3162, 5812, 9896, 9786, 9263, 7480, 25798, 1969, 0, 0
19:57:54, 1232.50, 29.24, 27.77, 28.422, 1, 1, 3, 9, 12, 16, 16, 12, 31, 3, 0, 0, 1047, 1692, 4228, 7662, 12273, 12133, 11524, 9291, 29942, 2114, 0, 0
19:57:54, 1234.10, 29.24, 27.73, 28.422, 4, 5, 13, 28, 69, 78, 73, 53, 185, 15, 0, 0, 658, 1043, 2528, 4726, 6656, 6561, 6097, 4859, 17599, 1442, 0, 0
19:57:55, 1232.40, 29.24, 27.75, 28.430, 4, 5, 14, 31, 44, 50, 48, 35, 121, 10, 0, 0, 958, 1527, 3815, 6973, 11417, 11258, 10713, 8541, 29343, 2144, 0, 0
19:57:56, 1235.70, 29.24, 27.77, 28.422, 2, 2, 4, 14, 35, 45, 44, 32, 85, 7, 0, 0, 506, 788, 1930, 3671, 3667, 3635, 3243, 2483, 9263, 774, 0, 0
19:57:56, 1236.10, 29.24, 27.73, 28.422, 27, 36, 94, 199, 389, 409, 363, 259, 780, 56, 0, 0, 112, 143, 359, 783, 1202, 1296, 1158, 882, 2567, 206, 0, 0
19:57:57, 1234.10, 29.24, 27.73, 28.422, 79, 123, 299, 571, 729, 771, 720, 574, 2026, 149, 0, 0, 76, 95, 238, 521, 1007, 1074, 981, 745, 2523, 208, 0, 0
19:57:58, 1232.00, 29.23, 27.75, 28.430, 66, 100, 247, 475, 596, 628, 612, 476, 1690, 128, 0, 0, 49, 57, 141, 321, 755, 816, 760, 581, 1784, 145, 0, 0
19:57:58, 1235.30, 29.23, 27.71, 28.430, 58, 91, 221, 429, 698, 730, 702, 542, 1636, 116, 0, 0, 4, 4, 11, 29, 53, 57, 55, 38, 78, 6, 0, 0
19:57:59, 1236.20, 29.23, 27.77, 28.422, 48, 72, 178, 351, 595, 620, 592, 456, 1171, 81, 0, 0, 2, 2, 5, 13, 30, 35, 32, 26, 43, 3, 0, 0
19:58:00, 1234.60, 29.23, 27.78, 28.422, 67, 104, 252, 479, 824, 859, 829, 659, 1615, 110, 0, 0, 10, 11, 26, 61, 146, 166, 156, 121, 354, 30, 0, 0
19:58:00, 1228.20, 29.22, 27.80, 28.422, 72, 112, 270, 512, 850, 886, 869, 687, 1677, 116, 0, 0, 29, 33, 80, 182, 492, 548, 510, 394, 1172, 98, 0, 0
19:58:01, 1224.70, 29.22, 27.80, 28.430, 91, 147, 349, 651, 1041, 1081, 1076, 857, 2168, 149, 0, 0, 64, 76, 189, 418, 786, 858, 798, 614, 1767, 143, 0, 0
19:58:02, 1219.80, 29.22, 27.77, 28.430, 101, 162, 384, 715, 1014, 1055, 1052, 839, 2090, 143, 0, 0, 68, 83, 202, 447, 953, 1035, 956, 737, 1964, 159, 0, 0
19:58:02, 1210.10, 29.22, 27.78, 28.430, 98, 159, 375, 693, 1104, 1143, 1145, 916, 2175, 148, 0, 0, 85, 107, 265, 579, 1141, 1225, 1114, 850, 2280, 180, 0, 0
19:58:03, 1210.10, 29.22, 27.75, 28.422, 116, 191, 440, 796, 1278, 1332, 1347, 1117, 2730, 186, 0, 0, 88, 112, 277, 602, 1146, 1227, 1118, 854, 2411, 190, 0, 0
19:58:04, 1207.30, 29.21, 27.80, 28.430, 119, 193, 448, 811, 1145, 1186, 1182, 963, 2216, 150, 0, 0, 92, 117, 292, 637, 1220, 1301, 1179, 894, 2417, 189, 0, 0
19:58:04, 1206.30, 29.22, 27.78, 28.430, 118, 192, 445, 808, 1266, 1316, 1320, 1090, 2529, 171, 0, 0, 94, 120, 299, 651, 1228, 1311, 1186, 902, 2524, 199, 0, 0
19:58:05, 1200.40, 29.21, 27.75, 28.422, 136, 224, 512, 914, 1318, 1369, 1382, 1147, 2647, 179, 0, 0, 100, 127, 318, 692, 1357, 1438, 1287, 970, 2640, 206, 0, 0
19:58:06, 1194.00, 29.21, 27.80, 28.430, 123, 200, 462, 832, 1263, 1304, 1318, 1080, 2360, 160, 0, 0, 111, 145, 366, 790, 1450, 1523, 1350, 1011, 2818, 218, 0, 0
19:58:06, 1195.20, 29.21, 27.80, 28.430, 155, 259, 579, 1018, 1514, 1575, 1629, 1373, 3115, 211, 0, 0, 105, 136, 342, 739, 1398, 1472, 1309, 979, 2780, 214, 0, 0
19:58:07, 1184.90, 29.21, 27.78, 28.430, 145, 241, 548, 981, 1468, 1519, 1564, 1284, 2875, 196, 0, 0, 118, 154, 391, 845, 1615, 1682, 1462, 1080, 3104, 239, 0, 0
19:58:08, 1185.10, 29.21, 27.80, 28.430, 173, 292, 646, 1120, 1724, 1794, 1891, 1612, 3689, 251, 0, 0, 117, 155, 393, 845, 1562, 1623, 1413, 1044, 3129, 241, 0, 0
19:58:08, 1175.90, 29.20, 27.80, 28.430, 147, 246, 550, 958, 1414, 1452, 1508, 1252, 2634, 178, 0, 0, 136, 182, 463, 989, 1828, 1878, 1615, 1181, 3404, 261, 0, 0
19:58:09, 1177.40, 29.20, 27.80, 28.430, 187, 311, 691, 1190, 1874, 1948, 2036, 1757, 3835, 260, 0, 0, 126, 168, 426, 913, 1667, 1720, 1491, 1098, 3320, 254, 0, 0
19:58:10, 1172.60, 29.20, 27.80, 28.437, 203, 343, 751, 1267, 1777, 1836, 1914, 1654, 3510, 237, 0, 0, 133, 179, 454, 969, 1834, 1881, 1622, 1186, 3449, 263, 0, 0
19:58:10, 1173.20, 29.20, 27.82, 28.437, 193, 325, 717, 1232, 1832, 1893, 2018, 1710, 3666, 250, 0, 0, 144, 193, 491, 1049, 1875, 1928, 1654, 1211, 3639, 279, 0, 0
19:58:11, 1172.10, 29.20, 27.80, 28.437, 175, 297, 648, 1108, 1559, 1601, 1696, 1429, 3020, 205, 0, 0, 151, 202, 513, 1092, 1982, 2034, 1737, 1271, 3714, 286, 0, 0
19:58:12, 1164.10, 29.20, 27.80, 28.445, 192, 325, 708, 1203, 1722, 1770, 1876, 1598, 3280, 222, 0, 0, 158, 215, 546, 1156, 2094, 2132, 1816, 1326, 3850, 294, 0, 0
19:58:12, 1164.40, 29.20, 27.80, 28.445, 234, 391, 839, 1394, 2129, 2210, 2341, 2086, 4525, 306, 0, 0, 142, 194, 491, 1040, 1891, 1927, 1648, 1205, 3669, 280, 0, 0
19:58:13, 1152.50, 29.20, 27.80, 28.445, 184, 307, 664, 1110, 1640, 1691, 1769, 1541, 3094, 209, 0, 0, 173, 241, 610, 1271, 2298, 2318, 1976, 1444, 4170, 316, 0, 0
19:58:14, 1146.50, 29.20, 27.80, 28.445, 227, 383, 813, 1331, 1933, 1983, 2138, 1883, 3672, 249, 0, 0, 187, 264, 663, 1367, 2390, 2408, 2044, 1499, 4368, 332, 0, 0
19:58:14, 1142.00, 29.20, 27.82, 28.445, 238, 410, 851, 1370, 2007, 2055, 2241, 1995, 3937, 266, 0, 0, 181, 257, 643, 1324, 2397, 2409, 2048, 1502, 4365, 331, 0, 0
19:58:15, 1140.70, 29.20, 27.80, 28.437, 255, 431, 891, 1418, 2196, 2281, 2435, 2241, 4555, 309, 0, 0, 179, 255, 638, 1307, 2254, 2257, 1924, 1413, 4329, 327, 0, 0
19:58:16, 1135.30, 29.20, 27.84, 28.461, 269, 453, 935, 1486, 2000, 2079, 2204, 2018, 4059, 275, 0, 0, 199, 285, 711, 1450, 2614, 2612, 2232, 1639, 4684, 353, 0, 0
19:58:17, 1135.90, 29.19, 27.80, 28.461, 265, 449, 919, 1451, 2109, 2176, 2360, 2152, 4044, 274, 0, 0, 205, 298, 738, 1493, 2478, 2483, 2119, 1564, 4576, 345, 0, 0
19:58:17, 1126.30, 29.19, 27.82, 28.461, 262, 450, 916, 1449, 1973, 2025, 2227, 2013, 3647, 247, 0, 0, 226, 329, 811, 1625, 2795, 2798, 2396, 1786, 5094, 386, 0, 0
19:58:18, 1114.80, 29.20, 27.82, 28.461, 355, 614, 1207, 1855, 2338, 2397, 2692, 2492, 4490, 305, 0, 0, 246, 367, 890, 1751, 2980, 2961, 2551, 1916, 5431, 408, 0, 0
19:58:19, 1109.20, 29.20, 27.82, 28.461, 398, 681, 1318, 1977, 2860, 2916, 3348, 3163, 5723, 396, 0, 0, 241, 364, 875, 1708, 3197, 3168, 2741, 2066, 5733, 430, 0, 0
19:58:19, 1108.30, 29.20, 27.84, 28.453, 426, 724, 1385, 2044, 2908, 2963, 3428, 3265, 5480, 380, 0, 0, 263, 400, 952, 1843, 3037, 3048, 2648, 2023, 5919, 455, 0, 0
19:58:20, 1095.60, 29.20, 27.86, 28.469, 448, 779, 1467, 2188, 2744, 2791, 3304, 3077, 4918, 348, 0, 0, 302, 462, 1089, 2082, 3491, 3492, 3046, 2353, 6747, 520, 0, 0
19:58:21, 1089.10, 29.20, 27.80, 28.469, 522, 896, 1639, 2360, 3492, 3510, 4253, 4053, 6340, 456, 0, 0, 286, 446, 1040, 1964, 3343, 3323, 2925, 2273, 6381, 482, 0, 0
19:58:21, 1080.00, 29.20, 27.82, 28.469, 569, 933, 1735, 2458, 4409, 4435, 5290, 5263, 7576, 568, 0, 0, 336, 531, 1219, 2260, 3948, 3918, 3472, 2738, 7498, 569, 0, 0
19:58:22, 1069.90, 29.20, 27.87, 28.477, 633, 1097, 1903, 2754, 3242, 3319, 4148, 3916, 6642, 516, 0, 0, 474, 755, 1693, 3062, 5113, 5103, 4575, 3714, 10442, 812, 0, 0
19:58:23, 1061.50, 29.20, 27.86, 28.477, 591, 1001, 1701, 2447, 3199, 3247, 4112, 3928, 6362, 520, 0, 0, 506, 817, 1811, 3235, 5052, 5019, 4531, 3701, 10011, 773, 0, 0
19:58:23, 1052.30, 29.20, 27.86, 28.484, 876, 1478, 2489, 3359, 4021, 3923, 5156, 5012, 6969, 666, 0, 0, 509, 821, 1799, 3197, 5280, 5231, 4760, 3936, 10189, 791, 0, 0
19:58:24, 1045.40, 29.20, 27.87, 28.477, 790, 1205, 2044, 2605, 4344, 4278, 5294, 5655, 6924, 893, 0, 0, 448, 719, 1568, 2804, 4253, 4241, 3920, 3284, 8501, 666, 0, 0
19:58:25, 1030.50, 29.20, 27.86, 28.477, 985, 1304, 2175, 2776, 3208, 3719, 4036, 4608, 8266, 1307, 0, 0, 610, 974, 2009, 3370, 5779, 5764, 5626, 5054, 14110, 1498, 0, 0
19:58:25, 1023.60, 29.20, 27.86, 28.484, 1459, 2061, 3020, 4116, 4981, 5864, 6446, 7333, 16147, 3754, 0, 0, 666, 1096, 2243, 3801, 6008, 5905, 5562, 4824, 13661, 1214, 0, 0
19:58:26, 1015.70, 29.20, 27.82, 28.500, 523, 738, 1093, 1549, 1193, 1403, 1558, 1774, 5122, 1432, 0, 0, 1085, 1805, 3574, 5783, 6149, 6024, 5794, 5109, 14313, 1373, 0, 0
19:58:27, 1012.30, 29.20, 27.84, 28.500, 2853, 3549, 4972, 6500, 7372, 9151, 9554, 11456, 28978, 11375, 0, 0, 743, 1230, 2417, 3962, 6370, 6254, 5965, 5308, 14860, 1421, 0, 0
19:58:27, 1011.30, 29.18, 27.89, 28.508, 2722, 3528, 4894, 6424, 6884, 8744, 9383, 10756, 31009, 12887, 0, 0, 1245, 2014, 3656, 5703, 8598, 8380, 8759, 8578, 24462, 4512, 0, 0
19:58:28, 1011.70, 29.21, 27.89, 28.492, 2688, 3452, 4948, 6339, 10321, 12891, 12957, 16771, 36000, 23334, 1, 1, 1567, 2522, 3722, 5276, 9320, 10052, 11069, 12264, 25571, 11289, 0, 0
19:58:29, 1011.50, 29.19, 27.89, 28.492, 2996, 4019, 5528, 7966, 8097, 10694, 10764, 13283, 35970, 23907, 0, 1, 3287, 4880, 7296, 10278, 17131, 18060, 20767, 23029, 36000, 31171, 1, 1
19:58:29, 1012.30, 29.16, 27.87, 28.437, 2812, 3974, 5896, 6653, 7687, 7212, 9205, 10250, 36000, 35632, 1, 1, 4456, 7209, 10907, 14777, 19161, 20842, 23938, 27419, 36000, 25544, 1, 1
19:58:30, 1011.30, 29.17, 27.91, 28.437, 2773, 3807, 5802, 6406, 6455, 6668, 8017, 9409, 36000, 21698, 1, 1, 7228, 11388, 15956, 21510, 28407, 31907, 34265, 36000, 36000, 35965, 1, 1
19:58:31, 1011.00, 29.16, 27.89, 28.219, 2143, 2873, 4120, 4928, 6263, 7179, 8069, 9492, 33550, 16679, 0, 1, 12193, 18668, 26622, 33723, 34111, 36000, 36000, 36000, 36000, 36000, 1, 1
19:58:31, 1010.80, 29.16, 27.93, 28.031, 4063, 3176, 5668, 5299, 3693, 4624, 5394, 6832, 19846, 9546, 0, 0, 10037, 15183, 21839, 26904, 35542, 36000, 36000, 36000, 36000, 36000, 1, 1
19:58:32, 1011.20, 29.17, 27.95, 28.031, 1472, 1789, 2542, 3305, 6447, 6209, 11871, 8464, 20012, 10008, 0, 0, 2965, 4066, 5432, 7181, 6031, 7249, 9333, 11924, 32971, 21639, 0, 1
19:58:33, 1011.40, 29.19, 27.93, 27.922, 7132, 14275, 18574, 24373, 25809, 24865, 36000, 32591, 36000, 36000, 1, 1, 3839, 5992, 8095, 10814, 9455, 10482, 14885, 17749, 36000, 33699, 1, 1
19:58:33, 1011.20, 29.18, 27.91, 27.828, 7487, 11942, 15473, 19016, 14124, 10775, 14917, 15079, 18794, 7755, 0, 0, 6666, 10412, 14596, 18682, 23337, 25365, 31481, 36000, 36000, 36000, 1, 1
19:58:34, 1011.20, 29.16, 27.93, 27.828, 6871, 3369, 6822, 6678, 6064, 12531, 7613, 10871, 22480, 10529, 0, 0, 8390, 13327, 17538, 22571, 25310, 29953, 34848, 36000, 36000, 36000, 1, 1
19:58:35, 1011.20, 29.16, 27.96, 27.609, 6495, 7199, 8371, 16254, 11865, 20950, 28013, 27975, 36000, 14640, 1, 1, 7072, 11129, 14508, 18713, 23373, 27584, 33981, 36000, 36000, 36000, 1, 1
19:58:35, 1011.30, 29.16, 27.95, 27.391, 1587, 2109, 2575, 4575, 4751, 5659, 10606, 7159, 35983, 15513, 0, 1, 6317, 9528, 13085, 16166, 19241, 22163, 26811, 36000, 36000, 36000, 1, 1
19:58:36, 1011.10, 29.16, 27.98, 27.391, 2474, 6785, 5928, 13954, 4628, 5011, 11839, 6133, 35999, 16853, 0, 1, 6732, 10072, 13748, 17571, 19554, 23158, 28048, 36000, 36000, 36000, 1, 1
19:58:37, 1011.40, 29.17, 27.98, 27.328, 943, 1490, 1732, 2976, 3675, 4170, 5458, 6542, 18997, 9462, 0, 0, 115, 131, 120, 130, 110, 154, 362, 801, 2135, 1663, 0, 0
