Secchi Depth (cm) = 9999
Forel Ule Scale = 99
pH Colour Scale = 99
SensingSecchi S/N = A017
Latitude (degs N) = 34.33541
Longitude (degs E) = -78.05235
Date = 2026-08-11
Time (UTC), Pressure (mbar) MS5803, Temp (deg C) MS5803, Temp (deg C) 10KTHERM, Temp (deg C) TMP117, ED 415nm, ED 445nm, ED 480nm, ED 515nm, ED 555nm, ED 590nm, ED 630nm, ED 680nm, ED Clear, ED NIR, ED D-SAT, ED A-SAT, EU 415nm, EU 445nm, EU 480nm, EU 515nm, EU 555nm, EU 590nm, EU 630nm, EU 680nm, EU Clear, EU NIR, EU D-SAT, EU A-SAT
18:13:18, 1011.90, 166.50, 32.97, 29.805, 776, 1150, 1503, 1700, 1815, 1742, 1962, 1994, 13037, 3935, 0, 0, 10213, 15393, 22503, 26443, 32411, 36000, 36000, 36000, 36000, 36000, 1, 1
18:13:18, -4880.30, -513.52, 32.70, 29.977, 759, 1122, 1465, 1659, 1780, 1714, 1923, 1961, 12850, 3900, 0, 0, 10164, 15400, 22452, 26492, 32473, 36000, 36000, 36000, 36000, 36000, 1, 1
18:14:04, -4880.30, -513.52, 32.70, 29.625, 1144, 2082, 3330, 4901, 7458, 9054, 10579, 15568, 11992, 1606, 0, 0, 110, 106, 171, 337, 726, 1040, 1694, 2210, 2957, 332, 0, 0
18:14:08, 1071.00, 29.87, 32.68, 29.227, 462, 570, 1018, 2083, 3730, 4896, 6823, 8674, 8192, 784, 0, 0, 273, 449, 841, 1195, 256, 424, 799, 1142, 1288, 131, 0, 0
18:14:09, 1077.00, 29.87, 32.70, 29.172, 412, 460, 712, 1499, 2518, 3505, 5030, 6782, 6244, 560, 0, 0, 43, 38, 47, 84, 213, 362, 700, 1017, 1107, 111, 0, 0
18:14:10, 1083.90, 29.86, 32.70, 29.172, 294, 320, 491, 1027, 1980, 2846, 4213, 5823, 5122, 446, 0, 0, 36, 31, 38, 65, 170, 296, 590, 874, 923, 92, 0, 0
18:14:10, 1087.80, 29.85, 32.70, 29.117, 236, 252, 376, 789, 1695, 2450, 3768, 5157, 4639, 396, 0, 0, 33, 29, 34, 58, 152, 269, 543, 810, 852, 85, 0, 0
18:14:11, 1087.30, 29.84, 32.66, 29.094, 219, 233, 340, 716, 1539, 2236, 3515, 4807, 4123, 352, 0, 0, 32, 28, 34, 57, 157, 276, 557, 828, 876, 87, 0, 0
18:14:12, 1095.80, 29.82, 32.68, 29.094, 211, 223, 317, 662, 1416, 2047, 3338, 4659, 4049, 339, 0, 0, 27, 23, 27, 44, 121, 219, 459, 696, 707, 70, 0, 0
18:14:12, 1102.40, 29.81, 32.64, 29.070, 176, 190, 252, 529, 1218, 1855, 3190, 4501, 3461, 286, 0, 0, 22, 20, 22, 35, 96, 178, 383, 592, 587, 57, 0, 0
18:14:13, 1107.60, 29.80, 32.70, 29.062, 159, 171, 208, 413, 1006, 1515, 2789, 4093, 2889, 235, 0, 0, 19, 17, 19, 29, 81, 153, 337, 527, 513, 50, 0, 0
18:14:14, 1115.00, 29.79, 32.66, 29.062, 151, 155, 182, 334, 770, 1182, 2097, 3280, 2486, 196, 0, 0, 17, 15, 16, 24, 67, 128, 290, 461, 439, 42, 0, 0
18:14:15, 1122.50, 29.79, 32.68, 29.047, 110, 108, 125, 224, 621, 991, 1780, 2875, 2189, 168, 0, 0, 14, 12, 14, 19, 53, 103, 242, 391, 369, 35, 0, 0
18:14:15, 1130.10, 29.78, 32.66, 29.047, 87, 84, 95, 166, 437, 721, 1364, 2187, 1972, 145, 0, 0, 11, 9, 10, 14, 41, 82, 200, 331, 303, 29, 0, 0
18:14:16, 1134.60, 29.77, 32.66, 29.047, 75, 74, 81, 137, 363, 609, 1172, 1899, 1707, 125, 0, 0, 10, 9, 10, 13, 37, 74, 183, 306, 278, 26, 0, 0
18:14:17, 1140.80, 29.76, 32.62, 29.031, 63, 63, 69, 114, 315, 533, 1061, 1729, 1524, 113, 0, 0, 8, 7, 8, 10, 30, 62, 156, 266, 235, 22, 0, 0
18:14:17, 1148.00, 29.76, 32.66, 29.047, 53, 53, 57, 91, 259, 450, 917, 1509, 1399, 104, 0, 0, 7, 6, 6, 8, 24, 50, 131, 225, 196, 18, 0, 0
18:14:18, 1155.40, 29.75, 32.64, 29.047, 40, 40, 43, 65, 199, 353, 744, 1256, 1107, 82, 0, 0, 6, 5, 5, 7, 19, 41, 110, 194, 164, 15, 0, 0
18:14:19, 1162.90, 29.74, 32.62, 29.047, 35, 34, 37, 53, 167, 304, 649, 1103, 955, 71, 0, 0, 5, 4, 5, 6, 15, 33, 92, 165, 142, 13, 0, 0
18:14:19, 1169.30, 29.73, 32.62, 29.047, 29, 29, 29, 42, 122, 230, 500, 864, 685, 51, 0, 0, 4, 3, 4, 4, 12, 27, 77, 140, 117, 10, 0, 0
18:14:20, 1173.90, 29.72, 32.60, 29.047, 25, 25, 25, 35, 107, 203, 454, 795, 612, 46, 0, 0, 3, 3, 3, 4, 11, 23, 68, 125, 104, 9, 0, 0
18:14:21, 1179.80, 29.72, 32.62, 29.039, 22, 22, 22, 30, 88, 168, 382, 673, 495, 37, 0, 0, 3, 2, 3, 3, 9, 20, 60, 111, 92, 8, 0, 0
18:14:21, 1188.00, 29.72, 32.66, 29.039, 18, 18, 18, 24, 71, 140, 328, 583, 451, 34, 0, 0, 2, 2, 2, 3, 7, 16, 49, 93, 76, 7, 0, 0
18:14:22, 1194.50, 29.71, 32.62, 29.039, 15, 15, 14, 18, 57, 113, 272, 496, 355, 27, 0, 0, 2, 2, 2, 2, 6, 13, 43, 82, 66, 6, 0, 0
18:14:23, 1202.00, 29.70, 32.64, 29.039, 12, 12, 12, 14, 44, 88, 217, 402, 300, 23, 0, 0, 1, 1, 1, 2, 5, 10, 35, 68, 54, 4, 0, 0
18:14:23, 1205.50, -513.52, 32.64, 29.039, 10, 10, 10, 12, 39, 79, 196, 364, 268, 20, 0, 0, 1, 1, 1, 2, 4, 9, 32, 64, 51, 4, 0, 0
18:14:24, 9149.10, 29.69, 32.62, 29.039, 9, 9, 9, 11, 33, 67, 172, 324, 244, 19, 0, 0, 1, 1, 1, 1, 3, 8, 28, 56, 44, 3, 0, 0
18:14:25, 1214.70, 29.69, 32.60, 29.047, 8, 8, 7, 9, 27, 57, 147, 277, 210, 16, 0, 0, 1, 0, 1, 1, 3, 7, 26, 52, 40, 3, 0, 0
18:14:25, 1218.20, 29.70, 32.62, 29.047, 7, 8, 7, 8, 26, 54, 141, 269, 219, 17, 0, 0, 1, 0, 1, 1, 3, 6, 24, 48, 37, 3, 0, 0
18:14:26, 1225.80, 29.69, 32.62, 29.047, 6, 7, 6, 7, 21, 44, 117, 227, 195, 15, 0, 0, 0, 0, 1, 1, 2, 5, 19, 41, 30, 2, 0, 0
18:14:27, -4880.30, -513.52, 32.62, 29.039, 5, 6, 5, 6, 17, 37, 103, 199, 160, 12, 0, 0, 0, 0, 0, 1, 2, 4, 17, 36, 27, 2, 0, 0
18:14:27, -4880.30, -513.52, 32.64, 29.047, 4, 5, 4, 5, 15, 32, 89, 176, 133, 10, 0, 0, 0, 0, 0, 1, 1, 4, 15, 33, 25, 1, 0, 0
18:14:28, -4880.30, -513.52, 32.62, 29.047, 4, 4, 4, 4, 12, 27, 77, 154, 114, 9, 0, 0, 0, 0, 0, 1, 1, 3, 13, 29, 21, 1, 0, 0
18:14:29, -4880.30, -513.52, 32.62, 29.055, 3, 4, 3, 4, 11, 25, 71, 144, 113, 9, 0, 0, 0, 0, 0, 0, 1, 3, 12, 26, 19, 1, 0, 0
18:14:29, -4880.30, -513.52, 32.64, 29.047, 3, 3, 3, 3, 9, 20, 58, 119, 100, 8, 0, 0, 0, 0, 0, 0, 1, 2, 10, 22, 16, 1, 0, 0
18:14:30, -4880.30, -513.52, 32.60, 29.047, 2, 3, 2, 2, 7, 16, 48, 99, 78, 6, 0, 0, 0, 0, 0, 0, 0, 1, 8, 18, 14, 0, 0, 0
18:14:31, -4880.30, -513.52, 32.62, 29.047, 2, 2, 1, 2, 5, 12, 38, 80, 60, 5, 0, 0, 0, 0, 0, 0, 0, 1, 7, 16, 12, 0, 0, 0
18:14:31, -4880.30, -513.52, 32.64, -0.008, 2, 2, 1, 1, 4, 10, 32, 69, 51, 4, 0, 0, 0, 0, 0, 0, 0, 1, 6, 15, 11, 0, 0, 0
