Secchi Depth (cm) = 9999
Forel Ule Scale = 99
pH Colour Scale = 99
SensingSecchi S/N = A017
Latitude (degs N) = 34.35539
Longitude (degs E) = -78.17851
Date = 2026-08-11
Time (UTC), Pressure (mbar) MS5803, Temp (deg C) MS5803, Temp (deg C) 10KTHERM, Temp (deg C) TMP117, ED 415nm, ED 445nm, ED 480nm, ED 515nm, ED 555nm, ED 590nm, ED 630nm, ED 680nm, ED Clear, ED NIR, ED D-SAT, ED A-SAT, EU 415nm, EU 445nm, EU 480nm, EU 515nm, EU 555nm, EU 590nm, EU 630nm, EU 680nm, EU Clear, EU NIR, EU D-SAT, EU A-SAT
17:26:16, 1013.20, 31.08, 32.83, 35.156, 566, 776, 1025, 1142, 1216, 1236, 1275, 1415, 9330, 4392, 0, 0, 4299, 4793, 7210, 8345, 9186, 11886, 15875, 20260, 36000, 34659, 1, 1
17:26:16, 1012.80, 31.10, 32.83, 35.250, 523, 708, 940, 1039, 1198, 1192, 1251, 1374, 9801, 4344, 0, 0, 3650, 4825, 6826, 8428, 9248, 11082, 14699, 17235, 36000, 23652, 1, 1
17:26:17, 1012.60, 31.08, 32.81, 35.250, 1042, 1504, 2047, 2314, 3136, 2831, 3854, 3385, 24752, 10737, 0, 0, 5608, 7577, 10826, 14443, 13664, 19471, 31686, 36000, 36000, 35644, 1, 1
17:26:18, 1013.10, 31.11, 32.85, 35.172, 1661, 2762, 3576, 4713, 4837, 4706, 7506, 5242, 36000, 13819, 1, 1, 1767, 2345, 3414, 3949, 4616, 4841, 6040, 6737, 30948, 17984, 0, 0
17:26:18, 1013.00, 31.12, 32.85, 35.070, 11570, 18024, 25908, 32072, 33821, 32937, 35036, 35993, 36000, 33993, 1, 1, 1041, 1592, 2164, 2829, 2591, 2483, 3279, 2875, 7935, 1746, 0, 0
17:26:19, 1013.20, 31.13, 32.83, 35.070, 6767, 9596, 13314, 15464, 33380, 35378, 36000, 36000, 35734, 18834, 1, 1, 429, 637, 941, 1154, 894, 968, 1159, 1152, 4055, 749, 0, 0
17:26:20, 1016.00, 31.05, 32.85, 34.969, 5128, 8999, 11942, 16152, 3940, 3843, 4078, 4079, 17096, 3313, 0, 0, 159, 227, 431, 732, 935, 1101, 1382, 1412, 3523, 374, 0, 0
17:26:20, 1024.00, 30.97, 32.83, 33.531, 12395, 17699, 26311, 31221, 34926, 36000, 36000, 36000, 36000, 36000, 1, 1, 102, 136, 278, 497, 784, 919, 1157, 1174, 2978, 308, 0, 0
17:26:21, 1032.90, 30.95, 32.85, 33.531, 1998, 4600, 9624, 8632, 3987, 4154, 4943, 5706, 15815, 2204, 0, 0, 65, 77, 162, 314, 508, 628, 814, 819, 1772, 173, 0, 0
17:26:22, 1034.90, 30.94, 32.85, 32.063, 403, 823, 1428, 1896, 2085, 2116, 2398, 2357, 8294, 861, 0, 0, 41, 44, 94, 196, 382, 484, 632, 627, 1171, 101, 0, 0
17:26:22, 1027.50, 30.94, 32.81, 31.094, 446, 894, 1510, 1920, 2285, 2260, 2588, 2522, 9145, 1038, 0, 0, 45, 52, 109, 220, 439, 544, 707, 695, 1290, 112, 0, 0
17:26:23, 1026.20, 30.93, 32.83, 31.094, 611, 1172, 1831, 2162, 2523, 2456, 2756, 2744, 10000, 1249, 0, 0, 53, 63, 131, 259, 500, 617, 803, 796, 1454, 127, 0, 0
17:26:24, 1024.60, 30.93, 32.81, 30.578, 713, 1346, 2067, 2415, 2705, 2629, 2924, 2934, 10777, 1392, 0, 0, 62, 75, 155, 300, 567, 697, 899, 902, 1704, 154, 0, 0
17:26:24, 1023.90, 30.92, 32.87, 30.297, 825, 1545, 2330, 2742, 2996, 2955, 3296, 3341, 12684, 1688, 0, 0, 64, 77, 158, 303, 545, 670, 862, 865, 1665, 150, 0, 0
17:26:25, 1022.20, 30.92, 32.81, 30.297, 852, 1547, 2287, 2620, 2824, 2753, 3047, 3057, 12188, 1686, 0, 0, 60, 74, 151, 288, 518, 635, 816, 812, 1579, 140, 0, 0
17:26:26, 1023.00, 30.91, 32.79, 30.086, 879, 1554, 2269, 2564, 2698, 2620, 2902, 2862, 11857, 1652, 0, 0, 54, 67, 136, 262, 470, 578, 743, 735, 1423, 125, 0, 0
17:26:26, 1023.80, 30.91, 32.81, 29.969, 772, 1388, 2070, 2365, 2559, 2470, 2743, 2719, 10949, 1506, 0, 0, 52, 63, 129, 250, 460, 567, 730, 721, 1373, 120, 0, 0
17:26:27, 1021.40, 30.91, 32.77, 29.969, 887, 1571, 2314, 2689, 2944, 2865, 3206, 3129, 12834, 1780, 0, 0, 62, 75, 154, 292, 546, 669, 856, 856, 1688, 151, 0, 0
17:26:28, 1022.60, 30.91, 32.81, 29.891, 1051, 1796, 2591, 2944, 3010, 2964, 3277, 3154, 13391, 1855, 0, 0, 69, 83, 170, 323, 597, 733, 941, 949, 1927, 175, 0, 0
17:26:28, 1024.40, 30.90, 32.79, 29.836, 6161, 14710, 18019, 20614, 35473, 34879, 35878, 36000, 36000, 29294, 1, 1, 64, 77, 158, 301, 547, 673, 862, 867, 1786, 162, 0, 0
17:26:29, 1023.10, 30.90, 32.79, 29.836, 798, 1443, 2173, 2576, 2799, 2771, 3063, 2993, 12103, 1568, 0, 0, 59, 71, 147, 281, 520, 637, 817, 816, 1673, 152, 0, 0
17:26:30, 1022.10, 30.89, 32.81, 29.781, 873, 1530, 2237, 2613, 2757, 2736, 2986, 2919, 12091, 1641, 0, 0, 56, 70, 143, 272, 493, 601, 773, 762, 1544, 140, 0, 0
17:26:30, 1024.00, 30.89, 32.79, 29.750, 887, 1549, 2243, 2609, 2716, 2685, 2928, 2873, 11782, 1604, 0, 0, 54, 66, 136, 260, 479, 586, 755, 746, 1522, 137, 0, 0
17:26:31, 1024.20, 30.89, 32.79, 29.750, 784, 1414, 2097, 2494, 2680, 2656, 2906, 2838, 11481, 1494, 0, 0, 57, 69, 142, 272, 519, 637, 816, 817, 1723, 158, 0, 0
17:26:32, 1022.40, 30.88, 32.76, 29.727, 946, 1769, 2620, 3067, 4520, 4796, 5347, 7102, 17659, 2835, 0, 0, 67, 82, 168, 316, 574, 697, 897, 897, 1968, 187, 0, 0
17:26:32, 1023.10, 30.88, 32.77, 29.711, 5162, 11762, 21661, 18699, 21332, 22879, 29122, 35872, 36000, 18264, 1, 1, 63, 78, 159, 303, 552, 672, 870, 863, 1845, 171, 0, 0
17:26:33, 1023.20, 30.88, 32.77, 29.711, 902, 1667, 2448, 2869, 3055, 2980, 3226, 3272, 12766, 1730, 0, 0, 63, 76, 157, 298, 546, 664, 852, 849, 1869, 183, 0, 0
17:26:34, 1022.00, 30.88, 32.77, 29.703, 903, 1644, 2362, 2760, 3009, 2894, 3122, 3137, 12795, 1814, 0, 0, 61, 74, 152, 287, 527, 641, 824, 817, 1780, 169, 0, 0
17:26:34, 1020.80, 30.88, 32.76, 29.711, 962, 1679, 2396, 2799, 3087, 2999, 3224, 3223, 13457, 1950, 0, 0, 63, 79, 161, 303, 535, 648, 838, 826, 1782, 170, 0, 0
17:26:35, 1022.00, 30.87, 32.77, 29.711, 1055, 1818, 2559, 2878, 3971, 3900, 4374, 5588, 16596, 3145, 0, 0, 62, 77, 157, 293, 527, 642, 821, 820, 1766, 165, 0, 0
17:26:36, 1022.80, 30.87, 32.77, 29.711, 943, 1702, 2493, 2930, 5425, 5053, 5631, 7300, 21386, 3506, 0, 0, 60, 72, 148, 282, 528, 648, 829, 833, 1749, 161, 0, 0
17:26:36, 1023.90, 30.87, 32.74, 29.719, 4882, 11975, 14082, 15674, 21052, 19258, 20897, 34158, 36000, 15699, 1, 1, 66, 80, 164, 309, 559, 681, 874, 876, 1771, 167, 0, 0
17:26:37, 1024.30, 30.86, 32.79, 29.719, 1184, 2358, 3267, 3896, 3810, 3819, 4327, 4704, 16578, 2232, 0, 0, 63, 75, 155, 298, 553, 676, 872, 871, 1665, 152, 0, 0
17:26:38, 1024.90, 30.86, 32.79, 29.719, 772, 1441, 2179, 2496, 2765, 2697, 3023, 3033, 11394, 1463, 0, 0, 58, 70, 146, 284, 530, 648, 855, 838, 1487, 132, 0, 0
17:26:38, 1027.40, 30.86, 32.77, 29.719, 746, 1359, 2072, 2376, 2622, 2567, 2787, 2775, 9575, 1293, 0, 0, 51, 61, 126, 251, 470, 580, 770, 753, 1322, 115, 0, 0
17:26:39, 1025.60, 30.86, 32.74, 29.719, 626, 1164, 1791, 2113, 2390, 2325, 2538, 2536, 8170, 1168, 0, 0, 47, 57, 117, 233, 439, 539, 717, 695, 1181, 103, 0, 0
17:26:40, 1023.90, 30.85, 32.77, 29.695, 672, 1219, 1831, 2114, 2366, 2286, 2504, 2482, 7759, 1203, 0, 0, 46, 56, 115, 228, 428, 521, 696, 668, 1085, 94, 0, 0
17:26:40, 1024.00, 30.85, 32.77, 29.695, 719, 1285, 1904, 2178, 2474, 2369, 2605, 2572, 8096, 1221, 0, 0, 45, 56, 116, 229, 441, 532, 715, 679, 1062, 92, 0, 0
17:26:41, 1026.50, 30.84, 32.76, 29.695, 793, 1462, 2164, 2468, 2710, 2673, 2964, 2848, 9283, 1302, 0, 0, 52, 63, 129, 254, 484, 590, 787, 767, 1228, 105, 0, 0
17:26:42, 1026.10, 30.84, 32.76, 29.680, 702, 1396, 2122, 2425, 2913, 2732, 3013, 3035, 9974, 1327, 0, 0, 56, 67, 139, 273, 531, 649, 855, 842, 1399, 120, 0, 0
17:26:42, 1025.80, 30.83, 32.77, 29.656, 755, 1462, 2252, 2553, 3006, 2861, 3118, 3195, 10426, 1379, 0, 0, 63, 76, 157, 308, 595, 725, 955, 948, 1558, 136, 0, 0
17:26:43, 1025.70, 30.83, 32.76, 29.656, 808, 1540, 2386, 2711, 3118, 3005, 3279, 3382, 11327, 1447, 0, 0, 65, 79, 163, 320, 601, 727, 964, 948, 1557, 137, 0, 0
17:26:44, 1026.10, 30.82, 32.76, 29.648, 898, 1760, 2695, 3075, 9049, 7903, 9155, 13314, 27830, 5488, 0, 0, 57, 71, 146, 290, 533, 646, 862, 834, 1434, 126, 0, 0
17:26:45, 1026.40, 30.82, 32.77, 29.641, 4520, 13010, 17576, 17995, 35561, 28050, 33472, 36000, 36000, 23841, 1, 1, 52, 64, 132, 264, 492, 599, 800, 767, 1344, 118, 0, 0
17:26:45, 1026.20, 30.81, 32.77, 29.641, 3391, 9063, 13154, 13519, 24766, 19433, 23488, 36000, 36000, 16581, 1, 1, 51, 63, 130, 260, 489, 595, 793, 761, 1350, 118, 0, 0
17:26:46, 1026.10, 30.81, 32.76, 29.641, 2121, 5146, 7668, 8072, 21054, 17110, 19272, 33165, 36000, 13431, 1, 1, 53, 65, 134, 267, 506, 616, 818, 790, 1428, 126, 0, 0
17:26:47, 1026.90, 30.80, 32.74, 29.648, 3499, 9700, 13302, 13009, 23740, 21379, 23701, 36000, 36000, 15290, 1, 1, 55, 67, 139, 277, 526, 642, 855, 830, 1500, 133, 0, 0
17:26:47, 1026.50, 30.80, 32.76, 29.648, 4318, 11888, 17544, 16493, 28731, 30103, 34108, 36000, 36000, 19410, 1, 1, 57, 69, 142, 285, 544, 663, 885, 858, 1533, 136, 0, 0
17:26:48, 1025.90, 30.80, 32.74, 29.648, 5361, 13570, 21946, 19570, 30458, 31578, 35934, 36000, 36000, 21263, 1, 1, 60, 74, 153, 303, 569, 691, 920, 892, 1633, 148, 0, 0
17:26:49, 1026.30, 30.80, 32.77, 29.641, 5433, 13847, 21692, 19363, 31874, 30928, 35883, 36000, 36000, 21421, 1, 1, 58, 71, 145, 291, 538, 656, 874, 846, 1552, 139, 0, 0
17:26:49, 1027.20, 30.80, 32.77, 29.641, 4738, 12815, 21538, 19086, 31686, 28263, 35811, 36000, 36000, 21052, 1, 1, 54, 67, 138, 275, 510, 623, 829, 800, 1463, 130, 0, 0
17:26:50, 1026.90, 30.79, 32.77, 29.641, 4385, 12427, 17812, 17508, 30454, 30943, 34117, 36000, 36000, 19374, 1, 1, 53, 63, 131, 265, 511, 628, 839, 812, 1456, 128, 0, 0
17:26:51, 1026.30, 30.79, 32.76, 29.656, 5495, 13100, 20289, 19259, 22584, 27354, 30168, 36000, 36000, 15520, 1, 1, 56, 67, 137, 279, 518, 638, 852, 826, 1438, 127, 0, 0
17:26:51, 1025.10, 30.79, 32.76, 29.656, 732, 1302, 2034, 2315, 2581, 2569, 2748, 2842, 9607, 1329, 0, 0, 52, 64, 130, 262, 471, 579, 773, 744, 1306, 114, 0, 0
17:26:52, 1026.30, 30.78, 32.76, 29.664, 679, 1233, 1890, 2139, 2379, 2337, 2507, 2587, 8907, 1287, 0, 0, 44, 53, 108, 219, 409, 504, 672, 645, 1125, 99, 0, 0
17:26:53, 1025.90, 30.78, 32.74, 29.680, 638, 1173, 1796, 2033, 2364, 2303, 2482, 2535, 8446, 1271, 0, 0, 43, 52, 108, 216, 416, 511, 683, 655, 1121, 98, 0, 0
17:26:53, 1025.30, 30.77, 32.74, 29.680, 661, 1226, 1874, 2136, 2510, 2451, 2658, 2682, 8571, 1274, 0, 0, 48, 58, 120, 240, 470, 573, 772, 740, 1206, 105, 0, 0
17:26:54, 1024.90, 30.77, 32.76, 29.672, 744, 1358, 2057, 2351, 2765, 2709, 2939, 2986, 9136, 1362, 0, 0, 53, 66, 135, 270, 521, 633, 855, 823, 1308, 114, 0, 0
17:26:55, 1026.20, 30.77, 32.74, 29.672, 788, 1440, 2188, 2525, 2891, 2856, 3099, 3168, 9439, 1390, 0, 0, 54, 66, 135, 272, 504, 615, 828, 796, 1293, 112, 0, 0
17:26:55, 1025.70, 30.77, 32.77, 29.672, 695, 1304, 1998, 2296, 2670, 2569, 2791, 2947, 8877, 1312, 0, 0, 48, 59, 122, 244, 453, 552, 737, 706, 1189, 104, 0, 0
17:26:56, 1024.40, 30.76, 32.76, 29.672, 710, 1349, 2057, 2320, 2760, 2642, 2889, 3035, 9729, 1396, 0, 0, 49, 61, 125, 248, 473, 574, 765, 730, 1241, 109, 0, 0
17:26:57, 1026.50, 30.76, 32.76, 29.680, 5569, 13822, 15575, 20776, 31497, 30991, 32775, 35936, 36000, 24462, 1, 1, 58, 70, 145, 287, 535, 653, 869, 848, 1484, 132, 0, 0
17:26:57, 1030.90, 30.76, 32.77, 29.680, 4437, 11628, 14943, 16170, 23586, 24320, 25636, 31304, 36000, 15435, 1, 1, 59, 69, 143, 289, 547, 678, 903, 894, 1607, 142, 0, 0
17:26:58, 1035.70, 30.75, 32.72, 29.680, 1937, 4995, 8723, 8662, 17004, 17622, 19419, 30285, 35084, 8895, 0, 1, 51, 57, 119, 247, 485, 608, 813, 802, 1452, 128, 0, 0
17:26:59, 1042.30, 30.75, 32.72, 29.656, 2804, 6918, 16211, 15475, 22564, 21097, 27764, 36000, 36000, 8945, 1, 1, 44, 47, 98, 212, 424, 541, 728, 717, 1281, 113, 0, 0
17:26:59, 1049.40, 30.75, 32.74, 29.656, 446, 841, 1736, 2467, 2684, 2996, 3400, 3491, 8391, 797, 0, 0, 38, 38, 78, 174, 359, 470, 634, 629, 1108, 96, 0, 0
17:27:00, 1054.20, 30.74, 32.76, 29.641, 248, 464, 944, 1492, 1858, 2025, 2322, 2314, 5941, 526, 0, 0, 34, 33, 66, 151, 327, 434, 589, 588, 1016, 87, 0, 0
17:27:01, 1056.90, 30.74, 32.76, 29.625, 193, 357, 755, 1233, 1661, 1817, 2109, 2115, 5282, 449, 0, 0, 32, 30, 60, 138, 306, 410, 558, 556, 952, 81, 0, 0
17:27:01, 1060.80, 30.74, 32.74, 29.625, 168, 307, 650, 1096, 1543, 1686, 1981, 1996, 4753, 388, 0, 0, 30, 28, 55, 130, 292, 395, 542, 541, 908, 77, 0, 0
17:27:02, 1065.60, 30.73, 32.74, 29.586, 145, 254, 552, 972, 1401, 1541, 1836, 1857, 4195, 328, 0, 0, 29, 26, 50, 119, 275, 376, 518, 520, 855, 73, 0, 0
17:27:03, 1068.80, 30.73, 32.70, 29.578, 142, 238, 530, 964, 1383, 1543, 1855, 1853, 4211, 324, 0, 0, 29, 26, 49, 117, 272, 375, 521, 525, 855, 73, 0, 0
17:27:03, 1073.60, 30.72, 32.70, 29.578, 125, 197, 446, 848, 1264, 1432, 1739, 1729, 3813, 287, 0, 0, 26, 23, 43, 104, 248, 346, 485, 489, 787, 67, 0, 0
17:27:04, 1078.30, 30.72, 32.72, 29.562, 112, 169, 387, 761, 1143, 1301, 1592, 1580, 3413, 254, 0, 0, 25, 21, 39, 95, 233, 328, 463, 469, 746, 64, 0, 0
17:27:05, 1085.50, 30.72, 32.76, 29.562, 90, 127, 294, 601, 936, 1077, 1330, 1341, 2737, 200, 0, 0, 22, 19, 33, 80, 203, 291, 415, 422, 655, 56, 0, 0
17:27:05, 1090.50, 30.71, 32.76, 29.562, 79, 105, 246, 523, 857, 1002, 1252, 1261, 2485, 181, 0, 0, 20, 17, 29, 71, 186, 271, 390, 398, 604, 51, 0, 0
17:27:06, 1093.90, 30.71, 32.74, 29.555, 71, 90, 207, 453, 788, 930, 1163, 1184, 2265, 164, 0, 0, 19, 16, 27, 66, 176, 258, 374, 382, 572, 48, 0, 0
17:27:07, 1100.70, 30.71, 32.72, 29.547, 64, 78, 179, 400, 705, 840, 1055, 1085, 1983, 143, 0, 0, 17, 14, 23, 57, 156, 233, 341, 351, 509, 43, 0, 0
17:27:07, 1106.40, 30.70, 32.79, 29.547, 56, 64, 143, 331, 613, 744, 947, 979, 1718, 124, 0, 0, 15, 12, 20, 49, 139, 210, 311, 321, 458, 38, 0, 0
17:27:08, 1111.40, 30.70, 32.74, 29.531, 50, 55, 121, 286, 554, 680, 873, 907, 1542, 112, 0, 0, 14, 11, 18, 44, 129, 197, 294, 305, 429, 36, 0, 0
17:27:09, 1114.50, 30.69, 32.76, 29.539, 48, 51, 110, 264, 537, 666, 863, 898, 1498, 109, 0, 0, 14, 11, 17, 42, 125, 193, 290, 301, 419, 35, 0, 0
17:27:09, 1121.30, 30.69, 32.76, 29.539, 45, 47, 99, 241, 495, 618, 807, 855, 1382, 101, 0, 0, 13, 11, 16, 39, 117, 183, 278, 291, 400, 34, 0, 0
17:27:10, 1124.80, 30.68, 32.74, 29.531, 43, 44, 89, 223, 472, 603, 802, 847, 1358, 99, 0, 0, 12, 10, 15, 35, 110, 174, 265, 278, 381, 32, 0, 0
17:27:11, 1127.30, 30.68, 32.76, 29.539, 42, 42, 83, 209, 452, 584, 783, 829, 1326, 96, 0, 0, 12, 10, 14, 34, 107, 170, 260, 273, 373, 31, 0, 0
17:27:11, 1131.50, 30.68, 32.76, 29.539, 40, 39, 76, 193, 425, 552, 745, 795, 1251, 91, 0, 0, 11, 9, 13, 31, 99, 158, 245, 258, 349, 29, 0, 0
17:27:12, 1136.50, 30.67, 32.70, 29.531, 37, 36, 68, 174, 388, 510, 693, 743, 1140, 83, 0, 0, 10, 8, 12, 28, 90, 146, 228, 240, 319, 27, 0, 0
17:27:13, 1140.80, 30.67, 32.70, 29.531, 34, 33, 60, 155, 359, 476, 649, 700, 1024, 75, 0, 0, 10, 8, 11, 25, 83, 136, 214, 226, 294, 25, 0, 0
17:27:13, 1145.00, 30.67, 32.77, 29.531, 31, 30, 53, 138, 328, 440, 607, 657, 912, 67, 0, 0, 9, 7, 10, 23, 76, 126, 200, 212, 271, 22, 0, 0
17:27:14, 1149.30, 30.66, 32.74, 29.531, 29, 28, 48, 123, 302, 409, 569, 618, 814, 60, 0, 0, 8, 7, 9, 21, 71, 118, 189, 201, 252, 21, 0, 0
17:27:15, 1153.50, 30.66, 32.72, 29.531, 27, 26, 44, 114, 286, 391, 550, 597, 753, 56, 0, 0, 8, 6, 9, 19, 66, 112, 181, 193, 238, 20, 0, 0
17:27:15, 1156.10, 30.65, 32.72, 29.531, 26, 25, 40, 104, 269, 372, 529, 577, 700, 52, 0, 0, 7, 6, 8, 18, 63, 108, 175, 187, 228, 19, 0, 0
17:27:16, 1158.80, 30.65, 32.79, 29.531, 25, 24, 38, 100, 261, 365, 522, 569, 676, 50, 0, 0, 7, 6, 8, 17, 61, 104, 170, 182, 220, 18, 0, 0
17:27:17, 1161.80, 30.65, 32.72, 29.531, 24, 24, 37, 95, 252, 355, 511, 559, 646, 48, 0, 0, 7, 6, 8, 16, 58, 100, 165, 177, 211, 17, 0, 0
17:27:17, 1165.00, 30.65, 32.72, 29.531, 23, 22, 34, 89, 240, 340, 493, 542, 608, 45, 0, 0, 7, 5, 7, 15, 55, 96, 159, 171, 201, 16, 0, 0
17:27:18, 1170.20, 30.64, 32.76, 29.523, 22, 22, 33, 83, 222, 320, 467, 515, 555, 41, 0, 0, 6, 5, 7, 14, 51, 89, 148, 160, 186, 15, 0, 0
17:27:19, 1174.60, 30.64, 32.74, 29.523, 21, 20, 29, 76, 208, 304, 446, 493, 514, 37, 0, 0, 6, 5, 6, 13, 47, 83, 139, 151, 173, 14, 0, 0
17:27:19, 1178.50, 30.64, 32.77, 29.523, 20, 19, 27, 69, 195, 288, 426, 471, 479, 34, 0, 0, 5, 4, 6, 12, 43, 77, 131, 142, 161, 13, 0, 0
17:27:20, 1183.40, 30.63, 32.74, 29.523, 19, 18, 25, 63, 182, 273, 405, 450, 447, 32, 0, 0, 5, 4, 5, 10, 40, 72, 123, 134, 149, 12, 0, 0
17:27:21, 1187.90, 30.63, 32.74, 29.523, 18, 16, 22, 57, 171, 258, 385, 430, 419, 30, 0, 0, 5, 4, 5, 10, 37, 67, 116, 127, 139, 11, 0, 0
17:27:21, 1191.30, 30.63, 32.72, 29.523, 17, 16, 21, 53, 161, 246, 367, 414, 402, 28, 0, 0, 4, 3, 5, 9, 35, 64, 111, 122, 133, 11, 0, 0
17:27:22, 1194.40, 30.62, 32.76, 29.523, 16, 15, 20, 49, 152, 236, 352, 400, 384, 27, 0, 0, 4, 3, 4, 8, 33, 61, 106, 118, 127, 10, 0, 0
17:27:23, 1196.80, 30.62, 32.76, 29.523, 16, 15, 19, 47, 147, 229, 342, 393, 376, 26, 0, 0, 4, 3, 4, 8, 32, 59, 103, 115, 123, 10, 0, 0
17:27:23, 1200.00, 30.62, 32.76, 29.523, 16, 15, 19, 47, 147, 231, 345, 398, 384, 27, 0, 0, 4, 3, 4, 8, 31, 58, 101, 113, 120, 10, 0, 0
17:27:24, 1205.50, 30.62, 32.76, 29.523, 15, 14, 18, 42, 135, 215, 322, 378, 363, 25, 0, 0, 3, 3, 4, 7, 28, 53, 94, 105, 111, 9, 0, 0
17:27:25, 1210.10, 30.61, 32.76, 29.523, 15, 13, 17, 40, 129, 208, 313, 371, 361, 25, 0, 0, 3, 3, 3, 6, 26, 50, 89, 100, 105, 8, 0, 0
17:27:25, 1213.30, 30.61, 32.77, 29.523, 14, 13, 16, 37, 123, 201, 303, 362, 364, 26, 0, 0, 3, 3, 3, 6, 25, 48, 86, 97, 101, 8, 0, 0
17:27:26, 1216.10, 30.61, 32.70, 29.531, 13, 12, 15, 35, 115, 189, 288, 342, 357, 26, 0, 0, 3, 2, 3, 6, 24, 46, 83, 93, 98, 8, 0, 0
17:27:27, 1218.90, 30.61, 32.74, 29.531, 14, 12, 15, 35, 119, 195, 295, 355, 380, 28, 0, 0, 3, 2, 3, 6, 23, 45, 81, 92, 96, 8, 0, 0
17:27:28, 1222.90, 30.61, 32.74, 29.531, 13, 12, 15, 34, 114, 189, 289, 348, 393, 29, 0, 0, 3, 2, 3, 5, 22, 43, 78, 89, 93, 7, 0, 0
17:27:28, 1226.20, 30.61, 32.72, 29.531, 13, 12, 14, 32, 111, 185, 287, 342, 410, 30, 0, 0, 3, 2, 3, 5, 21, 41, 75, 86, 91, 7, 0, 0
17:27:29, 1230.00, 30.60, 32.74, 29.539, 12, 11, 14, 30, 106, 178, 280, 332, 421, 31, 0, 0, 3, 2, 3, 5, 20, 39, 73, 83, 89, 7, 0, 0
17:27:30, 1236.50, 30.60, 32.74, 29.539, 12, 11, 13, 29, 100, 170, 272, 321, 428, 32, 0, 0, 2, 2, 3, 4, 18, 36, 68, 78, 83, 6, 0, 0
17:27:30, 1240.30, 30.60, 32.76, 29.531, 11, 10, 12, 26, 92, 157, 255, 300, 414, 31, 0, 0, 2, 2, 2, 4, 17, 34, 65, 75, 80, 6, 0, 0
17:27:31, 1243.50, 30.59, 32.76, 29.531, 10, 10, 12, 24, 89, 154, 252, 296, 426, 32, 0, 0, 2, 2, 2, 4, 16, 33, 63, 72, 79, 6, 0, 0
17:27:32, 1247.30, 30.59, 32.76, 29.531, 10, 10, 11, 23, 84, 146, 241, 284, 418, 31, 0, 0, 2, 1, 2, 3, 15, 31, 60, 70, 77, 6, 0, 0
17:27:32, 1251.30, 30.58, 32.74, 29.531, 9, 9, 10, 22, 80, 140, 234, 276, 413, 31, 0, 0, 2, 1, 2, 3, 14, 30, 57, 67, 74, 6, 0, 0
17:27:33, 1254.50, 30.58, 32.72, 29.523, 9, 9, 10, 20, 75, 133, 225, 266, 400, 30, 0, 0, 2, 1, 2, 3, 14, 28, 55, 64, 72, 5, 0, 0
17:27:34, 1256.90, 30.58, 32.77, 29.523, 9, 9, 10, 19, 74, 131, 222, 264, 397, 30, 0, 0, 2, 1, 2, 3, 13, 28, 54, 64, 71, 5, 0, 0
17:27:34, 1259.90, 30.58, 32.76, 29.523, 8, 9, 9, 19, 71, 127, 216, 258, 390, 29, 0, 0, 2, 1, 2, 3, 13, 27, 52, 61, 69, 5, 0, 0
17:27:35, 1264.90, 30.57, 32.76, 29.523, 8, 8, 9, 17, 67, 120, 206, 247, 371, 28, 0, 0, 2, 1, 2, 3, 12, 25, 50, 59, 66, 5, 0, 0
17:27:36, 1268.00, 30.57, 32.74, 29.523, 8, 8, 8, 16, 62, 112, 194, 234, 350, 26, 0, 0, 1, 1, 1, 3, 11, 24, 48, 56, 64, 5, 0, 0
17:27:36, 1271.70, 30.57, 32.76, 29.523, 7, 7, 8, 15, 59, 108, 188, 228, 341, 26, 0, 0, 1, 1, 1, 2, 10, 23, 46, 54, 62, 4, 0, 0
17:27:37, 1275.60, 30.57, 32.76, 29.523, 7, 7, 7, 14, 55, 101, 177, 215, 323, 24, 0, 0, 1, 1, 1, 2, 10, 21, 43, 52, 59, 4, 0, 0
17:27:38, 1280.50, 30.56, 32.74, 29.523, 6, 7, 7, 13, 52, 96, 170, 207, 310, 23, 0, 0, 1, 1, 1, 2, 9, 20, 41, 49, 56, 4, 0, 0
17:27:38, 1286.90, 30.56, 32.72, 29.516, 6, 6, 6, 12, 47, 87, 156, 191, 286, 21, 0, 0, 1, 1, 1, 2, 8, 18, 38, 46, 52, 4, 0, 0
17:27:39, 1292.30, 30.56, 32.77, 29.516, 5, 6, 6, 10, 42, 79, 144, 177, 263, 20, 0, 0, 1, 1, 1, 2, 7, 17, 36, 43, 49, 3, 0, 0
17:27:40, 1297.30, 30.56, 32.70, 29.516, 5, 5, 5, 9, 39, 74, 135, 167, 247, 19, 0, 0, 1, 0, 1, 1, 7, 16, 34, 41, 46, 3, 0, 0
17:27:40, 1303.20, 30.55, 32.76, 29.516, 5, 5, 5, 8, 35, 68, 125, 156, 230, 17, 0, 0, 1, 0, 1, 1, 6, 15, 32, 39, 43, 3, 0, 0
17:27:41, 1307.90, 30.55, 32.79, 29.523, 4, 5, 4, 8, 31, 61, 115, 144, 211, 16, 0, 0, 0, 0, 1, 1, 6, 14, 30, 37, 41, 3, 0, 0
17:27:42, 1312.60, 30.55, 32.74, 29.523, 4, 5, 4, 7, 31, 61, 113, 143, 208, 16, 0, 0, 1, 0, 1, 1, 5, 13, 29, 35, 39, 3, 0, 0
17:27:42, 1316.70, 30.54, 32.76, 29.516, 4, 4, 4, 7, 29, 58, 109, 138, 199, 15, 0, 0, 0, 0, 1, 1, 5, 12, 28, 34, 37, 2, 0, 0
17:27:43, 1320.20, 30.54, 32.76, 29.516, 4, 4, 4, 6, 27, 55, 104, 133, 190, 14, 0, 0, 0, 0, 1, 1, 5, 12, 26, 33, 36, 2, 0, 0
17:27:44, 1325.20, 30.54, 32.74, 29.516, 4, 4, 4, 6, 26, 52, 100, 128, 180, 14, 0, 0, 0, 0, 1, 1, 4, 11, 25, 31, 34, 2, 0, 0
17:27:44, 1328.50, 30.54, 32.74, 29.508, 4, 4, 4, 6, 24, 49, 95, 122, 170, 13, 0, 0, 0, 0, 1, 1, 4, 10, 24, 30, 33, 2, 0, 0
17:27:45, 1332.90, 30.53, 32.74, 29.508, 3, 4, 3, 5, 22, 46, 90, 115, 158, 12, 0, 0, 0, 0, 0, 1, 4, 10, 23, 29, 31, 2, 0, 0
17:27:46, 1337.60, 30.53, 32.77, 29.508, 3, 4, 3, 5, 21, 43, 85, 110, 151, 11, 0, 0, 0, 0, 0, 1, 3, 9, 22, 27, 29, 2, 0, 0
17:27:46, 1342.10, 30.53, 32.76, 29.508, 3, 3, 3, 4, 19, 39, 77, 100, 137, 10, 0, 0, 0, 0, 0, 1, 3, 8, 20, 26, 27, 2, 0, 0
17:27:47, 1346.70, 30.53, 32.76, 29.500, 3, 3, 4, 4, 18, 37, 74, 96, 131, 10, 0, 0, 0, 0, 0, 1, 3, 8, 19, 25, 26, 1, 0, 0
17:27:48, 1350.60, 30.52, 32.77, 29.500, 3, 3, 3, 4, 16, 35, 69, 91, 123, 9, 0, 0, 0, 0, 0, 1, 3, 7, 18, 23, 25, 1, 0, 0
17:27:48, 1354.20, 30.52, 32.72, 29.500, 2, 3, 2, 3, 15, 32, 65, 86, 117, 9, 0, 0, 0, 0, 0, 0, 3, 7, 17, 23, 24, 1, 0, 0
17:27:49, 1357.70, 30.52, 32.77, 29.492, 2, 3, 2, 3, 14, 31, 64, 83, 111, 9, 0, 0, 0, 0, 0, 0, 2, 7, 17, 22, 23, 1, 0, 0
17:27:50, 1361.50, 30.51, 32.74, 29.492, 2, 3, 2, 3, 14, 30, 61, 81, 109, 8, 0, 0, 0, 0, 0, 1, 2, 6, 16, 21, 22, 1, 0, 0
17:27:50, 1366.00, 30.51, 32.76, 29.500, 2, 2, 2, 3, 13, 28, 58, 77, 102, 8, 0, 0, 0, 0, 0, 0, 2, 6, 15, 21, 21, 1, 0, 0
17:27:51, 1370.80, 30.51, 32.76, 29.492, 2, 2, 2, 3, 12, 27, 56, 74, 97, 8, 0, 0, 0, 0, 0, 0, 2, 5, 15, 20, 20, 1, 0, 0
17:27:52, 1374.40, 30.51, 32.76, 29.492, 2, 2, 2, 2, 11, 25, 52, 69, 90, 7, 0, 0, 0, 0, 0, 0, 2, 5, 14, 19, 19, 1, 0, 0
17:27:52, 1379.90, 30.50, 32.74, 29.492, 2, 2, 1, 2, 10, 23, 49, 65, 84, 7, 0, 0, 0, 0, 0, 0, 2, 5, 14, 19, 18, 1, 0, 0
17:27:53, 1387.20, 30.50, 32.74, 29.484, 2, 2, 1, 2, 9, 21, 45, 60, 78, 6, 0, 0, 0, 0, 0, 0, 1, 5, 13, 18, 18, 1, 0, 0
17:27:54, 1393.80, 30.49, 32.76, 29.484, 1, 2, 1, 2, 8, 19, 41, 56, 72, 6, 0, 0, 0, 0, 0, 0, 1, 4, 12, 17, 16, 1, 0, 0
17:27:54, 1393.90, 30.49, 32.72, 29.492, 1, 2, 1, 2, 8, 19, 40, 54, 69, 6, 0, 0, 0, 0, 0, 0, 1, 4, 12, 17, 16, 1, 0, 0
17:27:55, 1399.30, 30.48, 32.77, 29.484, 1, 2, 1, 2, 8, 18, 40, 53, 68, 5, 0, 0, 0, 0, 0, 0, 1, 4, 11, 16, 16, 0, 0, 0
17:27:56, 1402.50, 30.48, 32.72, 29.484, 1, 2, 1, 1, 7, 17, 37, 49, 62, 5, 0, 0, 0, 0, 0, 0, 1, 4, 12, 16, 15, 1, 0, 0
17:27:56, 1408.90, 30.47, 32.74, 29.484, 1, 1, 1, 1, 6, 15, 33, 45, 57, 5, 0, 0, 0, 0, 0, 0, 1, 3, 11, 16, 15, 1, 0, 0
17:27:57, 1414.80, 30.47, 32.74, 29.477, 1, 1, 1, 1, 6, 14, 30, 41, 52, 4, 0, 0, 0, 0, 0, 0, 1, 3, 11, 16, 14, 0, 0, 0
17:27:58, 1419.80, 30.46, 32.76, 29.477, 1, 1, 1, 1, 5, 13, 28, 38, 48, 4, 0, 0, 0, 0, 0, 0, 1, 3, 10, 16, 14, 1, 0, 0
17:27:58, 1425.10, 30.46, 32.72, 29.484, 1, 1, 1, 1, 5, 12, 26, 36, 45, 4, 0, 0, 0, 0, 0, 0, 1, 3, 10, 16, 14, 1, 0, 0
17:27:59, 1429.80, 30.45, 32.72, 29.484, 1, 1, 0, 1, 4, 11, 24, 34, 41, 3, 0, 0, 0, 0, 0, 0, 1, 3, 10, 16, 13, 0, 0, 0
17:28:00, 1435.20, 30.45, 32.76, 29.484, 1, 1, 0, 1, 4, 10, 23, 31, 38, 3, 0, 0, 0, 0, 0, 0, 1, 3, 10, 15, 13, 0, 0, 0
17:28:00, 1442.30, 30.45, 32.72, 29.484, 0, 1, 0, 1, 3, 9, 20, 28, 34, 3, 0, 0, 0, 0, 0, 0, 0, 2, 10, 15, 12, 0, 0, 0
17:28:01, 1445.30, 30.44, 32.72, 29.477, 0, 1, 0, 0, 3, 8, 19, 27, 32, 3, 0, 0, 0, 0, 0, 0, 0, 2, 9, 14, 11, 0, 0, 0
17:28:02, 1448.90, 30.44, 32.74, 29.477, 0, 1, 1, 0, 3, 8, 18, 26, 31, 3, 0, 0, 0, 0, 0, 0, 0, 2, 8, 13, 11, 0, 0, 0
17:28:02, 1451.50, 30.44, 32.74, 29.484, 0, 1, 0, 0, 3, 8, 17, 25, 30, 3, 0, 0, 0, 0, 0, 0, 1, 2, 10, 15, 13, 0, 0, 0
17:28:03, 1456.90, 30.44, 32.77, 29.477, 0, 1, 0, 0, 3, 7, 17, 24, 29, 3, 0, 0, 0, 0, 0, 0, 0, 3, 10, 16, 12, 0, 0, 0
17:28:04, 1461.10, 30.44, 32.76, 29.477, 0, 1, 0, 0, 3, 7, 16, 23, 28, 2, 0, 0, 0, 0, 0, 0, 1, 3, 11, 17, 15, 1, 0, 0
17:28:04, 1468.20, 30.44, 32.74, 29.484, 0, 1, 0, 0, 2, 7, 15, 22, 25, 2, 0, 0, 0, 0, 0, 0, 0, 2, 6, 11, 10, 0, 0, 0
17:28:05, 1471.40, 30.43, 32.72, 29.477, 0, 1, 0, 0, 2, 6, 14, 20, 22, 2, 0, 0, 0, 0, 0, 0, 0, 0, 1, 2, 1, 0, 0, 0
17:28:06, 1470.70, 30.43, 32.72, 29.477, 0, 1, 0, 0, 2, 5, 13, 19, 16, 2, 0, 0, 0, 0, 0, 0, 0, 0, 0, 1, 0, 0, 0, 0
17:28:06, 1470.60, 30.43, 32.74, 29.477, 0, 1, 0, 0, 2, 5, 11, 16, 12, 1, 0, 0, 0, 0, 0, 0, 0, 0, 1, 3, 2, 0, 0, 0
17:28:07, 1471.30, 30.42, 32.76, 29.469, 0, 1, 0, 0, 1, 4, 11, 15, 11, 1, 0, 0, 0, 0, 0, 0, 0, 0, 1, 3, 1, 0, 0, 0
17:28:08, 1470.50, 30.41, 32.74, 29.469, 0, 1, 0, 0, 1, 4, 10, 15, 13, 1, 0, 0, 0, 0, 0, 0, 0, 0, 1, 2, 1, 0, 0, 0
17:28:09, 1469.00, 30.41, 32.70, 29.469, 0, 1, 0, 0, 1, 4, 9, 13, 10, 1, 0, 0, 0, 0, 0, 0, 0, 0, 2, 3, 2, 0, 0, 0
17:28:09, 1468.70, 30.41, 32.70, 29.469, 0, 0, 0, 0, 1, 3, 6, 9, 6, 1, 0, 0, 0, 0, 0, 0, 0, 0, 1, 1, 0, 0, 0, 0
17:28:10, 1467.90, 30.41, 32.76, 29.477, 0, 0, 0, 0, 1, 2, 5, 8, 5, 1, 0, 0, 0, 0, 0, 0, 0, 0, 1, 2, 1, 0, 0, 0
17:28:11, 1465.90, 30.40, 32.76, 29.477, 0, 1, 0, 0, 1, 4, 8, 13, 9, 1, 0, 0, 0, 0, 0, 0, 0, 0, 4, 6, 4, 0, 0, 0
17:28:11, 1465.00, 30.39, 32.76, 29.477, 0, 1, 0, 0, 1, 3, 7, 11, 11, 1, 0, 0, 0, 0, 0, 1, 2, 6, 21, 36, 29, 2, 0, 0
17:28:12, 1463.90, 30.39, 32.76, 29.484, 0, 1, 0, 0, 1, 2, 5, 8, 6, 1, 0, 0, 0, 0, 0, 1, 2, 5, 19, 32, 26, 2, 0, 0
17:28:13, 1462.00, 30.39, 32.79, 29.484, 0, 1, 0, 0, 1, 4, 9, 14, 13, 1, 0, 0, 1, 1, 1, 1, 4, 10, 36, 59, 51, 4, 0, 0
17:28:13, 1460.90, 30.38, 32.77, 29.469, 0, 1, 0, 0, 1, 5, 11, 16, 17, 2, 0, 0, 0, 0, 1, 1, 3, 9, 30, 50, 44, 3, 0, 0
17:28:14, 1459.10, 30.38, 32.77, 29.477, 0, 1, 0, 0, 2, 6, 14, 21, 24, 2, 0, 0, 1, 0, 1, 1, 3, 9, 31, 52, 47, 3, 0, 0
17:28:15, 1457.30, 30.38, 32.76, 29.477, 0, 1, 0, 0, 1, 4, 8, 12, 12, 1, 0, 0, 1, 1, 1, 1, 5, 12, 40, 65, 57, 4, 0, 0
17:28:15, 1455.80, 30.38, 32.74, 29.469, 0, 1, 0, 0, 1, 4, 11, 15, 21, 2, 0, 0, 1, 1, 1, 2, 5, 13, 42, 67, 58, 4, 0, 0
17:28:16, 1451.20, 30.37, 32.77, 29.477, 0, 1, 0, 0, 1, 3, 6, 9, 12, 1, 0, 0, 1, 1, 1, 2, 6, 16, 50, 75, 63, 5, 0, 0
17:28:17, 1450.00, 30.37, 32.74, 29.477, 0, 0, 0, 0, 0, 2, 4, 6, 6, 1, 0, 0, 2, 1, 2, 2, 6, 16, 50, 77, 63, 5, 0, 0
17:28:17, 1452.40, 30.37, 32.74, 29.469, 0, 0, 0, 0, 1, 3, 7, 10, 9, 1, 0, 0, 1, 1, 1, 1, 2, 6, 20, 33, 30, 2, 0, 0
17:28:18, 1453.40, 30.37, 32.74, 29.469, 0, 1, 0, 0, 1, 3, 7, 11, 8, 1, 0, 0, 1, 1, 1, 2, 5, 12, 40, 65, 45, 3, 0, 0
17:28:19, 1457.60, 30.36, 32.72, 29.469, 0, 1, 0, 0, 1, 3, 7, 11, 7, 1, 0, 0, 1, 0, 1, 1, 3, 8, 26, 43, 23, 1, 0, 0
17:28:19, 1452.10, 30.36, 32.74, 29.461, 0, 1, 0, 0, 1, 4, 8, 13, 7, 1, 0, 0, 1, 1, 1, 2, 7, 17, 55, 84, 61, 5, 0, 0
17:28:20, 1455.80, 30.35, 32.74, 29.469, 0, 0, 0, 0, 0, 2, 4, 5, 5, 1, 0, 0, 3, 2, 2, 3, 10, 25, 74, 111, 80, 6, 0, 0
17:28:21, 1450.90, 30.35, 32.76, 29.469, 0, 0, 0, 0, 0, 0, 1, 0, 0, 0, 0, 0, 5, 5, 5, 6, 19, 44, 133, 179, 104, 9, 0, 0
17:28:21, 1453.00, 30.34, 32.74, 29.469, 0, 0, 0, 0, 0, 2, 5, 7, 5, 1, 0, 0, 1, 1, 2, 2, 7, 18, 57, 87, 58, 4, 0, 0
17:28:22, 1447.30, 30.34, 32.72, 29.477, 0, 0, 0, 0, 0, 2, 4, 6, 5, 1, 0, 0, 2, 2, 2, 3, 8, 21, 65, 96, 74, 6, 0, 0
17:28:23, 1448.40, 30.34, 32.74, 29.477, 0, 0, 0, 0, 0, 2, 4, 6, 5, 1, 0, 0, 2, 2, 2, 2, 7, 19, 61, 90, 69, 5, 0, 0
17:28:23, 1448.60, 30.34, 32.72, 29.461, 0, 0, 0, 0, 0, 2, 4, 6, 5, 1, 0, 0, 2, 2, 2, 2, 8, 21, 65, 95, 71, 6, 0, 0
17:28:24, 1449.20, 30.34, 32.74, 29.484, 0, 0, 0, 0, 0, 0, 0, 0, 0, 0, 0, 0, 7, 6, 7, 7, 17, 40, 113, 163, 94, 8, 0, 0
17:28:25, 1448.80, 30.34, 32.72, 29.484, 0, 0, 0, 0, 0, 0, 0, 0, 0, 0, 0, 0, 18, 16, 18, 19, 76, 169, 480, 659, 286, 23, 0, 0
17:28:25, 1449.30, 30.34, 32.70, 29.469, 0, 0, 0, 0, 0, 0, 0, 0, 0, 0, 0, 0, 40, 37, 39, 44, 169, 407, 1067, 1526, 775, 61, 0, 0
17:28:26, 1450.20, 30.34, 32.76, 29.469, 0, 0, 0, 0, 0, 0, 0, 0, 0, 0, 0, 0, 42, 38, 40, 46, 165, 397, 1095, 1506, 847, 66, 0, 0
17:28:27, 1450.80, 30.34, 32.77, 29.469, 0, 0, 0, 0, 0, 0, 0, 0, 0, 0, 0, 0, 40, 37, 39, 44, 170, 404, 1101, 1523, 832, 65, 0, 0
17:28:27, 1449.80, 30.34, 32.74, 29.461, 0, 0, 0, 0, 0, 0, 0, 0, 0, 0, 0, 0, 44, 41, 42, 49, 197, 466, 1259, 1696, 1083, 86, 0, 0
17:28:28, 1450.00, 30.34, 32.76, 29.469, 0, 0, 0, 0, 0, 0, 0, 0, 0, 0, 0, 0, 47, 43, 45, 52, 201, 476, 1289, 1728, 1109, 88, 0, 0
17:28:29, 1449.50, 30.34, 32.74, 29.469, 0, 0, 0, 0, 0, 0, 0, 1, 1, 0, 0, 0, 42, 39, 40, 46, 167, 388, 1059, 1526, 926, 73, 0, 0
17:28:29, 1449.20, 30.34, 32.76, 29.469, 0, 0, 0, 0, 0, 0, 0, 0, 0, 0, 0, 0, 44, 42, 43, 49, 209, 494, 1347, 1774, 1345, 106, 0, 0
17:28:30, 1447.90, 30.34, 32.76, 29.469, 0, 0, 0, 0, 0, 0, 0, 0, 0, 0, 0, 0, 45, 42, 44, 50, 175, 406, 1101, 1572, 1055, 82, 0, 0
17:28:31, 1447.00, 30.34, 32.72, 29.469, 0, 0, 0, 0, 0, 0, 0, 0, 0, 0, 0, 0, 47, 44, 46, 53, 204, 476, 1298, 1762, 1298, 102, 0, 0
17:28:31, 1445.60, 30.34, 32.74, 29.469, 0, 0, 0, 0, 0, 0, 1, 0, 0, 0, 0, 0, 49, 46, 48, 55, 220, 516, 1413, 1867, 1523, 120, 0, 0
17:28:32, 1443.40, 30.34, 32.76, 29.469, 0, 0, 0, 0, 0, 0, 0, 0, 0, 0, 0, 0, 51, 47, 50, 57, 227, 531, 1444, 1921, 1451, 114, 0, 0
17:28:33, 1443.80, 30.34, 32.74, 29.469, 0, 0, 0, 0, 0, 0, 0, 0, 0, 0, 0, 0, 52, 48, 51, 59, 225, 533, 1427, 1922, 1231, 97, 0, 0
17:28:33, 1444.90, 30.34, 32.76, 29.469, 0, 0, 0, 0, 0, 0, 0, 0, 0, 0, 0, 0, 49, 46, 48, 56, 215, 505, 1350, 1839, 1049, 82, 0, 0
17:28:34, 1445.90, 30.34, 32.72, 29.469, 0, 0, 0, 0, 0, 0, 0, 0, 0, 0, 0, 0, 48, 45, 47, 55, 224, 529, 1424, 1896, 1230, 97, 0, 0
17:28:35, 1446.70, 30.34, 32.77, 29.469, 0, 0, 0, 0, 0, 0, 0, 0, 0, 0, 0, 0, 47, 44, 46, 53, 202, 472, 1272, 1762, 1068, 84, 0, 0
17:28:35, 1447.20, 30.34, 32.76, 29.469, 0, 0, 0, 0, 0, 0, 0, 0, 0, 0, 0, 0, 48, 45, 47, 55, 213, 504, 1367, 1828, 1164, 91, 0, 0
17:28:36, 1447.70, 30.34, 32.74, 29.477, 0, 0, 0, 0, 0, 0, 0, 0, 0, 0, 0, 0, 49, 45, 47, 55, 210, 499, 1340, 1817, 1175, 92, 0, 0
17:28:37, 1447.70, 30.34, 32.76, 29.477, 0, 0, 0, 0, 0, 0, 0, 0, 0, 0, 0, 0, 48, 45, 47, 55, 212, 502, 1357, 1817, 1225, 96, 0, 0
17:28:37, 1448.40, 30.34, 32.74, 29.469, 0, 0, 0, 0, 0, 0, 0, 0, 0, 0, 0, 0, 48, 45, 47, 54, 211, 501, 1355, 1823, 1203, 94, 0, 0
17:28:38, 1448.50, 30.34, 32.77, 29.469, 0, 0, 0, 0, 0, 0, 0, 0, 0, 0, 0, 0, 48, 45, 47, 54, 215, 506, 1383, 1825, 1367, 107, 0, 0
17:28:39, 1449.10, 30.34, 32.76, 29.469, 0, 0, 0, 0, 0, 0, 0, 0, 0, 0, 0, 0, 48, 45, 47, 54, 213, 502, 1372, 1817, 1346, 105, 0, 0
17:28:39, 1449.60, 30.33, 32.76, 29.461, 0, 0, 0, 0, 0, 0, 0, 0, 0, 0, 0, 0, 48, 44, 47, 54, 217, 517, 1401, 1843, 1399, 111, 0, 0
17:28:40, 1449.30, 30.33, 32.74, 29.469, 0, 0, 0, 0, 0, 0, 0, 0, 0, 0, 0, 0, 48, 44, 46, 53, 204, 480, 1311, 1779, 1445, 114, 0, 0
17:28:41, 1446.40, 30.33, 32.76, 29.469, 0, 0, 0, 0, 0, 0, 0, 0, 0, 0, 0, 0, 42, 41, 41, 46, 174, 402, 1082, 1596, 1397, 112, 0, 0
17:28:41, 1444.10, 30.33, 32.72, 29.469, 0, 0, 0, 0, 0, 0, 1, 1, 1, 0, 0, 0, 49, 47, 48, 54, 213, 492, 1342, 1846, 1425, 111, 0, 0
17:28:42, 1455.00, 30.33, 32.74, 29.469, 0, 0, 0, 0, 0, 1, 2, 4, 4, 1, 0, 0, 30, 22, 25, 26, 74, 184, 465, 701, 458, 38, 0, 0
17:28:43, 1465.30, 30.33, 32.74, 29.469, 0, 0, 0, 0, 1, 4, 9, 14, 19, 2, 0, 0, 2, 1, 2, 2, 6, 15, 50, 82, 78, 6, 0, 0
17:28:43, 1472.10, 30.32, 32.76, 29.469, 0, 1, 0, 0, 2, 5, 13, 20, 28, 3, 0, 0, 1, 1, 2, 2, 5, 14, 46, 76, 69, 5, 0, 0
17:28:44, 1480.80, 30.31, 32.72, 29.469, 0, 1, 0, 0, 1, 4, 11, 16, 23, 2, 0, 0, 0, 0, 1, 1, 2, 6, 21, 36, 33, 2, 0, 0
17:28:45, 1493.20, 30.30, 32.77, 29.469, 0, 1, 0, 0, 1, 3, 7, 12, 8, 1, 0, 0, 0, 0, 0, 0, 0, 1, 5, 9, 7, 0, 0, 0
17:28:46, 1502.50, 30.30, 32.72, 29.461, 0, 1, 0, 0, 0, 1, 2, 6, 3, 1, 0, 0, 0, 0, 0, 0, 0, 1, 5, 9, 6, 0, 0, 0
17:28:46, 1506.90, 30.29, 32.74, 29.469, 0, 0, 0, 0, 0, 1, 1, 4, 3, 1, 0, 0, 0, 0, 0, 0, 0, 1, 5, 8, 6, 0, 0, 0
17:28:47, 1517.60, 30.29, 32.74, 29.469, 0, 0, 0, 0, 0, 1, 1, 4, 2, 0, 0, 0, 0, 0, 0, 0, 0, 1, 5, 8, 6, 0, 0, 0
17:28:48, 1525.20, 30.28, 32.74, 29.461, 1, 1, 0, 1, 3, 9, 25, 37, 38, 3, 0, 0, 0, 0, 0, 0, 0, 2, 10, 18, 14, 0, 0, 0
17:28:48, 1526.10, 30.28, 32.74, 29.461, 0, 1, 0, 0, 2, 7, 19, 30, 33, 3, 0, 0, 0, 0, 0, 0, 0, 2, 10, 18, 14, 0, 0, 0
17:28:49, 1531.50, 30.27, 32.74, 29.461, 0, 1, 0, 0, 1, 2, 6, 10, 9, 1, 0, 0, 0, 0, 0, 0, 1, 3, 12, 20, 16, 1, 0, 0
17:28:50, 1536.90, 30.27, 32.72, 29.461, 0, 0, 0, 0, 1, 2, 6, 10, 6, 1, 0, 0, 0, 0, 0, 0, 1, 2, 12, 20, 14, 0, 0, 0
17:28:50, 1541.20, 30.27, 32.76, 29.469, 0, 1, 0, 0, 1, 3, 8, 13, 7, 1, 0, 0, 0, 0, 0, 0, 1, 2, 11, 19, 14, 0, 0, 0
17:28:51, 1546.90, 30.26, 32.74, 29.469, 0, 1, 0, 0, 1, 3, 8, 13, 9, 1, 0, 0, 0, 0, 0, 0, 0, 1, 6, 10, 8, 0, 0, 0
17:28:52, 1544.50, 30.26, 32.70, 29.461, 0, 1, 0, 0, 1, 3, 9, 15, 9, 1, 0, 0, 0, 0, 0, 0, 0, 0, 4, 7, 4, 0, 0, 0
17:28:52, 1545.90, 30.26, 32.70, 29.469, 0, 1, 0, 0, 1, 4, 11, 18, 10, 1, 0, 0, 0, 0, 0, 0, 0, 0, 1, 3, 2, 0, 0, 0
17:28:53, 1547.30, 30.25, 32.74, 29.469, 0, 1, 0, 0, 1, 2, 6, 10, 5, 1, 0, 0, 0, 0, 0, 0, 0, 0, 1, 1, 1, 0, 0, 0
17:28:54, 1542.30, 30.25, 32.72, 29.461, 0, 0, 0, 0, 0, 2, 5, 8, 4, 1, 0, 0, 0, 0, 0, 0, 0, 0, 3, 5, 3, 0, 0, 0
17:28:54, 1542.10, 30.25, 32.74, 29.469, 0, 0, 0, 0, 0, 2, 4, 7, 4, 1, 0, 0, 0, 0, 0, 0, 0, 0, 3, 5, 4, 0, 0, 0
17:28:55, 1535.10, 30.25, 32.70, 29.469, 0, 0, 0, 0, 0, 2, 3, 6, 3, 1, 0, 0, 0, 0, 0, 0, 0, 2, 10, 17, 13, 1, 0, 0
17:28:56, 1540.00, 30.24, 32.76, 29.461, 0, 0, 0, 0, 1, 2, 6, 10, 6, 1, 0, 0, 0, 0, 0, 0, 0, 0, 1, 3, 2, 0, 0, 0
17:28:56, 1537.80, 30.24, 32.76, 29.469, 0, 1, 0, 0, 1, 2, 6, 10, 5, 1, 0, 0, 0, 0, 0, 0, 0, 0, 3, 5, 3, 0, 0, 0
17:28:57, 1534.20, 30.24, 32.74, 29.469, 0, 0, 0, 0, 1, 2, 6, 10, 6, 1, 0, 0, 0, 0, 0, 0, 0, 1, 8, 14, 12, 0, 0, 0
17:28:58, 1537.90, 30.24, 32.72, 29.461, 0, 1, 0, 0, 2, 7, 19, 29, 30, 3, 0, 0, 0, 0, 0, 0, 0, 2, 10, 18, 16, 1, 0, 0
17:28:58, 1534.80, 30.23, 32.76, 29.461, 0, 1, 0, 0, 2, 6, 15, 25, 23, 2, 0, 0, 0, 0, 0, 0, 0, 2, 10, 17, 14, 1, 0, 0
17:28:59, 1531.30, 30.23, 32.77, 29.461, 0, 1, 0, 0, 1, 3, 6, 10, 9, 1, 0, 0, 0, 0, 0, 0, 1, 2, 11, 19, 16, 1, 0, 0
17:29:00, 1529.90, 30.23, 32.72, 29.461, 0, 1, 0, 0, 1, 4, 9, 15, 14, 1, 0, 0, 0, 0, 0, 0, 0, 2, 10, 17, 15, 1, 0, 0
17:29:00, 1534.50, 30.23, 32.72, 29.469, 0, 1, 0, 0, 2, 7, 20, 32, 32, 3, 0, 0, 0, 0, 0, 0, 0, 2, 10, 18, 16, 1, 0, 0
17:29:01, 1533.20, 30.23, 32.74, 29.469, 0, 1, 0, 0, 2, 5, 14, 22, 18, 2, 0, 0, 0, 0, 0, 0, 0, 0, 2, 3, 3, 0, 0, 0
17:29:02, 1525.20, 30.23, 32.70, 29.461, 0, 1, 0, 0, 2, 5, 16, 24, 17, 2, 0, 0, 0, 0, 0, 0, 0, 1, 7, 12, 9, 0, 0, 0
17:29:02, 1517.30, 30.23, 32.74, 29.469, 0, 1, 0, 0, 1, 4, 11, 19, 10, 1, 0, 0, 0, 0, 0, 0, 0, 2, 11, 19, 13, 0, 0, 0
17:29:03, 1518.70, 30.23, 32.72, 29.469, 1, 1, 0, 1, 3, 9, 24, 37, 34, 3, 0, 0, 0, 0, 0, 0, 0, 2, 9, 17, 14, 0, 0, 0
17:29:04, 1518.40, 30.22, 32.74, 29.461, 0, 1, 0, 0, 1, 4, 9, 14, 10, 1, 0, 0, 0, 0, 0, 0, 0, 2, 10, 17, 13, 0, 0, 0
17:29:04, 1513.20, 30.22, 32.74, 29.469, 0, 1, 0, 0, 2, 5, 13, 22, 15, 1, 0, 0, 0, 0, 0, 0, 0, 2, 10, 17, 13, 0, 0, 0
17:29:05, 1511.50, 30.22, 32.74, 29.469, 1, 1, 0, 1, 3, 7, 20, 33, 25, 2, 0, 0, 0, 0, 0, 0, 0, 2, 10, 17, 13, 0, 0, 0
17:29:06, 1501.20, 30.22, 32.74, 29.469, 1, 1, 0, 1, 3, 8, 21, 34, 25, 2, 0, 0, 0, 0, 0, 0, 1, 2, 11, 19, 15, 1, 0, 0
17:29:06, 1492.50, 30.22, 32.70, 29.469, 1, 1, 0, 1, 4, 9, 26, 40, 27, 2, 0, 0, 0, 0, 0, 0, 1, 3, 12, 19, 15, 0, 0, 0
17:29:07, 1490.80, 30.22, 32.76, 29.469, 1, 1, 1, 1, 4, 11, 30, 47, 31, 3, 0, 0, 0, 0, 0, 0, 1, 3, 11, 18, 14, 0, 0, 0
17:29:08, 1480.40, 30.22, 32.72, 29.461, 1, 1, 1, 1, 4, 10, 27, 43, 30, 2, 0, 0, 0, 0, 0, 0, 1, 3, 11, 18, 14, 0, 0, 0
17:29:08, 1464.10, 30.22, 32.72, 29.469, 1, 1, 1, 1, 5, 12, 30, 48, 32, 3, 0, 0, 0, 0, 0, 0, 1, 3, 11, 18, 14, 1, 0, 0
17:29:09, 1462.00, 30.22, 32.76, 29.469, 2, 2, 1, 1, 7, 17, 46, 71, 45, 4, 0, 0, 0, 0, 0, 0, 1, 3, 11, 18, 14, 0, 0, 0
17:29:10, 1457.50, 30.22, 32.72, 29.469, 2, 2, 1, 2, 7, 17, 44, 70, 53, 4, 0, 0, 0, 0, 0, 0, 1, 3, 12, 18, 15, 1, 0, 0
17:29:10, 1446.80, 30.22, 32.72, 29.469, 1, 2, 1, 1, 5, 13, 33, 51, 38, 3, 0, 0, 0, 0, 0, 0, 1, 3, 13, 20, 16, 1, 0, 0
17:29:11, 1447.40, 30.22, 32.74, 29.469, 2, 2, 2, 2, 9, 20, 52, 83, 63, 5, 0, 0, 0, 0, 0, 0, 1, 3, 12, 19, 16, 1, 0, 0
17:29:12, 1435.40, 30.22, 32.76, 29.461, 2, 2, 2, 2, 6, 15, 39, 61, 48, 4, 0, 0, 0, 0, 0, 0, 1, 4, 14, 21, 18, 1, 0, 0
17:29:12, 1425.50, 30.22, 32.74, 29.469, 1, 2, 1, 1, 5, 13, 31, 48, 37, 3, 0, 0, 0, 0, 0, 0, 1, 5, 15, 22, 19, 1, 0, 0
17:29:13, 1431.50, 30.22, 32.76, 29.469, 3, 3, 2, 3, 13, 32, 80, 116, 134, 10, 0, 0, 0, 0, 0, 0, 1, 3, 12, 19, 16, 1, 0, 0
17:29:14, 1433.40, 30.22, 32.76, 29.461, 2, 2, 1, 2, 8, 19, 48, 76, 69, 6, 0, 0, 0, 0, 0, 0, 1, 3, 12, 18, 16, 1, 0, 0
17:29:14, 1419.60, 30.22, 32.72, 29.469, 1, 2, 1, 2, 4, 10, 24, 33, 39, 3, 0, 0, 0, 0, 0, 0, 2, 5, 16, 22, 20, 1, 0, 0
17:29:15, 1412.40, 30.21, 32.70, 29.469, 1, 1, 1, 1, 5, 12, 29, 38, 44, 4, 0, 0, 0, 0, 0, 0, 1, 4, 14, 20, 17, 1, 0, 0
17:29:16, 1412.40, 30.22, 32.72, 29.461, 1, 1, 0, 1, 4, 11, 25, 35, 33, 3, 0, 0, 0, 0, 0, 0, 1, 4, 11, 15, 14, 0, 0, 0
17:29:17, 1407.50, 30.22, 32.76, 29.469, 1, 2, 1, 2, 6, 15, 34, 50, 45, 4, 0, 0, 0, 0, 0, 0, 1, 4, 13, 19, 17, 1, 0, 0
17:29:17, 1408.80, 30.22, 32.70, 29.469, 1, 1, 1, 1, 5, 13, 29, 42, 35, 3, 0, 0, 0, 0, 0, 0, 1, 3, 9, 13, 12, 0, 0, 0
17:29:18, 1407.50, 30.21, 32.72, 29.469, 1, 1, 0, 1, 3, 9, 18, 25, 22, 2, 0, 0, 0, 0, 0, 0, 1, 3, 10, 14, 13, 0, 0, 0
17:29:19, 1405.00, 30.22, 32.68, 29.469, 1, 1, 0, 1, 4, 10, 20, 28, 25, 2, 0, 0, 0, 0, 0, 0, 1, 3, 10, 14, 12, 0, 0, 0
17:29:19, 1399.50, 30.21, 32.74, 29.469, 1, 1, 0, 1, 4, 11, 23, 33, 28, 2, 0, 0, 0, 0, 0, 0, 1, 3, 10, 14, 12, 0, 0, 0
17:29:20, 1391.80, 30.22, 32.72, 29.469, 1, 1, 0, 1, 4, 10, 21, 29, 28, 2, 0, 0, 0, 0, 0, 0, 1, 3, 10, 14, 12, 0, 0, 0
17:29:21, 1386.60, 30.22, 32.72, 29.469, 1, 1, 0, 1, 5, 12, 24, 32, 32, 3, 0, 0, 0, 0, 0, 0, 1, 4, 11, 14, 12, 0, 0, 0
17:29:21, 1382.80, 30.22, 32.70, 29.469, 1, 1, 1, 1, 5, 13, 27, 35, 38, 3, 0, 0, 0, 0, 0, 0, 1, 4, 11, 14, 12, 0, 0, 0
17:29:22, 1377.50, 30.22, 32.70, 29.461, 1, 1, 1, 1, 7, 15, 31, 41, 46, 4, 0, 0, 0, 0, 0, 0, 1, 4, 11, 15, 13, 0, 0, 0
17:29:23, 1376.00, 30.22, 32.74, 29.469, 1, 2, 1, 1, 7, 16, 34, 44, 54, 5, 0, 0, 0, 0, 0, 0, 1, 4, 12, 15, 14, 0, 0, 0
17:29:23, 1371.10, 30.22, 32.72, 29.469, 1, 2, 1, 1, 8, 17, 37, 48, 60, 5, 0, 0, 0, 0, 0, 0, 2, 5, 12, 16, 15, 0, 0, 0
17:29:24, 1363.00, 30.23, 32.72, 29.469, 1, 2, 1, 2, 9, 20, 41, 53, 69, 6, 0, 0, 0, 0, 0, 0, 2, 5, 14, 18, 17, 1, 0, 0
17:29:25, 1358.30, 30.23, 32.70, 29.484, 2, 2, 1, 2, 11, 23, 47, 61, 81, 6, 0, 0, 0, 0, 0, 0, 2, 6, 15, 19, 19, 1, 0, 0
17:29:25, 1354.90, 30.23, 32.72, 29.484, 2, 2, 1, 2, 11, 24, 49, 63, 82, 6, 0, 0, 0, 0, 0, 0, 2, 6, 15, 19, 18, 1, 0, 0
17:29:26, 1346.50, 30.23, 32.72, 29.469, 2, 2, 3, 3, 13, 28, 55, 70, 87, 7, 0, 0, 0, 0, 0, 0, 2, 6, 16, 21, 20, 1, 0, 0
17:29:27, 1343.80, 30.24, 32.74, 29.477, 2, 2, 2, 3, 13, 29, 56, 72, 90, 7, 0, 0, 0, 0, 0, 0, 2, 7, 17, 22, 20, 1, 0, 0
17:29:27, 1336.40, 30.24, 32.70, 29.477, 2, 3, 2, 3, 16, 34, 66, 83, 101, 8, 0, 0, 0, 0, 0, 1, 3, 8, 19, 23, 22, 1, 0, 0
17:29:28, 1327.40, 30.24, 32.74, 29.484, 3, 3, 3, 4, 20, 40, 77, 97, 118, 9, 0, 0, 0, 0, 0, 1, 4, 9, 21, 26, 25, 1, 0, 0
17:29:29, 1317.00, 30.24, 32.74, 29.477, 3, 3, 3, 5, 24, 49, 92, 115, 143, 11, 0, 0, 0, 0, 1, 1, 4, 10, 24, 30, 29, 2, 0, 0
17:29:29, 1311.90, 30.24, 32.74, 29.477, 4, 4, 4, 6, 27, 55, 101, 125, 161, 12, 0, 0, 0, 0, 1, 1, 5, 12, 26, 33, 32, 2, 0, 0
17:29:30, 1307.20, 30.24, 32.72, 29.484, 4, 4, 4, 7, 30, 59, 109, 134, 180, 14, 0, 0, 0, 0, 1, 1, 5, 13, 28, 35, 35, 2, 0, 0
17:29:31, 1296.00, 30.24, 32.72, 29.469, 5, 5, 6, 8, 38, 74, 134, 164, 224, 17, 0, 0, 1, 0, 1, 1, 7, 16, 33, 40, 42, 3, 0, 0
