Secchi Depth (cm) = 9999
Forel Ule Scale = 99
pH Colour Scale = 99
SensingSecchi S/N = A016
Latitude (degs N) = 34.30441
Longitude (degs E) = -78.01321
Date = 2026-08-11
Time (UTC), Pressure (mbar) MS5803, Temp (deg C) MS5803, Temp (deg C) 10KTHERM, Temp (deg C) TMP117, ED 415nm, ED 445nm, ED 480nm, ED 515nm, ED 555nm, ED 590nm, ED 630nm, ED 680nm, ED Clear, ED NIR, ED D-SAT, ED A-SAT, EU 415nm, EU 445nm, EU 480nm, EU 515nm, EU 555nm, EU 590nm, EU 630nm, EU 680nm, EU Clear, EU NIR, EU D-SAT, EU A-SAT
18:51:48, 1010.50, 31.96, 33.08, 28.187, 3034, 4849, 7471, 8325, 11685, 7907, 14925, 11014, 36000, 36000, 1, 1, 9692, 15957, 20814, 27044, 29904, 36000, 36000, 36000, 36000, 36000, 1, 1
18:51:48, 1009.70, 31.97, 33.08, 28.187, 3193, 4566, 7393, 7036, 9420, 7539, 9974, 9793, 36000, 36000, 1, 1, 10409, 15717, 23105, 25561, 35490, 36000, 36000, 36000, 36000, 36000, 1, 1
18:51:49, 1010.70, 31.98, 33.10, 28.164, 8370, 16609, 20523, 28882, 32880, 36000, 36000, 36000, 36000, 36000, 1, 1, 13776, 20333, 32495, 35848, 36000, 36000, 36000, 36000, 36000, 36000, 1, 1
18:51:50, 1010.10, 32.05, 33.06, 28.180, 10468, 16843, 25344, 30321, 11410, 12126, 18080, 16171, 36000, 28078, 1, 1, 7566, 11734, 17599, 20987, 23573, 24849, 29651, 32875, 36000, 34799, 1, 1
18:51:50, 1012.10, 32.05, 33.06, 28.180, 9860, 16693, 22629, 27631, 8824, 12085, 15066, 13435, 36000, 17355, 1, 1, 263, 320, 519, 899, 1645, 2150, 3156, 4111, 6927, 1020, 0, 0
18:51:51, 1016.80, 31.99, 33.08, 28.570, 6595, 10992, 12069, 17008, 20412, 20172, 30052, 30061, 18289, 5805, 0, 0, 263, 308, 489, 862, 1600, 2186, 3305, 4422, 6745, 954, 0, 0
18:51:52, 1023.50, 31.91, 33.04, 28.898, 1936, 3827, 5833, 8130, 5090, 4326, 8651, 5629, 11139, 2990, 0, 0, 325, 382, 612, 1062, 1608, 2207, 3364, 4530, 7683, 1126, 0, 0
18:51:52, 1029.00, 31.83, 33.04, 28.898, 2180, 4063, 6521, 8944, 19605, 20636, 24087, 30194, 36000, 17129, 1, 1, 230, 247, 377, 677, 1506, 2109, 3265, 4444, 7484, 1041, 0, 0
18:51:53, 1025.30, 31.77, 33.06, 29.008, 1847, 1333, 2619, 3530, 5102, 9857, 6365, 9882, 36000, 18946, 1, 1, 306, 343, 546, 960, 1892, 2573, 3875, 5200, 9409, 1356, 0, 0
18:51:54, 1022.40, 31.71, 33.04, 29.008, 2974, 3489, 6448, 7013, 13951, 14603, 15033, 27762, 36000, 35070, 1, 1, 261, 294, 469, 835, 1644, 2234, 3395, 4529, 8164, 1117, 0, 0
18:51:54, 1017.20, 31.66, 33.04, 29.047, 1660, 2142, 4143, 4153, 9813, 10221, 11396, 14296, 36000, 24098, 1, 1, 305, 373, 621, 1066, 1987, 2544, 3759, 4831, 9692, 1614, 0, 0
18:51:55, 1018.00, 31.63, 33.02, 29.062, 5719, 6050, 12334, 9686, 18557, 21286, 16679, 29956, 36000, 36000, 1, 1, 304, 378, 639, 1084, 1785, 2307, 3371, 4343, 8444, 1189, 0, 0
18:51:56, 1017.70, 31.61, 33.04, 29.062, 5436, 8971, 12750, 17221, 13190, 17732, 9011, 18856, 36000, 36000, 1, 1, 282, 353, 600, 1015, 1664, 2155, 3170, 4085, 8210, 1155, 0, 0
18:51:56, 1017.20, 31.57, 33.06, 29.070, 5281, 7800, 12096, 14382, 16491, 17365, 14012, 33603, 36000, 36000, 1, 1, 281, 353, 602, 1018, 1766, 2289, 3356, 4333, 8438, 1163, 0, 0
18:51:57, 1016.30, 31.54, 32.98, 29.078, 6105, 8660, 11989, 12211, 14700, 16946, 18489, 28058, 36000, 36000, 1, 1, 300, 373, 629, 1074, 1951, 2530, 3708, 4791, 9196, 1308, 0, 0
18:51:57, 1015.60, 31.51, 32.98, 29.078, 6718, 5383, 12780, 7734, 18121, 9283, 19504, 18486, 36000, 36000, 1, 1, 344, 441, 746, 1250, 2122, 2729, 3966, 5095, 9936, 1422, 0, 0
18:51:58, 1016.40, 31.49, 32.98, 29.070, 6287, 6121, 12735, 8490, 16134, 13264, 15700, 17439, 36000, 36000, 1, 1, 323, 411, 696, 1176, 2031, 2617, 3787, 4856, 9607, 1369, 0, 0
18:51:59, 1016.10, 31.48, 32.98, 29.078, 5111, 6190, 11372, 8795, 19587, 25710, 13175, 33147, 36000, 36000, 1, 1, 310, 394, 673, 1129, 1940, 2486, 3598, 4584, 9210, 1309, 0, 0
18:51:59, 1017.10, 31.47, 33.00, 29.078, 6816, 11439, 14932, 20440, 18280, 22443, 29573, 35150, 36000, 36000, 1, 1, 277, 345, 589, 1002, 1729, 2238, 3286, 4197, 8224, 1129, 0, 0
18:52:00, 1017.30, 31.45, 32.97, 29.078, 5603, 8732, 11279, 13802, 18019, 19585, 20061, 30584, 36000, 36000, 1, 1, 292, 365, 625, 1062, 1803, 2343, 3423, 4387, 8402, 1128, 0, 0
18:52:01, 1017.60, 31.44, 32.95, 29.094, 7136, 12854, 12165, 18036, 18640, 22561, 33033, 35773, 36000, 36000, 1, 1, 286, 355, 608, 1038, 1760, 2296, 3363, 4324, 8129, 1070, 0, 0
18:52:01, 1018.40, 31.42, 32.93, 29.094, 6640, 13365, 17292, 21267, 18073, 23185, 34232, 35944, 36000, 36000, 1, 1, 270, 329, 561, 971, 1782, 2323, 3419, 4386, 8302, 1078, 0, 0
18:52:02, 1019.60, 31.40, 32.95, 29.102, 6147, 10241, 12241, 16425, 12081, 13941, 18543, 22549, 36000, 30451, 1, 1, 274, 331, 562, 977, 1722, 2268, 3363, 4354, 8114, 1070, 0, 0
18:52:03, 1019.50, 31.38, 32.97, 29.117, 5149, 9452, 8956, 14414, 16900, 18845, 28925, 35307, 36000, 36000, 1, 1, 280, 336, 568, 984, 1745, 2300, 3407, 4428, 8287, 1108, 0, 0
18:52:03, 1019.60, 31.37, 32.97, 29.117, 5100, 9058, 8888, 14778, 18984, 20867, 35241, 35799, 36000, 36000, 1, 1, 278, 334, 562, 974, 1738, 2294, 3400, 4414, 8299, 1116, 0, 0
18:52:04, 1019.30, 31.36, 32.93, 29.125, 4956, 8794, 11397, 18397, 16917, 17763, 19117, 27972, 36000, 36000, 1, 1, 279, 336, 567, 980, 1799, 2360, 3474, 4516, 8556, 1162, 0, 0
18:52:05, 1019.90, 31.35, 32.97, 29.125, 4149, 8349, 11575, 16124, 30602, 27285, 34423, 34993, 36000, 35994, 1, 1, 269, 321, 540, 939, 1751, 2309, 3421, 4450, 8389, 1139, 0, 0
18:52:05, 1019.60, 31.33, 32.91, 29.125, 3260, 7075, 9422, 14905, 21351, 21744, 28350, 31025, 36000, 32484, 1, 1, 276, 329, 552, 960, 1760, 2326, 3458, 4502, 8461, 1152, 0, 0
18:52:06, 1019.90, 31.32, 32.95, 29.117, 3654, 7111, 9833, 15412, 20553, 20555, 23898, 32101, 36000, 35980, 1, 1, 284, 339, 565, 983, 1793, 2369, 3519, 4600, 8627, 1182, 0, 0
18:52:07, 1019.70, 31.30, 32.95, 29.117, 4138, 7118, 8677, 13963, 20000, 19225, 25126, 31443, 36000, 35698, 1, 1, 286, 342, 571, 993, 1837, 2428, 3595, 4700, 8751, 1176, 0, 0
18:52:07, 1018.70, 31.28, 32.95, 29.117, 3817, 7989, 9235, 13001, 19199, 18422, 29592, 35071, 36000, 36000, 1, 1, 283, 340, 569, 986, 1890, 2482, 3659, 4768, 9045, 1243, 0, 0
18:52:08, 1018.30, 31.28, 32.93, 29.109, 4547, 6863, 10175, 14314, 19384, 20266, 27971, 34142, 36000, 36000, 1, 1, 288, 348, 581, 1000, 1820, 2393, 3550, 4628, 8857, 1242, 0, 0
18:52:09, 1017.20, 31.27, 32.91, 29.109, 6980, 4258, 10574, 11338, 8845, 18390, 7639, 19064, 36000, 36000, 1, 1, 319, 392, 654, 1112, 2031, 2647, 3872, 5030, 9856, 1451, 0, 0
18:52:09, 1016.00, 31.25, 32.91, 29.094, 3786, 5300, 7778, 8610, 12568, 14225, 12493, 21465, 36000, 36000, 1, 1, 361, 452, 757, 1267, 2179, 2829, 4124, 5368, 10468, 1563, 0, 0
18:52:10, 1016.00, 31.24, 32.93, 29.086, 8632, 8236, 16257, 15945, 10368, 14547, 7874, 15713, 36000, 36000, 1, 1, 393, 499, 828, 1381, 2370, 3064, 4453, 5810, 11308, 1671, 0, 0
18:52:11, 1016.60, 31.22, 32.91, 29.086, 2717, 3626, 5485, 5234, 6368, 6300, 6986, 8303, 35944, 21622, 0, 1, 405, 509, 836, 1405, 2437, 3174, 4638, 6072, 11900, 1818, 0, 0
18:52:11, 1016.00, 31.20, 32.89, 29.070, 4610, 2851, 7588, 4835, 9259, 17207, 6873, 14659, 36000, 36000, 1, 1, 384, 480, 796, 1326, 2255, 2934, 4286, 5608, 10911, 1625, 0, 0
18:52:12, 1017.40, 31.19, 32.89, 29.062, 8856, 11376, 17129, 19659, 11667, 17211, 14784, 18126, 33762, 23303, 0, 1, 351, 432, 712, 1200, 2043, 2680, 3943, 5173, 9869, 1467, 0, 0
18:52:13, 1018.40, 31.18, 32.89, 29.062, 6281, 7889, 9843, 17766, 8071, 14056, 15484, 16275, 32991, 16312, 0, 1, 335, 403, 662, 1125, 1966, 2607, 3862, 5106, 9494, 1412, 0, 0
18:52:13, 1017.30, 31.16, 32.87, 29.070, 3779, 2894, 5324, 8916, 6458, 17838, 9649, 13923, 34040, 19257, 0, 1, 375, 457, 746, 1259, 2192, 2881, 4253, 5613, 10594, 1647, 0, 0
18:52:14, 1016.00, 31.15, 32.93, 29.070, 4234, 2602, 4893, 4844, 5595, 9141, 5744, 8156, 36000, 36000, 1, 1, 423, 526, 858, 1430, 2407, 3153, 4613, 6071, 11731, 1868, 0, 0
18:52:15, 1016.80, 31.14, 32.89, 29.070, 2228, 2367, 3754, 3928, 6215, 6978, 6027, 7828, 36000, 36000, 1, 1, 456, 575, 937, 1558, 2451, 3207, 4698, 6185, 12060, 1907, 0, 0
18:52:15, 1016.90, 31.12, 32.91, 29.055, 3177, 2303, 4472, 3967, 4525, 5326, 4988, 6056, 36000, 22818, 1, 1, 403, 504, 830, 1383, 2220, 2906, 4256, 5586, 10742, 1632, 0, 0
18:52:16, 1017.10, 31.11, 32.89, 29.062, 6232, 2853, 6171, 6581, 6092, 17933, 8466, 14271, 36000, 25827, 1, 1, 328, 401, 661, 1124, 1886, 2483, 3662, 4809, 9039, 1324, 0, 0
18:52:17, 1017.10, 31.10, 32.91, 29.062, 3979, 2872, 4249, 8421, 5835, 16051, 10522, 11337, 36000, 13036, 1, 1, 335, 409, 679, 1148, 2003, 2629, 3866, 5071, 9623, 1427, 0, 0
18:52:17, 1015.60, 31.09, 32.89, 29.062, 6642, 3590, 10649, 10229, 6994, 18079, 6924, 12438, 36000, 35967, 1, 1, 373, 466, 772, 1289, 2165, 2822, 4129, 5401, 10419, 1545, 0, 0
18:52:18, 1014.50, 31.08, 32.91, 29.070, 3750, 2929, 6502, 4579, 9377, 10306, 6839, 10590, 36000, 34654, 1, 1, 402, 518, 863, 1428, 2406, 3101, 4495, 5828, 11535, 1724, 0, 0
18:52:19, 1017.00, 31.07, 32.89, 29.070, 6103, 3655, 9640, 5266, 9994, 8297, 8578, 10094, 36000, 34427, 1, 1, 409, 524, 870, 1448, 2281, 2962, 4330, 5640, 10963, 1631, 0, 0
18:52:19, 1018.40, 31.06, 32.89, 29.062, 3643, 3528, 6652, 5477, 10833, 12822, 8203, 14981, 36000, 32107, 1, 1, 348, 425, 704, 1193, 1970, 2602, 3848, 5062, 9682, 1438, 0, 0
18:52:20, 1017.20, 31.06, 32.89, 29.062, 5123, 3962, 9551, 10588, 6794, 18051, 8651, 16479, 36000, 30956, 1, 1, 347, 420, 693, 1171, 1968, 2600, 3830, 5034, 9419, 1425, 0, 0
18:52:21, 1017.20, 31.05, 32.85, 29.062, 5654, 4799, 7824, 14410, 8334, 18246, 19119, 19911, 36000, 22221, 1, 1, 343, 420, 697, 1181, 2000, 2628, 3869, 5069, 9308, 1356, 0, 0
18:52:21, 1017.60, 31.04, 32.89, 29.055, 6634, 4090, 7509, 13833, 6691, 21354, 12479, 18702, 36000, 22886, 1, 1, 352, 430, 721, 1219, 2119, 2776, 4055, 5291, 9753, 1410, 0, 0
18:52:22, 1016.30, 31.03, 32.89, 29.055, 4980, 3025, 6190, 8838, 5691, 18498, 7191, 12143, 36000, 30218, 1, 1, 363, 452, 763, 1278, 2180, 2833, 4107, 5315, 10066, 1444, 0, 0
18:52:23, 1016.20, 31.02, 32.91, 29.062, 7958, 4437, 13410, 9075, 14151, 18785, 8747, 19321, 36000, 36000, 1, 1, 372, 473, 799, 1340, 2215, 2864, 4149, 5352, 10276, 1444, 0, 0
18:52:23, 1018.30, 31.01, 32.87, 29.070, 5613, 4415, 9568, 7066, 11341, 13757, 8549, 16315, 34767, 23950, 0, 1, 358, 447, 757, 1277, 2082, 2717, 3966, 5150, 9787, 1362, 0, 0
18:52:24, 1017.70, 31.00, 32.89, 29.070, 6862, 4020, 11647, 7319, 5242, 7702, 5497, 7339, 36000, 30867, 1, 1, 380, 474, 800, 1345, 2141, 2796, 4063, 5284, 10019, 1414, 0, 0
18:52:25, 1017.60, 31.00, 32.89, 29.070, 5271, 3196, 9213, 6788, 5729, 11333, 6146, 8825, 36000, 36000, 1, 1, 359, 443, 744, 1254, 2065, 2706, 3962, 5169, 9755, 1426, 0, 0
18:52:25, 1017.70, 30.99, 32.91, 29.086, 4464, 6843, 10209, 12453, 15318, 21598, 11079, 25036, 36000, 35218, 1, 1, 363, 450, 756, 1271, 2148, 2808, 4103, 5362, 10109, 1452, 0, 0
18:52:26, 1016.90, 30.98, 32.91, 29.086, 6707, 5556, 13254, 11956, 10101, 14297, 7242, 14938, 36000, 36000, 1, 1, 361, 445, 746, 1259, 2195, 2864, 4176, 5462, 10399, 1496, 0, 0
18:52:27, 1015.20, 30.97, 32.87, 29.078, 6078, 7049, 12856, 13999, 14289, 16821, 10289, 24017, 36000, 36000, 1, 1, 380, 481, 806, 1344, 2317, 2994, 4350, 5640, 10961, 1598, 0, 0
18:52:27, 1015.50, 30.96, 32.89, 29.078, 6144, 5652, 13829, 6836, 9989, 10320, 6944, 11346, 36000, 36000, 1, 1, 388, 498, 839, 1395, 2252, 2902, 4206, 5440, 10546, 1485, 0, 0
18:52:28, 1016.70, 30.96, 32.89, 29.078, 6380, 6321, 13475, 10072, 11660, 18905, 7909, 16931, 36000, 36000, 1, 1, 348, 440, 745, 1246, 2046, 2653, 3860, 5012, 9568, 1331, 0, 0
18:52:29, 1016.50, 30.96, 32.91, 29.070, 4393, 8878, 10874, 14464, 17071, 16177, 22032, 27019, 36000, 27646, 1, 1, 298, 366, 617, 1053, 1878, 2452, 3599, 4660, 8981, 1237, 0, 0
18:52:29, 1015.80, 30.96, 32.89, 29.078, 7921, 15684, 21506, 31084, 22113, 22608, 25128, 26263, 36000, 24740, 1, 1, 290, 362, 611, 1039, 1830, 2379, 3490, 4502, 8714, 1200, 0, 0
18:52:30, 1015.40, 30.96, 32.89, 29.078, 7318, 13761, 17065, 24939, 24711, 26055, 29973, 35190, 36000, 36000, 1, 1, 313, 397, 676, 1136, 2052, 2636, 3821, 4905, 9609, 1346, 0, 0
18:52:30, 1016.50, 30.96, 32.87, 29.070, 7197, 11292, 14071, 16748, 18576, 24424, 24020, 32974, 36000, 35642, 1, 1, 305, 384, 653, 1111, 1899, 2469, 3637, 4680, 8847, 1171, 0, 0
18:52:31, 1024.30, 30.95, 32.87, 29.078, 6136, 11131, 14797, 18736, 16717, 16663, 22310, 30549, 36000, 35880, 1, 1, 245, 287, 475, 839, 1298, 1773, 2757, 3670, 6017, 756, 0, 0
18:52:32, 1028.30, 30.95, 32.85, 29.078, 1819, 2956, 4980, 6543, 14107, 9688, 18003, 18940, 36000, 33369, 1, 1, 224, 251, 401, 724, 1266, 1754, 2751, 3688, 6259, 774, 0, 0
18:52:32, 1035.40, 30.95, 32.87, 29.070, 2707, 4380, 7109, 10423, 8107, 9223, 12094, 14831, 36000, 16789, 1, 1, 180, 190, 288, 528, 919, 1323, 2152, 2963, 4689, 562, 0, 0
18:52:33, 1042.30, 30.94, 32.89, 29.070, 1965, 2684, 4750, 7936, 7614, 10066, 12722, 18244, 36000, 10886, 1, 1, 142, 144, 206, 380, 765, 1136, 1898, 2667, 3979, 464, 0, 0
18:52:34, 1054.50, 30.94, 32.89, 29.078, 707, 953, 1430, 2844, 3526, 4783, 7026, 8152, 18695, 2706, 0, 0, 103, 101, 127, 226, 471, 755, 1357, 2018, 2494, 284, 0, 0
18:52:34, 1062.70, 30.94, 32.89, 29.078, 509, 411, 654, 1308, 2286, 3619, 4922, 7103, 7963, 947, 0, 0, 70, 67, 78, 131, 306, 514, 970, 1497, 1721, 192, 0, 0
18:52:35, 1068.70, 30.93, 32.91, 29.078, 391, 289, 475, 803, 1609, 2307, 3210, 4788, 4585, 533, 0, 0, 61, 58, 66, 108, 264, 451, 868, 1357, 1588, 176, 0, 0
18:52:36, 1073.50, 30.92, 32.91, 29.062, 230, 220, 325, 564, 849, 1199, 1859, 2571, 2438, 282, 0, 0, 61, 58, 64, 100, 236, 416, 824, 1315, 1378, 149, 0, 0
18:52:36, 1077.10, 30.91, 32.89, 29.055, 299, 336, 432, 797, 1486, 2262, 3539, 5427, 4224, 460, 0, 0, 47, 45, 50, 77, 193, 343, 693, 1116, 1190, 129, 0, 0
18:52:37, 1083.70, 30.91, 32.87, 29.055, 259, 284, 369, 692, 1533, 2346, 3951, 5681, 5529, 579, 0, 0, 40, 39, 42, 64, 157, 281, 581, 947, 1086, 115, 0, 0
18:52:38, 1092.50, 30.90, 32.85, 29.047, 175, 169, 209, 358, 651, 1035, 1658, 2587, 2287, 234, 0, 0, 31, 29, 31, 43, 107, 200, 440, 746, 745, 78, 0, 0
18:52:38, 1098.40, 30.90, 32.89, 29.062, 135, 125, 149, 248, 470, 797, 1328, 2141, 1987, 196, 0, 0, 25, 24, 24, 33, 85, 161, 368, 640, 614, 64, 0, 0
18:52:39, 1100.70, 30.89, 32.91, 29.062, 91, 75, 92, 146, 331, 561, 963, 1547, 1377, 136, 0, 0, 23, 22, 22, 30, 78, 150, 346, 608, 574, 59, 0, 0
18:52:40, 1102.50, 30.88, 32.89, 29.055, 86, 83, 98, 153, 378, 622, 1133, 1810, 1479, 145, 0, 0, 22, 21, 21, 28, 74, 142, 329, 581, 574, 60, 0, 0
18:52:40, 1105.50, 30.88, 32.91, 29.055, 99, 105, 117, 192, 481, 829, 1504, 2482, 2137, 207, 0, 0, 20, 19, 19, 25, 67, 129, 299, 527, 551, 56, 0, 0
18:52:41, 1109.60, 30.88, 32.87, 29.055, 85, 89, 98, 158, 330, 566, 1048, 1716, 1437, 137, 0, 0, 17, 16, 16, 21, 56, 109, 262, 474, 437, 44, 0, 0
18:52:42, 1113.30, 30.88, 32.87, 29.062, 57, 53, 61, 95, 255, 444, 822, 1354, 1185, 111, 0, 0, 16, 15, 15, 19, 50, 97, 237, 430, 408, 41, 0, 0
18:52:42, 1119.30, 30.87, 32.89, 29.070, 68, 67, 73, 114, 301, 529, 1037, 1703, 1574, 145, 0, 0, 14, 13, 13, 16, 43, 85, 208, 378, 374, 38, 0, 0
18:52:43, 1124.80, 30.87, 32.89, 29.070, 59, 59, 63, 95, 211, 382, 746, 1284, 1123, 103, 0, 0, 11, 10, 10, 13, 33, 66, 169, 315, 284, 28, 0, 0
18:52:44, 1129.70, 30.86, 32.87, 29.062, 46, 43, 48, 68, 172, 315, 621, 1075, 909, 83, 0, 0, 10, 9, 9, 11, 29, 59, 151, 284, 268, 26, 0, 0
18:52:44, 1133.40, 30.86, 32.87, 29.070, 45, 45, 47, 68, 172, 317, 651, 1141, 959, 87, 0, 0, 9, 8, 8, 10, 27, 54, 141, 269, 253, 25, 0, 0
18:52:45, 1139.80, 30.85, 32.89, 29.070, 41, 41, 43, 61, 153, 289, 620, 1088, 982, 88, 0, 0, 8, 8, 7, 9, 22, 44, 121, 238, 215, 21, 0, 0
18:52:46, 1144.90, 30.85, 32.87, 29.070, 27, 25, 27, 36, 96, 185, 390, 702, 579, 52, 0, 0, 7, 6, 6, 7, 18, 37, 103, 206, 181, 18, 0, 0
18:52:46, 1149.50, 30.84, 32.87, 29.070, 26, 25, 27, 35, 92, 179, 388, 709, 591, 53, 0, 0, 6, 5, 5, 6, 15, 31, 90, 183, 161, 16, 0, 0
18:52:47, 1152.50, 30.84, 32.85, 29.062, 23, 22, 23, 30, 76, 149, 332, 622, 514, 46, 0, 0, 5, 5, 4, 5, 13, 27, 79, 163, 143, 14, 0, 0
18:52:48, 1154.50, 30.83, 32.87, 29.055, 20, 20, 21, 27, 66, 130, 299, 563, 486, 44, 0, 0, 4, 4, 4, 4, 11, 23, 68, 144, 122, 12, 0, 0
18:52:48, 1155.90, 30.82, 32.87, 29.055, 16, 16, 17, 22, 54, 107, 250, 477, 384, 35, 0, 0, 4, 4, 3, 4, 10, 20, 61, 131, 110, 10, 0, 0
18:52:49, 1159.80, 30.82, 32.85, 29.039, 15, 15, 16, 19, 48, 95, 230, 446, 370, 33, 0, 0, 3, 3, 3, 3, 8, 16, 51, 112, 95, 9, 0, 0
18:52:50, 1163.00, 30.82, 32.89, 29.023, 12, 12, 13, 15, 38, 76, 187, 373, 296, 27, 0, 0, 3, 2, 2, 3, 7, 13, 44, 97, 81, 8, 0, 0
18:52:50, 1166.00, 30.81, 32.89, 29.023, 10, 10, 11, 12, 29, 59, 149, 304, 238, 22, 0, 0, 2, 2, 2, 2, 5, 11, 37, 84, 68, 6, 0, 0
18:52:51, 1167.20, 30.81, 32.85, 29.023, 8, 8, 9, 10, 23, 46, 119, 243, 189, 17, 0, 0, 2, 2, 2, 2, 5, 10, 34, 77, 63, 5, 0, 0
18:52:52, 1168.30, 30.82, 32.89, 29.023, 7, 7, 8, 9, 20, 41, 107, 220, 174, 16, 0, 0, 2, 2, 1, 2, 4, 9, 31, 72, 59, 5, 0, 0
18:52:52, 1169.20, 30.82, 32.87, 29.023, 7, 7, 7, 9, 19, 39, 101, 209, 170, 16, 0, 0, 2, 1, 1, 1, 4, 8, 29, 67, 55, 5, 0, 0
18:52:53, 1170.20, 30.82, 32.85, 29.023, 6, 6, 7, 8, 18, 37, 96, 200, 168, 15, 0, 0, 2, 1, 1, 2, 4, 8, 27, 64, 53, 5, 0, 0
18:52:54, 1171.80, 30.82, 32.85, 29.023, 6, 6, 7, 8, 17, 36, 95, 197, 176, 16, 0, 0, 1, 1, 1, 1, 4, 7, 25, 59, 50, 4, 0, 0
18:52:54, 1173.40, 30.82, 32.85, 29.023, 5, 6, 6, 7, 16, 33, 87, 183, 156, 14, 0, 0, 1, 1, 1, 1, 3, 7, 24, 56, 47, 4, 0, 0
18:52:55, 1176.50, 30.81, 32.87, 29.016, 5, 5, 6, 7, 14, 29, 80, 168, 147, 13, 0, 0, 1, 1, 1, 1, 3, 5, 21, 49, 40, 3, 0, 0
18:52:56, 1179.20, 30.81, 32.87, 29.016, 4, 4, 5, 6, 12, 25, 70, 149, 128, 12, 0, 0, 1, 1, 1, 1, 2, 5, 18, 45, 36, 3, 0, 0
18:52:56, 1181.10, 30.80, 32.85, 29.016, 4, 4, 5, 5, 11, 22, 63, 136, 119, 11, 0, 0, 1, 1, 0, 1, 2, 4, 17, 41, 34, 3, 0, 0
18:52:57, 1181.10, 30.79, 32.87, 29.008, 3, 4, 4, 5, 10, 21, 60, 130, 110, 10, 0, 0, 1, 0, 0, 1, 2, 4, 16, 40, 33, 2, 0, 0
18:52:58, 1182.80, 30.79, 32.89, 29.008, 3, 4, 4, 5, 10, 21, 58, 127, 108, 10, 0, 0, 1, 0, 0, 0, 2, 4, 15, 38, 30, 2, 0, 0
18:52:58, 1187.00, 30.78, 32.83, 29.008, 3, 3, 4, 4, 9, 19, 54, 119, 98, 9, 0, 0, 1, 0, 0, 0, 2, 3, 13, 35, 29, 2, 0, 0
18:52:59, 1191.20, 30.78, 32.89, 29.008, 3, 3, 3, 4, 7, 15, 44, 99, 78, 7, 0, 0, 0, 0, 0, 0, 1, 3, 11, 29, 23, 2, 0, 0
18:52:59, 1194.50, 30.77, 32.87, 29.008, 2, 2, 3, 3, 6, 13, 38, 88, 70, 6, 0, 0, 0, 0, 0, 0, 1, 2, 9, 25, 20, 1, 0, 0
18:53:00, 1196.70, 30.77, 32.85, 29.000, 2, 2, 3, 3, 5, 11, 35, 81, 66, 6, 0, 0, 0, 0, 0, 0, 1, 2, 9, 23, 19, 1, 0, 0
18:53:01, 1199.20, 30.77, 32.85, 29.008, 2, 2, 2, 3, 5, 10, 32, 74, 58, 5, 0, 0, 0, 0, 0, 0, 1, 2, 8, 22, 17, 1, 0, 0
18:53:01, 1202.10, 30.76, 32.85, 29.008, 1, 2, 2, 3, 4, 9, 29, 68, 53, 5, 0, 0, 0, 0, 0, 0, 1, 1, 7, 19, 15, 1, 0, 0
18:53:02, 1205.70, 30.76, 32.83, 29.008, 2, 1, 2, 2, 4, 8, 26, 63, 50, 5, 0, 0, 0, 0, 0, 0, 1, 1, 6, 18, 14, 1, 0, 0
18:53:03, 1209.60, 30.75, 32.83, 29.016, 1, 1, 2, 2, 3, 7, 23, 54, 41, 4, 0, 0, 0, 0, 0, 0, 0, 1, 5, 15, 12, 1, 0, 0
18:53:03, 1214.40, 30.75, 32.85, 29.016, 1, 1, 2, 2, 3, 6, 19, 47, 37, 3, 0, 0, 0, 0, 0, 0, 0, 0, 4, 13, 10, 0, 0, 0
18:53:04, 1218.40, 30.74, 32.85, 29.008, 1, 1, 1, 2, 2, 4, 16, 39, 30, 3, 0, 0, 0, 0, 0, 0, 0, 0, 4, 11, 8, 0, 0, 0
18:53:05, 1222.20, 30.74, 32.87, 29.008, 1, 1, 1, 1, 2, 4, 15, 37, 29, 3, 0, 0, 0, 0, 0, 0, 0, 0, 3, 10, 8, 0, 0, 0
18:53:05, 1224.90, 30.73, 32.87, 29.008, 0, 0, 1, 1, 1, 3, 13, 32, 24, 2, 0, 0, 0, 0, 0, 0, 0, 0, 3, 9, 6, 0, 0, 0
18:53:06, 1228.60, 30.72, 32.85, 29.008, 0, 0, 1, 1, 1, 3, 12, 30, 23, 2, 0, 0, 0, 0, 0, 0, 0, 0, 2, 8, 6, 0, 0, 0
18:53:07, 1233.50, 30.72, 32.87, 29.008, 0, 0, 1, 1, 1, 2, 10, 26, 20, 2, 0, 0, 0, 0, 0, 0, 0, 0, 2, 7, 5, 0, 0, 0
18:53:07, 1235.10, 30.71, 32.85, 29.008, 0, 0, 1, 1, 1, 2, 9, 23, 17, 2, 0, 0, 0, 0, 0, 0, 0, 0, 2, 6, 5, 0, 0, 0
18:53:08, 1237.10, 30.71, 32.83, 29.008, 0, 0, 1, 1, 1, 2, 9, 23, 17, 2, 0, 0, 0, 0, 0, 0, 0, 0, 2, 6, 5, 0, 0, 0
18:53:09, 1238.90, 30.70, 32.89, 29.008, 0, 0, 1, 1, 1, 2, 8, 21, 16, 2, 0, 0, 0, 0, 0, 0, 0, 0, 1, 6, 4, 0, 0, 0
18:53:09, 1240.30, 30.70, 32.85, 29.008, 0, 0, 1, 1, 1, 2, 8, 21, 15, 1, 0, 0, 0, 0, 0, 0, 0, 0, 1, 6, 4, 0, 0, 0
18:53:10, 1241.90, 30.70, 32.83, 29.008, 0, 0, 1, 1, 1, 2, 8, 21, 16, 1, 0, 0, 0, 0, 0, 0, 0, 0, 1, 6, 4, 0, 0, 0
18:53:11, 1245.00, 30.70, 32.85, 29.016, 0, 0, 1, 1, 1, 2, 8, 20, 16, 1, 0, 0, 0, 0, 0, 0, 0, 0, 1, 6, 4, 0, 0, 0
18:53:11, 1248.80, 30.69, 32.81, 29.016, 0, 0, 1, 1, 0, 1, 7, 17, 13, 1, 0, 0, 0, 0, 0, 0, 0, 0, 1, 5, 3, 0, 0, 0
18:53:12, 1253.90, 30.70, 32.87, 29.008, 0, 0, 1, 1, 0, 1, 6, 16, 12, 1, 0, 0, 0, 0, 0, 0, 0, 0, 1, 4, 3, 0, 0, 0
18:53:13, 1255.10, 30.69, 32.85, 29.008, 0, 0, 1, 1, 0, 1, 5, 15, 11, 1, 0, 0, 0, 0, 0, 0, 0, 0, 1, 4, 3, 0, 0, 0
18:53:13, 1256.00, 30.69, 32.85, 29.016, 0, 0, 1, 1, 0, 1, 6, 15, 11, 1, 0, 0, 0, 0, 0, 0, 0, 0, 1, 4, 3, 0, 0, 0
18:53:14, 1256.90, 30.69, 32.85, 29.016, 0, 0, 1, 1, 0, 1, 6, 16, 11, 1, 0, 0, 0, 0, 0, 0, 0, 0, 1, 4, 3, 0, 0, 0
18:53:15, 1261.80, 30.68, 32.89, 29.016, 0, 0, 1, 1, 0, 1, 5, 15, 11, 1, 0, 0, 0, 0, 0, 0, 0, 0, 1, 4, 3, 0, 0, 0
18:53:15, 1268.30, 30.68, 32.83, 29.008, 0, 0, 1, 1, 0, 1, 4, 12, 9, 1, 0, 0, 0, 0, 0, 0, 0, 0, 0, 3, 2, 0, 0, 0
18:53:16, 1272.30, 30.68, 32.83, 29.016, 0, 0, 0, 1, 0, 0, 4, 10, 7, 1, 0, 0, 0, 0, 0, 0, 0, 0, 0, 2, 2, 0, 0, 0
18:53:17, 1277.00, 30.67, 32.87, 29.016, 0, 0, 0, 1, 0, 0, 4, 10, 7, 1, 0, 0, 0, 0, 0, 0, 0, 0, 0, 2, 1, 0, 0, 0
18:53:17, 1280.80, 30.67, 32.87, 29.016, 0, 0, 0, 1, 0, 0, 3, 9, 6, 1, 0, 0, 0, 0, 0, 0, 0, 0, 0, 2, 1, 0, 0, 0
18:53:18, 1284.50, 30.66, 32.87, 29.016, 0, 0, 0, 1, 0, 0, 3, 7, 6, 1, 0, 0, 0, 0, 0, 0, 0, 0, 0, 2, 1, 0, 0, 0
18:53:19, 1290.80, 30.65, 32.85, 29.016, 0, 0, 0, 0, 0, 0, 3, 8, 5, 1, 0, 0, 0, 0, 0, 0, 0, 0, 0, 1, 1, 0, 0, 0
18:53:19, 1296.80, 30.65, 32.81, 29.016, 0, 0, 0, 0, 0, 0, 2, 6, 4, 0, 0, 0, 0, 0, 0, 0, 0, 0, 0, 1, 0, 0, 0, 0
18:53:20, 1303.90, 30.65, 32.87, 29.023, 0, 0, 0, 0, 0, 0, 2, 5, 4, 0, 0, 0, 0, 0, 0, 0, 0, 0, 0, 1, 0, 0, 0, 0
18:53:21, 1309.40, 30.64, 32.83, 29.023, 0, 0, 0, 0, 0, 0, 1, 4, 3, 0, 0, 0, 0, 0, 0, 0, 0, 0, 0, 1, 0, 0, 0, 0
18:53:21, 1311.80, 30.64, 32.83, 29.016, 0, 0, 0, 0, 0, 0, 1, 4, 3, 0, 0, 0, 0, 0, 0, 0, 0, 0, 0, 0, 0, 0, 0, 0
18:53:22, 1314.40, 30.64, 32.83, 29.016, 0, 0, 0, 0, 0, 0, 1, 4, 2, 0, 0, 0, 0, 0, 0, 0, 0, 0, 0, 0, 0, 0, 0, 0
18:53:23, 1319.70, 30.64, 32.85, 29.016, 0, 0, 0, 0, 0, 0, 1, 4, 3, 0, 0, 0, 0, 0, 0, 0, 0, 0, 0, 0, 0, 0, 0, 0
18:53:23, 1326.00, 30.63, 32.85, 29.016, 0, 0, 0, 0, 0, 0, 1, 3, 2, 0, 0, 0, 0, 0, 0, 0, 0, 0, 0, 0, 0, 0, 0, 0
18:53:24, 1330.60, 30.63, 32.85, 29.023, 0, 0, 0, 0, 0, 0, 1, 3, 2, 0, 0, 0, 0, 0, 0, 0, 0, 0, 0, 0, 0, 0, 0, 0
18:53:25, 1333.40, 30.63, 32.85, 29.023, 0, 0, 0, 0, 0, 0, 1, 3, 2, 0, 0, 0, 0, 0, 0, 0, 0, 0, 0, 0, 0, 0, 0, 0
18:53:25, 1335.10, 30.63, 32.85, 29.016, 0, 0, 0, 0, 0, 0, 1, 3, 2, 0, 0, 0, 0, 0, 0, 0, 0, 0, 0, 0, 0, 0, 0, 0
18:53:26, 1339.60, 30.63, 32.87, 29.016, 0, 0, 0, 0, 0, 0, 1, 3, 2, 0, 0, 0, 0, 0, 0, 0, 0, 0, 0, 0, 0, 0, 0, 0
18:53:27, 1346.10, 30.63, 32.85, 29.016, 0, 0, 0, 0, 0, 0, 1, 2, 2, 0, 0, 0, 0, 0, 0, 0, 0, 0, 0, 0, 0, 0, 0, 0
18:53:27, 1351.30, 30.63, 32.85, 29.023, 0, 0, 0, 0, 0, 0, 1, 2, 1, 0, 0, 0, 0, 0, 0, 0, 0, 0, 0, 0, 0, 0, 0, 0
18:53:28, 1355.00, 30.62, 32.83, 29.023, 0, 0, 0, 0, 0, 0, 1, 1, 1, 0, 0, 0, 0, 0, 0, 0, 0, 0, 0, 0, 0, 0, 0, 0
18:53:29, 1357.40, 30.63, 32.85, 29.023, 0, 0, 0, 0, 0, 0, 1, 2, 1, 0, 0, 0, 0, 0, 0, 0, 0, 0, 0, 0, 0, 0, 0, 0
18:53:29, 1362.50, 30.62, 32.83, 29.031, 0, 0, 0, 0, 0, 0, 1, 2, 1, 0, 0, 0, 0, 0, 0, 0, 0, 0, 0, 0, 0, 0, 0, 0
18:53:30, 1368.60, 30.62, 32.85, 29.031, 0, 0, 0, 0, 0, 0, 1, 1, 1, 0, 0, 0, 0, 0, 0, 0, 0, 0, 0, 0, 0, 0, 0, 0
18:53:31, 1371.80, 30.62, 32.85, 29.023, 0, 0, 0, 0, 0, 0, 0, 1, 1, 0, 0, 0, 0, 0, 0, 0, 0, 0, 0, 0, 0, 0, 0, 0
18:53:31, 1374.40, 30.62, 32.81, 29.031, 0, 0, 0, 0, 0, 0, 1, 1, 1, 0, 0, 0, 0, 0, 0, 0, 0, 0, 0, 0, 0, 0, 0, 0
18:53:32, 1375.50, 30.61, 32.83, 29.031, 0, 0, 0, 0, 0, 0, 0, 1, 1, 0, 0, 0, 0, 0, 0, 0, 0, 0, 0, 0, 0, 0, 0, 0
18:53:32, 1376.00, 30.61, 32.83, 29.023, 0, 0, 0, 0, 0, 0, 1, 1, 1, 0, 0, 0, 0, 0, 0, 0, 0, 0, 0, 0, 0, 0, 0, 0
18:53:33, 1376.40, 30.61, 32.83, 29.031, 0, 0, 0, 0, 0, 0, 1, 1, 1, 0, 0, 0, 0, 0, 0, 0, 0, 0, 0, 0, 0, 0, 0, 0
18:53:34, 1379.10, 30.61, 32.81, 29.031, 0, 0, 0, 0, 0, 0, 0, 1, 1, 0, 0, 0, 0, 0, 0, 0, 0, 0, 0, 0, 0, 0, 0, 0
18:53:34, 1382.80, 30.61, 32.89, 29.023, 0, 0, 0, 0, 0, 0, 0, 1, 1, 0, 0, 0, 0, 0, 0, 0, 0, 0, 0, 0, 0, 0, 0, 0
18:53:35, 1385.20, 30.61, 32.87, 29.023, 0, 0, 0, 0, 0, 0, 0, 1, 1, 0, 0, 0, 0, 0, 0, 0, 0, 0, 0, 0, 0, 0, 0, 0
18:53:36, 1388.40, 30.60, 32.83, 29.023, 0, 0, 0, 0, 0, 0, 0, 1, 1, 0, 0, 0, 0, 0, 0, 0, 0, 0, 0, 0, 0, 0, 0, 0
18:53:36, 1389.40, 30.60, 32.83, 29.016, 0, 0, 0, 0, 0, 0, 0, 1, 1, 0, 0, 0, 0, 0, 0, 0, 0, 0, 0, 0, 0, 0, 0, 0
18:53:37, 1391.20, 30.61, 32.85, 29.016, 0, 0, 0, 0, 0, 0, 0, 1, 1, 0, 0, 0, 0, 0, 0, 0, 0, 0, 0, 0, 0, 0, 0, 0
18:53:38, 1394.50, 30.60, 32.81, 29.016, 0, 0, 0, 0, 0, 0, 0, 1, 0, 0, 0, 0, 0, 0, 0, 0, 0, 0, 0, 0, 0, 0, 0, 0
18:53:38, 1398.30, 30.60, 32.87, 29.008, 0, 0, 0, 0, 0, 0, 0, 1, 0, 0, 0, 0, 0, 0, 0, 0, 0, 0, 0, 0, 0, 0, 0, 0
18:53:39, 1399.70, 30.60, 32.85, 29.008, 0, 0, 0, 0, 0, 0, 0, 1, 0, 0, 0, 0, 0, 0, 0, 0, 0, 0, 0, 0, 0, 0, 0, 0
18:53:40, 1399.30, 30.60, 32.85, 29.016, 0, 0, 0, 0, 0, 0, 0, 1, 0, 0, 0, 0, 0, 0, 0, 0, 0, 0, 0, 0, 0, 0, 0, 0
18:53:40, 1399.80, 30.60, 32.79, 29.016, 0, 0, 0, 0, 0, 0, 0, 1, 0, 0, 0, 0, 0, 0, 0, 0, 0, 0, 0, 0, 0, 0, 0, 0
18:53:41, 1401.70, 30.60, 32.79, 29.016, 0, 0, 0, 0, 0, 0, 0, 1, 0, 0, 0, 0, 0, 0, 0, 0, 0, 0, 0, 0, 0, 0, 0, 0
18:53:42, 1406.40, 30.60, 32.85, 29.008, 0, 0, 0, 0, 0, 0, 0, 1, 0, 0, 0, 0, 0, 0, 0, 0, 0, 0, 0, 0, 0, 0, 0, 0
18:53:42, 1408.30, 30.60, 32.83, 29.016, 0, 0, 0, 0, 0, 0, 0, 1, 0, 0, 0, 0, 0, 0, 0, 0, 0, 0, 0, 0, 0, 0, 0, 0
18:53:43, 1409.70, 30.60, 32.83, 29.016, 0, 0, 0, 0, 0, 0, 0, 1, 0, 0, 0, 0, 0, 0, 0, 0, 0, 0, 0, 0, 0, 0, 0, 0
18:53:44, 1410.40, 30.60, 32.85, 29.008, 0, 0, 0, 0, 0, 0, 0, 1, 0, 0, 0, 0, 0, 0, 0, 0, 0, 0, 0, 0, 0, 0, 0, 0
18:53:44, 1408.80, 30.60, 32.83, 29.016, 0, 0, 0, 0, 0, 0, 0, 1, 0, 0, 0, 0, 0, 0, 0, 0, 0, 0, 0, 0, 0, 0, 0, 0
18:53:45, 1407.00, 30.59, 32.81, 29.016, 0, 0, 0, 0, 0, 0, 0, 1, 0, 0, 0, 0, 0, 0, 0, 0, 0, 0, 0, 0, 0, 0, 0, 0
18:53:46, 1412.50, 30.59, 32.85, 29.008, 0, 0, 0, 0, 0, 0, 0, 1, 0, 0, 0, 0, 0, 0, 0, 0, 0, 0, 0, 0, 0, 0, 0, 0
18:53:46, 1414.90, 30.59, 32.83, 29.016, 0, 0, 0, 0, 0, 0, 0, 1, 0, 0, 0, 0, 0, 0, 0, 0, 0, 0, 0, 0, 0, 0, 0, 0
18:53:47, 1414.90, 30.58, 32.83, 29.016, 0, 0, 0, 0, 0, 0, 0, 1, 0, 0, 0, 0, 0, 0, 0, 0, 0, 0, 0, 0, 0, 0, 0, 0
18:53:48, 1412.10, 30.59, 32.83, 29.008, 0, 0, 0, 0, 0, 0, 0, 1, 0, 0, 0, 0, 0, 0, 0, 0, 0, 0, 0, 0, 0, 0, 0, 0
18:53:48, 1415.10, 30.58, 32.85, 29.016, 0, 0, 0, 0, 0, 0, 0, 1, 0, 0, 0, 0, 0, 0, 0, 0, 0, 0, 0, 0, 0, 0, 0, 0
18:53:49, 1426.10, 30.58, 32.83, 29.016, 0, 0, 0, 0, 0, 0, 0, 1, 0, 0, 0, 0, 0, 0, 0, 0, 0, 0, 0, 0, 0, 0, 0, 0
18:53:50, 1425.00, 30.58, 32.83, 29.000, 0, 0, 0, 0, 0, 0, 0, 1, 0, 0, 0, 0, 0, 0, 0, 0, 0, 0, 0, 0, 0, 0, 0, 0
18:53:50, 1424.00, 30.58, 32.83, 29.008, 0, 0, 0, 0, 0, 0, 0, 1, 0, 0, 0, 0, 0, 0, 0, 0, 0, 0, 0, 0, 0, 0, 0, 0
18:53:51, 1427.20, 30.58, 32.83, 29.008, 0, 0, 0, 0, 0, 0, 0, 1, 0, 0, 0, 0, 0, 0, 0, 0, 0, 0, 0, 0, 0, 0, 0, 0
18:53:52, 1434.00, 30.58, 32.83, 29.000, 0, 0, 0, 0, 0, 0, 0, 0, 0, 0, 0, 0, 0, 0, 0, 0, 0, 0, 0, 0, 0, 0, 0, 0
18:53:52, 1440.50, 30.58, 32.83, 29.000, 0, 0, 0, 0, 0, 0, 0, 0, 0, 0, 0, 0, 0, 0, 0, 0, 0, 0, 0, 0, 0, 0, 0, 0
18:53:53, 1441.80, 30.58, 32.79, 29.008, 0, 0, 0, 0, 0, 0, 0, 0, 0, 0, 0, 0, 0, 0, 0, 0, 0, 0, 0, 0, 0, 0, 0, 0
18:53:54, 1443.90, 30.58, 32.81, 29.008, 0, 0, 0, 0, 0, 0, 0, 0, 0, 0, 0, 0, 0, 0, 0, 0, 0, 0, 0, 0, 0, 0, 0, 0
18:53:54, 1446.80, 30.58, 32.85, 29.008, 0, 0, 0, 0, 0, 0, 0, 0, 0, 0, 0, 0, 0, 0, 0, 0, 0, 0, 0, 0, 0, 0, 0, 0
18:53:55, 1454.00, 30.58, 32.83, 29.000, 0, 0, 0, 0, 0, 0, 0, 0, 0, 0, 0, 0, 0, 0, 0, 0, 0, 0, 0, 0, 0, 0, 0, 0
18:53:56, 1458.40, 30.58, 32.81, 29.008, 0, 0, 0, 0, 0, 0, 0, 0, 0, 0, 0, 0, 0, 0, 0, 0, 0, 0, 0, 0, 0, 0, 0, 0
18:53:56, 1461.60, 30.58, 32.85, 29.008, 0, 0, 0, 0, 0, 0, 0, 0, 0, 0, 0, 0, 0, 0, 0, 0, 0, 0, 0, 0, 0, 0, 0, 0
18:53:57, 1464.10, 30.58, 32.85, 29.000, 0, 0, 0, 0, 0, 0, 0, 0, 0, 0, 0, 0, 0, 0, 0, 0, 0, 0, 0, 0, 0, 0, 0, 0
18:53:58, 1468.70, 30.58, 32.83, 29.008, 0, 0, 0, 0, 0, 0, 0, 0, 0, 0, 0, 0, 0, 0, 0, 0, 0, 0, 0, 0, 0, 0, 0, 0
18:53:58, 1472.30, 30.58, 32.83, 29.008, 0, 0, 0, 0, 0, 0, 0, 0, 0, 0, 0, 0, 0, 0, 0, 0, 0, 0, 0, 0, 0, 0, 0, 0
18:53:59, 1475.70, 30.58, 32.83, 29.000, 0, 0, 0, 0, 0, 0, 0, 0, 0, 0, 0, 0, 0, 0, 0, 0, 0, 0, 0, 0, 0, 0, 0, 0
18:53:59, 1478.70, 30.58, 32.83, 29.008, 0, 0, 0, 0, 0, 0, 0, 0, 0, 0, 0, 0, 0, 0, 0, 0, 0, 0, 0, 0, 0, 0, 0, 0
18:54:00, 1481.80, 30.57, 32.81, 29.008, 0, 0, 0, 0, 0, 0, 0, 0, 0, 0, 0, 0, 0, 0, 0, 0, 0, 0, 0, 0, 0, 0, 0, 0
18:54:01, 1483.70, 30.57, 32.81, 29.000, 0, 0, 0, 0, 0, 0, 0, 0, 0, 0, 0, 0, 0, 0, 0, 0, 0, 0, 0, 0, 0, 0, 0, 0
18:54:01, 1488.70, 30.56, 32.83, 29.008, 0, 0, 0, 0, 0, 0, 0, 0, 0, 0, 0, 0, 0, 0, 0, 0, 0, 0, 0, 0, 0, 0, 0, 0
18:54:02, 1492.20, 30.55, 32.81, 29.008, 0, 0, 0, 0, 0, 0, 0, 0, 0, 0, 0, 0, 0, 0, 0, 0, 0, 0, 0, 0, 0, 0, 0, 0
18:54:03, 1496.60, 30.55, 32.81, 29.000, 0, 0, 0, 0, 0, 0, 0, 0, 0, 0, 0, 0, 0, 0, 0, 0, 0, 0, 0, 0, 0, 0, 0, 0
18:54:03, 1497.10, 30.54, 32.85, 29.000, 0, 0, 0, 0, 0, 0, 0, 0, 0, 0, 0, 0, 0, 0, 0, 0, 0, 0, 0, 0, 0, 0, 0, 0
18:54:04, 1498.20, 30.54, 32.79, 29.000, 0, 0, 0, 0, 0, 0, 0, 0, 0, 0, 0, 0, 0, 0, 0, 0, 0, 0, 0, 0, 0, 0, 0, 0
18:54:05, 1498.20, 30.54, 32.85, 29.000, 0, 0, 0, 0, 0, 0, 0, 0, 0, 0, 0, 0, 0, 0, 0, 0, 0, 0, 0, 0, 0, 0, 0, 0
18:54:05, 1499.50, 30.54, 32.85, 29.000, 0, 0, 0, 0, 0, 0, 0, 0, 0, 0, 0, 0, 0, 0, 0, 0, 0, 0, 0, 0, 0, 0, 0, 0
18:54:06, 1500.60, 30.54, 32.85, 29.000, 0, 0, 0, 0, 0, 0, 0, 0, 0, 0, 0, 0, 0, 0, 0, 0, 0, 0, 0, 0, 0, 0, 0, 0
18:54:07, 1500.40, 30.54, 32.83, 29.000, 0, 0, 0, 0, 0, 0, 0, 0, 0, 0, 0, 0, 0, 0, 0, 0, 0, 0, 0, 0, 0, 0, 0, 0
18:54:07, 1499.30, 30.54, 32.85, 29.000, 0, 0, 0, 0, 0, 0, 0, 0, 0, 0, 0, 0, 0, 0, 0, 0, 0, 0, 0, 0, 0, 0, 0, 0
18:54:08, 1500.00, 30.54, 32.83, 29.000, 0, 0, 0, 0, 0, 0, 0, 0, 0, 0, 0, 0, 0, 0, 0, 0, 0, 0, 0, 0, 0, 0, 0, 0
18:54:09, 1502.30, 30.54, 32.87, 29.000, 0, 0, 0, 0, 0, 0, 0, 0, 0, 0, 0, 0, 0, 0, 0, 0, 0, 0, 0, 0, 0, 0, 0, 0
18:54:09, 1505.40, 30.54, 32.83, 29.000, 0, 0, 0, 0, 0, 0, 0, 0, 0, 0, 0, 0, 0, 0, 0, 0, 0, 0, 0, 0, 0, 0, 0, 0
18:54:10, 1508.30, 30.53, 32.81, 29.000, 0, 0, 0, 0, 0, 0, 0, 0, 0, 0, 0, 0, 0, 0, 0, 0, 0, 0, 0, 0, 0, 0, 0, 0
18:54:11, 1507.30, 30.53, 32.83, 29.008, 0, 0, 0, 0, 0, 0, 0, 0, 0, 0, 0, 0, 0, 0, 0, 0, 0, 0, 0, 0, 0, 0, 0, 0
18:54:11, 1507.80, 30.53, 32.83, 29.008, 0, 0, 0, 0, 0, 0, 0, 0, 0, 0, 0, 0, 0, 0, 0, 0, 0, 0, 0, 0, 0, 0, 0, 0
18:54:12, 1507.10, 30.53, 32.83, 29.000, 0, 0, 0, 0, 0, 0, 0, 0, 0, 0, 0, 0, 0, 0, 0, 0, 0, 0, 0, 0, 0, 0, 0, 0
18:54:13, 1506.10, 30.52, 32.85, 29.008, 0, 0, 0, 0, 0, 0, 0, 0, 0, 0, 0, 0, 0, 0, 0, 0, 0, 0, 0, 0, 0, 0, 0, 0
18:54:13, 1504.70, 30.52, 32.83, 29.008, 0, 0, 0, 0, 0, 0, 0, 0, 0, 0, 0, 0, 0, 0, 0, 0, 0, 0, 0, 0, 0, 0, 0, 0
18:54:14, 1502.80, 30.52, 32.85, 29.000, 0, 0, 0, 0, 0, 0, 0, 0, 0, 0, 0, 0, 0, 0, 0, 0, 0, 0, 0, 0, 0, 0, 0, 0
18:54:15, 1501.70, 30.51, 32.85, 29.000, 0, 0, 0, 0, 0, 0, 0, 0, 0, 0, 0, 0, 0, 0, 0, 0, 0, 0, 0, 0, 0, 0, 0, 0
18:54:15, 1501.00, 30.51, 32.79, 29.000, 0, 0, 0, 0, 0, 0, 0, 0, 0, 0, 0, 0, 0, 0, 0, 0, 0, 0, 0, 0, 0, 0, 0, 0
18:54:16, 1499.80, 30.51, 32.83, 28.992, 0, 0, 0, 0, 0, 0, 0, 0, 0, 0, 0, 0, 0, 0, 0, 0, 0, 0, 0, 0, 0, 0, 0, 0
18:54:17, 1499.40, 30.51, 32.85, 28.992, 0, 0, 0, 0, 0, 0, 0, 0, 0, 0, 0, 0, 0, 0, 0, 0, 0, 0, 0, 0, 0, 0, 0, 0
18:54:17, 1500.20, 30.50, 32.81, 29.000, 0, 0, 0, 0, 0, 0, 0, 0, 0, 0, 0, 0, 0, 0, 0, 0, 0, 0, 0, 0, 0, 0, 0, 0
18:54:18, 1501.80, 30.50, 32.79, 29.000, 0, 0, 0, 0, 0, 0, 0, 0, 0, 0, 0, 0, 0, 0, 0, 0, 0, 0, 0, 0, 0, 0, 0, 0
18:54:19, 1502.50, 30.49, 32.83, 29.000, 0, 0, 0, 0, 0, 0, 0, 0, 0, 0, 0, 0, 0, 0, 0, 0, 0, 0, 0, 0, 0, 0, 0, 0
18:54:19, 1499.10, 30.48, 32.81, 28.992, 0, 0, 0, 0, 0, 0, 0, 0, 0, 0, 0, 0, 0, 0, 0, 0, 0, 0, 0, 0, 0, 0, 0, 0
18:54:20, 1502.30, 30.47, 32.85, 29.000, 0, 0, 0, 0, 0, 0, 0, 0, 0, 0, 0, 0, 0, 0, 0, 0, 0, 0, 0, 0, 0, 0, 0, 0
18:54:21, 1502.60, 30.46, 32.79, 29.000, 0, 0, 0, 0, 0, 0, 0, 0, 0, 0, 0, 0, 0, 0, 0, 0, 0, 0, 0, 0, 0, 0, 0, 0
18:54:21, 1499.10, 30.46, 32.83, 28.992, 0, 0, 0, 0, 0, 0, 0, 0, 0, 0, 0, 0, 0, 0, 0, 0, 0, 0, 0, 0, 0, 0, 0, 0
18:54:22, 1500.60, 30.45, 32.81, 28.992, 0, 0, 0, 0, 0, 0, 0, 0, 0, 0, 0, 0, 0, 0, 0, 0, 0, 0, 0, 0, 0, 0, 0, 0
18:54:23, 1500.20, 30.44, 32.81, 28.992, 0, 0, 0, 0, 0, 0, 0, 0, 0, 0, 0, 0, 0, 0, 0, 0, 0, 0, 0, 0, 0, 0, 0, 0
18:54:23, 1502.40, 30.44, 32.79, 28.984, 0, 0, 0, 0, 0, 0, 0, 0, 0, 0, 0, 0, 0, 0, 0, 0, 0, 0, 0, 0, 0, 0, 0, 0
18:54:24, 1504.30, 30.43, 32.79, 28.992, 0, 0, 0, 0, 0, 0, 0, 0, 0, 0, 0, 0, 0, 0, 0, 0, 0, 0, 0, 0, 0, 0, 0, 0
18:54:25, 1499.70, 30.43, 32.81, 28.992, 0, 0, 0, 0, 0, 0, 0, 0, 0, 0, 0, 0, 0, 0, 0, 0, 0, 0, 0, 0, 0, 0, 0, 0
18:54:25, 1499.70, 30.43, 32.83, 28.992, 0, 0, 0, 0, 0, 0, 0, 0, 0, 0, 0, 0, 0, 0, 0, 0, 0, 0, 0, 0, 0, 0, 0, 0
18:54:26, 1501.90, 30.42, 32.81, 28.992, 0, 0, 0, 0, 0, 0, 0, 0, 0, 0, 0, 0, 0, 0, 0, 0, 0, 0, 0, 0, 0, 0, 0, 0
18:54:27, 1502.90, 30.42, 32.81, 28.992, 0, 0, 0, 0, 0, 0, 0, 0, 0, 0, 0, 0, 0, 0, 0, 0, 0, 0, 0, 0, 0, 0, 0, 0
18:54:27, 1503.50, 30.42, 32.81, 28.992, 0, 0, 0, 0, 0, 0, 0, 0, 0, 0, 0, 0, 0, 0, 0, 0, 0, 0, 0, 0, 0, 0, 0, 0
18:54:28, 1503.20, 30.41, 32.85, 28.992, 0, 0, 0, 0, 0, 0, 0, 0, 0, 0, 0, 0, 0, 0, 0, 0, 0, 0, 0, 0, 0, 0, 0, 0
18:54:29, 1502.60, 30.41, 32.83, 28.992, 0, 0, 0, 0, 0, 0, 0, 0, 0, 0, 0, 0, 0, 0, 0, 0, 0, 0, 0, 0, 0, 0, 0, 0
18:54:29, 1501.20, 30.41, 32.83, 28.984, 0, 0, 0, 0, 0, 0, 0, 0, 0, 0, 0, 0, 0, 0, 0, 0, 0, 0, 0, 0, 0, 0, 0, 0
18:54:30, 1502.20, 30.41, 32.85, 28.992, 0, 0, 0, 0, 0, 0, 0, 0, 0, 0, 0, 0, 0, 0, 0, 0, 0, 0, 0, 0, 0, 0, 0, 0
18:54:30, 1501.80, 30.41, 32.85, 28.992, 0, 0, 0, 0, 0, 0, 0, 0, 0, 0, 0, 0, 0, 0, 0, 0, 0, 0, 0, 0, 0, 0, 0, 0
18:54:31, 1501.30, 30.41, 32.83, 28.992, 0, 0, 0, 0, 0, 0, 0, 0, 0, 0, 0, 0, 0, 0, 0, 0, 0, 0, 0, 0, 0, 0, 0, 0
18:54:32, 1501.20, 30.41, 32.79, 28.992, 0, 0, 0, 0, 0, 0, 0, 0, 0, 0, 0, 0, 0, 0, 0, 0, 0, 0, 0, 0, 0, 0, 0, 0
18:54:32, 1500.40, 30.41, 32.81, 28.984, 0, 0, 0, 0, 0, 0, 0, 0, 0, 0, 0, 0, 0, 0, 0, 0, 0, 0, 0, 0, 0, 0, 0, 0
18:54:33, 1499.00, 30.40, 32.81, 28.984, 0, 0, 0, 0, 0, 0, 0, 0, 0, 0, 0, 0, 0, 0, 0, 0, 0, 0, 0, 0, 0, 0, 0, 0
18:54:34, 1496.40, 30.40, 32.85, 28.984, 0, 0, 0, 0, 0, 0, 0, 0, 0, 0, 0, 0, 0, 0, 0, 0, 0, 0, 0, 0, 0, 0, 0, 0
18:54:34, 1494.30, 30.40, 32.79, 28.984, 0, 0, 0, 0, 0, 0, 0, 0, 0, 0, 0, 0, 0, 0, 0, 0, 0, 0, 0, 0, 0, 0, 0, 0
18:54:35, 1492.50, 30.40, 32.85, 28.992, 0, 0, 0, 0, 0, 0, 0, 0, 0, 0, 0, 0, 0, 0, 0, 0, 0, 0, 0, 0, 0, 0, 0, 0
18:54:36, 1492.00, 30.39, 32.81, 28.992, 0, 0, 0, 0, 0, 0, 0, 0, 0, 0, 0, 0, 0, 0, 0, 0, 0, 0, 0, 0, 0, 0, 0, 0
18:54:36, 1487.90, 30.39, 32.83, 28.984, 0, 0, 0, 0, 0, 0, 0, 0, 0, 0, 0, 0, 0, 0, 0, 0, 0, 0, 0, 0, 0, 0, 0, 0
18:54:37, 1482.90, 30.39, 32.81, 28.992, 0, 0, 0, 0, 0, 0, 0, 0, 0, 0, 0, 0, 0, 0, 0, 0, 0, 0, 0, 0, 0, 0, 0, 0
18:54:38, 1478.00, 30.39, 32.83, 28.992, 0, 0, 0, 0, 0, 0, 0, 0, 0, 0, 0, 0, 0, 0, 0, 0, 0, 0, 0, 0, 0, 0, 0, 0
18:54:38, 1474.90, 30.39, 32.83, 28.992, 0, 0, 0, 0, 0, 0, 0, 0, 0, 0, 0, 0, 0, 0, 0, 0, 0, 0, 0, 0, 0, 0, 0, 0
18:54:39, 1473.90, 30.40, 32.81, 28.992, 0, 0, 0, 0, 0, 0, 0, 0, 0, 0, 0, 0, 0, 0, 0, 0, 0, 0, 0, 0, 0, 0, 0, 0
18:54:40, 1473.70, 30.40, 32.79, 28.992, 0, 0, 0, 0, 0, 0, 0, 0, 0, 0, 0, 0, 0, 0, 0, 0, 0, 0, 0, 0, 0, 0, 0, 0
18:54:40, 1475.20, 30.40, 32.81, 28.984, 0, 0, 0, 0, 0, 0, 0, 0, 0, 0, 0, 0, 0, 0, 0, 0, 0, 0, 0, 0, 0, 0, 0, 0
18:54:41, 1475.70, 30.40, 32.83, 28.992, 0, 0, 0, 0, 0, 0, 0, 0, 0, 0, 0, 0, 0, 0, 0, 0, 0, 0, 0, 0, 0, 0, 0, 0
18:54:42, 1478.50, 30.40, 32.81, 28.992, 0, 0, 0, 0, 0, 0, 0, 0, 0, 0, 0, 0, 0, 0, 0, 0, 0, 0, 0, 0, 0, 0, 0, 0
18:54:42, 1482.00, 30.39, 32.83, 28.984, 0, 0, 0, 0, 0, 0, 0, 0, 0, 0, 0, 0, 0, 0, 0, 0, 0, 0, 0, 0, 0, 0, 0, 0
18:54:43, 1487.10, 30.39, 32.81, 28.984, 0, 0, 0, 0, 0, 0, 0, 0, 0, 0, 0, 0, 0, 0, 0, 0, 0, 0, 0, 0, 0, 0, 0, 0
18:54:44, 1494.60, 30.40, 32.76, 28.984, 0, 0, 0, 0, 0, 0, 0, 0, 0, 0, 0, 0, 0, 0, 0, 0, 0, 0, 0, 0, 0, 0, 0, 0
18:54:44, 1493.60, 30.40, 32.83, 28.984, 0, 0, 0, 0, 0, 0, 0, 0, 0, 0, 0, 0, 0, 0, 0, 0, 0, 0, 0, 0, 0, 0, 0, 0
18:54:45, 1488.30, 30.41, 32.81, 28.984, 0, 0, 0, 0, 0, 0, 0, 0, 0, 0, 0, 0, 0, 0, 0, 0, 0, 0, 0, 0, 0, 0, 0, 0
18:54:46, 1486.10, 30.41, 32.81, 28.984, 0, 0, 0, 0, 0, 0, 0, 0, 0, 0, 0, 0, 0, 0, 0, 0, 0, 0, 0, 0, 0, 0, 0, 0
18:54:46, 1488.90, 30.41, 32.79, 28.977, 0, 0, 0, 0, 0, 0, 0, 0, 0, 0, 0, 0, 0, 0, 0, 0, 0, 0, 0, 0, 0, 0, 0, 0
18:54:47, 1491.00, 30.40, 32.83, 28.977, 0, 0, 0, 0, 0, 0, 0, 0, 0, 0, 0, 0, 0, 0, 0, 0, 0, 0, 0, 0, 0, 0, 0, 0
18:54:48, 1492.30, 30.39, 32.81, 28.984, 0, 0, 0, 0, 0, 0, 0, 0, 0, 0, 0, 0, 0, 0, 0, 0, 0, 0, 0, 0, 0, 0, 0, 0
18:54:48, 1491.40, 30.40, 32.81, 28.984, 0, 0, 0, 0, 0, 0, 0, 0, 0, 0, 0, 0, 0, 0, 0, 0, 0, 0, 0, 0, 0, 0, 0, 0
18:54:49, 1490.40, 30.39, 32.79, 28.984, 0, 0, 0, 0, 0, 0, 0, 0, 0, 0, 0, 0, 0, 0, 0, 0, 0, 0, 0, 0, 0, 0, 0, 0
18:54:50, 1486.30, 30.40, 32.83, 28.977, 0, 0, 0, 0, 0, 0, 0, 0, 0, 0, 0, 0, 0, 0, 0, 0, 0, 0, 0, 0, 0, 0, 0, 0
18:54:50, 1485.50, 30.39, 32.83, 28.984, 0, 0, 0, 0, 0, 0, 0, 0, 0, 0, 0, 0, 0, 0, 0, 0, 0, 0, 0, 0, 0, 0, 0, 0
18:54:51, 1491.30, 30.39, 32.85, 28.984, 0, 0, 0, 0, 0, 0, 0, 0, 0, 0, 0, 0, 0, 0, 0, 0, 0, 0, 0, 0, 0, 0, 0, 0
18:54:52, 1492.30, 30.39, 32.79, 28.977, 0, 0, 0, 0, 0, 0, 0, 0, 0, 0, 0, 0, 0, 0, 0, 0, 0, 0, 0, 0, 0, 0, 0, 0
18:54:52, 1486.60, 30.38, 32.83, 28.977, 0, 0, 0, 0, 0, 0, 0, 0, 0, 0, 0, 0, 0, 0, 0, 0, 0, 0, 0, 0, 0, 0, 0, 0
18:54:53, 1486.00, 30.38, 32.81, 28.977, 0, 0, 0, 0, 0, 0, 0, 0, 0, 0, 0, 0, 0, 0, 0, 0, 0, 0, 0, 0, 0, 0, 0, 0
18:54:54, 1491.10, 30.37, 32.77, 28.977, 0, 0, 0, 0, 0, 0, 0, 0, 0, 0, 0, 0, 0, 0, 0, 0, 0, 0, 0, 0, 0, 0, 0, 0
18:54:54, 1495.50, 30.37, 32.81, 28.984, 0, 0, 0, 0, 0, 0, 0, 0, 0, 0, 0, 0, 0, 0, 0, 0, 0, 0, 0, 0, 0, 0, 0, 0
18:54:55, 1492.60, 30.36, 32.77, 28.984, 0, 0, 0, 0, 0, 0, 0, 0, 0, 0, 0, 0, 0, 0, 0, 0, 0, 0, 0, 0, 0, 0, 0, 0
18:54:56, 1489.90, 30.35, 32.79, 28.969, 0, 0, 0, 0, 0, 0, 0, 0, 0, 0, 0, 0, 0, 0, 0, 0, 0, 0, 0, 0, 0, 0, 0, 0
18:54:56, 1488.70, 30.34, 32.79, 28.977, 0, 0, 0, 0, 0, 0, 0, 0, 0, 0, 0, 0, 0, 0, 0, 0, 0, 0, 0, 0, 0, 0, 0, 0
18:54:57, 1488.90, 30.34, 32.77, 28.977, 0, 0, 0, 0, 0, 0, 0, 0, 0, 0, 0, 0, 0, 0, 0, 0, 0, 0, 0, 0, 0, 0, 0, 0
18:54:58, 1490.00, 30.34, 32.79, 28.977, 0, 0, 0, 0, 0, 0, 0, 0, 0, 0, 0, 0, 0, 0, 0, 0, 0, 0, 0, 0, 0, 0, 0, 0
18:54:58, 1487.70, 30.34, 32.79, 28.977, 0, 0, 0, 0, 0, 0, 0, 0, 0, 0, 0, 0, 0, 0, 0, 0, 0, 0, 0, 0, 0, 0, 0, 0
18:54:59, 1486.50, 30.34, 32.79, 28.977, 0, 0, 0, 0, 0, 0, 0, 0, 0, 0, 0, 0, 0, 0, 0, 0, 0, 0, 0, 0, 0, 0, 0, 0
18:55:00, 1483.70, 30.34, 32.83, 28.969, 0, 0, 0, 0, 0, 0, 0, 0, 0, 0, 0, 0, 0, 0, 0, 0, 0, 0, 0, 0, 0, 0, 0, 0
18:55:00, 1478.20, 30.34, 32.79, 28.977, 0, 0, 0, 0, 0, 0, 0, 0, 0, 0, 0, 0, 0, 0, 0, 0, 0, 0, 0, 0, 0, 0, 0, 0
18:55:01, 1475.10, 30.34, 32.83, 28.977, 0, 0, 0, 0, 0, 0, 0, 0, 0, 0, 0, 0, 0, 0, 0, 0, 0, 0, 0, 0, 0, 0, 0, 0
18:55:02, 1474.40, 30.34, 32.81, 28.977, 0, 0, 0, 0, 0, 0, 0, 0, 0, 0, 0, 0, 0, 0, 0, 0, 0, 0, 0, 0, 0, 0, 0, 0
18:55:02, 1470.40, 30.35, 32.83, 28.977, 0, 0, 0, 0, 0, 0, 0, 0, 0, 0, 0, 0, 0, 0, 0, 0, 0, 0, 0, 0, 0, 0, 0, 0
18:55:03, 1461.40, 30.34, 32.79, 28.969, 0, 0, 0, 0, 0, 0, 0, 0, 0, 0, 0, 0, 0, 0, 0, 0, 0, 0, 0, 0, 0, 0, 0, 0
18:55:04, 1455.00, 30.34, 32.79, 28.977, 0, 0, 0, 0, 0, 0, 0, 0, 0, 0, 0, 0, 0, 0, 0, 0, 0, 0, 0, 0, 0, 0, 0, 0
18:55:04, 1452.30, 30.34, 32.79, 28.977, 0, 0, 0, 0, 0, 0, 0, 0, 0, 0, 0, 0, 0, 0, 0, 0, 0, 0, 0, 0, 0, 0, 0, 0
18:55:05, 1447.50, 30.34, 32.81, 28.969, 0, 0, 0, 0, 0, 0, 0, 0, 0, 0, 0, 0, 0, 0, 0, 0, 0, 0, 0, 0, 0, 0, 0, 0
18:55:06, 1442.60, 30.33, 32.79, 28.977, 0, 0, 0, 0, 0, 0, 0, 0, 0, 0, 0, 0, 0, 0, 0, 0, 0, 0, 0, 0, 0, 0, 0, 0
18:55:06, 1442.40, 30.33, 32.81, 28.977, 0, 0, 0, 0, 0, 0, 0, 0, 0, 0, 0, 0, 0, 0, 0, 0, 0, 0, 0, 0, 0, 0, 0, 0
18:55:07, 1438.80, 30.33, 32.81, 28.977, 0, 0, 0, 0, 0, 0, 0, 0, 0, 0, 0, 0, 0, 0, 0, 0, 0, 0, 0, 0, 0, 0, 0, 0
18:55:08, 1431.70, 30.33, 32.81, 28.984, 0, 0, 0, 0, 0, 0, 0, 0, 0, 0, 0, 0, 0, 0, 0, 0, 0, 0, 0, 0, 0, 0, 0, 0
18:55:08, 1428.60, 30.32, 32.79, 28.984, 0, 0, 0, 0, 0, 0, 0, 0, 0, 0, 0, 0, 0, 0, 0, 0, 0, 0, 0, 0, 0, 0, 0, 0
18:55:09, 1426.50, 30.32, 32.79, 28.969, 0, 0, 0, 0, 0, 0, 0, 0, 0, 0, 0, 0, 0, 0, 0, 0, 0, 0, 0, 0, 0, 0, 0, 0
18:55:10, 1423.20, 30.32, 32.79, 28.977, 0, 0, 0, 0, 0, 0, 0, 0, 0, 0, 0, 0, 0, 0, 0, 0, 0, 0, 0, 0, 0, 0, 0, 0
18:55:10, 1419.70, 30.32, 32.79, 28.977, 0, 0, 0, 0, 0, 0, 0, 0, 0, 0, 0, 0, 0, 0, 0, 0, 0, 0, 0, 0, 0, 0, 0, 0
18:55:11, 1419.30, 30.33, 32.79, 28.969, 0, 0, 0, 0, 0, 0, 0, 0, 0, 0, 0, 0, 0, 0, 0, 0, 0, 0, 0, 0, 0, 0, 0, 0
18:55:11, 1419.80, 30.33, 32.81, 28.977, 0, 0, 0, 0, 0, 0, 0, 0, 0, 0, 0, 0, 0, 0, 0, 0, 0, 0, 0, 0, 0, 0, 0, 0
18:55:12, 1419.50, 30.33, 32.79, 28.977, 0, 0, 0, 0, 0, 0, 0, 0, 0, 0, 0, 0, 0, 0, 0, 0, 0, 0, 0, 0, 0, 0, 0, 0
18:55:13, 1413.70, 30.32, 32.79, 28.969, 0, 0, 0, 0, 0, 0, 0, 0, 0, 0, 0, 0, 0, 0, 0, 0, 0, 0, 0, 0, 0, 0, 0, 0
18:55:13, 1410.10, 30.32, 32.81, 28.977, 0, 0, 0, 0, 0, 0, 0, 0, 0, 0, 0, 0, 0, 0, 0, 0, 0, 0, 0, 0, 0, 0, 0, 0
18:55:14, 1408.00, 30.32, 32.77, 28.977, 0, 0, 0, 0, 0, 0, 0, 0, 0, 0, 0, 0, 0, 0, 0, 0, 0, 0, 0, 0, 0, 0, 0, 0
18:55:15, 1405.00, 30.32, 32.79, 28.969, 0, 0, 0, 0, 0, 0, 0, 0, 0, 0, 0, 0, 0, 0, 0, 0, 0, 0, 0, 0, 0, 0, 0, 0
18:55:15, 1400.30, 30.32, 32.77, 28.969, 0, 0, 0, 0, 0, 0, 0, 0, 0, 0, 0, 0, 0, 0, 0, 0, 0, 0, 0, 0, 0, 0, 0, 0
18:55:16, 1396.90, 30.32, 32.77, 28.969, 0, 0, 0, 0, 0, 0, 0, 0, 0, 0, 0, 0, 0, 0, 0, 0, 0, 0, 0, 0, 0, 0, 0, 0
18:55:17, 1393.90, 30.32, 32.81, 28.969, 0, 0, 0, 0, 0, 0, 0, 1, 0, 0, 0, 0, 0, 0, 0, 0, 0, 0, 0, 0, 0, 0, 0, 0
18:55:17, 1391.10, 30.32, 32.83, 28.969, 0, 0, 0, 0, 0, 0, 0, 1, 0, 0, 0, 0, 0, 0, 0, 0, 0, 0, 0, 0, 0, 0, 0, 0
18:55:18, 1389.80, 30.32, 32.77, 28.977, 0, 0, 0, 0, 0, 0, 0, 0, 0, 0, 0, 0, 0, 0, 0, 0, 0, 0, 0, 0, 0, 0, 0, 0
18:55:19, 1389.40, 30.32, 32.81, 28.977, 0, 0, 0, 0, 0, 0, 0, 0, 0, 0, 0, 0, 0, 0, 0, 0, 0, 0, 0, 0, 0, 0, 0, 0
18:55:19, 1387.30, 30.32, 32.77, 28.977, 0, 0, 0, 0, 0, 0, 0, 0, 0, 0, 0, 0, 0, 0, 0, 0, 0, 0, 0, 0, 0, 0, 0, 0
18:55:20, 1385.30, 30.32, 32.79, 28.984, 0, 0, 0, 0, 0, 0, 0, 0, 0, 0, 0, 0, 0, 0, 0, 0, 0, 0, 0, 0, 0, 0, 0, 0
18:55:21, 1383.60, 30.31, 32.79, 28.977, 0, 0, 0, 0, 0, 0, 0, 0, 0, 0, 0, 0, 0, 0, 0, 0, 0, 0, 0, 0, 0, 0, 0, 0
18:55:21, 1381.50, 30.31, 32.79, 28.977, 0, 0, 0, 0, 0, 0, 0, 0, 0, 0, 0, 0, 0, 0, 0, 0, 0, 0, 0, 0, 0, 0, 0, 0
18:55:22, 1381.60, 30.31, 32.79, 28.977, 0, 0, 0, 0, 0, 0, 0, 0, 0, 0, 0, 0, 0, 0, 0, 0, 0, 0, 0, 0, 0, 0, 0, 0
18:55:23, 1381.30, 30.31, 32.79, 28.984, 0, 0, 0, 0, 0, 0, 0, 0, 0, 0, 0, 0, 0, 0, 0, 0, 0, 0, 0, 0, 0, 0, 0, 0
18:55:23, 1379.80, 30.31, 32.79, 28.984, 0, 0, 0, 0, 0, 0, 0, 0, 0, 0, 0, 0, 0, 0, 0, 0, 0, 0, 0, 0, 0, 0, 0, 0
18:55:24, 1375.60, 30.31, 32.81, 28.977, 0, 0, 0, 0, 0, 0, 0, 0, 0, 0, 0, 0, 0, 0, 0, 0, 0, 0, 0, 0, 0, 0, 0, 0
18:55:25, 1373.60, 30.31, 32.77, 28.977, 0, 0, 0, 0, 0, 0, 0, 0, 0, 0, 0, 0, 0, 0, 0, 0, 0, 0, 0, 0, 0, 0, 0, 0
18:55:25, 1369.40, 30.31, 32.79, 28.977, 0, 0, 0, 0, 0, 0, 0, 0, 0, 0, 0, 0, 0, 0, 0, 0, 0, 0, 0, 0, 0, 0, 0, 0
18:55:26, 1367.90, 30.31, 32.79, 28.977, 0, 0, 0, 0, 0, 0, 0, 0, 0, 0, 0, 0, 0, 0, 0, 0, 0, 0, 0, 0, 0, 0, 0, 0
18:55:27, 1365.40, 30.31, 32.79, 28.977, 0, 0, 0, 0, 0, 0, 0, 0, 0, 0, 0, 0, 0, 0, 0, 0, 0, 0, 0, 0, 0, 0, 0, 0
18:55:27, 1361.60, 30.31, 32.81, 28.977, 0, 0, 0, 0, 0, 0, 0, 1, 0, 0, 0, 0, 0, 0, 0, 0, 0, 0, 0, 0, 0, 0, 0, 0
18:55:28, 1359.90, 30.31, 32.81, 28.969, 0, 0, 0, 0, 0, 0, 0, 1, 0, 0, 0, 0, 0, 0, 0, 0, 0, 0, 0, 0, 0, 0, 0, 0
18:55:29, 1353.30, 30.30, 32.79, 28.977, 0, 0, 0, 0, 0, 0, 0, 1, 0, 0, 0, 0, 0, 0, 0, 0, 0, 0, 0, 0, 0, 0, 0, 0
18:55:29, 1348.20, 30.30, 32.79, 28.977, 0, 0, 0, 0, 0, 0, 0, 1, 0, 0, 0, 0, 0, 0, 0, 0, 0, 0, 0, 0, 0, 0, 0, 0
18:55:30, 1344.20, 30.30, 32.77, 28.969, 0, 0, 0, 0, 0, 0, 0, 1, 0, 0, 0, 0, 0, 0, 0, 0, 0, 0, 0, 0, 0, 0, 0, 0
18:55:31, 1341.50, 30.30, 32.79, 28.969, 0, 0, 0, 0, 0, 0, 0, 0, 0, 0, 0, 0, 0, 0, 0, 0, 0, 0, 0, 0, 0, 0, 0, 0
18:55:31, 1335.70, 30.30, 32.79, 28.977, 0, 0, 0, 0, 0, 0, 0, 1, 1, 0, 0, 0, 0, 0, 0, 0, 0, 0, 0, 0, 0, 0, 0, 0
18:55:32, 1332.90, 30.30, 32.77, 28.969, 0, 0, 0, 0, 0, 0, 0, 1, 1, 0, 0, 0, 0, 0, 0, 0, 0, 0, 0, 0, 0, 0, 0, 0
18:55:33, 1332.60, 30.30, 32.76, 28.969, 0, 0, 0, 0, 0, 0, 0, 1, 1, 0, 0, 0, 0, 0, 0, 0, 0, 0, 0, 0, 0, 0, 0, 0
18:55:33, 1327.90, 30.30, 32.77, 28.977, 0, 0, 0, 0, 0, 0, 0, 1, 1, 0, 0, 0, 0, 0, 0, 0, 0, 0, 0, 0, 0, 0, 0, 0
18:55:34, 1324.10, 30.31, 32.79, 28.977, 0, 0, 0, 0, 0, 0, 0, 0, 1, 0, 0, 0, 0, 0, 0, 0, 0, 0, 0, 0, 0, 0, 0, 0
18:55:35, 1319.50, 30.31, 32.77, 28.977, 0, 0, 0, 0, 0, 0, 0, 1, 1, 0, 0, 0, 0, 0, 0, 0, 0, 0, 0, 0, 0, 0, 0, 0
18:55:35, 1314.30, 30.30, 32.77, 28.977, 0, 0, 0, 0, 0, 0, 1, 0, 1, 0, 0, 0, 0, 0, 0, 0, 0, 0, 0, 0, 0, 0, 0, 0
18:55:36, 1310.60, 30.31, 32.77, 28.984, 0, 0, 0, 0, 0, 0, 1, 2, 1, 0, 0, 0, 0, 0, 0, 0, 0, 0, 0, 0, 0, 0, 0, 0
18:55:37, 1307.10, 30.30, 32.79, 28.984, 0, 0, 0, 0, 0, 0, 1, 2, 1, 0, 0, 0, 0, 0, 0, 0, 0, 0, 0, 0, 0, 0, 0, 0
18:55:37, 1302.00, 30.30, 32.79, 28.984, 0, 0, 0, 0, 0, 0, 1, 3, 2, 0, 0, 0, 0, 0, 0, 0, 0, 0, 0, 0, 0, 0, 0, 0
18:55:38, 1295.80, 30.30, 32.76, 28.984, 0, 0, 0, 0, 0, 0, 1, 4, 3, 0, 0, 0, 0, 0, 0, 0, 0, 0, 0, 1, 0, 0, 0, 0
18:55:39, 1291.60, 30.31, 32.77, 28.984, 0, 0, 0, 0, 0, 0, 2, 5, 3, 0, 0, 0, 0, 0, 0, 0, 0, 0, 0, 1, 1, 0, 0, 0
18:55:39, 1288.30, 30.30, 32.79, 28.992, 0, 0, 0, 0, 0, 0, 2, 6, 4, 0, 0, 0, 0, 0, 0, 0, 0, 0, 0, 1, 1, 0, 0, 0
18:55:40, 1286.10, 30.31, 32.79, 29.000, 0, 0, 0, 1, 0, 0, 2, 6, 5, 1, 0, 0, 0, 0, 0, 0, 0, 0, 0, 1, 1, 0, 0, 0
18:55:41, 1287.50, 30.31, 32.77, 29.000, 0, 0, 0, 1, 0, 0, 2, 6, 5, 0, 0, 0, 0, 0, 0, 0, 0, 0, 0, 1, 1, 0, 0, 0
18:55:41, 1288.80, 30.31, 32.77, 29.000, 0, 0, 0, 0, 0, 0, 2, 6, 5, 0, 0, 0, 0, 0, 0, 0, 0, 0, 0, 1, 1, 0, 0, 0
18:55:42, 1290.30, 30.31, 32.76, 29.008, 0, 0, 0, 1, 0, 0, 2, 6, 5, 0, 0, 0, 0, 0, 0, 0, 0, 0, 0, 1, 1, 0, 0, 0
18:55:43, 1290.60, 30.31, 32.77, 29.008, 0, 0, 0, 1, 0, 0, 2, 6, 5, 1, 0, 0, 0, 0, 0, 0, 0, 0, 0, 1, 1, 0, 0, 0
18:55:43, 1290.50, 30.31, 32.79, 29.000, 0, 0, 0, 1, 0, 0, 2, 7, 5, 1, 0, 0, 0, 0, 0, 0, 0, 0, 0, 1, 1, 0, 0, 0
18:55:44, 1290.40, 30.31, 32.79, 29.008, 0, 0, 0, 1, 0, 0, 3, 8, 6, 1, 0, 0, 0, 0, 0, 0, 0, 0, 0, 2, 1, 0, 0, 0
18:55:45, 1291.60, 30.31, 32.79, 29.008, 0, 0, 0, 1, 0, 0, 3, 9, 7, 1, 0, 0, 0, 0, 0, 0, 0, 0, 0, 2, 1, 0, 0, 0
18:55:45, 1292.60, 30.30, 32.77, 29.008, 0, 0, 0, 1, 0, 0, 3, 8, 6, 1, 0, 0, 0, 0, 0, 0, 0, 0, 0, 2, 1, 0, 0, 0
18:55:46, 1292.10, 30.30, 32.76, 29.008, 0, 0, 0, 1, 0, 0, 3, 8, 6, 1, 0, 0, 0, 0, 0, 0, 0, 0, 0, 2, 1, 0, 0, 0
18:55:47, 1293.50, 30.31, 32.76, 29.016, 0, 0, 0, 1, 0, 0, 3, 7, 6, 1, 0, 0, 0, 0, 0, 0, 0, 0, 0, 1, 1, 0, 0, 0
18:55:47, 1292.60, 30.31, 32.77, 29.008, 0, 0, 0, 1, 0, 0, 2, 5, 5, 1, 0, 0, 0, 0, 0, 0, 0, 0, 0, 2, 1, 0, 0, 0
18:55:48, 1291.70, 30.31, 32.79, 29.008, 0, 0, 0, 1, 0, 0, 2, 6, 5, 1, 0, 0, 0, 0, 0, 0, 0, 0, 0, 2, 1, 0, 0, 0
18:55:49, 1290.90, 30.30, 32.76, 29.016, 0, 0, 0, 1, 0, 0, 2, 5, 4, 1, 0, 0, 0, 0, 0, 0, 0, 0, 0, 1, 1, 0, 0, 0
18:55:49, 1289.20, 30.31, 32.79, 29.016, 0, 0, 0, 0, 0, 0, 2, 6, 4, 0, 0, 0, 0, 0, 0, 0, 0, 0, 0, 1, 1, 0, 0, 0
18:55:50, 1289.30, 30.31, 32.77, 29.016, 0, 0, 0, 1, 0, 0, 2, 6, 5, 0, 0, 0, 0, 0, 0, 0, 0, 0, 0, 2, 1, 0, 0, 0
18:55:51, 1288.70, 30.30, 32.77, 29.000, 0, 0, 0, 1, 0, 0, 3, 6, 5, 1, 0, 0, 0, 0, 0, 0, 0, 0, 0, 1, 1, 0, 0, 0
18:55:51, 1288.50, 30.31, 32.77, 29.000, 0, 0, 0, 1, 0, 0, 2, 6, 4, 0, 0, 0, 0, 0, 0, 0, 0, 0, 0, 1, 0, 0, 0, 0
18:55:52, 1286.10, 30.31, 32.76, 29.000, 0, 0, 0, 1, 0, 0, 2, 5, 3, 0, 0, 0, 0, 0, 0, 0, 0, 0, 0, 1, 1, 0, 0, 0
18:55:52, 1281.80, 30.31, 32.76, 29.008, 0, 0, 0, 0, 0, 0, 2, 5, 3, 0, 0, 0, 0, 0, 0, 0, 0, 0, 0, 1, 1, 0, 0, 0
18:55:53, 1279.80, 30.31, 32.74, 29.023, 0, 0, 0, 0, 0, 0, 2, 5, 3, 0, 0, 0, 0, 0, 0, 0, 0, 0, 0, 1, 1, 0, 0, 0
18:55:54, 1278.90, 30.32, 32.77, 29.023, 0, 0, 0, 0, 0, 0, 2, 5, 3, 0, 0, 0, 0, 0, 0, 0, 0, 0, 0, 1, 1, 0, 0, 0
18:55:54, 1277.20, 30.33, 32.77, 29.016, 0, 0, 0, 0, 0, 0, 2, 5, 3, 0, 0, 0, 0, 0, 0, 0, 0, 0, 0, 1, 0, 0, 0, 0
18:55:55, 1274.10, 30.33, 32.79, 29.016, 0, 0, 0, 0, 0, 0, 2, 5, 3, 0, 0, 0, 0, 0, 0, 0, 0, 0, 0, 1, 1, 0, 0, 0
18:55:56, 1270.10, 30.34, 32.77, 29.016, 0, 0, 0, 1, 0, 0, 2, 6, 4, 0, 0, 0, 0, 0, 0, 0, 0, 0, 0, 2, 1, 0, 0, 0
18:55:56, 1265.10, 30.34, 32.74, 29.016, 0, 0, 0, 0, 0, 0, 2, 6, 4, 0, 0, 0, 0, 0, 0, 0, 0, 0, 0, 2, 1, 0, 0, 0
18:55:57, 1260.80, 30.34, 32.74, 29.016, 0, 0, 0, 1, 0, 0, 3, 7, 5, 0, 0, 0, 0, 0, 0, 0, 0, 0, 0, 2, 1, 0, 0, 0
18:55:58, 1257.00, 30.33, 32.77, 29.016, 0, 0, 0, 1, 0, 0, 3, 8, 5, 1, 0, 0, 0, 0, 0, 0, 0, 0, 0, 2, 1, 0, 0, 0
18:55:58, 1253.30, 30.34, 32.79, 29.008, 0, 0, 0, 1, 0, 0, 3, 8, 5, 1, 0, 0, 0, 0, 0, 0, 0, 0, 0, 2, 1, 0, 0, 0
18:55:59, 1248.60, 30.34, 32.76, 29.008, 0, 0, 0, 1, 0, 0, 3, 9, 6, 1, 0, 0, 0, 0, 0, 0, 0, 0, 0, 3, 2, 0, 0, 0
18:56:00, 1246.30, 30.34, 32.77, 29.008, 0, 0, 1, 1, 0, 0, 4, 9, 8, 1, 0, 0, 0, 0, 0, 0, 0, 0, 0, 3, 2, 0, 0, 0
18:56:00, 1241.80, 30.34, 32.72, 29.008, 0, 0, 1, 1, 0, 1, 4, 12, 9, 1, 0, 0, 0, 0, 0, 0, 0, 0, 0, 3, 2, 0, 0, 0
18:56:01, 1237.10, 30.35, 32.76, 29.008, 0, 0, 1, 1, 0, 1, 5, 14, 10, 1, 0, 0, 0, 0, 0, 0, 0, 0, 1, 4, 2, 0, 0, 0
18:56:02, 1233.10, 30.35, 32.76, 29.031, 0, 0, 1, 1, 0, 1, 6, 16, 11, 1, 0, 0, 0, 0, 0, 0, 0, 0, 1, 4, 3, 0, 0, 0
18:56:02, 1229.70, 30.36, 32.74, 29.078, 0, 0, 1, 1, 0, 1, 6, 17, 11, 1, 0, 0, 0, 0, 0, 0, 0, 0, 1, 5, 3, 0, 0, 0
18:56:03, 1226.00, 30.37, 32.76, 29.078, 0, 0, 1, 1, 0, 1, 7, 17, 12, 1, 0, 0, 0, 0, 0, 0, 0, 0, 1, 5, 3, 0, 0, 0
18:56:04, 1219.90, 30.37, 32.76, 29.102, 0, 0, 1, 1, 1, 2, 8, 19, 14, 1, 0, 0, 0, 0, 0, 0, 0, 0, 1, 6, 4, 0, 0, 0
18:56:04, 1214.30, 30.38, 32.74, 29.109, 0, 0, 1, 1, 1, 2, 9, 23, 16, 2, 0, 0, 0, 0, 0, 0, 0, 0, 2, 7, 5, 0, 0, 0
18:56:05, 1206.50, 30.38, 32.76, 29.109, 0, 0, 1, 1, 1, 3, 11, 27, 20, 2, 0, 0, 0, 0, 0, 0, 0, 0, 3, 9, 7, 0, 0, 0
18:56:06, 1199.90, 30.38, 32.77, 29.109, 0, 1, 1, 1, 2, 4, 14, 35, 28, 3, 0, 0, 0, 0, 0, 0, 0, 0, 4, 11, 9, 0, 0, 0
18:56:06, 1190.30, 30.39, 32.79, 29.078, 1, 1, 2, 2, 3, 6, 20, 48, 41, 4, 0, 0, 0, 0, 0, 0, 1, 1, 6, 17, 13, 1, 0, 0
18:56:07, 1186.30, 30.39, 32.74, 29.078, 1, 1, 2, 2, 4, 9, 28, 65, 58, 6, 0, 0, 0, 0, 0, 0, 1, 1, 7, 19, 15, 1, 0, 0
18:56:08, 1178.30, 30.39, 32.72, 29.062, 1, 2, 2, 3, 5, 10, 31, 72, 67, 6, 0, 0, 0, 0, 0, 0, 1, 2, 9, 25, 21, 1, 0, 0
18:56:08, 1174.10, 30.39, 32.76, 29.062, 2, 2, 3, 4, 7, 14, 42, 95, 88, 8, 0, 0, 0, 0, 0, 0, 1, 3, 11, 29, 24, 2, 0, 0
18:56:09, 1170.70, 30.39, 32.74, 29.062, 3, 3, 4, 4, 8, 17, 48, 106, 100, 10, 0, 0, 1, 0, 0, 0, 2, 3, 12, 32, 27, 2, 0, 0
18:56:10, 1163.70, 30.40, 32.77, 29.062, 3, 3, 4, 5, 10, 21, 58, 125, 128, 12, 0, 0, 1, 0, 1, 1, 2, 5, 17, 42, 37, 3, 0, 0
18:56:10, 1154.40, 30.40, 32.76, 29.078, 4, 5, 5, 6, 14, 29, 76, 160, 177, 18, 0, 0, 1, 1, 1, 1, 4, 8, 26, 60, 55, 5, 0, 0
18:56:11, 1149.20, 30.41, 32.77, 29.078, 6, 7, 7, 9, 20, 40, 103, 213, 245, 25, 0, 0, 2, 2, 1, 2, 5, 10, 32, 75, 68, 6, 0, 0
18:56:12, 1142.10, 30.41, 32.77, 29.078, 8, 8, 9, 10, 25, 49, 122, 247, 301, 31, 0, 0, 3, 2, 2, 3, 7, 14, 45, 102, 96, 9, 0, 0
18:56:12, 1135.50, 30.41, 32.76, 29.102, 11, 11, 12, 14, 37, 71, 167, 329, 404, 42, 0, 0, 4, 3, 3, 4, 10, 20, 59, 127, 122, 12, 0, 0
18:56:13, 1131.10, 30.42, 32.77, 29.102, 14, 14, 15, 19, 48, 92, 211, 405, 454, 46, 0, 0, 5, 4, 4, 5, 13, 25, 72, 153, 141, 14, 0, 0
18:56:14, 1125.10, 30.42, 32.76, 29.109, 18, 19, 20, 26, 66, 125, 279, 524, 544, 53, 0, 0, 5, 5, 5, 6, 14, 29, 82, 169, 153, 15, 0, 0
18:56:14, 1114.10, 30.42, 32.76, 29.141, 26, 28, 29, 40, 109, 201, 425, 766, 685, 66, 0, 0, 8, 7, 7, 8, 23, 45, 118, 233, 222, 23, 0, 0
18:56:15, 1107.20, 30.43, 32.76, 29.141, 40, 42, 45, 64, 160, 286, 578, 1004, 854, 83, 0, 0, 10, 10, 10, 12, 31, 61, 154, 295, 282, 29, 0, 0
18:56:16, 1102.30, 30.43, 32.76, 29.187, 52, 53, 58, 86, 213, 373, 726, 1231, 1075, 106, 0, 0, 12, 12, 12, 15, 39, 76, 186, 349, 336, 35, 0, 0
18:56:16, 1096.60, 30.43, 32.72, 29.187, 65, 65, 72, 111, 266, 458, 862, 1438, 1361, 137, 0, 0, 15, 14, 14, 19, 50, 96, 227, 415, 409, 43, 0, 0
18:56:17, 1090.30, 30.44, 32.74, 29.211, 84, 85, 95, 154, 367, 618, 1132, 1840, 2112, 221, 0, 0, 19, 18, 18, 24, 67, 125, 286, 511, 530, 56, 0, 0
18:56:18, 1083.00, 30.45, 32.76, 29.227, 108, 113, 128, 222, 551, 896, 1591, 2542, 3562, 405, 0, 0, 26, 24, 25, 35, 98, 179, 391, 673, 750, 81, 0, 0
18:56:18, 1076.50, 30.45, 32.77, 29.227, 147, 161, 190, 343, 795, 1239, 2146, 3262, 5495, 710, 0, 0, 35, 34, 36, 53, 141, 252, 527, 879, 1042, 114, 0, 0
18:56:19, 1069.90, 30.46, 32.72, 29.242, 181, 204, 251, 458, 1030, 1563, 2604, 3909, 7529, 1072, 0, 0, 48, 47, 51, 77, 211, 364, 731, 1184, 1479, 164, 0, 0
18:56:20, 1062.60, 30.47, 32.76, 29.266, 241, 272, 361, 667, 1316, 1908, 3039, 4373, 9755, 1519, 0, 0, 63, 61, 69, 109, 288, 486, 940, 1488, 1961, 222, 0, 0
18:56:20, 1054.80, 30.47, 32.76, 29.266, 394, 443, 601, 1062, 1936, 2730, 4061, 6014, 14738, 2535, 0, 0, 85, 82, 96, 159, 414, 678, 1252, 1923, 2676, 311, 0, 0
18:56:21, 1048.80, 30.48, 32.74, 29.281, 623, 704, 1013, 1780, 3233, 4343, 6293, 9111, 22280, 4083, 0, 0, 119, 115, 144, 248, 597, 933, 1653, 2459, 3445, 413, 0, 0
18:56:22, 1040.30, 30.49, 32.72, 29.305, 732, 929, 1378, 2439, 5014, 6198, 8854, 12321, 24212, 4450, 0, 0, 149, 150, 195, 348, 794, 1209, 2054, 2991, 4249, 547, 0, 0
18:56:22, 1033.30, 30.49, 32.76, 29.305, 1097, 1579, 2570, 4057, 7784, 9840, 12959, 18920, 20839, 3138, 0, 0, 166, 168, 228, 407, 916, 1366, 2257, 3226, 4652, 624, 0, 0
18:56:23, 1026.80, 30.50, 32.72, 29.312, 1977, 2862, 4798, 7028, 11418, 15633, 19210, 27280, 19283, 3428, 0, 0, 200, 210, 300, 541, 1136, 1646, 2637, 3685, 5409, 750, 0, 0
18:56:24, 1022.00, 30.50, 32.74, 29.320, 2357, 4016, 5990, 8705, 15479, 18441, 19460, 29496, 14901, 3129, 0, 0, 237, 260, 390, 701, 1355, 1901, 2965, 4050, 6145, 888, 0, 0
18:56:24, 1015.70, 30.50, 32.72, 29.320, 3806, 7550, 9016, 13651, 17791, 27103, 23088, 34967, 13870, 3555, 0, 1, 266, 308, 483, 855, 1583, 2153, 3258, 4345, 6681, 981, 0, 0
18:56:25, 1015.20, 30.50, 32.76, 29.312, 6861, 15175, 13355, 25422, 27711, 33774, 30982, 35971, 17987, 5748, 0, 1, 278, 328, 519, 908, 1618, 2202, 3323, 4434, 6561, 941, 0, 0
18:56:26, 1014.10, 30.51, 32.72, 29.312, 2491, 4183, 5946, 7310, 4720, 5406, 6524, 6705, 13220, 2918, 0, 0, 278, 326, 514, 903, 1634, 2204, 3309, 4400, 6634, 970, 0, 0
18:56:26, 1015.10, 30.51, 32.74, 29.312, 2024, 3061, 4242, 5182, 5230, 6304, 6886, 7487, 15419, 4823, 0, 0, 285, 333, 526, 925, 1677, 2265, 3415, 4538, 7033, 1036, 0, 0
18:56:27, 1015.30, 30.51, 32.72, 29.297, 6261, 10424, 11520, 19109, 24222, 34196, 30701, 36000, 33982, 11257, 1, 1, 301, 360, 572, 1000, 1792, 2421, 3639, 4835, 7459, 1095, 0, 0
18:56:28, 1015.20, 30.52, 32.77, 29.305, 6805, 13526, 15711, 23223, 16856, 21012, 21184, 26836, 18093, 4791, 0, 0, 303, 353, 559, 986, 1814, 2454, 3693, 4912, 7578, 1105, 0, 0
18:56:28, 1015.10, 30.53, 32.76, 29.305, 6347, 11516, 14847, 19099, 22859, 32884, 27601, 35877, 19395, 5746, 0, 1, 323, 387, 623, 1083, 1916, 2566, 3837, 5076, 8231, 1228, 0, 0
18:56:29, 1010.10, 30.52, 32.76, 29.305, 6369, 13296, 14232, 19871, 25708, 32866, 32056, 35468, 26237, 7472, 0, 1, 381, 489, 782, 1304, 4980, 5673, 7398, 8897, 20616, 4372, 0, 0
18:56:30, 1009.60, 30.45, 32.72, 29.312, 3748, 6676, 9570, 11744, 18267, 14299, 25505, 24553, 18249, 6735, 0, 0, 9172, 16813, 22202, 30182, 36000, 36000, 36000, 36000, 36000, 36000, 1, 1
18:56:30, 1010.20, 30.48, 32.74, 29.312, 4276, 9755, 10868, 13719, 3843, 3859, 4630, 4915, 11890, 4223, 0, 0, 8114, 14084, 18596, 23874, 27203, 28852, 33415, 35422, 36000, 33536, 1, 1
18:56:31, 1010.10, 30.43, 32.72, 29.289, 684, 1013, 1411, 1612, 1869, 2032, 2492, 2943, 10188, 5053, 0, 0, 5883, 10185, 13334, 17424, 12831, 13414, 15950, 16985, 34627, 10585, 0, 1
18:56:32, 1009.70, 30.42, 32.77, 29.289, 900, 1182, 1722, 1987, 2505, 2795, 3312, 3822, 13371, 6808, 0, 0, 3568, 6042, 8217, 10393, 11789, 12099, 14973, 15762, 30467, 9419, 0, 0
18:56:32, 1009.20, 30.43, 32.76, 29.266, 1105, 1347, 2049, 2298, 2732, 2954, 3550, 4072, 13468, 6865, 0, 0, 3553, 6034, 8196, 10343, 11843, 12035, 14971, 15641, 30414, 9187, 0, 0
18:56:33, 1009.40, 30.44, 32.77, 29.195, 1105, 1341, 2020, 2274, 2647, 2896, 3463, 4016, 12829, 6692, 0, 0, 3469, 5916, 8046, 10174, 11829, 11991, 14978, 15571, 30452, 9113, 0, 0
18:56:34, 1009.10, 30.44, 32.79, 29.195, 661, 945, 1337, 1636, 1903, 2139, 2628, 3011, 10883, 5425, 0, 0, 4325, 7543, 10175, 13060, 14217, 14710, 18181, 19005, 36000, 11023, 1, 1
18:56:34, 1010.10, 30.49, 32.79, 29.078, 1173, 1353, 2082, 2352, 2270, 2602, 3033, 3584, 12165, 6046, 0, 0, 3253, 5665, 7645, 9849, 10677, 10938, 14397, 15015, 33459, 11508, 0, 1
18:56:35, 1010.30, 30.48, 32.79, 28.977, 1420, 1650, 2580, 2579, 3038, 3137, 3738, 4532, 11793, 6965, 0, 0, 3359, 5717, 7774, 9944, 11426, 12017, 15779, 16906, 36000, 14817, 1, 1
18:56:36, 1010.40, 30.47, 32.77, 28.977, 1070, 1332, 1969, 2094, 2061, 2284, 2689, 3268, 10714, 6164, 0, 0, 2866, 4956, 6663, 8661, 9757, 10162, 13525, 14088, 31912, 11113, 0, 0
18:56:36, 1009.30, 30.48, 32.85, 28.836, 1060, 1325, 1956, 2087, 3318, 3421, 3969, 4880, 11603, 6698, 0, 0, 2556, 4448, 5993, 7900, 11470, 11772, 15408, 15906, 32782, 10735, 0, 1
