Secchi Depth (cm) = 9999
Forel Ule Scale = 99
pH Colour Scale = 99
SensingSecchi S/N = A017
Latitude (degs N) = 34.31538
Longitude (degs E) = -77.95351
Date = 2026-08-11
Time (UTC), Pressure (mbar) MS5803, Temp (deg C) MS5803, Temp (deg C) 10KTHERM, Temp (deg C) TMP117, ED 415nm, ED 445nm, ED 480nm, ED 515nm, ED 555nm, ED 590nm, ED 630nm, ED 680nm, ED Clear, ED NIR, ED D-SAT, ED A-SAT, EU 415nm, EU 445nm, EU 480nm, EU 515nm, EU 555nm, EU 590nm, EU 630nm, EU 680nm, EU Clear, EU NIR, EU D-SAT, EU A-SAT
15:42:30, 1012.50, 30.05, 30.30, 31.867, 837, 1287, 1659, 1859, 1913, 1852, 2063, 2017, 9636, 1849, 0, 0, 9381, 15615, 21109, 27293, 28868, 34119, 36000, 36000, 36000, 31639, 1, 1
15:42:30, 1012.50, 30.05, 30.28, 31.867, 858, 1314, 1692, 1883, 1912, 1849, 2033, 1992, 9369, 1760, 0, 0, 7219, 12181, 16103, 21340, 24344, 28685, 35111, 36000, 36000, 26401, 1, 1
15:42:31, 1012.40, 30.06, 30.30, 31.836, 857, 1312, 1688, 1881, 1970, 1899, 2100, 2045, 9644, 1799, 0, 0, 8842, 14637, 20121, 26133, 29891, 35677, 36000, 36000, 36000, 28350, 1, 1
15:42:32, 1012.50, 30.06, 30.34, 31.805, 893, 1373, 1771, 1970, 2033, 1955, 2169, 2106, 9933, 1849, 0, 0, 9320, 15357, 21355, 27442, 31229, 36000, 36000, 36000, 36000, 29247, 1, 1
15:42:32, 1012.30, 30.05, 30.30, 31.805, 884, 1352, 1744, 1941, 1914, 1860, 2041, 2008, 9447, 1784, 0, 0, 10096, 15508, 21149, 26637, 32903, 36000, 36000, 36000, 36000, 36000, 1, 1
15:42:33, 1012.50, 30.05, 30.28, 31.781, 1008, 1531, 1997, 2231, 2735, 2618, 3055, 2948, 14472, 3930, 0, 0, 13890, 22885, 32639, 36000, 36000, 36000, 36000, 36000, 36000, 36000, 1, 1
15:42:34, 1012.40, 30.06, 30.22, 31.766, 1593, 2450, 3343, 3790, 4040, 3719, 4807, 4351, 25787, 9487, 0, 0, 12452, 21171, 29714, 36000, 36000, 36000, 36000, 36000, 36000, 36000, 1, 1
15:42:34, 1012.40, 30.06, 30.28, 31.766, 1213, 1862, 2468, 2790, 2918, 2803, 3290, 3183, 15557, 4270, 0, 0, 12495, 20808, 29173, 36000, 36000, 36000, 36000, 36000, 36000, 36000, 1, 1
15:42:35, 1012.30, 30.07, 30.28, 31.750, 1019, 1562, 2039, 2294, 2234, 2170, 2441, 2408, 11061, 2387, 0, 0, 14070, 22036, 30576, 36000, 36000, 36000, 36000, 36000, 36000, 36000, 1, 1
15:42:36, 1012.60, 30.07, 30.28, 31.734, 1026, 1578, 2062, 2322, 2533, 2444, 2802, 2746, 12923, 3142, 0, 0, 12898, 21252, 29721, 36000, 36000, 36000, 36000, 36000, 36000, 36000, 1, 1
15:42:36, 1012.50, 30.07, 30.28, 31.734, 1142, 1744, 2304, 2587, 2729, 2621, 3036, 2962, 14300, 3789, 0, 0, 13194, 21755, 30636, 36000, 36000, 36000, 36000, 36000, 36000, 36000, 1, 1
15:42:37, 1012.50, 30.08, 30.32, 31.711, 1111, 1698, 2236, 2513, 2661, 2562, 2959, 2884, 13788, 3565, 0, 0, 13351, 21888, 30849, 36000, 36000, 36000, 36000, 36000, 36000, 36000, 1, 1
15:42:38, 1012.70, 30.09, 30.34, 31.711, 1114, 1705, 2246, 2524, 2675, 2575, 2977, 2900, 13874, 3595, 0, 0, 13311, 21833, 30748, 36000, 36000, 36000, 36000, 36000, 36000, 36000, 1, 1
15:42:38, 1012.70, 30.09, 30.32, 31.711, 1055, 1612, 2111, 2367, 2293, 2226, 2509, 2474, 11349, 2535, 0, 0, 12667, 19671, 27152, 34270, 36000, 36000, 36000, 36000, 36000, 36000, 1, 1
15:42:39, 1012.30, 30.11, 30.32, 31.703, 861, 1312, 1693, 1892, 1908, 1857, 2049, 2018, 9493, 1831, 0, 0, 11017, 16836, 22533, 28801, 33920, 36000, 36000, 36000, 36000, 36000, 1, 1
15:42:40, 1012.50, 30.11, 30.34, 31.703, 919, 1418, 1837, 2060, 2197, 2118, 2397, 2346, 11081, 2296, 0, 0, 11740, 19413, 26950, 34737, 36000, 36000, 36000, 36000, 36000, 36000, 1, 1
15:42:40, 1012.70, 30.10, 30.39, 31.703, 1697, 2378, 3470, 3906, 17022, 16716, 21432, 23093, 36000, 35286, 1, 1, 3320, 5125, 7425, 8929, 26510, 26734, 33171, 34389, 36000, 36000, 1, 1
15:42:41, 1012.50, 30.12, 30.35, 31.687, 2899, 4414, 5413, 9091, 30312, 31217, 33958, 35161, 36000, 36000, 1, 1, 1317, 1866, 2792, 3481, 8192, 8749, 9847, 11144, 35954, 26335, 0, 1
15:42:42, 1012.60, 30.13, 30.37, 31.680, 2681, 4762, 5688, 8878, 9924, 9836, 15067, 13261, 35990, 27043, 0, 1, 1318, 1937, 2913, 3346, 11125, 12043, 12788, 14278, 36000, 33464, 1, 1
15:42:42, 1012.40, 30.14, 30.35, 31.680, 4092, 8195, 10816, 13859, 11316, 10252, 17295, 14470, 36000, 36000, 1, 1, 895, 856, 1753, 1853, 1610, 1919, 2565, 2809, 5407, 629, 0, 0
15:42:43, 1014.90, 30.14, 30.35, 31.617, 5082, 9386, 12714, 15414, 19988, 18857, 26777, 29260, 36000, 36000, 1, 1, 186, 251, 499, 879, 1602, 1925, 2566, 2841, 5468, 607, 0, 0
15:42:44, 1018.50, 30.15, 30.35, 30.883, 5996, 10015, 14032, 16205, 17272, 18109, 22312, 26742, 33855, 32226, 0, 1, 153, 213, 420, 728, 1130, 1370, 1825, 2016, 3953, 435, 0, 0
15:42:44, 1018.90, 30.15, 30.34, 30.883, 3869, 5108, 9696, 8363, 6872, 4417, 9037, 6466, 33139, 23891, 0, 1, 162, 239, 459, 781, 1317, 1583, 2142, 2358, 4071, 459, 0, 0
15:42:45, 1021.50, 30.15, 30.32, 30.492, 4002, 7709, 11008, 14945, 24348, 25757, 26023, 32076, 36000, 19730, 1, 1, 137, 169, 345, 646, 1197, 1462, 2025, 2222, 3597, 397, 0, 0
15:42:46, 1018.90, 30.15, 30.34, 30.234, 704, 1099, 1594, 1968, 2859, 3340, 3408, 3805, 9456, 2413, 0, 0, 188, 242, 489, 876, 1605, 1953, 2709, 2964, 4239, 462, 0, 0
15:42:46, 1024.00, 30.15, 30.28, 30.234, 3227, 2460, 4405, 6466, 8783, 16375, 15031, 18699, 21409, 3338, 0, 0, 146, 176, 358, 676, 1197, 1497, 2083, 2297, 3672, 397, 0, 0
15:42:47, 1023.80, 30.15, 30.30, 30.086, 9152, 4569, 11206, 12507, 5038, 7037, 5878, 7630, 12398, 2769, 0, 0, 168, 196, 400, 760, 1462, 1841, 2583, 2856, 3958, 398, 0, 0
15:42:48, 1024.40, 30.15, 30.30, 30.016, 5882, 3662, 8720, 9231, 11413, 19181, 14189, 23964, 19435, 3050, 0, 0, 146, 169, 347, 665, 1241, 1568, 2196, 2426, 3483, 355, 0, 0
15:42:48, 1025.10, 30.15, 30.26, 30.016, 3118, 2160, 4238, 4435, 5056, 8395, 5611, 8556, 11530, 1922, 0, 0, 146, 170, 348, 664, 1186, 1499, 2103, 2320, 3494, 363, 0, 0
15:42:49, 1026.70, 30.15, 30.24, 29.961, 3600, 5982, 8873, 11360, 13708, 13296, 15912, 21225, 35249, 7931, 0, 1, 130, 154, 313, 604, 1107, 1401, 1959, 2168, 3354, 353, 0, 0
15:42:50, 1025.90, 30.15, 30.24, 29.922, 1941, 2074, 3032, 6342, 4945, 8420, 9377, 7672, 26938, 3285, 0, 0, 140, 170, 346, 657, 1198, 1507, 2112, 2326, 3495, 364, 0, 0
15:42:50, 1024.50, 30.15, 30.24, 29.922, 1671, 2113, 3184, 5131, 4460, 8097, 7667, 6972, 18183, 3021, 0, 0, 136, 166, 339, 643, 1177, 1470, 2060, 2260, 3382, 357, 0, 0
15:42:51, 1025.90, 30.15, 30.22, 29.898, 5480, 4550, 7894, 13555, 5951, 10362, 10049, 12052, 17727, 2394, 0, 0, 139, 162, 332, 635, 1154, 1452, 2029, 2240, 3444, 365, 0, 0
15:42:52, 1027.10, 30.15, 30.24, 29.906, 5861, 12082, 16725, 20267, 10648, 12121, 14076, 17953, 25133, 2929, 0, 0, 129, 147, 300, 583, 1126, 1426, 2009, 2219, 3292, 340, 0, 0
15:42:52, 1021.80, 30.15, 30.22, 29.906, 2547, 1850, 3575, 4009, 3589, 4553, 4211, 5147, 9151, 1945, 0, 0, 166, 195, 401, 757, 1404, 1753, 2446, 2701, 3862, 401, 0, 0
15:42:53, 1024.30, 30.15, 30.24, 29.891, 2330, 2010, 3559, 3929, 7247, 13491, 8176, 14067, 13967, 2561, 0, 0, 148, 175, 357, 681, 1194, 1492, 2079, 2288, 3662, 391, 0, 0
15:42:54, 1021.80, 30.15, 30.21, 29.883, 4361, 3058, 5348, 9483, 4088, 7490, 5851, 6585, 12490, 2327, 0, 0, 165, 204, 415, 777, 1479, 1826, 2557, 2807, 4180, 451, 0, 0
15:42:54, 1025.50, 30.15, 30.22, 29.883, 1071, 1360, 2050, 2819, 4240, 7241, 7098, 6654, 17212, 2747, 0, 0, 145, 175, 357, 680, 1178, 1474, 2049, 2260, 3587, 382, 0, 0
15:42:55, 1026.40, 30.15, 30.21, 29.875, 2809, 4730, 7220, 8977, 7563, 8956, 10435, 12747, 23218, 2755, 0, 0, 137, 161, 327, 627, 1121, 1412, 1982, 2186, 3345, 356, 0, 0
15:42:56, 1024.90, 30.15, 30.19, 29.875, 1928, 3134, 4948, 6410, 8969, 11073, 12572, 15872, 31896, 4239, 0, 0, 134, 156, 321, 617, 1199, 1506, 2120, 2338, 3326, 343, 0, 0
15:42:56, 1024.70, 30.15, 30.22, 29.875, 1633, 1714, 2721, 3613, 2722, 3238, 3214, 3526, 8256, 1367, 0, 0, 154, 185, 379, 709, 1231, 1539, 2158, 2373, 3490, 371, 0, 0
15:42:57, 1027.40, 30.15, 30.17, 29.867, 4416, 9483, 14735, 15866, 17039, 17730, 22657, 27965, 35564, 5777, 0, 1, 130, 151, 310, 597, 1119, 1413, 1991, 2201, 3221, 332, 0, 0
15:42:58, 1026.50, 30.15, 30.22, 29.867, 2117, 1759, 3095, 4327, 4149, 7571, 5529, 6900, 11767, 1852, 0, 0, 141, 163, 334, 647, 1207, 1526, 2144, 2372, 3562, 368, 0, 0
15:42:58, 1025.00, 30.15, 30.17, 29.867, 1363, 1452, 2517, 3007, 3459, 4295, 4032, 4899, 8752, 1719, 0, 0, 155, 179, 368, 703, 1257, 1588, 2221, 2459, 3570, 364, 0, 0
15:42:59, 1027.90, 30.15, 30.17, 29.852, 3352, 7094, 9499, 11987, 20205, 18356, 23157, 26408, 31995, 5420, 0, 0, 134, 159, 324, 621, 1124, 1420, 1987, 2198, 3492, 366, 0, 0
15:43:00, 1026.00, 30.15, 30.19, 29.852, 3845, 2183, 4831, 5528, 3952, 6153, 4968, 6236, 10684, 1903, 0, 0, 144, 168, 344, 661, 1299, 1633, 2305, 2540, 3612, 371, 0, 0
15:43:00, 1022.50, 30.15, 30.19, 29.852, 1852, 1752, 2873, 3999, 3851, 5631, 5017, 5815, 11750, 2295, 0, 0, 152, 185, 377, 706, 1240, 1547, 2167, 2387, 3561, 384, 0, 0
15:43:01, 1023.70, 30.14, 30.17, 29.836, 2802, 2167, 3806, 5704, 9308, 12513, 12856, 16286, 20526, 2910, 0, 0, 148, 177, 359, 683, 1215, 1523, 2121, 2343, 3752, 404, 0, 0
15:43:02, 1025.10, 30.14, 30.21, 29.836, 2243, 1809, 3318, 3853, 4178, 7314, 4804, 6854, 9407, 1716, 0, 0, 146, 169, 346, 661, 1195, 1504, 2106, 2325, 3540, 374, 0, 0
15:43:02, 1022.70, 30.14, 30.19, 29.836, 1747, 1705, 3100, 3855, 3125, 4262, 3665, 4481, 8188, 1343, 0, 0, 160, 189, 389, 733, 1348, 1674, 2345, 2584, 3731, 394, 0, 0
15:43:03, 1020.70, 30.14, 30.17, 29.836, 2943, 2116, 3707, 4625, 6421, 14012, 9316, 12802, 15339, 2796, 0, 0, 153, 183, 376, 711, 1345, 1672, 2324, 2563, 3871, 411, 0, 0
15:43:04, 1019.20, 30.14, 30.21, 29.836, 2091, 1932, 3129, 3713, 4432, 8876, 5171, 7736, 10838, 2419, 0, 0, 165, 201, 410, 766, 1349, 1674, 2322, 2557, 3875, 413, 0, 0
15:43:04, 1018.80, 30.14, 30.19, 29.836, 5911, 6679, 10716, 14764, 6282, 17184, 7533, 14386, 13113, 3044, 0, 0, 168, 205, 418, 776, 1389, 1719, 2382, 2626, 3810, 401, 0, 0
15:43:05, 1019.90, 30.14, 30.17, 29.828, 4552, 4883, 8329, 11551, 9518, 14653, 14328, 16286, 21887, 4042, 0, 0, 152, 187, 382, 709, 1310, 1624, 2257, 2489, 3673, 394, 0, 0
15:43:06, 1020.60, 30.14, 30.17, 29.828, 3781, 2558, 4723, 5401, 7260, 16744, 12630, 15935, 19166, 3306, 0, 0, 148, 181, 371, 694, 1243, 1539, 2130, 2347, 3694, 400, 0, 0
15:43:06, 1017.50, 30.14, 30.17, 29.828, 1426, 1647, 2559, 2967, 3764, 5156, 4303, 5262, 11044, 2784, 0, 0, 168, 212, 431, 783, 1418, 1731, 2386, 2629, 4014, 440, 0, 0
15:43:07, 1019.40, 30.14, 30.13, 29.820, 7381, 6707, 12898, 12178, 10889, 17379, 10340, 22523, 15198, 3062, 0, 0, 162, 199, 407, 754, 1373, 1693, 2346, 2591, 3837, 412, 0, 0
15:43:08, 1022.30, 30.14, 30.15, 29.836, 2937, 2347, 4193, 4511, 9120, 17263, 9765, 18749, 14288, 3163, 0, 0, 153, 184, 376, 706, 1232, 1525, 2113, 2322, 3736, 410, 0, 0
15:43:08, 1020.50, 30.14, 30.15, 29.836, 2235, 1807, 3065, 3985, 2986, 3999, 3618, 4213, 8353, 1701, 0, 0, 170, 213, 435, 796, 1375, 1686, 2341, 2574, 3930, 436, 0, 0
15:43:09, 1022.60, 30.13, 30.19, 29.820, 3357, 2225, 4249, 5625, 13953, 18852, 17805, 21800, 22583, 3910, 0, 0, 153, 184, 374, 708, 1238, 1547, 2138, 2362, 3918, 427, 0, 0
15:43:10, 1022.60, 30.14, 30.19, 29.828, 3028, 2199, 3986, 4808, 4491, 7545, 5117, 6991, 10594, 2589, 0, 0, 171, 202, 413, 778, 1336, 1672, 2333, 2572, 3802, 400, 0, 0
15:43:11, 1024.80, 30.14, 30.17, 29.828, 3935, 5436, 8685, 11189, 7171, 13532, 11347, 14902, 17059, 2700, 0, 0, 151, 179, 366, 695, 1232, 1547, 2173, 2393, 3576, 380, 0, 0
15:43:11, 1023.80, 30.14, 30.17, 29.828, 3602, 5608, 8316, 11387, 10226, 11729, 14370, 17997, 32836, 5687, 0, 1, 142, 172, 352, 668, 1217, 1525, 2134, 2352, 3550, 378, 0, 0
15:43:12, 1023.60, 30.13, 30.15, 29.828, 1823, 1885, 2857, 4336, 4205, 7488, 6235, 6521, 14458, 2706, 0, 0, 151, 185, 379, 713, 1203, 1503, 2089, 2301, 3559, 382, 0, 0
15:43:13, 1023.40, 30.14, 30.17, 29.828, 3570, 5098, 7607, 10332, 6920, 13280, 14059, 14054, 26780, 3369, 0, 0, 137, 166, 340, 642, 1188, 1480, 2060, 2270, 3458, 374, 0, 0
15:43:13, 1025.30, 30.14, 30.13, 29.828, 2849, 3270, 5659, 7698, 6398, 15743, 10706, 14170, 16830, 3054, 0, 0, 139, 165, 338, 642, 1146, 1434, 2003, 2208, 3378, 360, 0, 0
15:43:14, 1024.50, 30.14, 30.17, 29.836, 1718, 2994, 4563, 5750, 6832, 10208, 10257, 12550, 17419, 2257, 0, 0, 144, 171, 352, 671, 1228, 1533, 2151, 2372, 3463, 363, 0, 0
15:43:15, 1026.50, 30.14, 30.17, 29.836, 2237, 1975, 3548, 4335, 5067, 10619, 6345, 9145, 12522, 2337, 0, 0, 144, 168, 346, 660, 1182, 1486, 2075, 2293, 3519, 376, 0, 0
15:43:15, 1023.80, 30.14, 30.13, 29.836, 4213, 5926, 9877, 12719, 11184, 19727, 17940, 22793, 22928, 3264, 0, 0, 145, 169, 347, 662, 1296, 1622, 2284, 2518, 3587, 378, 0, 0
15:43:16, 1023.40, 30.14, 30.17, 29.836, 3333, 2490, 4441, 5437, 5807, 11668, 7851, 11444, 13691, 2381, 0, 0, 150, 177, 361, 691, 1228, 1546, 2155, 2381, 3655, 386, 0, 0
15:43:17, 1022.30, 30.13, 30.17, 29.836, 2853, 2521, 4264, 5249, 3283, 4558, 3870, 4621, 9329, 1763, 0, 0, 161, 195, 400, 744, 1276, 1591, 2220, 2448, 3561, 378, 0, 0
15:43:17, 1029.10, 30.14, 30.21, 29.828, 4102, 6558, 10143, 11871, 13210, 12361, 15253, 19207, 33030, 10353, 0, 1, 125, 155, 314, 591, 1009, 1269, 1763, 1947, 3108, 329, 0, 0
15:43:18, 1036.90, 30.13, 30.17, 29.836, 1259, 1641, 2658, 4401, 5477, 8290, 10124, 9011, 25368, 2607, 0, 0, 109, 125, 254, 498, 922, 1185, 1680, 1864, 2842, 286, 0, 0
15:43:19, 1045.70, 30.13, 30.15, 29.836, 2121, 4044, 6958, 9458, 14995, 15537, 20013, 24403, 35120, 5220, 0, 1, 102, 104, 206, 430, 909, 1211, 1766, 1979, 2773, 269, 0, 0
15:43:19, 1051.00, 30.13, 30.17, 29.828, 1085, 1088, 2079, 3663, 4620, 7110, 7449, 8510, 14435, 1457, 0, 0, 101, 102, 198, 417, 821, 1103, 1612, 1810, 2658, 250, 0, 0
15:43:20, 1057.10, 30.13, 30.17, 29.820, 1139, 2099, 3810, 6223, 7222, 8384, 11461, 14313, 31522, 3752, 0, 0, 89, 86, 163, 354, 815, 1122, 1674, 1895, 2629, 240, 0, 0
15:43:21, 1059.60, 30.12, 30.19, 29.820, 568, 730, 1327, 2753, 3574, 4760, 6627, 6253, 16993, 1532, 0, 0, 96, 93, 176, 379, 772, 1064, 1581, 1795, 2599, 232, 0, 0
15:43:21, 1063.20, 30.10, 30.17, 29.687, 833, 1449, 2686, 4665, 9928, 11345, 16031, 23500, 36000, 8912, 1, 1, 82, 79, 152, 328, 691, 955, 1413, 1609, 2338, 205, 0, 0
15:43:22, 1066.00, 30.09, 30.15, 29.625, 699, 1268, 2061, 4144, 5126, 5942, 8737, 10123, 26415, 3031, 0, 0, 78, 73, 134, 295, 686, 965, 1461, 1671, 2368, 209, 0, 0
15:43:23, 1075.00, 30.08, 30.15, 29.625, 428, 562, 1044, 2288, 4004, 4783, 6936, 7744, 19887, 2042, 0, 0, 68, 63, 115, 254, 567, 803, 1207, 1387, 1963, 169, 0, 0
15:43:23, 1080.40, 30.06, 30.15, 29.555, 445, 633, 1194, 2427, 2929, 3722, 5358, 5736, 13340, 1140, 0, 0, 69, 62, 104, 232, 555, 811, 1265, 1465, 1988, 175, 0, 0
15:43:24, 1086.70, 30.04, 30.15, 29.500, 414, 623, 1056, 2323, 3651, 4432, 6629, 7936, 18607, 1839, 0, 0, 56, 50, 84, 187, 454, 670, 1044, 1213, 1634, 141, 0, 0
15:43:25, 1088.10, 30.02, 30.15, 29.500, 452, 546, 934, 2076, 2437, 3354, 4656, 5288, 9688, 724, 0, 0, 60, 53, 86, 190, 465, 696, 1104, 1285, 1678, 148, 0, 0
15:43:25, 1091.80, 30.01, 30.17, 29.437, 364, 476, 871, 1843, 4378, 5774, 8648, 11872, 21874, 2031, 0, 0, 53, 47, 75, 168, 419, 629, 992, 1161, 1544, 133, 0, 0
15:43:26, 1093.50, 29.99, 30.17, 29.406, 350, 469, 870, 1828, 3302, 4247, 6082, 7666, 15559, 1349, 0, 0, 50, 44, 69, 153, 404, 614, 984, 1151, 1500, 131, 0, 0
15:43:27, 1097.20, 29.98, 30.15, 29.406, 304, 379, 655, 1466, 2955, 3835, 5708, 7028, 14099, 1213, 0, 0, 47, 41, 64, 142, 359, 549, 879, 1035, 1361, 117, 0, 0
15:43:27, 1100.80, 29.96, 30.19, 29.383, 262, 296, 508, 1192, 2191, 2947, 4406, 5009, 9749, 748, 0, 0, 47, 41, 63, 137, 349, 536, 864, 1018, 1327, 114, 0, 0
15:43:28, 1108.00, 29.95, 30.15, 29.367, 259, 314, 579, 1272, 2456, 3171, 4749, 5785, 13437, 1162, 0, 0, 41, 36, 55, 121, 305, 475, 773, 917, 1193, 101, 0, 0
15:43:29, 1113.00, 29.94, 30.19, 29.367, 204, 232, 401, 916, 1855, 2508, 3939, 4707, 8876, 726, 0, 0, 39, 33, 48, 103, 281, 447, 743, 884, 1125, 96, 0, 0
15:43:29, 1117.20, 29.93, 30.17, 29.352, 199, 217, 389, 860, 1870, 2535, 3809, 4663, 11717, 946, 0, 0, 35, 29, 42, 91, 252, 403, 675, 806, 1021, 87, 0, 0
15:43:30, 1119.70, 29.93, 30.19, 29.344, 153, 173, 283, 674, 1478, 2014, 3168, 3745, 7028, 571, 0, 0, 35, 30, 42, 90, 251, 405, 684, 819, 1029, 88, 0, 0
15:43:31, 1122.80, 29.92, 30.13, 29.344, 179, 196, 337, 772, 1683, 2283, 3498, 4315, 9159, 749, 0, 0, 31, 26, 37, 78, 226, 369, 624, 749, 932, 80, 0, 0
15:43:31, 1126.20, 29.91, 30.17, 29.320, 184, 206, 333, 765, 1656, 2309, 3590, 4543, 8207, 662, 0, 0, 30, 25, 35, 73, 213, 349, 595, 717, 881, 76, 0, 0
15:43:32, 1133.30, 29.91, 30.17, 29.320, 159, 169, 266, 625, 1349, 1890, 2940, 3640, 6254, 491, 0, 0, 28, 24, 33, 68, 199, 329, 565, 684, 852, 72, 0, 0
15:43:33, 1139.00, 29.90, 30.19, 29.320, 149, 160, 246, 573, 1214, 1748, 2764, 3494, 5531, 426, 0, 0, 25, 21, 28, 56, 171, 288, 508, 615, 733, 63, 0, 0
15:43:33, 1144.30, 29.89, 30.21, 29.305, 123, 132, 201, 466, 1225, 1763, 2856, 3659, 6518, 526, 0, 0, 23, 19, 25, 50, 153, 260, 458, 559, 676, 57, 0, 0
15:43:34, 1146.20, 29.88, 30.22, 29.297, 126, 130, 197, 449, 1095, 1613, 2540, 3249, 5785, 447, 0, 0, 21, 18, 23, 46, 145, 250, 446, 546, 649, 55, 0, 0
15:43:35, 1146.80, 29.88, 30.21, 29.297, 105, 109, 163, 379, 945, 1375, 2224, 2771, 4699, 371, 0, 0, 22, 18, 24, 47, 145, 250, 447, 546, 653, 56, 0, 0
15:43:35, 1149.30, 29.87, 30.19, 29.297, 104, 109, 164, 380, 981, 1437, 2316, 2958, 5266, 420, 0, 0, 21, 18, 23, 44, 139, 239, 428, 525, 627, 53, 0, 0
15:43:36, 1153.10, 29.87, 30.17, 29.289, 107, 111, 162, 376, 912, 1347, 2154, 2740, 4273, 329, 0, 0, 20, 17, 21, 42, 130, 226, 407, 500, 593, 51, 0, 0
15:43:37, 1158.00, 29.87, 30.19, 29.289, 97, 100, 144, 333, 828, 1242, 2005, 2571, 3918, 300, 0, 0, 18, 15, 19, 36, 116, 204, 374, 462, 527, 46, 0, 0
15:43:37, 1163.10, 29.86, 30.17, 29.297, 82, 83, 116, 267, 695, 1042, 1720, 2145, 3459, 269, 0, 0, 16, 14, 17, 32, 104, 185, 342, 423, 489, 42, 0, 0
15:43:38, 1166.40, 29.86, 30.19, 29.297, 75, 75, 105, 240, 694, 1065, 1764, 2291, 3695, 288, 0, 0, 15, 13, 16, 29, 96, 173, 322, 400, 456, 39, 0, 0
15:43:39, 1168.30, 29.85, 30.17, 29.297, 66, 65, 88, 202, 550, 840, 1389, 1747, 2706, 210, 0, 0, 15, 12, 16, 28, 94, 170, 318, 396, 455, 39, 0, 0
15:43:39, 1169.60, 29.85, 30.19, 29.289, 73, 73, 100, 226, 588, 902, 1495, 1892, 2924, 225, 0, 0, 14, 12, 15, 27, 90, 163, 306, 381, 431, 37, 0, 0
15:43:40, 1172.20, 29.84, 30.17, 29.289, 71, 70, 94, 213, 577, 892, 1476, 1894, 2744, 207, 0, 0, 14, 12, 14, 26, 87, 158, 297, 373, 422, 36, 0, 0
15:43:41, 1178.10, 29.84, 30.17, 29.289, 68, 67, 88, 196, 532, 826, 1389, 1806, 2649, 203, 0, 0, 13, 11, 13, 24, 77, 142, 270, 340, 383, 33, 0, 0
15:43:41, 1183.70, 29.83, 30.17, 29.289, 60, 59, 76, 168, 456, 721, 1218, 1573, 2214, 168, 0, 0, 11, 10, 12, 20, 68, 127, 247, 312, 344, 29, 0, 0
15:43:42, 1190.60, 29.82, 30.21, 29.297, 51, 50, 64, 139, 385, 612, 1053, 1338, 2045, 160, 0, 0, 11, 9, 11, 18, 62, 117, 228, 290, 324, 27, 0, 0
15:43:43, 1192.70, 29.82, 30.15, 29.297, 47, 46, 58, 126, 360, 583, 1012, 1299, 1905, 147, 0, 0, 10, 8, 10, 16, 57, 109, 215, 274, 299, 25, 0, 0
15:43:43, 1195.00, 29.82, 30.21, 29.289, 44, 43, 54, 115, 346, 562, 980, 1254, 1914, 149, 0, 0, 9, 8, 9, 16, 55, 104, 206, 263, 289, 24, 0, 0
15:43:44, 1198.90, 29.81, 30.17, 29.289, 43, 42, 53, 112, 333, 539, 938, 1195, 1824, 142, 0, 0, 9, 7, 9, 15, 52, 99, 196, 251, 276, 23, 0, 0
15:43:45, 1203.70, 29.81, 30.19, 29.289, 39, 38, 47, 99, 301, 496, 874, 1129, 1636, 126, 0, 0, 8, 7, 8, 13, 45, 87, 176, 226, 240, 20, 0, 0
15:43:45, 1207.30, 29.80, 30.21, 29.281, 35, 34, 41, 86, 263, 437, 772, 1005, 1350, 103, 0, 0, 7, 6, 7, 12, 42, 82, 167, 216, 228, 19, 0, 0
15:43:46, 1213.00, 29.80, 30.17, 29.289, 33, 32, 38, 79, 242, 402, 720, 932, 1324, 102, 0, 0, 7, 6, 7, 11, 38, 75, 154, 199, 212, 18, 0, 0
15:43:47, 1217.60, 29.80, 30.17, 29.289, 30, 29, 34, 69, 218, 370, 667, 873, 1198, 92, 0, 0, 6, 5, 6, 9, 34, 67, 139, 181, 187, 16, 0, 0
15:43:47, 1221.10, 29.79, 30.19, 29.289, 27, 26, 30, 60, 192, 328, 595, 776, 1052, 81, 0, 0, 6, 5, 6, 9, 32, 63, 133, 173, 182, 15, 0, 0
15:43:48, 1229.00, 29.79, 30.19, 29.289, 27, 26, 30, 59, 190, 327, 595, 779, 1105, 86, 0, 0, 5, 4, 5, 8, 29, 59, 124, 163, 175, 14, 0, 0
15:43:49, 1241.50, 29.78, 30.19, 29.289, 22, 21, 24, 46, 144, 253, 473, 629, 837, 65, 0, 0, 4, 3, 4, 6, 21, 44, 96, 127, 130, 11, 0, 0
15:43:49, 1245.80, 29.77, 30.21, 29.281, 17, 17, 19, 34, 115, 207, 394, 526, 695, 54, 0, 0, 3, 3, 3, 5, 18, 38, 85, 114, 116, 9, 0, 0
15:43:50, 1247.00, 29.77, 30.17, 29.281, 16, 16, 17, 31, 108, 195, 373, 496, 656, 51, 0, 0, 3, 3, 3, 5, 18, 38, 85, 114, 117, 10, 0, 0
15:43:51, 1255.10, 29.77, 30.19, 29.281, 16, 16, 17, 31, 105, 191, 362, 479, 698, 55, 0, 0, 3, 2, 3, 5, 16, 34, 76, 102, 105, 8, 0, 0
15:43:51, 1263.70, 29.76, 30.22, 29.273, 13, 13, 14, 24, 82, 152, 298, 402, 503, 39, 0, 0, 2, 2, 2, 3, 13, 27, 63, 85, 84, 7, 0, 0
15:43:52, 1267.10, 29.76, 30.17, 29.281, 11, 11, 12, 20, 70, 132, 260, 351, 432, 33, 0, 0, 2, 2, 2, 3, 11, 25, 58, 79, 77, 6, 0, 0
15:43:53, 1270.30, 29.75, 30.17, 29.281, 11, 10, 11, 18, 65, 122, 241, 327, 407, 32, 0, 0, 2, 1, 2, 3, 10, 23, 55, 75, 74, 6, 0, 0
15:43:53, 1277.80, 29.75, 30.17, 29.273, 10, 10, 10, 17, 61, 115, 231, 315, 404, 32, 0, 0, 2, 1, 2, 3, 10, 22, 51, 70, 70, 6, 0, 0
15:43:54, 1285.80, 29.74, 30.24, 29.281, 9, 9, 9, 14, 50, 97, 196, 269, 316, 24, 0, 0, 1, 1, 1, 2, 8, 17, 43, 59, 57, 4, 0, 0
15:43:55, 1290.10, 29.74, 30.21, 29.281, 7, 7, 7, 12, 44, 86, 177, 243, 295, 23, 0, 0, 1, 1, 1, 2, 7, 16, 39, 54, 52, 4, 0, 0
15:43:55, 1292.70, 29.73, 30.19, 29.273, 7, 7, 7, 11, 42, 81, 167, 230, 281, 22, 0, 0, 1, 1, 1, 2, 6, 15, 37, 52, 50, 4, 0, 0
15:43:56, 1299.70, 29.73, 30.21, 29.273, 7, 7, 7, 10, 39, 76, 158, 217, 268, 21, 0, 0, 1, 1, 1, 2, 6, 13, 34, 47, 45, 3, 0, 0
15:43:57, 1308.80, 29.73, 30.19, 29.273, 6, 6, 6, 9, 33, 65, 137, 192, 219, 17, 0, 0, 1, 0, 1, 1, 4, 11, 28, 40, 38, 3, 0, 0
15:43:57, 1311.30, 29.72, 30.22, 29.273, 5, 5, 5, 7, 26, 53, 113, 159, 172, 13, 0, 0, 0, 0, 1, 1, 4, 10, 26, 37, 35, 2, 0, 0
15:43:58, 1314.40, 29.72, 30.22, 29.273, 5, 5, 4, 7, 26, 52, 112, 157, 171, 13, 0, 0, 0, 0, 1, 1, 4, 10, 26, 37, 35, 2, 0, 0
15:43:59, 1319.60, 29.72, 30.24, 29.273, 4, 5, 4, 6, 25, 50, 109, 153, 170, 13, 0, 0, 0, 0, 0, 1, 3, 9, 24, 33, 31, 2, 0, 0
15:43:59, 1326.20, 29.71, 30.22, 29.266, 4, 4, 4, 5, 21, 44, 96, 136, 154, 12, 0, 0, 0, 0, 1, 1, 3, 7, 21, 30, 27, 2, 0, 0
15:44:00, 1331.20, 29.71, 30.21, 29.273, 3, 4, 3, 5, 19, 39, 85, 121, 134, 11, 0, 0, 0, 0, 0, 1, 2, 6, 18, 27, 24, 1, 0, 0
15:44:01, 1332.40, 29.70, 30.21, 29.273, 3, 3, 3, 4, 17, 36, 79, 112, 124, 10, 0, 0, 0, 0, 0, 1, 2, 6, 18, 26, 24, 1, 0, 0
15:44:01, 1335.40, 29.70, 30.22, 29.273, 3, 3, 3, 4, 17, 35, 76, 109, 116, 9, 0, 0, 0, 0, 0, 1, 2, 6, 18, 26, 24, 1, 0, 0
15:44:02, 1341.80, 29.70, 30.21, 29.266, 3, 3, 3, 4, 15, 33, 74, 105, 115, 9, 0, 0, 0, 0, 0, 0, 2, 5, 16, 23, 20, 1, 0, 0
15:44:03, 1347.50, 29.70, 30.21, 29.266, 2, 3, 2, 3, 13, 28, 63, 90, 99, 8, 0, 0, 0, 0, 0, 0, 2, 5, 14, 20, 18, 1, 0, 0
15:44:03, 1348.60, 29.69, 30.17, 29.273, 2, 3, 2, 3, 12, 26, 59, 85, 89, 7, 0, 0, 0, 0, 0, 0, 2, 4, 13, 20, 18, 1, 0, 0
15:44:04, 1351.30, 29.69, 30.21, 29.273, 2, 3, 2, 3, 12, 26, 58, 84, 88, 7, 0, 0, 0, 0, 0, 0, 1, 4, 13, 19, 18, 1, 0, 0
15:44:05, 1354.50, 29.69, 30.22, 29.273, 2, 2, 2, 3, 11, 24, 55, 79, 82, 7, 0, 0, 0, 0, 0, 0, 1, 4, 12, 18, 16, 1, 0, 0
15:44:05, 1361.30, 29.68, 30.24, 29.258, 2, 2, 2, 2, 10, 22, 50, 72, 79, 6, 0, 0, 0, 0, 0, 0, 1, 3, 11, 16, 14, 0, 0, 0
15:44:06, 1363.90, 29.68, 30.21, 29.266, 2, 2, 1, 2, 9, 19, 45, 65, 68, 6, 0, 0, 0, 0, 0, 0, 1, 3, 10, 15, 13, 0, 0, 0
15:44:07, 1364.30, 29.68, 30.24, 29.266, 2, 2, 1, 2, 8, 19, 44, 64, 67, 5, 0, 0, 0, 0, 0, 0, 1, 3, 10, 15, 13, 0, 0, 0
15:44:07, 1368.20, 29.67, 30.22, 29.258, 2, 2, 1, 2, 8, 19, 44, 64, 68, 6, 0, 0, 0, 0, 0, 0, 1, 3, 10, 15, 13, 0, 0, 0
15:44:08, 1375.10, 29.67, 30.21, 29.258, 1, 2, 1, 2, 8, 17, 40, 59, 63, 5, 0, 0, 0, 0, 0, 0, 1, 2, 8, 13, 11, 0, 0, 0
15:44:09, 1381.10, 29.67, 30.26, 29.258, 1, 2, 1, 1, 6, 14, 34, 51, 53, 4, 0, 0, 0, 0, 0, 0, 0, 2, 7, 11, 10, 0, 0, 0
15:44:09, 1382.60, 29.66, 30.19, 29.250, 1, 1, 1, 1, 6, 13, 32, 47, 48, 4, 0, 0, 0, 0, 0, 0, 0, 2, 7, 11, 9, 0, 0, 0
15:44:10, 1385.20, 29.67, 30.24, 29.258, 1, 1, 1, 1, 6, 13, 31, 46, 48, 4, 0, 0, 0, 0, 0, 0, 0, 2, 7, 11, 9, 0, 0, 0
15:44:11, 1389.80, 29.66, 30.26, 29.258, 1, 1, 1, 1, 5, 12, 29, 44, 47, 4, 0, 0, 0, 0, 0, 0, 0, 2, 6, 10, 9, 0, 0, 0
15:44:11, 1396.40, 29.66, 30.24, 29.250, 1, 1, 1, 1, 5, 11, 26, 40, 41, 4, 0, 0, 0, 0, 0, 0, 0, 1, 6, 9, 7, 0, 0, 0
15:44:12, 1399.20, 29.65, 30.24, 29.258, 1, 1, 0, 1, 4, 10, 24, 36, 36, 3, 0, 0, 0, 0, 0, 0, 0, 1, 5, 8, 7, 0, 0, 0
15:44:13, 1401.20, 29.65, 30.21, 29.258, 1, 1, 0, 1, 4, 9, 23, 34, 35, 3, 0, 0, 0, 0, 0, 0, 0, 1, 5, 8, 7, 0, 0, 0
15:44:14, 1404.80, 29.65, 30.26, 29.258, 1, 1, 0, 1, 4, 9, 22, 33, 34, 3, 0, 0, 0, 0, 0, 0, 0, 1, 5, 7, 6, 0, 0, 0
15:44:14, 1409.00, 29.65, 30.22, 29.266, 1, 1, 0, 1, 3, 8, 20, 31, 31, 3, 0, 0, 0, 0, 0, 0, 0, 1, 4, 7, 6, 0, 0, 0
15:44:15, 1415.40, 29.65, 30.21, 29.266, 0, 1, 1, 0, 3, 7, 18, 27, 27, 2, 0, 0, 0, 0, 0, 0, 0, 1, 4, 6, 5, 0, 0, 0
15:44:16, 1416.90, 29.64, 30.24, 29.258, 0, 1, 0, 0, 3, 7, 16, 25, 24, 2, 0, 0, 0, 0, 0, 0, 0, 0, 4, 6, 5, 0, 0, 0
15:44:16, 1419.90, 29.64, 30.24, 29.266, 0, 1, 0, 0, 2, 6, 16, 25, 25, 2, 0, 0, 0, 0, 0, 0, 0, 0, 3, 6, 5, 0, 0, 0
15:44:17, 1424.80, 29.64, 30.24, 29.266, 0, 1, 0, 0, 2, 6, 15, 23, 23, 2, 0, 0, 0, 0, 0, 0, 0, 0, 3, 5, 4, 0, 0, 0
15:44:18, 1431.20, 29.64, 30.22, 29.250, 0, 1, 0, 0, 2, 5, 13, 21, 21, 2, 0, 0, 0, 0, 0, 0, 0, 0, 3, 4, 4, 0, 0, 0
15:44:18, 1435.30, 29.63, 30.24, 29.258, 0, 1, 0, 0, 2, 5, 12, 18, 18, 2, 0, 0, 0, 0, 0, 0, 0, 0, 2, 4, 3, 0, 0, 0
15:44:19, 1437.90, 29.63, 30.24, 29.258, 0, 1, 0, 0, 2, 4, 11, 17, 17, 2, 0, 0, 0, 0, 0, 0, 0, 0, 2, 4, 3, 0, 0, 0
15:44:20, 1442.10, 29.63, 30.26, 29.266, 0, 1, 0, 0, 1, 4, 10, 17, 16, 2, 0, 0, 0, 0, 0, 0, 0, 0, 2, 4, 3, 0, 0, 0
15:44:20, 1447.30, 29.63, 30.26, 29.258, 0, 1, 0, 0, 1, 4, 10, 15, 15, 1, 0, 0, 0, 0, 0, 0, 0, 0, 2, 3, 2, 0, 0, 0
15:44:21, 1453.10, 29.63, 30.28, 29.258, 0, 1, 0, 0, 1, 3, 8, 13, 13, 1, 0, 0, 0, 0, 0, 0, 0, 0, 1, 3, 2, 0, 0, 0
15:44:22, 1459.90, 29.62, 30.26, 29.250, 0, 1, 0, 0, 1, 3, 7, 12, 11, 1, 0, 0, 0, 0, 0, 0, 0, 0, 1, 2, 2, 0, 0, 0
15:44:22, 1462.70, 29.62, 30.26, 29.258, 0, 0, 0, 0, 1, 3, 7, 11, 10, 1, 0, 0, 0, 0, 0, 0, 0, 0, 1, 2, 2, 0, 0, 0
15:44:23, 1467.60, 29.62, 30.24, 29.258, 0, 0, 0, 0, 1, 3, 6, 10, 10, 1, 0, 0, 0, 0, 0, 0, 0, 0, 1, 2, 2, 0, 0, 0
15:44:24, 1474.80, 29.61, 30.24, 29.258, 0, 0, 1, 0, 1, 2, 5, 9, 9, 1, 0, 0, 0, 0, 0, 0, 0, 0, 1, 2, 1, 0, 0, 0
15:44:24, 1485.30, 29.61, 30.24, 29.258, 0, 0, 0, 0, 0, 2, 4, 8, 7, 1, 0, 0, 0, 0, 0, 0, 0, 0, 1, 1, 1, 0, 0, 0
15:44:25, 1488.40, 29.61, 30.22, 29.258, 0, 0, 0, 0, 0, 2, 4, 6, 6, 1, 0, 0, 0, 0, 0, 0, 0, 0, 0, 1, 1, 0, 0, 0
15:44:26, 1489.90, 29.61, 30.26, 29.250, 0, 0, 0, 0, 0, 2, 4, 6, 6, 1, 0, 0, 0, 0, 0, 0, 0, 0, 0, 1, 1, 0, 0, 0
15:44:26, 1497.50, 29.60, 30.24, 29.258, 0, 0, 0, 0, 0, 1, 3, 6, 5, 1, 0, 0, 0, 0, 0, 0, 0, 0, 0, 1, 1, 0, 0, 0
15:44:27, 1505.30, 29.60, 30.26, 29.258, 0, 0, 1, 0, 0, 1, 3, 5, 4, 1, 0, 0, 0, 0, 0, 0, 0, 0, 0, 1, 1, 0, 0, 0
15:44:28, 1509.30, 29.60, 30.26, 29.250, 0, 0, 0, 0, 0, 1, 2, 4, 4, 1, 0, 0, 0, 0, 0, 0, 0, 0, 0, 1, 0, 0, 0, 0
15:44:28, 1510.40, 29.60, 30.24, 29.258, 0, 0, 0, 0, 0, 1, 2, 4, 3, 1, 0, 0, 0, 0, 0, 0, 0, 0, 0, 1, 0, 0, 0, 0
15:44:29, 1515.40, 29.60, 30.28, 29.258, 0, 0, 0, 0, 0, 1, 2, 4, 3, 1, 0, 0, 0, 0, 0, 0, 0, 0, 0, 1, 0, 0, 0, 0
15:44:30, 1526.10, 29.59, 30.28, 29.250, 0, 0, 0, 0, 0, 1, 2, 3, 3, 1, 0, 0, 0, 0, 0, 0, 0, 0, 0, 1, 0, 0, 0, 0
15:44:30, 1529.30, 29.59, 30.26, 29.258, 0, 0, 0, 0, 0, 1, 1, 3, 2, 0, 0, 0, 0, 0, 0, 0, 0, 0, 0, 0, 0, 0, 0, 0
15:44:31, 1535.50, 29.59, 30.26, 29.258, 0, 0, 0, 0, 0, 1, 1, 3, 2, 0, 0, 0, 0, 0, 0, 0, 0, 0, 0, 0, 0, 0, 0, 0
15:44:32, 1545.70, 29.58, 30.24, 29.250, 0, 0, 0, 0, 0, 1, 1, 2, 2, 0, 0, 0, 0, 0, 0, 0, 0, 0, 0, 0, 0, 0, 0, 0
15:44:32, 1553.70, 29.58, 30.26, 29.250, 0, 0, 0, 0, 0, 1, 1, 2, 1, 0, 0, 0, 0, 0, 0, 0, 0, 0, 0, 0, 0, 0, 0, 0
15:44:33, 1555.60, 29.58, 30.32, 29.250, 0, 0, 0, 0, 0, 1, 1, 1, 1, 0, 0, 0, 0, 0, 0, 0, 0, 0, 0, 0, 0, 0, 0, 0
15:44:34, 1564.40, 29.58, 30.26, 29.242, 0, 0, 0, 0, 0, 1, 1, 1, 1, 0, 0, 0, 0, 0, 0, 0, 0, 0, 0, 0, 0, 0, 0, 0
15:44:34, 1570.90, 29.58, 30.26, 29.258, 0, 0, 0, 0, 0, 0, 0, 1, 1, 0, 0, 0, 0, 0, 0, 0, 0, 0, 0, 0, 0, 0, 0, 0
15:44:35, 1578.40, 29.57, 30.26, 29.258, 0, 0, 0, 0, 0, 0, 0, 1, 1, 0, 0, 0, 0, 0, 0, 0, 0, 0, 0, 0, 0, 0, 0, 0
15:44:36, 1579.50, 29.57, 30.28, 29.250, 0, 0, 0, 0, 0, 0, 0, 1, 0, 0, 0, 0, 0, 0, 0, 0, 0, 0, 0, 0, 0, 0, 0, 0
15:44:36, 1585.70, 29.57, 30.28, 29.242, 0, 0, 0, 0, 0, 0, 0, 1, 0, 0, 0, 0, 0, 0, 0, 0, 0, 0, 0, 0, 0, 0, 0, 0
15:44:37, 1593.90, 29.57, 30.26, 29.242, 0, 0, 0, 0, 0, 0, 0, 1, 0, 0, 0, 0, 0, 0, 0, 0, 0, 0, 0, 0, 0, 0, 0, 0
15:44:38, 1599.30, 29.57, 30.26, 29.242, 0, 0, 0, 0, 0, 0, 1, 0, 0, 0, 0, 0, 0, 0, 0, 0, 0, 0, 0, 0, 0, 0, 0, 0
15:44:38, 1602.40, 29.56, 30.28, 29.242, 0, 0, 0, 0, 0, 0, 0, 0, 0, 0, 0, 0, 0, 0, 0, 0, 0, 0, 0, 0, 0, 0, 0, 0
15:44:39, 1609.00, 29.56, 30.26, 29.242, 0, 0, 0, 0, 0, 0, 0, 0, 0, 0, 0, 0, 0, 0, 0, 0, 0, 0, 0, 0, 0, 0, 0, 0
15:44:40, 1615.70, 29.56, 30.26, 29.234, 0, 0, 0, 0, 0, 0, 0, 0, 0, 0, 0, 0, 0, 0, 0, 0, 0, 0, 0, 0, 0, 0, 0, 0
15:44:40, 1621.70, 29.56, 30.32, 29.242, 0, 0, 0, 0, 0, 0, 0, 0, 0, 0, 0, 0, 0, 0, 0, 0, 0, 0, 0, 0, 0, 0, 0, 0
15:44:41, 1626.80, 29.55, 30.30, 29.242, 0, 0, 0, 0, 0, 0, 1, 0, 0, 0, 0, 0, 0, 0, 0, 0, 0, 0, 0, 0, 0, 0, 0, 0
15:44:42, 1635.00, 29.55, 30.26, 29.234, 0, 0, 0, 0, 0, 0, 0, 0, 0, 0, 0, 0, 0, 0, 0, 0, 0, 0, 0, 0, 0, 0, 0, 0
15:44:42, 1640.70, 29.55, 30.28, 29.242, 0, 0, 0, 0, 0, 0, 0, 0, 0, 0, 0, 0, 0, 0, 0, 0, 0, 0, 0, 0, 0, 0, 0, 0
15:44:43, 1647.00, 29.55, 30.28, 29.242, 0, 0, 0, 0, 0, 0, 0, 0, 0, 0, 0, 0, 0, 0, 0, 0, 0, 0, 0, 0, 0, 0, 0, 0
15:44:44, 1650.10, 29.55, 30.28, 29.242, 0, 0, 0, 0, 0, 0, 0, 0, 0, 0, 0, 0, 0, 0, 0, 0, 0, 0, 0, 0, 0, 0, 0, 0
15:44:44, 1657.20, 29.55, 30.26, 29.250, 0, 0, 0, 0, 0, 0, 0, 0, 0, 0, 0, 0, 0, 0, 0, 0, 0, 0, 0, 0, 0, 0, 0, 0
15:44:45, 1665.00, 29.54, 30.28, 29.250, 0, 0, 0, 0, 0, 0, 0, 0, 0, 0, 0, 0, 0, 0, 0, 0, 0, 0, 0, 0, 0, 0, 0, 0
15:44:46, 1670.80, 29.54, 30.26, 29.242, 0, 0, 0, 0, 0, 0, 0, 0, 0, 0, 0, 0, 0, 0, 0, 0, 0, 0, 0, 0, 0, 0, 0, 0
15:44:46, 1676.80, 29.54, 30.26, 29.242, 0, 0, 0, 0, 0, 0, 0, 0, 0, 0, 0, 0, 0, 0, 0, 0, 0, 0, 0, 0, 0, 0, 0, 0
15:44:47, 1684.80, 29.54, 30.28, 29.242, 0, 0, 0, 0, 0, 0, 0, 0, 0, 0, 0, 0, 0, 0, 0, 0, 0, 0, 0, 0, 0, 0, 0, 0
15:44:48, 1690.20, 29.54, 30.30, 29.242, 0, 0, 0, 0, 0, 0, 0, 0, 0, 0, 0, 0, 0, 0, 0, 0, 0, 0, 0, 0, 0, 0, 0, 0
15:44:48, 1694.60, 29.54, 30.30, 29.250, 0, 0, 0, 0, 0, 0, 0, 0, 0, 0, 0, 0, 0, 0, 0, 0, 0, 0, 0, 0, 0, 0, 0, 0
15:44:49, 1700.40, 29.54, 30.28, 29.250, 0, 0, 0, 0, 0, 0, 0, 0, 0, 0, 0, 0, 0, 0, 0, 0, 0, 0, 0, 0, 0, 0, 0, 0
15:44:50, 1705.90, 29.53, 30.30, 29.242, 0, 0, 0, 0, 0, 0, 0, 0, 0, 0, 0, 0, 0, 0, 0, 0, 0, 0, 0, 0, 0, 0, 0, 0
15:44:50, 1712.60, 29.53, 30.34, 29.242, 0, 0, 0, 0, 0, 0, 0, 0, 0, 0, 0, 0, 0, 0, 0, 0, 0, 0, 0, 0, 0, 0, 0, 0
15:44:51, 1715.70, 29.53, 30.30, 29.242, 0, 0, 0, 0, 0, 0, 0, 0, 0, 0, 0, 0, 0, 0, 0, 0, 0, 0, 0, 0, 0, 0, 0, 0
15:44:52, 1720.50, 29.53, 30.28, 29.242, 0, 0, 0, 0, 0, 0, 0, 0, 0, 0, 0, 0, 0, 0, 0, 0, 0, 0, 0, 0, 0, 0, 0, 0
15:44:52, 1727.20, 29.53, 30.28, 29.250, 0, 0, 0, 0, 0, 0, 0, 0, 0, 0, 0, 0, 0, 0, 0, 0, 0, 0, 0, 0, 0, 0, 0, 0
15:44:53, 1734.00, 29.53, 30.28, 29.250, 0, 0, 0, 0, 0, 0, 0, 0, 0, 0, 0, 0, 0, 0, 0, 0, 0, 0, 0, 0, 0, 0, 0, 0
15:44:54, 1737.10, 29.52, 30.32, 29.242, 0, 0, 0, 0, 0, 0, 0, 0, 0, 0, 0, 0, 0, 0, 0, 0, 0, 0, 0, 0, 0, 0, 0, 0
15:44:54, 1740.60, 29.52, 30.26, 29.242, 0, 0, 0, 0, 0, 0, 0, 0, 0, 0, 0, 0, 0, 0, 0, 0, 0, 0, 0, 0, 0, 0, 0, 0
15:44:55, 1750.90, 29.52, 30.30, 29.242, 0, 0, 0, 0, 0, 0, 0, 0, 0, 0, 0, 0, 0, 0, 0, 0, 0, 0, 0, 0, 0, 0, 0, 0
15:44:56, 1756.80, 29.52, 30.28, 29.242, 0, 0, 0, 0, 0, 0, 0, 0, 0, 0, 0, 0, 0, 0, 0, 0, 0, 0, 0, 0, 0, 0, 0, 0
15:44:56, 1757.90, 29.52, 30.28, 29.250, 0, 0, 0, 0, 0, 0, 0, 0, 0, 0, 0, 0, 0, 0, 0, 0, 0, 0, 0, 0, 0, 0, 0, 0
15:44:57, 1763.30, 29.52, 30.28, 29.250, 0, 0, 0, 0, 0, 0, 0, 0, 0, 0, 0, 0, 0, 0, 0, 0, 0, 0, 0, 0, 0, 0, 0, 0
15:44:58, 1771.00, 29.52, 30.32, 29.242, 0, 0, 0, 0, 0, 0, 0, 0, 0, 0, 0, 0, 0, 0, 0, 0, 0, 0, 0, 0, 0, 0, 0, 0
15:44:58, 1775.20, 29.52, 30.32, 29.250, 0, 0, 0, 0, 0, 0, 0, 0, 0, 0, 0, 0, 0, 0, 0, 0, 0, 0, 0, 0, 0, 0, 0, 0
15:44:59, 1776.50, 29.52, 30.28, 29.250, 0, 0, 0, 0, 0, 0, 0, 0, 0, 0, 0, 0, 0, 0, 0, 0, 0, 0, 0, 0, 0, 0, 0, 0
15:45:00, 1780.80, 29.52, 30.30, 29.250, 0, 0, 0, 0, 0, 0, 0, 0, 0, 0, 0, 0, 0, 0, 0, 0, 0, 0, 0, 0, 0, 0, 0, 0
15:45:00, 1784.60, 29.51, 30.28, 29.250, 0, 0, 0, 0, 0, 0, 0, 0, 0, 0, 0, 0, 0, 0, 0, 0, 0, 0, 0, 0, 0, 0, 0, 0
15:45:01, 1787.20, 29.51, 30.30, 29.250, 0, 0, 0, 0, 0, 0, 0, 0, 0, 0, 0, 0, 0, 0, 0, 0, 0, 0, 0, 0, 0, 0, 0, 0
15:45:02, 1787.90, 29.51, 30.28, 29.242, 0, 0, 0, 0, 0, 0, 0, 0, 0, 0, 0, 0, 0, 0, 0, 0, 0, 0, 0, 0, 0, 0, 0, 0
15:45:02, 1789.20, 29.51, 30.30, 29.242, 0, 0, 0, 0, 0, 0, 0, 0, 0, 0, 0, 0, 0, 0, 0, 0, 0, 0, 0, 0, 0, 0, 0, 0
15:45:03, 1797.30, 29.51, 30.30, 29.242, 0, 0, 0, 0, 0, 0, 0, 0, 0, 0, 0, 0, 0, 0, 0, 0, 0, 0, 0, 0, 0, 0, 0, 0
15:45:04, 1800.60, 29.51, 30.28, 29.242, 0, 0, 0, 0, 0, 0, 0, 0, 0, 0, 0, 0, 0, 0, 0, 0, 0, 0, 0, 0, 0, 0, 0, 0
15:45:04, 1800.60, 29.51, 30.30, 29.242, 0, 0, 0, 0, 0, 0, 0, 0, 0, 0, 0, 0, 0, 0, 0, 0, 0, 0, 0, 0, 0, 0, 0, 0
15:45:05, 1805.70, 29.51, 30.34, 29.242, 0, 0, 0, 0, 0, 0, 0, 0, 0, 0, 0, 0, 0, 0, 0, 0, 0, 0, 0, 0, 0, 0, 0, 0
15:45:06, 1812.40, 29.50, 30.30, 29.242, 0, 0, 0, 0, 0, 0, 0, 0, 0, 0, 0, 0, 0, 0, 0, 0, 0, 0, 0, 0, 0, 0, 0, 0
15:45:06, 1813.40, 29.50, 30.32, 29.250, 0, 0, 0, 0, 0, 0, 0, 0, 0, 0, 0, 0, 0, 0, 0, 0, 0, 0, 0, 0, 0, 0, 0, 0
15:45:07, 1817.40, 29.50, 30.32, 29.250, 0, 0, 0, 0, 0, 0, 0, 0, 0, 0, 0, 0, 0, 0, 0, 0, 0, 0, 0, 0, 0, 0, 0, 0
15:45:08, 1826.50, 29.50, 30.32, 29.242, 0, 0, 0, 0, 0, 0, 0, 0, 0, 0, 0, 0, 0, 0, 0, 0, 0, 0, 0, 0, 0, 0, 0, 0
15:45:09, 1829.70, 29.50, 30.32, 29.242, 0, 0, 0, 0, 0, 0, 0, 0, 0, 0, 0, 0, 0, 0, 0, 0, 0, 0, 0, 0, 0, 0, 0, 0
15:45:09, 1833.70, 29.50, 30.32, 29.242, 0, 0, 0, 0, 0, 0, 0, 0, 0, 0, 0, 0, 0, 0, 0, 0, 0, 0, 0, 0, 0, 0, 0, 0
15:45:10, 1844.60, 29.49, 30.35, 29.234, 0, 0, 0, 0, 0, 0, 0, 0, 0, 0, 0, 0, 0, 0, 0, 0, 0, 0, 0, 0, 0, 0, 0, 0
15:45:11, 1850.80, 29.49, 30.34, 29.242, 0, 0, 0, 0, 0, 0, 0, 0, 0, 0, 0, 0, 0, 0, 0, 0, 0, 0, 0, 0, 0, 0, 0, 0
15:45:11, 1851.20, 29.49, 30.32, 29.242, 0, 0, 0, 0, 0, 0, 0, 0, 0, 0, 0, 0, 0, 0, 0, 0, 0, 0, 0, 0, 0, 0, 0, 0
15:45:12, 1859.90, 29.49, 30.30, 29.242, 0, 0, 0, 0, 0, 0, 0, 0, 0, 0, 0, 0, 0, 0, 0, 0, 0, 0, 0, 0, 0, 0, 0, 0
15:45:13, 1869.80, 29.49, 30.30, 29.250, 0, 0, 0, 0, 0, 0, 0, 0, 0, 0, 0, 0, 0, 0, 0, 0, 0, 0, 0, 0, 0, 0, 0, 0
15:45:13, 1871.90, 29.49, 30.32, 29.250, 0, 0, 0, 0, 0, 0, 0, 0, 0, 0, 0, 0, 0, 0, 0, 0, 0, 0, 0, 0, 0, 0, 0, 0
15:45:14, 1879.90, 29.49, 30.32, 29.242, 0, 0, 0, 0, 0, 0, 0, 0, 0, 0, 0, 0, 0, 0, 0, 0, 0, 0, 0, 0, 0, 0, 0, 0
15:45:15, 1881.10, 29.49, 30.32, 29.242, 0, 0, 0, 0, 0, 0, 0, 0, 0, 0, 0, 0, 0, 0, 0, 0, 0, 0, 0, 0, 0, 0, 0, 0
15:45:15, 1880.90, 29.50, 30.32, 29.242, 0, 0, 0, 0, 0, 0, 0, 0, 0, 0, 0, 0, 0, 0, 0, 0, 0, 0, 0, 0, 0, 0, 0, 0
15:45:16, 1881.10, 29.50, 30.32, 29.250, 0, 0, 0, 0, 0, 0, 0, 0, 0, 0, 0, 0, 0, 0, 0, 0, 0, 0, 0, 0, 0, 0, 0, 0
15:45:17, 1881.10, 29.49, 30.35, 29.242, 0, 0, 0, 0, 0, 0, 0, 0, 0, 0, 0, 0, 0, 0, 0, 0, 0, 0, 0, 0, 0, 0, 0, 0
15:45:17, 1880.50, 29.49, 30.34, 29.242, 0, 0, 0, 0, 0, 0, 0, 0, 0, 0, 0, 0, 0, 0, 0, 0, 0, 0, 0, 0, 0, 0, 0, 0
15:45:18, 1880.00, 29.49, 30.32, 29.242, 0, 0, 0, 0, 0, 0, 0, 0, 0, 0, 0, 0, 0, 0, 0, 0, 0, 0, 0, 0, 0, 0, 0, 0
15:45:19, 1879.60, 29.50, 30.32, 29.250, 0, 0, 0, 0, 0, 0, 0, 0, 0, 0, 0, 0, 0, 0, 0, 0, 0, 0, 0, 0, 0, 0, 0, 0
15:45:19, 1877.70, 29.50, 30.32, 29.250, 0, 0, 0, 0, 0, 0, 0, 0, 0, 0, 0, 0, 0, 0, 0, 0, 0, 0, 0, 0, 0, 0, 0, 0
15:45:20, 1875.30, 29.50, 30.34, 29.242, 0, 0, 0, 0, 0, 0, 0, 0, 0, 0, 0, 0, 0, 0, 0, 0, 0, 0, 0, 0, 0, 0, 0, 0
15:45:21, 1875.20, 29.49, 30.35, 29.242, 0, 0, 0, 0, 0, 0, 0, 0, 0, 0, 0, 0, 0, 0, 0, 0, 0, 0, 0, 0, 0, 0, 0, 0
15:45:21, 1874.20, 29.50, 30.34, 29.242, 0, 0, 0, 0, 0, 0, 0, 0, 0, 0, 0, 0, 0, 0, 0, 0, 0, 0, 0, 0, 0, 0, 0, 0
15:45:22, 1869.60, 29.49, 30.34, 29.242, 0, 0, 0, 0, 0, 0, 0, 0, 0, 0, 0, 0, 0, 0, 0, 0, 0, 0, 0, 0, 0, 0, 0, 0
15:45:23, 1863.50, 29.50, 30.34, 29.242, 0, 0, 0, 0, 0, 0, 0, 0, 0, 0, 0, 0, 0, 0, 0, 0, 0, 0, 0, 0, 0, 0, 0, 0
15:45:23, 1855.70, 29.50, 30.30, 29.242, 0, 0, 0, 0, 0, 0, 0, 0, 0, 0, 0, 0, 0, 0, 0, 0, 0, 0, 0, 0, 0, 0, 0, 0
15:45:24, 1853.60, 29.50, 30.35, 29.242, 0, 0, 0, 0, 0, 0, 0, 0, 0, 0, 0, 0, 0, 0, 0, 0, 0, 0, 0, 0, 0, 0, 0, 0
15:45:25, 1846.40, 29.50, 30.32, 29.250, 0, 0, 0, 0, 0, 0, 0, 0, 0, 0, 0, 0, 0, 0, 0, 0, 0, 0, 0, 0, 0, 0, 0, 0
15:45:25, 1838.00, 29.50, 30.34, 29.250, 0, 0, 0, 0, 0, 0, 0, 0, 0, 0, 0, 0, 0, 0, 0, 0, 0, 0, 0, 0, 0, 0, 0, 0
15:45:26, 1837.10, 29.50, 30.28, 29.242, 0, 0, 0, 0, 0, 0, 0, 0, 0, 0, 0, 0, 0, 0, 0, 0, 0, 0, 0, 0, 0, 0, 0, 0
15:45:27, 1829.50, 29.50, 30.34, 29.242, 0, 0, 0, 0, 0, 0, 0, 0, 0, 0, 0, 0, 0, 0, 0, 0, 0, 0, 0, 0, 0, 0, 0, 0
15:45:27, 1820.30, 29.50, 30.34, 29.242, 0, 0, 0, 0, 0, 0, 0, 0, 0, 0, 0, 0, 0, 0, 0, 0, 0, 0, 0, 0, 0, 0, 0, 0
15:45:28, 1817.10, 29.50, 30.34, 29.234, 0, 0, 0, 0, 0, 0, 0, 0, 0, 0, 0, 0, 0, 0, 0, 0, 0, 0, 0, 0, 0, 0, 0, 0
15:45:29, 1811.80, 29.51, 30.34, 29.242, 0, 0, 0, 0, 0, 0, 0, 0, 0, 0, 0, 0, 0, 0, 0, 0, 0, 0, 0, 0, 0, 0, 0, 0
15:45:29, 1804.90, 29.51, 30.35, 29.242, 0, 0, 0, 0, 0, 0, 0, 0, 0, 0, 0, 0, 0, 0, 0, 0, 0, 0, 0, 0, 0, 0, 0, 0
15:45:30, 1793.60, 29.51, 30.32, 29.242, 0, 0, 0, 0, 0, 0, 0, 0, 0, 0, 0, 0, 0, 0, 0, 0, 0, 0, 0, 0, 0, 0, 0, 0
15:45:31, 1792.80, 29.51, 30.30, 29.242, 0, 0, 0, 0, 0, 0, 0, 0, 0, 0, 0, 0, 0, 0, 0, 0, 0, 0, 0, 0, 0, 0, 0, 0
15:45:31, 1794.20, 29.51, 30.35, 29.242, 0, 0, 0, 0, 0, 0, 0, 0, 0, 0, 0, 0, 0, 0, 0, 0, 0, 0, 0, 0, 0, 0, 0, 0
15:45:32, 1790.70, 29.51, 30.35, 29.242, 0, 0, 0, 0, 0, 0, 0, 0, 0, 0, 0, 0, 0, 0, 0, 0, 0, 0, 0, 0, 0, 0, 0, 0
15:45:33, 1786.00, 29.51, 30.35, 29.242, 0, 0, 0, 0, 0, 0, 0, 0, 0, 0, 0, 0, 0, 0, 0, 0, 0, 0, 0, 0, 0, 0, 0, 0
15:45:33, 1775.10, 29.51, 30.34, 29.242, 0, 0, 0, 0, 0, 0, 0, 0, 0, 0, 0, 0, 0, 0, 0, 0, 0, 0, 0, 0, 0, 0, 0, 0
15:45:34, 1770.80, 29.51, 30.35, 29.242, 0, 0, 0, 0, 0, 0, 0, 0, 0, 0, 0, 0, 0, 0, 0, 0, 0, 0, 0, 0, 0, 0, 0, 0
15:45:35, 1767.40, 29.51, 30.32, 29.242, 0, 0, 0, 0, 0, 0, 0, 0, 0, 0, 0, 0, 0, 0, 0, 0, 0, 0, 0, 0, 0, 0, 0, 0
15:45:35, 1754.10, 29.51, 30.34, 29.242, 0, 0, 0, 0, 0, 0, 0, 0, 0, 0, 0, 0, 0, 0, 0, 0, 0, 0, 0, 0, 0, 0, 0, 0
15:45:36, 1744.70, 29.51, 30.37, 29.234, 0, 0, 0, 0, 0, 0, 0, 0, 0, 0, 0, 0, 0, 0, 0, 0, 0, 0, 0, 0, 0, 0, 0, 0
15:45:37, 1743.00, 29.51, 30.35, 29.250, 0, 0, 0, 0, 0, 0, 0, 0, 0, 0, 0, 0, 0, 0, 0, 0, 0, 0, 0, 0, 0, 0, 0, 0
15:45:37, 1739.90, 29.51, 30.34, 29.250, 0, 0, 0, 0, 0, 0, 0, 0, 0, 0, 0, 0, 0, 0, 0, 0, 0, 0, 0, 0, 0, 0, 0, 0
15:45:38, 1738.40, 29.51, 30.34, 29.242, 0, 0, 0, 0, 0, 0, 0, 0, 0, 0, 0, 0, 0, 0, 0, 0, 0, 0, 0, 0, 0, 0, 0, 0
15:45:39, 1733.80, 29.51, 30.32, 29.242, 0, 0, 0, 0, 0, 0, 0, 0, 0, 0, 0, 0, 0, 0, 0, 0, 0, 0, 0, 0, 0, 0, 0, 0
15:45:39, 1724.30, 29.51, 30.32, 29.242, 0, 0, 0, 0, 0, 0, 0, 0, 0, 0, 0, 0, 0, 0, 0, 0, 0, 0, 0, 0, 0, 0, 0, 0
15:45:40, 1719.60, 29.51, 30.37, 29.242, 0, 0, 0, 0, 0, 0, 0, 0, 0, 0, 0, 0, 0, 0, 0, 0, 0, 0, 0, 0, 0, 0, 0, 0
15:45:41, 1720.00, 29.51, 30.32, 29.250, 0, 0, 0, 0, 0, 0, 0, 0, 0, 0, 0, 0, 0, 0, 0, 0, 0, 0, 0, 0, 0, 0, 0, 0
15:45:41, 1720.40, 29.51, 30.35, 29.250, 0, 0, 0, 0, 0, 0, 0, 0, 0, 0, 0, 0, 0, 0, 0, 0, 0, 0, 0, 0, 0, 0, 0, 0
15:45:42, 1707.50, 29.51, 30.35, 29.242, 0, 0, 0, 0, 0, 0, 0, 0, 0, 0, 0, 0, 0, 0, 0, 0, 0, 0, 0, 0, 0, 0, 0, 0
15:45:43, 1698.20, 29.51, 30.35, 29.242, 0, 0, 0, 0, 0, 0, 0, 0, 0, 0, 0, 0, 0, 0, 0, 0, 0, 0, 0, 0, 0, 0, 0, 0
15:45:43, 1689.70, 29.51, 30.34, 29.242, 0, 0, 0, 0, 0, 0, 0, 0, 0, 0, 0, 0, 0, 0, 0, 0, 0, 0, 0, 0, 0, 0, 0, 0
15:45:44, 1677.30, 29.51, 30.35, 29.234, 0, 0, 0, 0, 0, 0, 0, 0, 0, 0, 0, 0, 0, 0, 0, 0, 0, 0, 0, 0, 0, 0, 0, 0
15:45:45, 1667.50, 29.51, 30.35, 29.242, 0, 0, 0, 0, 0, 0, 0, 0, 0, 0, 0, 0, 0, 0, 0, 0, 0, 0, 0, 0, 0, 0, 0, 0
15:45:45, 1654.00, 29.51, 30.37, 29.242, 0, 0, 0, 0, 0, 0, 0, 0, 0, 0, 0, 0, 0, 0, 0, 0, 0, 0, 0, 0, 0, 0, 0, 0
15:45:46, 1646.40, 29.51, 30.35, 29.242, 0, 0, 0, 0, 0, 0, 0, 0, 0, 0, 0, 0, 0, 0, 0, 0, 0, 0, 0, 0, 0, 0, 0, 0
15:45:47, 1639.80, 29.51, 30.37, 29.242, 0, 0, 0, 0, 0, 0, 0, 0, 0, 0, 0, 0, 0, 0, 0, 0, 0, 0, 0, 0, 0, 0, 0, 0
15:45:47, 1629.60, 29.51, 30.34, 29.242, 0, 0, 0, 0, 0, 0, 0, 0, 0, 0, 0, 0, 0, 0, 0, 0, 0, 0, 0, 0, 0, 0, 0, 0
15:45:48, 1624.70, 29.51, 30.35, 29.242, 0, 0, 0, 0, 0, 0, 0, 0, 0, 0, 0, 0, 0, 0, 0, 0, 0, 0, 0, 0, 0, 0, 0, 0
15:45:49, 1619.00, 29.51, 30.34, 29.242, 0, 0, 0, 0, 0, 0, 0, 0, 0, 0, 0, 0, 0, 0, 0, 0, 0, 0, 0, 0, 0, 0, 0, 0
15:45:49, 1609.20, 29.52, 30.35, 29.242, 0, 0, 0, 0, 0, 0, 1, 0, 0, 0, 0, 0, 0, 0, 0, 0, 0, 0, 0, 0, 0, 0, 0, 0
15:45:50, 1597.30, 29.52, 30.35, 29.234, 0, 0, 0, 0, 0, 0, 0, 0, 0, 0, 0, 0, 0, 0, 0, 0, 0, 0, 0, 0, 0, 0, 0, 0
15:45:51, 1590.00, 29.52, 30.35, 29.242, 0, 0, 0, 0, 0, 0, 0, 1, 0, 0, 0, 0, 0, 0, 0, 0, 0, 0, 0, 0, 0, 0, 0, 0
15:45:52, 1583.10, 29.52, 30.35, 29.242, 0, 0, 0, 0, 0, 0, 0, 1, 0, 0, 0, 0, 0, 0, 0, 0, 0, 0, 0, 0, 0, 0, 0, 0
15:45:52, 1574.80, 29.52, 30.35, 29.234, 0, 0, 0, 0, 0, 0, 0, 1, 0, 0, 0, 0, 0, 0, 0, 0, 0, 0, 0, 0, 0, 0, 0, 0
15:45:53, 1574.90, 29.52, 30.34, 29.250, 0, 0, 0, 0, 0, 0, 0, 1, 1, 0, 0, 0, 0, 0, 0, 0, 0, 0, 0, 0, 0, 0, 0, 0
15:45:54, 1569.60, 29.52, 30.34, 29.250, 0, 0, 0, 0, 0, 0, 0, 1, 1, 0, 0, 0, 0, 0, 0, 0, 0, 0, 0, 0, 0, 0, 0, 0
15:45:54, 1562.00, 29.52, 30.34, 29.234, 0, 0, 0, 0, 0, 0, 0, 1, 1, 0, 0, 0, 0, 0, 0, 0, 0, 0, 0, 0, 0, 0, 0, 0
15:45:55, 1551.70, 29.52, 30.35, 29.242, 0, 0, 0, 0, 0, 1, 1, 2, 1, 0, 0, 0, 0, 0, 0, 0, 0, 0, 0, 0, 0, 0, 0, 0
15:45:56, 1542.50, 29.52, 30.35, 29.242, 0, 0, 0, 0, 0, 1, 1, 2, 1, 0, 0, 0, 0, 0, 0, 0, 0, 0, 0, 0, 0, 0, 0, 0
15:45:56, 1536.80, 29.52, 30.34, 29.234, 0, 0, 0, 0, 0, 1, 1, 2, 2, 0, 0, 0, 0, 0, 0, 0, 0, 0, 0, 0, 0, 0, 0, 0
15:45:57, 1529.00, 29.52, 30.37, 29.242, 0, 0, 0, 0, 0, 1, 1, 3, 2, 0, 0, 0, 0, 0, 0, 0, 0, 0, 0, 0, 0, 0, 0, 0
15:45:58, 1523.50, 29.52, 30.34, 29.242, 0, 0, 0, 0, 0, 1, 2, 3, 2, 1, 0, 0, 0, 0, 0, 0, 0, 0, 0, 1, 0, 0, 0, 0
15:45:58, 1517.60, 29.52, 30.35, 29.242, 0, 0, 0, 0, 0, 1, 2, 4, 3, 1, 0, 0, 0, 0, 0, 0, 0, 0, 0, 1, 0, 0, 0, 0
15:45:59, 1510.30, 29.52, 30.34, 29.242, 0, 0, 0, 0, 0, 1, 2, 4, 3, 1, 0, 0, 0, 0, 0, 0, 0, 0, 0, 1, 0, 0, 0, 0
15:46:00, 1500.00, 29.52, 30.35, 29.242, 0, 0, 0, 0, 0, 1, 2, 4, 3, 1, 0, 0, 0, 0, 0, 0, 0, 0, 0, 1, 1, 0, 0, 0
15:46:00, 1495.30, 29.52, 30.35, 29.242, 0, 0, 0, 0, 0, 1, 3, 5, 4, 1, 0, 0, 0, 0, 0, 0, 0, 0, 0, 1, 1, 0, 0, 0
15:46:01, 1491.90, 29.52, 30.37, 29.250, 0, 0, 0, 0, 0, 2, 3, 6, 5, 1, 0, 0, 0, 0, 0, 0, 0, 0, 1, 1, 1, 0, 0, 0
15:46:02, 1484.30, 29.52, 30.37, 29.250, 0, 0, 0, 0, 0, 2, 4, 6, 5, 1, 0, 0, 0, 0, 0, 0, 0, 0, 1, 2, 1, 0, 0, 0
15:46:02, 1477.00, 29.52, 30.39, 29.250, 0, 0, 0, 0, 0, 2, 4, 7, 6, 1, 0, 0, 0, 0, 0, 0, 0, 0, 1, 2, 1, 0, 0, 0
15:46:03, 1473.40, 29.52, 30.35, 29.250, 0, 0, 0, 0, 0, 2, 5, 8, 7, 1, 0, 0, 0, 0, 0, 0, 0, 0, 1, 2, 1, 0, 0, 0
15:46:04, 1466.30, 29.53, 30.37, 29.250, 0, 0, 0, 0, 1, 2, 5, 9, 7, 1, 0, 0, 0, 0, 0, 0, 0, 0, 1, 2, 2, 0, 0, 0
15:46:04, 1457.10, 29.52, 30.35, 29.242, 0, 0, 0, 0, 1, 3, 6, 10, 8, 1, 0, 0, 0, 0, 0, 0, 0, 0, 1, 3, 2, 0, 0, 0
15:46:05, 1452.30, 29.53, 30.37, 29.250, 0, 1, 0, 0, 1, 3, 7, 12, 10, 1, 0, 0, 0, 0, 0, 0, 0, 0, 2, 3, 2, 0, 0, 0
15:46:06, 1445.80, 29.53, 30.39, 29.250, 0, 1, 0, 0, 1, 3, 8, 13, 11, 1, 0, 0, 0, 0, 0, 0, 0, 0, 2, 3, 2, 0, 0, 0
15:46:06, 1436.90, 29.53, 30.35, 29.242, 0, 1, 0, 0, 1, 4, 9, 15, 13, 1, 0, 0, 0, 0, 0, 0, 0, 0, 2, 4, 3, 0, 0, 0
15:46:07, 1433.40, 29.53, 30.37, 29.250, 0, 1, 0, 0, 2, 5, 11, 18, 16, 2, 0, 0, 0, 0, 0, 0, 0, 0, 2, 4, 3, 0, 0, 0
15:46:08, 1428.80, 29.53, 30.39, 29.250, 0, 1, 0, 0, 2, 5, 12, 19, 17, 2, 0, 0, 0, 0, 0, 0, 0, 0, 3, 5, 4, 0, 0, 0
15:46:08, 1423.60, 29.53, 30.35, 29.242, 0, 1, 0, 0, 2, 5, 13, 20, 18, 2, 0, 0, 0, 0, 0, 0, 0, 0, 3, 5, 4, 0, 0, 0
15:46:09, 1418.20, 29.53, 30.35, 29.250, 0, 1, 0, 0, 2, 6, 14, 22, 19, 2, 0, 0, 0, 0, 0, 0, 0, 0, 3, 6, 5, 0, 0, 0
15:46:10, 1417.00, 29.53, 30.37, 29.250, 0, 1, 0, 0, 2, 7, 17, 25, 22, 2, 0, 0, 0, 0, 0, 0, 0, 0, 4, 6, 5, 0, 0, 0
15:46:10, 1410.00, 29.53, 30.37, 29.250, 0, 1, 0, 0, 3, 7, 16, 25, 21, 2, 0, 0, 0, 0, 0, 0, 0, 1, 4, 7, 5, 0, 0, 0
15:46:11, 1404.10, 29.53, 30.37, 29.250, 0, 1, 0, 0, 3, 8, 18, 28, 25, 2, 0, 0, 0, 0, 0, 0, 0, 1, 5, 8, 6, 0, 0, 0
15:46:12, 1403.00, 29.53, 30.37, 29.250, 1, 1, 0, 1, 4, 9, 21, 33, 32, 3, 0, 0, 0, 0, 0, 0, 0, 1, 5, 8, 6, 0, 0, 0
15:46:12, 1396.00, 29.53, 30.35, 29.250, 1, 1, 0, 1, 3, 9, 21, 31, 28, 2, 0, 0, 0, 0, 0, 0, 0, 1, 6, 9, 7, 0, 0, 0
15:46:13, 1392.30, 29.53, 30.35, 29.250, 1, 1, 0, 1, 4, 10, 23, 35, 31, 3, 0, 0, 0, 0, 0, 0, 0, 1, 6, 9, 8, 0, 0, 0
15:46:14, 1392.70, 29.53, 30.37, 29.250, 1, 1, 1, 1, 4, 10, 25, 39, 40, 3, 0, 0, 0, 0, 0, 0, 0, 1, 6, 9, 7, 0, 0, 0
15:46:14, 1384.30, 29.53, 30.37, 29.250, 1, 1, 0, 1, 4, 10, 25, 37, 31, 3, 0, 0, 0, 0, 0, 0, 0, 2, 7, 11, 9, 0, 0, 0
15:46:15, 1378.50, 29.53, 30.35, 29.250, 1, 1, 1, 1, 5, 12, 28, 42, 37, 3, 0, 0, 0, 0, 0, 0, 1, 2, 8, 12, 10, 0, 0, 0
15:46:16, 1377.80, 29.53, 30.37, 29.250, 1, 2, 1, 1, 6, 15, 35, 52, 54, 4, 0, 0, 0, 0, 0, 0, 0, 2, 8, 12, 10, 0, 0, 0
15:46:16, 1375.40, 29.53, 30.37, 29.250, 1, 2, 1, 1, 6, 14, 32, 47, 43, 4, 0, 0, 0, 0, 0, 0, 1, 2, 8, 13, 11, 0, 0, 0
15:46:17, 1373.20, 29.53, 30.35, 29.242, 1, 2, 1, 1, 7, 15, 35, 52, 45, 4, 0, 0, 0, 0, 0, 0, 1, 2, 9, 13, 11, 0, 0, 0
15:46:18, 1366.00, 29.53, 30.35, 29.242, 1, 2, 1, 2, 7, 16, 38, 55, 46, 4, 0, 0, 0, 0, 0, 0, 1, 3, 10, 15, 12, 0, 0, 0
15:46:18, 1362.60, 29.53, 30.37, 29.242, 2, 2, 1, 2, 8, 19, 43, 63, 56, 5, 0, 0, 0, 0, 0, 0, 1, 3, 11, 16, 13, 1, 0, 0
15:46:19, 1360.80, 29.53, 30.43, 29.250, 2, 2, 1, 2, 8, 18, 40, 60, 54, 4, 0, 0, 0, 0, 0, 0, 1, 3, 11, 16, 14, 1, 0, 0
15:46:20, 1354.60, 29.53, 30.39, 29.250, 2, 2, 1, 2, 9, 19, 44, 64, 63, 5, 0, 0, 0, 0, 0, 0, 1, 4, 12, 18, 16, 1, 0, 0
15:46:20, 1349.20, 29.53, 30.35, 29.242, 2, 2, 1, 2, 9, 21, 46, 67, 62, 5, 0, 0, 0, 0, 0, 0, 2, 4, 14, 20, 17, 1, 0, 0
15:46:21, 1350.20, 29.53, 30.39, 29.250, 2, 2, 2, 3, 11, 24, 54, 79, 70, 6, 0, 0, 0, 0, 0, 0, 1, 4, 13, 20, 17, 1, 0, 0
15:46:22, 1346.20, 29.53, 30.39, 29.250, 2, 2, 2, 3, 11, 23, 52, 77, 65, 5, 0, 0, 0, 0, 0, 0, 2, 5, 14, 21, 18, 1, 0, 0
15:46:22, 1336.80, 29.53, 30.39, 29.250, 2, 3, 2, 3, 12, 26, 57, 83, 72, 6, 0, 0, 0, 0, 0, 0, 2, 6, 17, 25, 21, 1, 0, 0
15:46:23, 1334.80, 29.53, 30.41, 29.250, 3, 3, 2, 4, 15, 31, 68, 98, 93, 7, 0, 0, 0, 0, 0, 1, 2, 6, 18, 26, 22, 1, 0, 0
15:46:24, 1327.20, 29.53, 30.37, 29.250, 3, 3, 2, 3, 14, 30, 65, 94, 84, 7, 0, 0, 0, 0, 0, 1, 3, 7, 20, 29, 25, 2, 0, 0
15:46:24, 1322.90, 29.53, 30.37, 29.250, 3, 4, 3, 4, 18, 38, 81, 117, 108, 9, 0, 0, 0, 0, 1, 1, 3, 8, 22, 31, 28, 2, 0, 0
15:46:25, 1315.90, 29.53, 30.41, 29.250, 4, 4, 3, 5, 19, 39, 83, 119, 106, 8, 0, 0, 0, 0, 0, 1, 4, 9, 25, 36, 31, 2, 0, 0
15:46:26, 1306.90, 29.53, 30.37, 29.250, 4, 4, 4, 5, 22, 45, 94, 133, 128, 10, 0, 0, 1, 0, 1, 1, 5, 11, 30, 42, 37, 3, 0, 0
15:46:26, 1306.50, 29.53, 30.39, 29.242, 5, 5, 5, 7, 29, 58, 120, 170, 172, 13, 0, 0, 1, 0, 1, 1, 5, 11, 30, 42, 40, 3, 0, 0
15:46:27, 1303.10, 29.53, 30.43, 29.250, 5, 5, 5, 7, 26, 53, 109, 154, 141, 11, 0, 0, 1, 0, 1, 1, 5, 12, 31, 44, 39, 3, 0, 0
15:46:28, 1302.30, 29.54, 30.37, 29.250, 5, 5, 5, 7, 30, 59, 122, 171, 169, 13, 0, 0, 1, 0, 1, 1, 5, 12, 31, 44, 41, 3, 0, 0
15:46:28, 1297.90, 29.54, 30.35, 29.250, 5, 5, 5, 8, 29, 59, 120, 170, 151, 12, 0, 0, 1, 1, 1, 2, 6, 14, 35, 48, 43, 3, 0, 0
15:46:29, 1295.80, 29.54, 30.35, 29.258, 6, 6, 6, 9, 34, 67, 137, 193, 176, 14, 0, 0, 1, 1, 1, 2, 6, 14, 36, 49, 44, 3, 0, 0
15:46:30, 1296.30, 29.54, 30.43, 29.258, 7, 6, 6, 9, 36, 72, 148, 207, 212, 16, 0, 0, 1, 1, 1, 1, 6, 14, 35, 48, 45, 3, 0, 0
15:46:30, 1295.70, 29.54, 30.35, 29.258, 6, 6, 6, 9, 35, 69, 142, 198, 205, 16, 0, 0, 1, 1, 1, 1, 6, 14, 36, 49, 46, 3, 0, 0
15:46:31, 1293.50, 29.54, 30.45, 29.250, 6, 6, 6, 9, 35, 70, 142, 197, 211, 16, 0, 0, 1, 1, 1, 2, 6, 15, 37, 51, 48, 4, 0, 0
15:46:32, 1290.90, 29.54, 30.41, 29.250, 7, 7, 6, 10, 39, 77, 158, 220, 235, 18, 0, 0, 1, 1, 1, 2, 7, 15, 38, 53, 49, 4, 0, 0
15:46:32, 1287.90, 29.54, 30.37, 29.250, 7, 7, 6, 10, 40, 79, 158, 221, 214, 16, 0, 0, 1, 1, 1, 2, 7, 17, 41, 56, 52, 4, 0, 0
15:46:33, 1288.10, 29.54, 30.39, 29.258, 8, 7, 7, 11, 43, 83, 166, 232, 219, 17, 0, 0, 1, 1, 1, 2, 7, 16, 40, 56, 51, 4, 0, 0
15:46:34, 1289.40, 29.54, 30.43, 29.258, 8, 7, 7, 11, 43, 85, 171, 238, 236, 18, 0, 0, 1, 1, 1, 2, 7, 16, 39, 54, 50, 4, 0, 0
15:46:34, 1288.00, 29.54, 30.37, 29.258, 7, 7, 7, 11, 41, 80, 161, 225, 214, 16, 0, 0, 1, 1, 1, 2, 7, 16, 40, 55, 51, 4, 0, 0
15:46:35, 1283.00, 29.54, 30.39, 29.258, 7, 7, 7, 11, 41, 81, 161, 224, 214, 16, 0, 0, 1, 1, 1, 2, 8, 18, 44, 60, 55, 4, 0, 0
15:46:36, 1277.90, 29.54, 30.41, 29.258, 8, 7, 8, 12, 47, 90, 178, 247, 241, 19, 0, 0, 1, 1, 2, 2, 9, 20, 48, 66, 62, 5, 0, 0
15:46:37, 1275.00, 29.54, 30.43, 29.258, 9, 9, 9, 14, 52, 100, 196, 271, 264, 20, 0, 0, 2, 1, 2, 2, 9, 21, 51, 69, 64, 5, 0, 0
15:46:37, 1276.60, 29.54, 30.39, 29.266, 10, 9, 10, 16, 59, 111, 223, 309, 344, 26, 0, 0, 2, 1, 2, 2, 9, 21, 49, 67, 64, 5, 0, 0
15:46:38, 1274.00, 29.54, 30.39, 29.266, 9, 9, 9, 15, 55, 104, 205, 282, 289, 22, 0, 0, 2, 1, 2, 3, 9, 21, 51, 69, 64, 5, 0, 0
15:46:39, 1265.50, 29.54, 30.43, 29.258, 9, 9, 9, 15, 55, 105, 202, 278, 273, 21, 0, 0, 2, 2, 2, 3, 12, 26, 62, 83, 78, 6, 0, 0
15:46:39, 1268.50, 29.54, 30.41, 29.258, 11, 10, 11, 18, 68, 128, 250, 342, 358, 27, 0, 0, 2, 2, 2, 3, 11, 24, 57, 77, 74, 6, 0, 0
15:46:40, 1268.70, 29.54, 30.39, 29.258, 11, 11, 11, 19, 68, 128, 251, 346, 358, 27, 0, 0, 2, 2, 2, 3, 11, 24, 56, 76, 71, 6, 0, 0
15:46:41, 1271.90, 29.54, 30.41, 29.250, 11, 10, 11, 18, 66, 124, 243, 334, 373, 28, 0, 0, 2, 1, 2, 3, 10, 23, 53, 72, 71, 6, 0, 0
15:46:41, 1269.20, 29.54, 30.39, 29.258, 10, 9, 10, 16, 61, 115, 222, 305, 311, 24, 0, 0, 2, 1, 2, 3, 11, 24, 56, 75, 73, 6, 0, 0
15:46:42, 1261.80, 29.54, 30.41, 29.258, 11, 10, 10, 17, 61, 115, 222, 304, 304, 23, 0, 0, 2, 2, 2, 3, 13, 27, 64, 86, 82, 6, 0, 0
15:46:43, 1260.10, 29.54, 30.41, 29.250, 12, 11, 12, 20, 76, 142, 272, 371, 400, 30, 0, 0, 2, 2, 2, 3, 13, 28, 65, 88, 85, 7, 0, 0
15:46:43, 1261.20, 29.54, 30.41, 29.250, 13, 12, 13, 22, 78, 146, 278, 380, 397, 30, 0, 0, 2, 2, 2, 3, 13, 28, 64, 87, 84, 7, 0, 0
15:46:44, 1259.30, 29.54, 30.35, 29.250, 13, 12, 13, 22, 78, 146, 281, 383, 394, 30, 0, 0, 2, 2, 3, 3, 13, 29, 66, 88, 83, 7, 0, 0
15:46:45, 1255.60, 29.54, 30.41, 29.250, 13, 12, 13, 22, 78, 145, 273, 373, 357, 27, 0, 0, 3, 2, 3, 4, 14, 31, 70, 94, 92, 8, 0, 0
15:46:45, 1253.40, 29.54, 30.41, 29.250, 14, 13, 14, 24, 83, 153, 287, 390, 377, 28, 0, 0, 3, 2, 3, 4, 15, 32, 73, 98, 94, 8, 0, 0
15:46:46, 1254.20, 29.54, 30.39, 29.250, 15, 14, 15, 26, 94, 173, 327, 446, 462, 34, 0, 0, 3, 2, 3, 4, 15, 32, 72, 96, 92, 8, 0, 0
15:46:47, 1254.60, 29.54, 30.39, 29.250, 14, 13, 15, 25, 89, 164, 309, 421, 436, 33, 0, 0, 2, 2, 3, 4, 15, 31, 71, 95, 92, 7, 0, 0
15:46:47, 1245.20, 29.54, 30.43, 29.250, 14, 13, 14, 24, 84, 155, 288, 391, 370, 28, 0, 0, 3, 3, 3, 5, 18, 37, 83, 110, 107, 9, 0, 0
15:46:48, 1240.90, 29.54, 30.39, 29.250, 17, 15, 16, 29, 105, 191, 348, 472, 471, 35, 0, 0, 4, 3, 4, 5, 20, 41, 91, 120, 118, 10, 0, 0
15:46:49, 1237.70, 29.54, 30.41, 29.250, 19, 17, 19, 35, 116, 210, 386, 523, 525, 39, 0, 0, 4, 3, 4, 6, 21, 44, 97, 127, 121, 10, 0, 0
15:46:49, 1233.00, 29.54, 30.41, 29.258, 20, 18, 20, 37, 123, 221, 400, 541, 532, 40, 0, 0, 4, 3, 4, 6, 23, 48, 103, 136, 132, 11, 0, 0
15:46:50, 1227.40, 29.54, 30.43, 29.258, 21, 19, 22, 40, 137, 244, 439, 592, 602, 45, 0, 0, 5, 4, 5, 7, 26, 53, 113, 148, 144, 12, 0, 0
15:46:51, 1223.10, 29.54, 30.37, 29.258, 23, 21, 24, 46, 154, 271, 481, 645, 680, 50, 0, 0, 5, 4, 5, 7, 28, 57, 120, 157, 155, 13, 0, 0
15:46:51, 1218.90, 29.54, 30.43, 29.250, 26, 23, 28, 51, 171, 297, 520, 697, 693, 51, 0, 0, 5, 4, 5, 8, 31, 61, 129, 167, 168, 14, 0, 0
15:46:52, 1214.80, 29.54, 30.41, 29.250, 29, 26, 30, 58, 187, 323, 562, 761, 720, 53, 0, 0, 6, 5, 6, 9, 34, 67, 139, 179, 179, 16, 0, 0
15:46:53, 1210.40, 29.54, 30.35, 29.258, 31, 27, 33, 64, 207, 355, 615, 832, 814, 60, 0, 0, 6, 5, 6, 10, 37, 72, 149, 193, 195, 17, 0, 0
15:46:53, 1205.60, 29.54, 30.45, 29.250, 32, 28, 34, 68, 209, 356, 610, 809, 840, 62, 0, 0, 7, 6, 7, 11, 41, 80, 163, 210, 214, 19, 0, 0
15:46:54, 1199.90, 29.55, 30.39, 29.250, 35, 32, 38, 78, 235, 396, 674, 889, 934, 69, 0, 0, 8, 7, 8, 13, 46, 89, 179, 229, 239, 21, 0, 0
15:46:55, 1193.90, 29.55, 30.37, 29.258, 39, 36, 44, 92, 261, 435, 729, 961, 997, 73, 0, 0, 9, 7, 9, 15, 52, 100, 199, 253, 261, 23, 0, 0
15:46:55, 1191.00, 29.55, 30.41, 29.258, 47, 42, 53, 110, 322, 531, 887, 1178, 1202, 87, 0, 0, 9, 8, 9, 15, 54, 102, 202, 256, 265, 23, 0, 0
15:46:56, 1182.60, 29.55, 30.41, 29.258, 49, 42, 55, 113, 348, 571, 932, 1267, 1133, 83, 0, 0, 10, 8, 10, 18, 63, 118, 229, 289, 299, 26, 0, 0
15:46:57, 1175.20, 29.55, 30.43, 29.258, 55, 48, 65, 139, 417, 669, 1082, 1422, 1429, 103, 0, 0, 12, 10, 13, 22, 76, 140, 267, 335, 354, 31, 0, 0
15:46:57, 1168.80, 29.55, 30.41, 29.258, 62, 54, 73, 162, 435, 697, 1112, 1442, 1554, 112, 0, 0, 14, 11, 14, 25, 89, 161, 304, 379, 410, 36, 0, 0
15:46:58, 1165.20, 29.55, 30.41, 29.258, 66, 61, 82, 189, 520, 814, 1327, 1672, 2193, 159, 0, 0, 14, 12, 15, 27, 93, 168, 314, 390, 431, 38, 0, 0
15:46:59, 1161.40, 29.55, 30.43, 29.266, 73, 68, 93, 214, 580, 898, 1454, 1867, 2390, 173, 0, 0, 15, 12, 16, 29, 97, 174, 324, 401, 438, 39, 0, 0
15:46:59, 1157.50, 29.55, 30.39, 29.266, 82, 72, 101, 229, 612, 950, 1480, 1926, 2141, 150, 0, 0, 16, 14, 17, 32, 104, 184, 340, 419, 460, 41, 0, 0
15:47:00, 1149.30, 29.55, 30.41, 29.266, 90, 77, 112, 246, 602, 932, 1404, 1852, 1693, 122, 0, 0, 18, 15, 19, 36, 123, 215, 393, 482, 514, 46, 0, 0
15:47:01, 1144.50, 29.55, 30.39, 29.273, 103, 84, 130, 287, 700, 1078, 1568, 2047, 1999, 144, 0, 0, 20, 17, 22, 42, 136, 235, 423, 516, 558, 50, 0, 0
15:47:01, 1136.30, 29.56, 30.43, 29.266, 114, 93, 145, 318, 799, 1260, 1803, 2437, 2190, 157, 0, 0, 23, 19, 25, 48, 155, 263, 468, 567, 624, 56, 0, 0
15:47:02, 1132.70, 29.56, 30.43, 29.266, 123, 104, 165, 381, 926, 1420, 2102, 2642, 3216, 217, 0, 0, 24, 20, 27, 53, 167, 282, 497, 603, 680, 61, 0, 0
15:47:03, 1127.00, 29.56, 30.41, 29.266, 136, 113, 181, 417, 903, 1371, 1951, 2479, 2717, 189, 0, 0, 27, 23, 30, 62, 190, 316, 550, 664, 742, 67, 0, 0
15:47:03, 1125.80, 29.56, 30.43, 29.266, 153, 134, 221, 501, 1055, 1598, 2241, 2902, 3033, 209, 0, 0, 28, 23, 32, 65, 186, 308, 533, 644, 718, 64, 0, 0
15:47:04, 1125.00, 29.56, 30.43, 29.266, 172, 176, 290, 645, 1586, 2214, 3348, 4550, 5035, 338, 0, 0, 25, 21, 29, 58, 189, 315, 548, 660, 697, 63, 0, 0
15:47:05, 1112.60, 29.56, 30.45, 29.273, 152, 114, 203, 436, 1009, 1559, 2017, 2702, 2390, 179, 0, 0, 34, 28, 39, 82, 243, 393, 667, 796, 881, 80, 0, 0
15:47:05, 1104.00, 29.56, 30.43, 29.266, 220, 152, 286, 611, 1192, 1813, 2262, 2962, 2822, 209, 0, 0, 38, 32, 46, 98, 285, 451, 754, 894, 993, 90, 0, 0
15:47:06, 1098.40, 29.56, 30.41, 29.266, 275, 244, 451, 969, 1759, 2528, 3331, 4276, 4738, 331, 0, 0, 39, 33, 49, 106, 301, 470, 774, 912, 1014, 91, 0, 0
15:47:07, 1094.60, 29.56, 30.41, 29.273, 314, 284, 532, 1126, 2211, 3121, 4216, 5371, 6656, 444, 0, 0, 40, 34, 52, 112, 316, 489, 799, 939, 1052, 94, 0, 0
15:47:07, 1090.20, 29.56, 30.41, 29.266, 375, 338, 638, 1341, 2197, 3211, 4252, 5272, 6467, 433, 0, 0, 41, 35, 54, 119, 320, 492, 799, 932, 1019, 91, 0, 0
15:47:08, 1079.20, 29.56, 30.43, 29.266, 321, 317, 620, 1265, 2087, 2860, 3651, 4634, 5170, 367, 0, 0, 49, 42, 68, 149, 387, 578, 923, 1066, 1188, 105, 0, 0
15:47:09, 1072.50, 29.57, 30.41, 29.273, 404, 393, 770, 1592, 2693, 4072, 5321, 5837, 9770, 690, 0, 0, 53, 47, 78, 173, 448, 658, 1033, 1186, 1333, 118, 0, 0
15:47:09, 1069.70, 29.57, 30.43, 29.281, 588, 565, 1084, 2210, 3290, 4721, 5954, 7087, 10360, 778, 0, 0, 55, 49, 84, 185, 446, 646, 1006, 1148, 1281, 115, 0, 0
15:47:10, 1065.20, 29.57, 30.41, 29.281, 683, 645, 1325, 2399, 4226, 5494, 6852, 8984, 9958, 775, 0, 0, 61, 55, 95, 208, 514, 737, 1139, 1301, 1530, 141, 0, 0
15:47:11, 1050.50, 29.57, 30.37, 29.344, 844, 842, 1746, 2763, 5470, 6980, 7106, 11197, 8214, 784, 0, 0, 77, 72, 133, 288, 686, 947, 1422, 1607, 1974, 185, 0, 0
15:47:11, 1033.90, 29.57, 30.45, 29.383, 1821, 3164, 4866, 7314, 12963, 12667, 16730, 23738, 14499, 1663, 0, 0, 110, 113, 222, 458, 935, 1226, 1777, 1980, 2606, 259, 0, 0
15:47:12, 1020.30, 29.58, 30.43, 29.484, 2300, 2079, 3419, 6808, 4565, 9199, 8016, 7803, 17427, 2867, 0, 0, 126, 152, 305, 581, 1123, 1413, 2013, 2205, 2819, 286, 0, 0
15:47:13, 1017.50, 29.58, 30.41, 29.484, 1685, 2482, 3179, 6393, 5805, 9213, 13328, 7568, 36000, 7710, 1, 1, 117, 154, 299, 531, 910, 1117, 1594, 1731, 2349, 269, 0, 0
15:47:13, 1017.30, 29.60, 30.45, 29.617, 4009, 4625, 6232, 10189, 16506, 17872, 19419, 22472, 30939, 11491, 0, 0, 104, 129, 258, 467, 848, 1055, 1481, 1640, 2307, 271, 0, 0
15:47:14, 1020.50, 29.61, 30.41, 29.703, 7220, 6195, 10070, 15308, 16261, 24369, 22628, 28097, 30577, 11490, 0, 0, 108, 128, 258, 474, 847, 1080, 1505, 1678, 2320, 240, 0, 0
15:47:15, 1012.50, 29.62, 30.45, 29.703, 6230, 7546, 11476, 14475, 14312, 19426, 11180, 24637, 18600, 5297, 0, 0, 3275, 5117, 7598, 9422, 14047, 16029, 17223, 20254, 36000, 30250, 1, 1
15:47:15, 1012.20, 29.63, 30.43, 29.742, 6851, 12945, 14543, 23446, 24477, 33749, 30642, 36000, 18497, 6509, 1, 1, 4828, 6298, 8115, 14953, 8543, 8297, 12837, 11164, 20129, 5101, 0, 0
15:47:16, 1012.30, 29.63, 30.41, 29.711, 6376, 14278, 17943, 16591, 27269, 35130, 32068, 36000, 35628, 14036, 1, 1, 4581, 5329, 9612, 9901, 21638, 19007, 26692, 26272, 29422, 9765, 0, 0
