Secchi Depth (cm) = 9999
Forel Ule Scale = 99
pH Colour Scale = 99
SensingSecchi S/N = A016
Latitude (degs N) = 34.34840
Longitude (degs E) = -78.04556
Date = 2026-08-11
Time (UTC), Pressure (mbar) MS5803, Temp (deg C) MS5803, Temp (deg C) 10KTHERM, Temp (deg C) TMP117, ED 415nm, ED 445nm, ED 480nm, ED 515nm, ED 555nm, ED 590nm, ED 630nm, ED 680nm, ED Clear, ED NIR, ED D-SAT, ED A-SAT, EU 415nm, EU 445nm, EU 480nm, EU 515nm, EU 555nm, EU 590nm, EU 630nm, EU 680nm, EU Clear, EU NIR, EU D-SAT, EU A-SAT
18:36:30, 1010.40, 34.41, 33.06, 36.563, 3396, 5394, 8221, 9340, 11538, 7699, 14974, 10886, 36000, 36000, 1, 1, 276, 342, 376, 464, 345, 549, 1208, 2084, 4815, 2999, 0, 0
18:36:30, 1010.50, 34.41, 33.06, 36.563, 1844, 2829, 4209, 4679, 4629, 4002, 5171, 5045, 36000, 23224, 1, 1, 395, 473, 540, 657, 584, 907, 1970, 3442, 8043, 5182, 0, 0
18:36:31, 1010.90, 34.44, 33.06, 36.555, 2311, 2138, 3735, 3619, 12513, 13000, 12049, 17538, 36000, 36000, 1, 1, 110, 125, 116, 131, 159, 258, 652, 1265, 2619, 1600, 0, 0
18:36:32, 1017.40, 34.49, 33.12, 36.555, 8628, 14651, 20694, 24131, 5536, 4675, 6597, 6555, 9718, 3998, 0, 0, 688, 1108, 1496, 2027, 1482, 1969, 2940, 3912, 6672, 1039, 0, 0
18:36:32, 1015.80, 34.18, 33.06, 36.188, 2725, 4574, 7162, 8951, 21993, 24046, 24526, 29981, 35118, 22523, 0, 1, 270, 330, 531, 886, 1594, 2095, 3110, 4130, 7362, 1178, 0, 0
18:36:33, 1021.50, 33.95, 33.06, 32.125, 10097, 16503, 23452, 22598, 20731, 23603, 29544, 33184, 34248, 8010, 0, 1, 239, 285, 457, 777, 1218, 1662, 2571, 3494, 5828, 869, 0, 0
18:36:34, 1025.90, 33.87, 33.06, 32.125, 6005, 10976, 16865, 20585, 15909, 20414, 22641, 25291, 34818, 10625, 0, 1, 215, 239, 373, 653, 1159, 1605, 2509, 3435, 5871, 835, 0, 0
18:36:34, 1024.70, 33.85, 33.04, 30.492, 3991, 6437, 8401, 10831, 9427, 9493, 13381, 16549, 32091, 13780, 0, 0, 178, 196, 305, 543, 977, 1361, 2145, 2937, 4877, 663, 0, 0
18:36:35, 1026.70, 33.84, 33.04, 29.766, 3706, 5884, 10298, 12989, 20573, 22746, 29888, 32694, 36000, 15170, 1, 1, 144, 155, 234, 425, 844, 1200, 1914, 2656, 4097, 549, 0, 0
18:36:36, 1026.20, 33.83, 33.04, 29.766, 4080, 7785, 12157, 16869, 21442, 23833, 23514, 27536, 27630, 7974, 0, 0, 141, 152, 229, 416, 799, 1146, 1845, 2566, 3683, 488, 0, 0
18:36:36, 1029.90, 33.83, 33.04, 29.461, 3531, 6534, 9431, 15224, 14105, 20920, 19564, 28986, 11482, 2277, 0, 0, 126, 133, 191, 351, 721, 1054, 1726, 2422, 3324, 424, 0, 0
18:36:37, 1026.00, 33.83, 33.02, 29.344, 1298, 2581, 4006, 6719, 5123, 6443, 7031, 9571, 8270, 1366, 0, 0, 131, 138, 200, 369, 788, 1137, 1831, 2549, 3465, 445, 0, 0
18:36:38, 1023.70, 33.84, 33.04, 29.344, 3264, 7393, 7125, 15814, 13616, 15305, 20912, 23023, 10378, 2381, 0, 0, 148, 160, 241, 442, 843, 1197, 1900, 2620, 3618, 473, 0, 0
18:36:38, 1029.00, 33.83, 33.04, 29.289, 3585, 7813, 11476, 15819, 13108, 10146, 14305, 19617, 25735, 4135, 0, 0, 132, 141, 211, 386, 721, 1041, 1683, 2358, 3286, 428, 0, 0
18:36:39, 1031.30, 33.81, 33.04, 29.273, 1779, 3571, 5287, 7977, 18659, 14790, 21222, 26434, 29690, 4752, 0, 0, 122, 126, 180, 332, 668, 983, 1617, 2296, 3107, 399, 0, 0
18:36:39, 1023.50, 33.79, 33.02, 29.273, 2793, 5031, 6876, 9669, 16991, 16114, 23261, 27803, 21244, 3313, 0, 0, 146, 157, 236, 433, 861, 1223, 1939, 2689, 3776, 502, 0, 0
18:36:40, 1022.70, 33.75, 32.98, 29.234, 3610, 5683, 7465, 11240, 14202, 16262, 16792, 21502, 14884, 3116, 0, 0, 155, 167, 253, 461, 894, 1265, 2000, 2767, 3880, 515, 0, 0
18:36:41, 1022.00, 33.71, 32.98, 29.234, 3439, 6385, 7787, 13042, 14653, 17272, 16234, 21736, 14039, 3048, 0, 0, 156, 168, 254, 464, 888, 1254, 1978, 2733, 3827, 509, 0, 0
18:36:41, 1022.10, 33.67, 33.04, 29.234, 3009, 7961, 9824, 11677, 14171, 11835, 16711, 23245, 36000, 8231, 1, 1, 149, 163, 248, 452, 878, 1240, 1950, 2696, 3757, 498, 0, 0
18:36:42, 1021.80, 33.63, 33.00, 29.227, 5118, 11416, 17189, 16738, 23214, 22899, 24585, 33695, 36000, 16684, 1, 1, 148, 162, 250, 453, 875, 1228, 1928, 2659, 3823, 514, 0, 0
18:36:43, 1020.00, 33.59, 32.98, 29.227, 4161, 9002, 14359, 16784, 21177, 19330, 22667, 34397, 36000, 16669, 1, 1, 158, 176, 274, 493, 960, 1329, 2068, 2836, 4275, 589, 0, 0
18:36:43, 1018.20, 33.56, 33.00, 29.227, 4086, 11894, 13047, 15110, 29404, 19762, 24623, 35388, 36000, 20241, 1, 1, 181, 207, 330, 583, 1090, 1484, 2279, 3094, 4910, 689, 0, 0
18:36:44, 1018.40, 33.52, 33.00, 29.227, 4563, 9141, 13950, 15942, 15996, 17973, 22713, 31826, 36000, 30069, 1, 1, 191, 222, 356, 622, 1123, 1529, 2349, 3191, 5171, 724, 0, 0
18:36:45, 1019.50, 33.49, 32.98, 29.227, 4627, 10282, 16003, 16759, 20595, 20006, 29852, 35136, 36000, 34696, 1, 1, 189, 218, 350, 612, 1088, 1483, 2294, 3113, 5128, 706, 0, 0
18:36:45, 1016.70, 33.46, 32.98, 29.242, 4380, 10483, 14968, 15965, 19396, 22792, 30324, 35943, 36000, 35749, 1, 1, 191, 223, 358, 624, 1164, 1567, 2392, 3223, 5400, 770, 0, 0
18:36:46, 1016.20, 33.44, 33.00, 29.250, 10011, 15471, 20363, 21008, 24217, 29885, 28833, 36000, 36000, 35998, 1, 1, 197, 235, 382, 659, 1170, 1566, 2383, 3196, 5397, 765, 0, 0
18:36:47, 1016.30, 33.42, 33.00, 29.250, 9799, 14170, 20535, 21428, 26296, 35599, 25523, 36000, 36000, 36000, 1, 1, 199, 238, 389, 668, 1183, 1579, 2404, 3216, 5553, 789, 0, 0
18:36:47, 1016.90, 33.40, 32.98, 29.227, 4581, 7392, 10961, 11889, 17840, 21108, 18785, 32462, 36000, 35965, 1, 1, 205, 245, 401, 687, 1248, 1655, 2521, 3357, 6036, 868, 0, 0
18:36:48, 1016.10, 33.38, 32.98, 29.227, 4835, 9470, 13618, 14869, 30005, 27969, 29559, 35989, 36000, 36000, 1, 1, 204, 244, 395, 679, 1258, 1670, 2541, 3388, 6014, 878, 0, 0
18:36:49, 1016.00, 33.36, 32.98, 29.227, 5901, 10277, 17144, 19643, 28495, 31296, 29338, 35959, 36000, 36000, 1, 1, 205, 245, 398, 683, 1299, 1719, 2612, 3475, 6208, 898, 0, 0
18:36:49, 1018.30, 33.35, 32.98, 29.219, 8190, 14283, 19003, 19027, 25855, 22926, 30831, 35483, 36000, 35892, 1, 1, 204, 243, 394, 678, 1295, 1714, 2613, 3470, 6369, 908, 0, 0
18:36:50, 1016.90, 33.34, 32.98, 29.219, 5920, 9895, 14237, 15757, 16288, 17696, 21527, 28117, 35804, 25711, 0, 1, 201, 238, 385, 665, 1231, 1646, 2517, 3366, 5864, 832, 0, 0
18:36:51, 1016.80, 33.32, 33.00, 29.219, 7511, 13128, 18978, 20629, 27752, 31205, 28118, 35835, 36000, 35956, 1, 1, 198, 235, 380, 658, 1214, 1623, 2478, 3320, 5748, 821, 0, 0
18:36:51, 1017.50, 33.30, 33.04, 29.211, 8414, 13946, 20286, 22381, 28012, 27459, 28108, 36000, 36000, 35987, 1, 1, 194, 228, 366, 637, 1184, 1586, 2432, 3255, 5706, 805, 0, 0
18:36:52, 1014.50, 33.29, 33.00, 29.219, 4543, 9796, 14955, 16628, 19220, 20161, 25594, 34718, 36000, 33892, 1, 1, 207, 246, 400, 687, 1297, 1716, 2600, 3460, 6086, 893, 0, 0
18:36:53, 1013.60, 33.27, 33.00, 29.219, 6237, 13553, 20745, 22359, 21611, 24263, 30957, 36000, 36000, 36000, 1, 1, 234, 290, 478, 803, 1361, 1785, 2692, 3561, 6444, 971, 0, 0
18:36:53, 1018.40, 33.25, 33.00, 29.203, 5613, 10721, 13617, 18870, 26807, 28728, 29052, 35865, 36000, 36000, 1, 1, 197, 234, 377, 653, 1170, 1562, 2385, 3187, 5669, 821, 0, 0
18:36:54, 1019.00, 33.23, 32.98, 29.203, 5769, 10416, 15067, 16205, 18144, 18265, 20382, 27583, 36000, 21821, 1, 1, 179, 206, 328, 576, 1073, 1454, 2238, 3027, 5075, 718, 0, 0
18:36:55, 1017.10, 33.21, 32.98, 29.203, 5461, 11541, 18204, 16424, 23492, 17305, 24196, 35826, 36000, 22597, 1, 1, 180, 206, 326, 576, 1083, 1473, 2260, 3069, 4847, 690, 0, 0
18:36:55, 1018.50, 33.18, 33.00, 29.195, 5001, 10276, 14586, 12545, 22551, 19206, 32132, 34873, 36000, 21594, 1, 1, 184, 210, 335, 591, 1075, 1473, 2270, 3096, 4769, 666, 0, 0
18:36:56, 1018.10, 33.16, 33.00, 29.203, 4789, 7654, 9920, 16747, 13553, 17525, 22587, 23601, 36000, 10815, 1, 1, 184, 207, 329, 583, 1084, 1486, 2289, 3122, 4806, 668, 0, 0
18:36:57, 1017.90, 33.14, 32.98, 29.203, 3811, 4877, 6779, 8605, 17663, 20342, 25463, 27201, 36000, 20021, 1, 1, 182, 207, 328, 579, 1076, 1474, 2271, 3099, 4766, 665, 0, 0
18:36:57, 1018.60, 33.12, 33.00, 29.203, 3482, 7263, 12771, 11445, 20039, 16592, 15209, 27405, 36000, 28858, 1, 1, 179, 205, 327, 578, 1057, 1445, 2226, 3032, 4796, 668, 0, 0
18:36:58, 1019.00, 33.10, 33.00, 29.203, 4020, 8685, 13576, 12932, 26802, 23718, 22353, 33148, 36000, 32406, 1, 1, 178, 203, 324, 570, 1068, 1454, 2244, 3051, 4948, 695, 0, 0
18:36:59, 1019.10, 33.09, 33.02, 29.211, 2905, 5727, 8799, 9513, 22069, 21143, 22313, 31234, 36000, 26460, 1, 1, 185, 212, 339, 596, 1103, 1500, 2320, 3147, 5212, 730, 0, 0
18:36:59, 1019.60, 33.07, 33.02, 29.211, 3389, 6690, 10170, 11786, 20422, 22067, 25851, 35329, 36000, 35875, 1, 1, 196, 228, 366, 636, 1176, 1592, 2467, 3325, 5795, 803, 0, 0
18:37:00, 1023.30, 33.05, 32.97, 29.211, 3054, 5604, 8204, 10013, 12457, 18248, 18449, 29669, 36000, 32659, 1, 1, 196, 223, 356, 620, 1136, 1557, 2442, 3317, 5813, 782, 0, 0
18:37:01, 1026.30, 33.04, 32.97, 29.203, 3491, 5567, 8840, 11193, 14725, 15303, 22400, 27934, 36000, 28894, 1, 1, 171, 186, 286, 508, 973, 1364, 2188, 3018, 5021, 661, 0, 0
18:37:01, 1030.70, 33.02, 33.02, 29.195, 2488, 4970, 7514, 10400, 20413, 21772, 28600, 31923, 36000, 31510, 1, 1, 158, 168, 251, 449, 864, 1235, 2018, 2826, 4599, 596, 0, 0
18:37:02, 1036.10, 33.00, 33.02, 29.195, 1812, 3033, 5323, 7937, 10461, 12438, 17453, 24131, 36000, 17584, 1, 1, 135, 139, 197, 354, 702, 1036, 1741, 2496, 3837, 491, 0, 0
18:37:03, 1040.90, 32.99, 33.04, 29.187, 1246, 2110, 3352, 5237, 9065, 10578, 15304, 24475, 36000, 11086, 1, 1, 115, 116, 156, 279, 574, 874, 1507, 2214, 3149, 391, 0, 0
18:37:03, 1044.80, 32.97, 33.00, 29.187, 1426, 2373, 3804, 5438, 7127, 8409, 11325, 18488, 30472, 6314, 0, 0, 100, 100, 129, 226, 494, 769, 1354, 2024, 2724, 335, 0, 0
18:37:04, 1048.80, 32.95, 33.02, 29.187, 1079, 1693, 2740, 4174, 6368, 7031, 8966, 14066, 24155, 4007, 0, 0, 89, 87, 109, 189, 421, 669, 1205, 1828, 2345, 281, 0, 0
18:37:05, 1052.10, 32.93, 33.00, 29.180, 725, 987, 1572, 2591, 7899, 7733, 10982, 18048, 27620, 3588, 0, 0, 80, 79, 95, 163, 373, 601, 1100, 1689, 2121, 251, 0, 0
18:37:05, 1054.60, 32.90, 32.98, 29.172, 612, 782, 1162, 2222, 3550, 4365, 6378, 8972, 14151, 1688, 0, 0, 74, 72, 85, 144, 336, 550, 1024, 1587, 1913, 224, 0, 0
18:37:06, 1057.90, 32.88, 33.00, 29.172, 707, 980, 1306, 2476, 5321, 5997, 8979, 15515, 22697, 2309, 0, 0, 69, 67, 78, 131, 303, 500, 942, 1473, 1797, 209, 0, 0
18:37:07, 1062.60, 32.86, 33.00, 29.164, 479, 598, 881, 1653, 4228, 4884, 7704, 13393, 18151, 1880, 0, 0, 60, 58, 66, 107, 256, 433, 836, 1331, 1559, 178, 0, 0
18:37:07, 1065.40, 32.84, 33.00, 29.164, 517, 631, 826, 1614, 2967, 4021, 5766, 9142, 11203, 1065, 0, 0, 55, 53, 60, 94, 229, 393, 773, 1244, 1421, 161, 0, 0
18:37:08, 1070.90, 32.82, 32.98, 29.164, 511, 612, 943, 1512, 3344, 4179, 6164, 10201, 14007, 1696, 0, 0, 49, 47, 52, 82, 195, 338, 679, 1106, 1289, 143, 0, 0
18:37:08, 1074.80, 32.79, 33.02, 29.156, 366, 391, 478, 965, 1631, 2494, 3878, 5749, 8381, 796, 0, 0, 42, 41, 44, 67, 165, 290, 598, 989, 1114, 122, 0, 0
18:37:09, 1077.90, 32.77, 33.00, 29.156, 293, 341, 431, 804, 1599, 2347, 3799, 6532, 8731, 1056, 0, 0, 39, 37, 40, 59, 153, 272, 568, 944, 1068, 115, 0, 0
18:37:10, 1082.50, 32.74, 33.02, 29.156, 284, 324, 410, 744, 1883, 2910, 4255, 7296, 12445, 1402, 0, 0, 35, 34, 36, 54, 133, 239, 508, 854, 980, 104, 0, 0
18:37:10, 1084.80, 32.72, 33.02, 29.148, 268, 300, 339, 623, 1223, 1907, 3133, 4949, 7506, 818, 0, 0, 32, 31, 32, 46, 119, 216, 466, 791, 882, 93, 0, 0
18:37:11, 1090.50, 32.70, 33.02, 29.148, 212, 240, 291, 530, 1332, 2070, 3369, 5548, 7948, 866, 0, 0, 29, 28, 29, 41, 102, 187, 411, 704, 791, 82, 0, 0
18:37:12, 1093.60, 32.68, 33.00, 29.156, 194, 218, 249, 420, 959, 1450, 2580, 4182, 5005, 479, 0, 0, 23, 22, 23, 31, 82, 154, 349, 613, 626, 65, 0, 0
18:37:12, 1097.00, 32.66, 33.04, 29.156, 172, 179, 198, 357, 931, 1416, 2485, 4226, 4799, 433, 0, 0, 22, 21, 22, 29, 75, 142, 324, 571, 598, 62, 0, 0
18:37:13, 1102.60, 32.64, 32.98, 29.156, 158, 170, 184, 313, 797, 1231, 2222, 3879, 4234, 376, 0, 0, 19, 18, 19, 25, 63, 120, 282, 505, 524, 54, 0, 0
18:37:14, 1107.60, 32.63, 33.00, 29.156, 143, 148, 157, 256, 564, 930, 1683, 2815, 2789, 247, 0, 0, 16, 16, 16, 20, 52, 101, 242, 442, 438, 45, 0, 0
18:37:14, 1111.20, 32.61, 32.98, 29.156, 114, 120, 127, 201, 491, 809, 1534, 2651, 2239, 200, 0, 0, 14, 14, 14, 17, 46, 89, 218, 403, 391, 40, 0, 0
18:37:15, 1114.50, 32.60, 33.00, 29.156, 103, 109, 116, 181, 458, 755, 1446, 2543, 2331, 203, 0, 0, 13, 13, 13, 16, 41, 81, 201, 375, 358, 36, 0, 0
18:37:16, 1117.90, 32.59, 33.00, 29.156, 93, 100, 105, 165, 424, 715, 1365, 2484, 2481, 213, 0, 0, 12, 12, 12, 15, 37, 74, 186, 349, 338, 34, 0, 0
18:37:16, 1121.70, 32.58, 33.00, 29.156, 83, 91, 96, 146, 355, 612, 1199, 2082, 2133, 191, 0, 0, 11, 10, 10, 13, 32, 64, 165, 314, 299, 30, 0, 0
18:37:17, 1122.90, 32.57, 33.02, 29.156, 74, 79, 80, 122, 312, 547, 1079, 1949, 1920, 165, 0, 0, 10, 10, 9, 11, 30, 60, 158, 303, 274, 27, 0, 0
18:37:18, 1125.60, 32.56, 33.00, 29.156, 72, 73, 75, 116, 296, 523, 1042, 1817, 1904, 170, 0, 0, 10, 9, 9, 11, 29, 58, 151, 290, 279, 27, 0, 0
18:37:18, 1129.40, 32.56, 33.02, 29.156, 63, 67, 69, 104, 257, 464, 931, 1671, 1867, 172, 0, 0, 9, 8, 8, 10, 26, 51, 137, 265, 251, 25, 0, 0
18:37:19, 1134.30, 32.55, 33.00, 29.156, 61, 68, 70, 100, 240, 441, 895, 1618, 1883, 179, 0, 0, 8, 7, 7, 9, 22, 44, 120, 235, 226, 22, 0, 0
18:37:20, 1138.80, 32.53, 33.00, 29.156, 48, 51, 53, 76, 205, 377, 789, 1507, 1596, 151, 0, 0, 7, 6, 6, 7, 18, 37, 102, 204, 187, 18, 0, 0
18:37:20, 1143.20, 32.52, 32.98, 29.172, 42, 45, 46, 64, 167, 313, 665, 1226, 1302, 120, 0, 0, 6, 5, 5, 6, 16, 32, 92, 186, 171, 16, 0, 0
18:37:21, 1147.60, 32.50, 33.00, 29.172, 38, 42, 43, 57, 140, 266, 576, 1074, 1094, 100, 0, 0, 5, 5, 5, 5, 14, 28, 83, 169, 153, 14, 0, 0
18:37:22, 1151.40, 32.49, 33.00, 29.164, 32, 33, 34, 46, 120, 228, 505, 995, 1014, 92, 0, 0, 5, 4, 4, 5, 12, 25, 74, 152, 137, 13, 0, 0
18:37:22, 1153.50, 32.48, 33.04, 29.164, 28, 31, 31, 41, 108, 208, 468, 892, 933, 86, 0, 0, 4, 4, 4, 4, 11, 23, 70, 146, 131, 12, 0, 0
18:37:23, 1156.20, 32.46, 33.04, 29.164, 28, 30, 30, 39, 99, 192, 438, 845, 874, 81, 0, 0, 4, 4, 4, 4, 11, 22, 66, 139, 125, 12, 0, 0
18:37:24, 1160.90, 32.45, 32.98, 29.156, 27, 29, 29, 37, 89, 175, 402, 779, 813, 75, 0, 0, 4, 3, 3, 3, 9, 18, 57, 122, 107, 10, 0, 0
18:37:24, 1166.30, 32.44, 33.00, 29.156, 22, 24, 24, 30, 77, 153, 360, 715, 746, 69, 0, 0, 3, 3, 2, 3, 8, 16, 51, 109, 96, 9, 0, 0
18:37:25, 1168.70, 32.42, 33.00, 29.156, 19, 20, 20, 25, 61, 121, 293, 583, 591, 54, 0, 0, 3, 2, 2, 2, 7, 14, 46, 100, 86, 8, 0, 0
18:37:26, 1173.90, 32.41, 33.00, 29.164, 17, 18, 19, 23, 58, 117, 283, 570, 607, 57, 0, 0, 2, 2, 2, 2, 6, 12, 40, 89, 77, 7, 0, 0
18:37:26, 1177.30, 32.39, 32.98, 29.164, 14, 15, 16, 19, 46, 94, 235, 474, 490, 45, 0, 0, 2, 2, 1, 2, 5, 11, 36, 81, 68, 6, 0, 0
18:37:27, 1180.80, 32.38, 33.04, 29.156, 13, 14, 15, 18, 44, 90, 227, 463, 476, 44, 0, 0, 2, 2, 1, 2, 5, 10, 33, 75, 64, 5, 0, 0
18:37:28, 1185.10, 32.37, 33.02, 29.156, 13, 13, 14, 16, 40, 81, 209, 434, 420, 38, 0, 0, 2, 1, 1, 1, 4, 8, 29, 67, 57, 5, 0, 0
18:37:28, 1188.40, 32.36, 32.98, 29.156, 11, 11, 12, 14, 32, 66, 173, 357, 332, 30, 0, 0, 2, 1, 1, 1, 4, 7, 27, 62, 51, 4, 0, 0
18:37:29, 1193.00, 32.34, 32.97, 29.148, 10, 10, 11, 13, 30, 61, 163, 341, 316, 28, 0, 0, 1, 1, 1, 1, 3, 6, 23, 55, 45, 4, 0, 0
18:37:30, 1198.20, 32.33, 32.98, 29.156, 8, 9, 9, 11, 24, 51, 138, 292, 257, 23, 0, 0, 1, 1, 0, 1, 2, 5, 20, 48, 39, 3, 0, 0
18:37:30, 1201.40, 32.32, 33.00, 29.156, 7, 7, 8, 9, 20, 43, 119, 255, 216, 19, 0, 0, 1, 0, 0, 1, 2, 5, 18, 44, 35, 3, 0, 0
18:37:31, 1203.50, 32.31, 32.98, 29.164, 7, 7, 8, 9, 20, 41, 115, 247, 204, 18, 0, 0, 1, 0, 0, 1, 2, 4, 17, 42, 34, 2, 0, 0
18:37:32, 1207.10, 32.30, 33.02, 29.164, 7, 7, 7, 8, 19, 40, 114, 248, 216, 19, 0, 0, 1, 0, 0, 1, 2, 4, 16, 39, 32, 2, 0, 0
18:37:32, 1210.70, 32.29, 32.98, 29.164, 6, 7, 7, 8, 17, 36, 103, 225, 195, 17, 0, 0, 1, 0, 0, 0, 2, 3, 14, 36, 29, 2, 0, 0
18:37:33, 1214.60, 32.28, 32.98, 29.164, 5, 6, 6, 7, 15, 31, 91, 201, 174, 15, 0, 0, 0, 0, 0, 0, 1, 3, 13, 32, 26, 2, 0, 0
18:37:34, 1220.10, 32.27, 32.98, 29.164, 5, 5, 5, 6, 14, 27, 80, 178, 157, 14, 0, 0, 0, 0, 0, 0, 1, 2, 11, 28, 22, 1, 0, 0
18:37:34, 1223.70, 32.26, 32.98, 29.164, 4, 4, 5, 5, 10, 22, 67, 152, 130, 11, 0, 0, 0, 0, 0, 0, 1, 2, 10, 26, 20, 1, 0, 0
18:37:35, 1231.20, 32.25, 33.00, 29.156, 3, 4, 4, 5, 9, 19, 61, 139, 124, 11, 0, 0, 0, 0, 0, 0, 1, 1, 8, 21, 16, 1, 0, 0
18:37:36, 1236.30, 32.24, 33.00, 29.148, 2, 3, 3, 4, 7, 14, 47, 112, 92, 8, 0, 0, 0, 0, 0, 0, 0, 1, 7, 19, 14, 1, 0, 0
18:37:36, 1240.40, 32.22, 33.06, 29.148, 2, 2, 3, 3, 7, 13, 43, 102, 85, 7, 0, 0, 0, 0, 0, 0, 0, 1, 6, 16, 12, 0, 0, 0
18:37:37, 1245.30, 32.21, 32.98, 29.148, 2, 2, 3, 3, 5, 11, 38, 92, 78, 7, 0, 0, 0, 0, 0, 0, 0, 1, 5, 14, 11, 0, 0, 0
18:37:38, 1250.10, 32.20, 33.00, 29.148, 2, 2, 2, 3, 4, 10, 34, 83, 70, 6, 0, 0, 0, 0, 0, 0, 0, 0, 4, 13, 9, 0, 0, 0
18:37:38, 1255.40, 32.19, 33.00, 29.156, 1, 2, 2, 2, 4, 8, 29, 72, 60, 5, 0, 0, 0, 0, 0, 0, 0, 0, 3, 11, 8, 0, 0, 0
18:37:39, 1262.40, 32.18, 33.04, 29.156, 1, 1, 2, 2, 3, 7, 25, 63, 52, 5, 0, 0, 0, 0, 0, 0, 0, 0, 3, 9, 7, 0, 0, 0
18:37:39, 1266.60, 32.16, 33.02, 29.156, 1, 1, 2, 2, 2, 5, 20, 50, 40, 4, 0, 0, 0, 0, 0, 0, 0, 0, 2, 8, 6, 0, 0, 0
18:37:40, 1269.90, 32.15, 32.97, 29.148, 1, 1, 1, 2, 2, 5, 19, 48, 37, 3, 0, 0, 0, 0, 0, 0, 0, 0, 2, 7, 5, 0, 0, 0
18:37:41, 1275.10, 32.14, 33.02, 29.156, 1, 1, 1, 1, 2, 4, 17, 43, 33, 3, 0, 0, 0, 0, 0, 0, 0, 0, 2, 6, 4, 0, 0, 0
18:37:41, 1278.30, 32.13, 33.02, 29.156, 0, 1, 1, 1, 1, 3, 14, 37, 26, 2, 0, 0, 0, 0, 0, 0, 0, 0, 1, 6, 4, 0, 0, 0
18:37:42, 1282.00, 32.12, 33.06, 29.148, 0, 0, 1, 1, 1, 3, 13, 35, 24, 2, 0, 0, 0, 0, 0, 0, 0, 0, 1, 5, 4, 0, 0, 0
18:37:43, 1286.40, 32.11, 33.02, 29.156, 0, 0, 1, 1, 1, 2, 12, 31, 21, 2, 0, 0, 0, 0, 0, 0, 0, 0, 1, 4, 3, 0, 0, 0
18:37:43, 1291.90, 32.11, 33.00, 29.156, 0, 0, 1, 0, 1, 2, 10, 28, 19, 2, 0, 0, 0, 0, 0, 0, 0, 0, 1, 4, 3, 0, 0, 0
18:37:44, 1297.30, 32.09, 33.02, 29.148, 0, 0, 1, 1, 1, 2, 8, 22, 14, 1, 0, 0, 0, 0, 0, 0, 0, 0, 0, 3, 2, 0, 0, 0
18:37:45, 1302.80, 32.09, 33.00, 29.156, 0, 0, 1, 1, 0, 1, 7, 21, 14, 1, 0, 0, 0, 0, 0, 0, 0, 0, 0, 3, 2, 0, 0, 0
18:37:45, 1308.00, 32.07, 32.98, 29.156, 0, 0, 1, 1, 0, 1, 6, 18, 12, 1, 0, 0, 0, 0, 0, 0, 0, 0, 0, 2, 1, 0, 0, 0
18:37:46, 1312.70, 32.06, 33.00, 29.148, 0, 0, 1, 1, 0, 1, 6, 16, 10, 1, 0, 0, 0, 0, 0, 0, 0, 0, 0, 2, 1, 0, 0, 0
18:37:47, 1320.00, 32.04, 33.02, 29.156, 0, 0, 1, 0, 0, 1, 5, 14, 9, 1, 0, 0, 0, 0, 0, 0, 0, 0, 0, 2, 1, 0, 0, 0
18:37:47, 1327.00, 32.03, 33.00, 29.156, 0, 0, 1, 1, 0, 0, 4, 11, 7, 1, 0, 0, 0, 0, 0, 0, 0, 0, 0, 1, 1, 0, 0, 0
18:37:48, 1332.10, 32.02, 33.04, 29.148, 0, 0, 0, 1, 0, 0, 3, 9, 6, 1, 0, 0, 0, 0, 0, 0, 0, 0, 0, 1, 0, 0, 0, 0
18:37:49, 1339.20, 32.01, 33.02, 29.156, 0, 0, 0, 1, 0, 0, 3, 8, 6, 1, 0, 0, 0, 0, 0, 0, 0, 0, 0, 1, 0, 0, 0, 0
18:37:49, 1342.00, 32.00, 33.04, 29.156, 0, 0, 0, 1, 0, 0, 2, 7, 4, 0, 0, 0, 0, 0, 0, 0, 0, 0, 0, 1, 0, 0, 0, 0
18:37:50, 1343.70, 31.98, 33.04, 29.148, 0, 0, 0, 1, 0, 0, 2, 7, 5, 0, 0, 0, 0, 0, 0, 0, 0, 0, 0, 1, 0, 0, 0, 0
18:37:51, 1348.60, 31.98, 33.04, 29.148, 0, 0, 0, 0, 0, 0, 2, 5, 4, 0, 0, 0, 0, 0, 0, 0, 0, 0, 0, 1, 0, 0, 0, 0
18:37:51, 1353.60, 31.97, 33.06, 29.148, 0, 0, 0, 0, 0, 0, 2, 5, 4, 0, 0, 0, 0, 0, 0, 0, 0, 0, 0, 0, 0, 0, 0, 0
18:37:52, 1356.80, 31.96, 33.02, 29.141, 0, 0, 0, 0, 0, 0, 2, 5, 3, 0, 0, 0, 0, 0, 0, 0, 0, 0, 0, 0, 0, 0, 0, 0
18:37:53, 1360.10, 31.95, 33.00, 29.141, 0, 0, 0, 0, 0, 0, 1, 4, 3, 0, 0, 0, 0, 0, 0, 0, 0, 0, 0, 0, 0, 0, 0, 0
18:37:53, 1364.80, 31.94, 33.04, 29.141, 0, 0, 0, 0, 0, 0, 1, 4, 3, 0, 0, 0, 0, 0, 0, 0, 0, 0, 0, 0, 0, 0, 0, 0
18:37:54, 1365.70, 31.93, 33.02, 29.148, 0, 0, 0, 0, 0, 0, 1, 4, 2, 0, 0, 0, 0, 0, 0, 0, 0, 0, 0, 0, 0, 0, 0, 0
18:37:55, 1371.50, 31.92, 33.02, 29.148, 0, 0, 0, 0, 0, 0, 1, 4, 2, 0, 0, 0, 0, 0, 0, 0, 0, 0, 0, 0, 0, 0, 0, 0
18:37:55, 1379.30, 31.91, 33.02, 29.141, 0, 0, 0, 0, 0, 0, 1, 3, 2, 0, 0, 0, 0, 0, 0, 0, 0, 0, 0, 0, 0, 0, 0, 0
18:37:56, 1386.00, 31.90, 33.04, 29.141, 0, 0, 0, 0, 0, 0, 1, 2, 2, 0, 0, 0, 0, 0, 0, 0, 0, 0, 0, 0, 0, 0, 0, 0
18:37:57, 1391.60, 31.90, 33.04, 29.141, 0, 0, 0, 0, 0, 0, 1, 2, 1, 0, 0, 0, 0, 0, 0, 0, 0, 0, 0, 0, 0, 0, 0, 0
18:37:57, 1396.10, 31.89, 33.06, 29.133, 0, 0, 0, 0, 0, 0, 1, 2, 1, 0, 0, 0, 0, 0, 0, 0, 0, 0, 0, 0, 0, 0, 0, 0
18:37:58, 1399.70, 31.89, 33.04, 29.148, 0, 0, 0, 0, 0, 0, 1, 2, 1, 0, 0, 0, 0, 0, 0, 0, 0, 0, 0, 0, 0, 0, 0, 0
18:37:59, 1404.20, 31.88, 33.06, 29.148, 0, 0, 0, 0, 0, 0, 1, 2, 1, 0, 0, 0, 0, 0, 0, 0, 0, 0, 0, 0, 0, 0, 0, 0
18:37:59, 1411.00, 31.88, 33.06, 29.141, 0, 0, 0, 0, 0, 0, 1, 1, 1, 0, 0, 0, 0, 0, 0, 0, 0, 0, 0, 0, 0, 0, 0, 0
18:38:00, 1416.60, 31.87, 33.04, 29.148, 0, 0, 0, 0, 0, 0, 0, 1, 1, 0, 0, 0, 0, 0, 0, 0, 0, 0, 0, 0, 0, 0, 0, 0
18:38:01, 1424.00, 31.86, 33.04, 29.148, 0, 0, 0, 0, 0, 0, 0, 1, 1, 0, 0, 0, 0, 0, 0, 0, 0, 0, 0, 0, 0, 0, 0, 0
18:38:01, 1429.50, 31.85, 32.98, 29.141, 0, 0, 0, 0, 0, 0, 0, 1, 1, 0, 0, 0, 0, 0, 0, 0, 0, 0, 0, 0, 0, 0, 0, 0
18:38:02, 1435.20, 31.84, 33.00, 29.148, 0, 0, 0, 0, 0, 0, 0, 1, 1, 0, 0, 0, 0, 0, 0, 0, 0, 0, 0, 0, 0, 0, 0, 0
18:38:03, 1441.30, 31.83, 33.06, 29.148, 0, 0, 0, 0, 0, 0, 0, 1, 1, 0, 0, 0, 0, 0, 0, 0, 0, 0, 0, 0, 0, 0, 0, 0
18:38:03, 1445.00, 31.82, 33.02, 29.141, 0, 0, 0, 0, 0, 0, 0, 1, 1, 0, 0, 0, 0, 0, 0, 0, 0, 0, 0, 0, 0, 0, 0, 0
18:38:04, 1448.40, 31.81, 33.06, 29.141, 0, 0, 0, 0, 0, 0, 0, 1, 0, 0, 0, 0, 0, 0, 0, 0, 0, 0, 0, 0, 0, 0, 0, 0
18:38:05, 1452.30, 31.80, 33.06, 29.141, 0, 0, 0, 0, 0, 0, 0, 1, 0, 0, 0, 0, 0, 0, 0, 0, 0, 0, 0, 0, 0, 0, 0, 0
18:38:05, 1457.20, 31.80, 33.02, 29.148, 0, 0, 0, 0, 0, 0, 0, 1, 0, 0, 0, 0, 0, 0, 0, 0, 0, 0, 0, 0, 0, 0, 0, 0
18:38:06, 1462.10, 31.79, 33.00, 29.148, 0, 0, 0, 0, 0, 0, 0, 1, 0, 0, 0, 0, 0, 0, 0, 0, 0, 0, 0, 0, 0, 0, 0, 0
18:38:07, 1464.90, 31.78, 33.06, 29.141, 0, 0, 0, 0, 0, 0, 0, 1, 0, 0, 0, 0, 0, 0, 0, 0, 0, 0, 0, 0, 0, 0, 0, 0
18:38:07, 1468.70, 31.77, 33.04, 29.141, 0, 0, 0, 0, 0, 0, 0, 1, 0, 0, 0, 0, 0, 0, 0, 0, 0, 0, 0, 0, 0, 0, 0, 0
18:38:08, 1470.40, 31.76, 33.04, 29.141, 0, 0, 0, 0, 0, 0, 0, 1, 0, 0, 0, 0, 0, 0, 0, 0, 0, 0, 0, 0, 0, 0, 0, 0
18:38:09, 1474.10, 31.76, 33.04, 29.141, 0, 0, 0, 0, 0, 0, 0, 0, 0, 0, 0, 0, 0, 0, 0, 0, 0, 0, 0, 0, 0, 0, 0, 0
18:38:09, 1478.40, 31.75, 33.08, 29.141, 0, 0, 0, 0, 0, 0, 0, 1, 0, 0, 0, 0, 0, 0, 0, 0, 0, 0, 0, 0, 0, 0, 0, 0
18:38:10, 1481.30, 31.74, 33.06, 29.141, 0, 0, 0, 0, 0, 0, 0, 1, 0, 0, 0, 0, 0, 0, 0, 0, 0, 0, 0, 0, 0, 0, 0, 0
18:38:10, 1483.80, 31.74, 33.02, 29.141, 0, 0, 0, 0, 0, 0, 0, 1, 0, 0, 0, 0, 0, 0, 0, 0, 0, 0, 0, 0, 0, 0, 0, 0
18:38:11, 1488.20, 31.74, 33.04, 29.141, 0, 0, 0, 0, 0, 0, 0, 0, 0, 0, 0, 0, 0, 0, 0, 0, 0, 0, 0, 0, 0, 0, 0, 0
18:38:12, 1489.10, 31.73, 33.04, 29.141, 0, 0, 0, 0, 0, 0, 0, 0, 0, 0, 0, 0, 0, 0, 0, 0, 0, 0, 0, 0, 0, 0, 0, 0
18:38:12, 1492.40, 31.73, 33.08, 29.141, 0, 0, 0, 0, 0, 0, 0, 0, 0, 0, 0, 0, 0, 0, 0, 0, 0, 0, 0, 0, 0, 0, 0, 0
18:38:13, 1494.20, 31.72, 33.04, 29.141, 0, 0, 0, 0, 0, 0, 0, 0, 0, 0, 0, 0, 0, 0, 0, 0, 0, 0, 0, 0, 0, 0, 0, 0
18:38:14, 1494.10, 31.71, 33.04, 29.141, 0, 0, 0, 0, 0, 0, 0, 0, 0, 0, 0, 0, 0, 0, 0, 0, 0, 0, 0, 0, 0, 0, 0, 0
18:38:14, 1494.70, 31.70, 33.04, 29.133, 0, 0, 0, 0, 0, 0, 0, 0, 0, 0, 0, 0, 0, 0, 0, 0, 0, 0, 0, 0, 0, 0, 0, 0
18:38:15, 1495.20, 31.69, 33.06, 29.133, 0, 0, 0, 0, 0, 0, 0, 0, 0, 0, 0, 0, 0, 0, 0, 0, 0, 0, 0, 0, 0, 0, 0, 0
18:38:16, 1489.10, 31.68, 33.06, 29.133, 0, 0, 0, 0, 0, 0, 0, 0, 0, 0, 0, 0, 0, 0, 0, 0, 0, 0, 0, 0, 0, 0, 0, 0
18:38:16, 1487.90, 31.67, 33.06, 29.133, 0, 0, 0, 0, 0, 0, 0, 0, 0, 0, 0, 0, 0, 0, 0, 0, 0, 0, 0, 0, 0, 0, 0, 0
18:38:17, 1484.10, 31.65, 33.02, 29.133, 0, 0, 0, 0, 0, 0, 0, 0, 0, 0, 0, 0, 0, 0, 0, 0, 0, 0, 0, 0, 0, 0, 0, 0
18:38:18, 1481.30, 31.64, 33.04, 29.133, 0, 0, 0, 0, 0, 0, 0, 1, 0, 0, 0, 0, 0, 0, 0, 0, 0, 0, 0, 0, 0, 0, 0, 0
18:38:18, 1476.20, 31.63, 33.04, 29.133, 0, 0, 0, 0, 0, 0, 0, 1, 0, 0, 0, 0, 0, 0, 0, 0, 0, 0, 0, 0, 0, 0, 0, 0
18:38:19, 1471.60, 31.63, 33.06, 29.133, 0, 0, 0, 0, 0, 0, 0, 1, 0, 0, 0, 0, 0, 0, 0, 0, 0, 0, 0, 0, 0, 0, 0, 0
18:38:20, 1474.10, 31.62, 33.08, 29.133, 0, 0, 0, 0, 0, 0, 0, 1, 0, 0, 0, 0, 0, 0, 0, 0, 0, 0, 0, 0, 0, 0, 0, 0
18:38:20, 1482.50, 31.61, 33.08, 29.133, 0, 0, 0, 0, 0, 0, 0, 1, 0, 0, 0, 0, 0, 0, 0, 0, 0, 0, 0, 0, 0, 0, 0, 0
18:38:21, 1497.90, 31.60, 33.04, 29.133, 0, 0, 0, 0, 0, 0, 0, 1, 0, 0, 0, 0, 0, 0, 0, 0, 0, 0, 0, 0, 0, 0, 0, 0
18:38:22, 1498.40, 31.59, 33.02, 29.133, 0, 0, 0, 0, 0, 0, 0, 0, 0, 0, 0, 0, 0, 0, 0, 0, 0, 0, 0, 0, 0, 0, 0, 0
18:38:22, 1497.60, 31.58, 33.08, 29.133, 0, 0, 0, 0, 0, 0, 0, 0, 0, 0, 0, 0, 0, 0, 0, 0, 0, 0, 0, 0, 0, 0, 0, 0
18:38:23, 1496.50, 31.57, 33.04, 29.133, 0, 0, 0, 0, 0, 0, 0, 0, 0, 0, 0, 0, 0, 0, 0, 0, 0, 0, 0, 0, 0, 0, 0, 0
18:38:24, 1495.30, 31.56, 33.06, 29.125, 0, 0, 0, 0, 0, 0, 0, 0, 0, 0, 0, 0, 0, 0, 0, 0, 0, 0, 0, 0, 0, 0, 0, 0
18:38:24, 1499.30, 31.56, 33.04, 29.133, 0, 0, 0, 0, 0, 0, 0, 0, 0, 0, 0, 0, 0, 0, 0, 0, 0, 0, 0, 0, 0, 0, 0, 0
18:38:25, 1499.70, 31.55, 33.02, 29.133, 0, 0, 0, 0, 0, 0, 0, 0, 0, 0, 0, 0, 0, 0, 0, 0, 0, 0, 0, 0, 0, 0, 0, 0
18:38:26, 1498.40, 31.54, 33.08, 29.133, 0, 0, 0, 0, 0, 0, 0, 0, 0, 0, 0, 0, 0, 0, 0, 0, 0, 0, 0, 0, 0, 0, 0, 0
18:38:26, 1497.00, 31.53, 33.06, 29.133, 0, 0, 0, 0, 0, 0, 0, 0, 0, 0, 0, 0, 0, 0, 0, 0, 0, 0, 0, 0, 0, 0, 0, 0
18:38:27, 1496.90, 31.52, 33.06, 29.133, 0, 0, 0, 0, 0, 0, 0, 0, 0, 0, 0, 0, 0, 0, 0, 0, 0, 0, 0, 0, 0, 0, 0, 0
18:38:28, 1497.20, 31.51, 33.06, 29.133, 0, 0, 0, 0, 0, 0, 0, 0, 0, 0, 0, 0, 0, 0, 0, 0, 0, 0, 0, 0, 0, 0, 0, 0
18:38:28, 1497.00, 31.51, 33.06, 29.133, 0, 0, 0, 0, 0, 0, 0, 0, 0, 0, 0, 0, 0, 0, 0, 0, 0, 0, 0, 0, 0, 0, 0, 0
18:38:29, 1497.80, 31.50, 33.08, 29.133, 0, 0, 0, 0, 0, 0, 0, 0, 0, 0, 0, 0, 0, 0, 0, 0, 0, 0, 0, 0, 0, 0, 0, 0
18:38:30, 1496.90, 31.48, 33.04, 29.133, 0, 0, 0, 0, 0, 0, 0, 0, 0, 0, 0, 0, 0, 0, 0, 0, 0, 0, 0, 0, 0, 0, 0, 0
18:38:30, 1497.80, 31.48, 33.04, 29.133, 0, 0, 0, 0, 0, 0, 0, 0, 0, 0, 0, 0, 0, 0, 0, 0, 0, 0, 0, 0, 0, 0, 0, 0
18:38:31, 1494.80, 31.47, 33.04, 29.133, 0, 0, 0, 0, 0, 0, 0, 0, 0, 0, 0, 0, 0, 0, 0, 0, 0, 0, 0, 0, 0, 0, 0, 0
18:38:32, 1493.20, 31.46, 33.08, 29.133, 0, 0, 0, 0, 0, 0, 0, 0, 0, 0, 0, 0, 0, 0, 0, 0, 0, 0, 0, 0, 0, 0, 0, 0
18:38:32, 1495.50, 31.46, 33.08, 29.133, 0, 0, 0, 0, 0, 0, 0, 0, 0, 0, 0, 0, 0, 0, 0, 0, 0, 0, 0, 0, 0, 0, 0, 0
18:38:33, 1493.80, 31.46, 33.08, 29.133, 0, 0, 0, 0, 0, 0, 0, 0, 0, 0, 0, 0, 0, 0, 0, 0, 0, 0, 0, 0, 0, 0, 0, 0
18:38:34, 1490.70, 31.46, 33.08, 29.141, 0, 0, 0, 0, 0, 0, 0, 0, 0, 0, 0, 0, 0, 0, 0, 0, 0, 0, 0, 0, 0, 0, 0, 0
18:38:34, 1491.20, 31.46, 33.06, 29.141, 0, 0, 0, 0, 0, 0, 0, 0, 0, 0, 0, 0, 0, 0, 0, 0, 0, 0, 0, 0, 0, 0, 0, 0
18:38:35, 1488.10, 31.46, 33.08, 29.133, 0, 0, 0, 0, 0, 0, 0, 0, 0, 0, 0, 0, 0, 0, 0, 0, 0, 0, 0, 0, 0, 0, 0, 0
18:38:36, 1492.10, 31.46, 33.08, 29.133, 0, 0, 0, 0, 0, 0, 0, 0, 0, 0, 0, 0, 0, 0, 0, 0, 0, 0, 0, 0, 0, 0, 0, 0
18:38:36, 1491.50, 31.45, 33.06, 29.133, 0, 0, 0, 0, 0, 0, 0, 0, 0, 0, 0, 0, 0, 0, 0, 0, 0, 0, 0, 0, 0, 0, 0, 0
18:38:37, 1493.10, 31.45, 33.06, 29.133, 0, 0, 0, 0, 0, 0, 0, 0, 0, 0, 0, 0, 0, 0, 0, 0, 0, 0, 0, 0, 0, 0, 0, 0
18:38:38, 1498.80, 31.45, 33.08, 29.133, 0, 0, 0, 0, 0, 0, 0, 0, 0, 0, 0, 0, 0, 0, 0, 0, 0, 0, 0, 0, 0, 0, 0, 0
18:38:38, 1509.40, 31.44, 33.04, 29.133, 0, 0, 0, 0, 0, 0, 0, 0, 0, 0, 0, 0, 0, 0, 0, 0, 0, 0, 0, 0, 0, 0, 0, 0
18:38:39, 1504.20, 31.43, 33.06, 29.125, 0, 0, 0, 0, 0, 0, 0, 0, 0, 0, 0, 0, 0, 0, 0, 0, 0, 0, 0, 0, 0, 0, 0, 0
18:38:40, 1503.60, 31.42, 33.08, 29.133, 0, 0, 0, 0, 0, 0, 0, 0, 0, 0, 0, 0, 0, 0, 0, 0, 0, 0, 0, 0, 0, 0, 0, 0
18:38:40, 1499.90, 31.40, 33.06, 29.133, 0, 0, 0, 0, 0, 0, 0, 0, 0, 0, 0, 0, 0, 0, 0, 0, 0, 0, 0, 0, 0, 0, 0, 0
18:38:41, 1499.30, 31.39, 33.10, 29.133, 0, 0, 0, 0, 0, 0, 0, 0, 0, 0, 0, 0, 0, 0, 0, 0, 0, 0, 0, 0, 0, 0, 0, 0
18:38:41, 1499.20, 31.38, 33.08, 29.133, 0, 0, 0, 0, 0, 0, 0, 0, 0, 0, 0, 0, 0, 0, 0, 0, 0, 0, 0, 0, 0, 0, 0, 0
18:38:42, 1498.90, 31.36, 33.02, 29.133, 0, 0, 0, 0, 0, 0, 0, 0, 0, 0, 0, 0, 0, 0, 0, 0, 0, 0, 0, 0, 0, 0, 0, 0
18:38:43, 1499.50, 31.33, 33.06, 29.133, 0, 0, 0, 0, 0, 0, 0, 0, 0, 0, 0, 0, 0, 0, 0, 0, 0, 0, 0, 0, 0, 0, 0, 0
18:38:43, 1500.50, 31.31, 33.06, 29.133, 0, 0, 0, 0, 0, 0, 0, 0, 0, 0, 0, 0, 0, 0, 0, 0, 0, 0, 0, 0, 0, 0, 0, 0
18:38:44, 1506.10, 31.28, 33.08, 29.133, 0, 0, 0, 0, 0, 0, 0, 0, 0, 0, 0, 0, 0, 0, 0, 0, 0, 0, 0, 0, 0, 0, 0, 0
18:38:45, 1511.00, 31.26, 33.10, 29.133, 0, 0, 0, 0, 0, 0, 0, 0, 0, 0, 0, 0, 0, 0, 0, 0, 0, 0, 0, 0, 0, 0, 0, 0
18:38:45, 1511.10, 31.23, 33.08, 29.133, 0, 0, 0, 0, 0, 0, 0, 0, 0, 0, 0, 0, 0, 0, 0, 0, 0, 0, 0, 0, 0, 0, 0, 0
18:38:46, 1504.90, 31.21, 33.08, 29.133, 0, 0, 0, 0, 0, 0, 0, 0, 0, 0, 0, 0, 0, 0, 0, 0, 0, 0, 0, 0, 0, 0, 0, 0
18:38:47, 1506.20, 31.19, 33.10, 29.133, 0, 0, 0, 0, 0, 0, 0, 0, 0, 0, 0, 0, 0, 0, 0, 0, 0, 0, 0, 0, 0, 0, 0, 0
18:38:47, 1501.60, 31.18, 33.08, 29.133, 0, 0, 0, 0, 0, 0, 0, 0, 0, 0, 0, 0, 0, 0, 0, 0, 0, 0, 0, 0, 0, 0, 0, 0
18:38:48, 1499.70, 31.17, 33.06, 29.133, 0, 0, 0, 0, 0, 0, 0, 0, 0, 0, 0, 0, 0, 0, 0, 0, 0, 0, 0, 0, 0, 0, 0, 0
18:38:49, 1496.00, 31.16, 33.08, 29.133, 0, 0, 0, 0, 0, 0, 0, 0, 0, 0, 0, 0, 0, 0, 0, 0, 0, 0, 0, 0, 0, 0, 0, 0
18:38:49, 1491.90, 31.15, 33.10, 29.133, 0, 0, 0, 0, 0, 0, 0, 0, 0, 0, 0, 0, 0, 0, 0, 0, 0, 0, 0, 0, 0, 0, 0, 0
18:38:50, 1490.70, 31.15, 33.08, 29.133, 0, 0, 0, 0, 0, 0, 0, 0, 0, 0, 0, 0, 0, 0, 0, 0, 0, 0, 0, 0, 0, 0, 0, 0
18:38:51, 1488.70, 31.15, 33.06, 29.141, 0, 0, 0, 0, 0, 0, 0, 0, 0, 0, 0, 0, 0, 0, 0, 0, 0, 0, 0, 0, 0, 0, 0, 0
18:38:51, 1488.30, 31.14, 33.08, 29.141, 0, 0, 0, 0, 0, 0, 0, 0, 0, 0, 0, 0, 0, 0, 0, 0, 0, 0, 0, 0, 0, 0, 0, 0
18:38:52, 1487.50, 31.14, 33.06, 29.125, 0, 0, 0, 0, 0, 0, 0, 0, 0, 0, 0, 0, 0, 0, 0, 0, 0, 0, 0, 0, 0, 0, 0, 0
18:38:53, 1484.30, 31.14, 33.06, 29.133, 0, 0, 0, 0, 0, 0, 0, 0, 0, 0, 0, 0, 0, 0, 0, 0, 0, 0, 0, 0, 0, 0, 0, 0
18:38:53, 1486.00, 31.13, 33.10, 29.133, 0, 0, 0, 0, 0, 0, 0, 0, 0, 0, 0, 0, 0, 0, 0, 0, 0, 0, 0, 0, 0, 0, 0, 0
18:38:54, 1493.60, 31.13, 33.08, 29.133, 0, 0, 0, 0, 0, 0, 0, 0, 0, 0, 0, 0, 0, 0, 0, 0, 0, 0, 0, 0, 0, 0, 0, 0
18:38:55, 1488.60, 31.13, 33.06, 29.133, 0, 0, 0, 0, 0, 0, 0, 0, 0, 0, 0, 0, 0, 0, 0, 0, 0, 0, 0, 0, 0, 0, 0, 0
18:38:55, 1491.20, 31.12, 33.08, 29.133, 0, 0, 0, 0, 0, 0, 0, 0, 0, 0, 0, 0, 0, 0, 0, 0, 0, 0, 0, 0, 0, 0, 0, 0
18:38:56, 1489.30, 31.12, 33.08, 29.125, 0, 0, 0, 0, 0, 0, 0, 0, 0, 0, 0, 0, 0, 0, 0, 0, 0, 0, 0, 0, 0, 0, 0, 0
18:38:57, 1496.90, 31.11, 33.06, 29.125, 0, 0, 0, 0, 0, 0, 0, 0, 0, 0, 0, 0, 0, 0, 0, 0, 0, 0, 0, 0, 0, 0, 0, 0
18:38:57, 1495.00, 31.10, 33.10, 29.133, 0, 0, 0, 0, 0, 0, 0, 0, 0, 0, 0, 0, 0, 0, 0, 0, 0, 0, 0, 0, 0, 0, 0, 0
18:38:58, 1491.50, 31.08, 33.10, 29.125, 0, 0, 0, 0, 0, 0, 0, 0, 0, 0, 0, 0, 0, 0, 0, 0, 0, 0, 0, 0, 0, 0, 0, 0
18:38:59, 1487.70, 31.07, 33.08, 29.125, 0, 0, 0, 0, 0, 0, 0, 0, 0, 0, 0, 0, 0, 0, 0, 0, 0, 0, 0, 0, 0, 0, 0, 0
18:38:59, 1484.40, 31.06, 33.10, 29.125, 0, 0, 0, 0, 0, 0, 0, 0, 0, 0, 0, 0, 0, 0, 0, 0, 0, 0, 0, 0, 0, 0, 0, 0
18:39:00, 1480.10, 31.06, 33.12, 29.133, 0, 0, 0, 0, 0, 0, 0, 0, 0, 0, 0, 0, 0, 0, 0, 0, 0, 0, 0, 0, 0, 0, 0, 0
18:39:01, 1481.50, 31.05, 33.10, 29.133, 0, 0, 0, 0, 0, 0, 0, 0, 0, 0, 0, 0, 0, 0, 0, 0, 0, 0, 0, 0, 0, 0, 0, 0
18:39:01, 1491.40, 31.05, 33.06, 29.133, 0, 0, 0, 0, 0, 0, 0, 0, 0, 0, 0, 0, 0, 0, 0, 0, 0, 0, 0, 0, 0, 0, 0, 0
18:39:02, 1481.50, 31.04, 33.08, 29.133, 0, 0, 0, 0, 0, 0, 0, 0, 0, 0, 0, 0, 0, 0, 0, 0, 0, 0, 0, 0, 0, 0, 0, 0
18:39:03, 1480.40, 31.02, 33.08, 29.133, 0, 0, 0, 0, 0, 0, 0, 0, 0, 0, 0, 0, 0, 0, 0, 0, 0, 0, 0, 0, 0, 0, 0, 0
18:39:03, 1483.40, 31.01, 33.08, 29.133, 0, 0, 0, 0, 0, 0, 0, 0, 0, 0, 0, 0, 0, 0, 0, 0, 0, 0, 0, 0, 0, 0, 0, 0
18:39:04, 1483.60, 31.00, 33.06, 29.133, 0, 0, 0, 0, 0, 0, 0, 0, 0, 0, 0, 0, 0, 0, 0, 0, 0, 0, 0, 0, 0, 0, 0, 0
18:39:05, 1480.50, 30.99, 33.08, 29.133, 0, 0, 0, 0, 0, 0, 0, 0, 0, 0, 0, 0, 0, 0, 0, 0, 0, 0, 0, 0, 0, 0, 0, 0
18:39:05, 1478.30, 30.98, 33.08, 29.133, 0, 0, 0, 0, 0, 0, 0, 0, 0, 0, 0, 0, 0, 0, 0, 0, 0, 0, 0, 0, 0, 0, 0, 0
18:39:06, 1474.90, 30.97, 33.10, 29.125, 0, 0, 0, 0, 0, 0, 0, 0, 0, 0, 0, 0, 0, 0, 0, 0, 0, 0, 0, 0, 0, 0, 0, 0
18:39:07, 1474.40, 30.96, 33.10, 29.125, 0, 0, 0, 0, 0, 0, 0, 0, 0, 0, 0, 0, 0, 0, 0, 0, 0, 0, 0, 0, 0, 0, 0, 0
18:39:07, 1471.30, 30.94, 33.08, 29.125, 0, 0, 0, 0, 0, 0, 0, 0, 0, 0, 0, 0, 0, 0, 0, 0, 0, 0, 0, 0, 0, 0, 0, 0
18:39:08, 1471.90, 30.92, 33.10, 29.125, 0, 0, 0, 0, 0, 0, 0, 0, 0, 0, 0, 0, 0, 0, 0, 0, 0, 0, 0, 0, 0, 0, 0, 0
18:39:09, 1464.90, 30.90, 33.10, 29.125, 0, 0, 0, 0, 0, 0, 0, 0, 0, 0, 0, 0, 0, 0, 0, 0, 0, 0, 0, 0, 0, 0, 0, 0
18:39:09, 1475.90, 30.89, 33.08, 29.133, 0, 0, 0, 0, 0, 0, 0, 0, 0, 0, 0, 0, 0, 0, 0, 0, 0, 0, 0, 0, 0, 0, 0, 0
18:39:10, 1484.60, 30.87, 33.08, 29.133, 0, 0, 0, 0, 0, 0, 0, 0, 0, 0, 0, 0, 0, 0, 0, 0, 0, 0, 0, 0, 0, 0, 0, 0
18:39:10, 1490.40, 30.86, 33.10, 29.133, 0, 0, 0, 0, 0, 0, 0, 0, 0, 0, 0, 0, 0, 0, 0, 0, 0, 0, 0, 0, 0, 0, 0, 0
18:39:11, 1488.20, 30.85, 33.08, 29.133, 0, 0, 0, 0, 0, 0, 0, 0, 0, 0, 0, 0, 0, 0, 0, 0, 0, 0, 0, 0, 0, 0, 0, 0
18:39:12, 1491.30, 30.85, 33.10, 29.133, 0, 0, 0, 0, 0, 0, 0, 0, 0, 0, 0, 0, 0, 0, 0, 0, 0, 0, 0, 0, 0, 0, 0, 0
18:39:12, 1495.50, 30.84, 33.10, 29.133, 0, 0, 0, 0, 0, 0, 0, 0, 0, 0, 0, 0, 0, 0, 0, 0, 0, 0, 0, 0, 0, 0, 0, 0
18:39:13, 1489.40, 30.84, 33.10, 29.125, 0, 0, 0, 0, 0, 0, 0, 0, 0, 0, 0, 0, 0, 0, 0, 0, 0, 0, 0, 0, 0, 0, 0, 0
18:39:14, 1489.20, 30.84, 33.10, 29.125, 0, 0, 0, 0, 0, 0, 0, 0, 0, 0, 0, 0, 0, 0, 0, 0, 0, 0, 0, 0, 0, 0, 0, 0
18:39:14, 1500.80, 30.84, 33.10, 29.125, 0, 0, 0, 0, 0, 0, 0, 0, 0, 0, 0, 0, 0, 0, 0, 0, 0, 0, 0, 0, 0, 0, 0, 0
18:39:15, 1499.30, 30.84, 33.12, 29.133, 0, 0, 0, 0, 0, 0, 0, 0, 0, 0, 0, 0, 0, 0, 0, 0, 0, 0, 0, 0, 0, 0, 0, 0
18:39:16, 1499.70, 30.83, 33.08, 29.133, 0, 0, 0, 0, 0, 0, 0, 0, 0, 0, 0, 0, 0, 0, 0, 0, 0, 0, 0, 0, 0, 0, 0, 0
18:39:16, 1502.90, 30.83, 33.08, 29.125, 0, 0, 0, 0, 0, 0, 0, 0, 0, 0, 0, 0, 0, 0, 0, 0, 0, 0, 0, 0, 0, 0, 0, 0
18:39:17, 1502.70, 30.83, 33.06, 29.133, 0, 0, 0, 0, 0, 0, 0, 0, 0, 0, 0, 0, 0, 0, 0, 0, 0, 0, 0, 0, 0, 0, 0, 0
18:39:18, 1502.20, 30.83, 33.08, 29.133, 0, 0, 0, 0, 0, 0, 0, 0, 0, 0, 0, 0, 0, 0, 0, 0, 0, 0, 0, 0, 0, 0, 0, 0
18:39:18, 1501.10, 30.83, 33.08, 29.133, 0, 0, 0, 0, 0, 0, 0, 0, 0, 0, 0, 0, 0, 0, 0, 0, 0, 0, 0, 0, 0, 0, 0, 0
18:39:19, 1497.50, 30.82, 33.10, 29.141, 0, 0, 0, 0, 0, 0, 0, 0, 0, 0, 0, 0, 0, 0, 0, 0, 0, 0, 0, 0, 0, 0, 0, 0
18:39:20, 1498.00, 30.82, 33.08, 29.141, 0, 0, 0, 0, 0, 0, 0, 0, 0, 0, 0, 0, 0, 0, 0, 0, 0, 0, 0, 0, 0, 0, 0, 0
18:39:20, 1494.80, 30.82, 33.08, 29.133, 0, 0, 0, 0, 0, 0, 0, 0, 0, 0, 0, 0, 0, 0, 0, 0, 0, 0, 0, 0, 0, 0, 0, 0
18:39:21, 1494.20, 30.82, 33.08, 29.133, 0, 0, 0, 0, 0, 0, 0, 0, 0, 0, 0, 0, 0, 0, 0, 0, 0, 0, 0, 0, 0, 0, 0, 0
18:39:22, 1494.60, 30.82, 33.08, 29.133, 0, 0, 0, 0, 0, 0, 0, 0, 0, 0, 0, 0, 0, 0, 0, 0, 0, 0, 0, 0, 0, 0, 0, 0
18:39:22, 1494.80, 30.82, 33.10, 29.133, 0, 0, 0, 0, 0, 0, 0, 0, 0, 0, 0, 0, 0, 0, 0, 0, 0, 0, 0, 0, 0, 0, 0, 0
18:39:23, 1492.70, 30.82, 33.06, 29.133, 0, 0, 0, 0, 0, 0, 0, 0, 0, 0, 0, 0, 0, 0, 0, 0, 0, 0, 0, 0, 0, 0, 0, 0
18:39:24, 1491.80, 30.82, 33.10, 29.133, 0, 0, 0, 0, 0, 0, 0, 0, 0, 0, 0, 0, 0, 0, 0, 0, 0, 0, 0, 0, 0, 0, 0, 0
18:39:24, 1490.80, 30.82, 33.10, 29.133, 0, 0, 0, 0, 0, 0, 0, 0, 0, 0, 0, 0, 0, 0, 0, 0, 0, 0, 0, 0, 0, 0, 0, 0
18:39:25, 1485.80, 30.82, 33.10, 29.133, 0, 0, 0, 0, 0, 0, 0, 0, 0, 0, 0, 0, 0, 0, 0, 0, 0, 0, 0, 0, 0, 0, 0, 0
18:39:26, 1484.50, 30.82, 33.08, 29.133, 0, 0, 0, 0, 0, 0, 0, 0, 0, 0, 0, 0, 0, 0, 0, 0, 0, 0, 0, 0, 0, 0, 0, 0
18:39:26, 1482.60, 30.81, 33.10, 29.133, 0, 0, 0, 0, 0, 0, 0, 0, 0, 0, 0, 0, 0, 0, 0, 0, 0, 0, 0, 0, 0, 0, 0, 0
18:39:27, 1483.80, 30.81, 33.08, 29.133, 0, 0, 0, 0, 0, 0, 0, 0, 0, 0, 0, 0, 0, 0, 0, 0, 0, 0, 0, 0, 0, 0, 0, 0
18:39:28, 1479.90, 30.81, 33.04, 29.133, 0, 0, 0, 0, 0, 0, 0, 0, 0, 0, 0, 0, 0, 0, 0, 0, 0, 0, 0, 0, 0, 0, 0, 0
18:39:28, 1477.90, 30.80, 33.10, 29.133, 0, 0, 0, 0, 0, 0, 0, 0, 0, 0, 0, 0, 0, 0, 0, 0, 0, 0, 0, 0, 0, 0, 0, 0
18:39:29, 1478.20, 30.81, 33.10, 29.133, 0, 0, 0, 0, 0, 0, 0, 1, 0, 0, 0, 0, 0, 0, 0, 0, 0, 0, 0, 0, 0, 0, 0, 0
18:39:30, 1474.80, 30.81, 33.08, 29.133, 0, 0, 0, 0, 0, 0, 0, 0, 0, 0, 0, 0, 0, 0, 0, 0, 0, 0, 0, 0, 0, 0, 0, 0
18:39:30, 1473.40, 30.81, 33.12, 29.133, 0, 0, 0, 0, 0, 0, 0, 1, 0, 0, 0, 0, 0, 0, 0, 0, 0, 0, 0, 0, 0, 0, 0, 0
18:39:31, 1473.70, 30.80, 33.10, 29.133, 0, 0, 0, 0, 0, 0, 0, 1, 0, 0, 0, 0, 0, 0, 0, 0, 0, 0, 0, 0, 0, 0, 0, 0
18:39:32, 1472.10, 30.80, 33.10, 29.133, 0, 0, 0, 0, 0, 0, 0, 0, 0, 0, 0, 0, 0, 0, 0, 0, 0, 0, 0, 0, 0, 0, 0, 0
18:39:32, 1471.80, 30.80, 33.08, 29.133, 0, 0, 0, 0, 0, 0, 0, 0, 0, 0, 0, 0, 0, 0, 0, 0, 0, 0, 0, 0, 0, 0, 0, 0
18:39:33, 1472.40, 30.80, 33.08, 29.133, 0, 0, 0, 0, 0, 0, 0, 0, 0, 0, 0, 0, 0, 0, 0, 0, 0, 0, 0, 0, 0, 0, 0, 0
18:39:34, 1470.10, 30.79, 33.10, 29.125, 0, 0, 0, 0, 0, 0, 0, 0, 0, 0, 0, 0, 0, 0, 0, 0, 0, 0, 0, 0, 0, 0, 0, 0
18:39:34, 1468.00, 30.79, 33.10, 29.133, 0, 0, 0, 0, 0, 0, 0, 0, 0, 0, 0, 0, 0, 0, 0, 0, 0, 0, 0, 0, 0, 0, 0, 0
18:39:35, 1461.90, 30.78, 33.10, 29.133, 0, 0, 0, 0, 0, 0, 0, 0, 0, 0, 0, 0, 0, 0, 0, 0, 0, 0, 0, 0, 0, 0, 0, 0
18:39:36, 1455.10, 30.78, 33.10, 29.125, 0, 0, 0, 0, 0, 0, 0, 1, 0, 0, 0, 0, 0, 0, 0, 0, 0, 0, 0, 0, 0, 0, 0, 0
18:39:36, 1451.70, 30.78, 33.08, 29.125, 0, 0, 0, 0, 0, 0, 0, 1, 0, 0, 0, 0, 0, 0, 0, 0, 0, 0, 0, 0, 0, 0, 0, 0
18:39:37, 1447.80, 30.78, 33.06, 29.125, 0, 0, 0, 0, 0, 0, 0, 1, 0, 0, 0, 0, 0, 0, 0, 0, 0, 0, 0, 0, 0, 0, 0, 0
18:39:38, 1442.70, 30.78, 33.08, 29.125, 0, 0, 0, 0, 0, 0, 0, 1, 0, 0, 0, 0, 0, 0, 0, 0, 0, 0, 0, 0, 0, 0, 0, 0
18:39:38, 1437.60, 30.78, 33.08, 29.125, 0, 0, 0, 0, 0, 0, 0, 1, 0, 0, 0, 0, 0, 0, 0, 0, 0, 0, 0, 0, 0, 0, 0, 0
18:39:39, 1432.80, 30.78, 33.08, 29.125, 0, 0, 0, 0, 0, 0, 0, 1, 0, 0, 0, 0, 0, 0, 0, 0, 0, 0, 0, 0, 0, 0, 0, 0
18:39:40, 1432.10, 30.78, 33.10, 29.125, 0, 0, 0, 0, 0, 0, 0, 1, 0, 0, 0, 0, 0, 0, 0, 0, 0, 0, 0, 0, 0, 0, 0, 0
18:39:40, 1428.00, 30.78, 33.12, 29.125, 0, 0, 0, 0, 0, 0, 0, 1, 0, 0, 0, 0, 0, 0, 0, 0, 0, 0, 0, 0, 0, 0, 0, 0
18:39:41, 1426.00, 30.78, 33.08, 29.125, 0, 0, 0, 0, 0, 0, 0, 1, 0, 0, 0, 0, 0, 0, 0, 0, 0, 0, 0, 0, 0, 0, 0, 0
18:39:42, 1422.20, 30.78, 33.10, 29.117, 0, 0, 0, 0, 0, 0, 0, 1, 0, 0, 0, 0, 0, 0, 0, 0, 0, 0, 0, 0, 0, 0, 0, 0
18:39:42, 1418.40, 30.78, 33.10, 29.117, 0, 0, 0, 0, 0, 0, 0, 1, 0, 0, 0, 0, 0, 0, 0, 0, 0, 0, 0, 0, 0, 0, 0, 0
18:39:43, 1414.90, 30.77, 33.08, 29.117, 0, 0, 0, 0, 0, 0, 0, 1, 0, 0, 0, 0, 0, 0, 0, 0, 0, 0, 0, 0, 0, 0, 0, 0
18:39:44, 1411.70, 30.77, 33.08, 29.117, 0, 0, 0, 0, 0, 0, 0, 1, 0, 0, 0, 0, 0, 0, 0, 0, 0, 0, 0, 0, 0, 0, 0, 0
18:39:44, 1406.30, 30.77, 33.10, 29.117, 0, 0, 0, 0, 0, 0, 0, 1, 0, 0, 0, 0, 0, 0, 0, 0, 0, 0, 0, 0, 0, 0, 0, 0
18:39:45, 1404.00, 30.76, 33.10, 29.125, 0, 0, 0, 0, 0, 0, 0, 1, 1, 0, 0, 0, 0, 0, 0, 0, 0, 0, 0, 0, 0, 0, 0, 0
18:39:46, 1401.10, 30.76, 33.08, 29.117, 0, 0, 0, 0, 0, 0, 0, 1, 1, 0, 0, 0, 0, 0, 0, 0, 0, 0, 0, 0, 0, 0, 0, 0
18:39:46, 1400.60, 30.76, 33.10, 29.117, 0, 0, 0, 0, 0, 0, 0, 1, 1, 0, 0, 0, 0, 0, 0, 0, 0, 0, 0, 0, 0, 0, 0, 0
18:39:47, 1399.70, 30.76, 33.10, 29.117, 0, 0, 0, 0, 0, 0, 0, 1, 1, 0, 0, 0, 0, 0, 0, 0, 0, 0, 0, 0, 0, 0, 0, 0
18:39:48, 1394.70, 30.76, 33.10, 29.117, 0, 0, 0, 0, 0, 0, 0, 1, 1, 0, 0, 0, 0, 0, 0, 0, 0, 0, 0, 0, 0, 0, 0, 0
18:39:48, 1389.60, 30.76, 33.08, 29.117, 0, 0, 0, 0, 0, 0, 0, 1, 1, 0, 0, 0, 0, 0, 0, 0, 0, 0, 0, 0, 0, 0, 0, 0
18:39:49, 1385.30, 30.76, 33.14, 29.117, 0, 0, 0, 0, 0, 0, 1, 1, 1, 0, 0, 0, 0, 0, 0, 0, 0, 0, 0, 0, 0, 0, 0, 0
18:39:50, 1383.50, 30.76, 33.10, 29.125, 0, 0, 0, 0, 0, 0, 1, 2, 1, 0, 0, 0, 0, 0, 0, 0, 0, 0, 0, 0, 0, 0, 0, 0
18:39:50, 1383.10, 30.76, 33.10, 29.125, 0, 0, 0, 0, 0, 0, 1, 2, 1, 0, 0, 0, 0, 0, 0, 0, 0, 0, 0, 0, 0, 0, 0, 0
18:39:51, 1377.60, 30.76, 33.12, 29.117, 0, 0, 0, 0, 0, 0, 1, 1, 1, 0, 0, 0, 0, 0, 0, 0, 0, 0, 0, 0, 0, 0, 0, 0
18:39:52, 1372.10, 30.76, 33.12, 29.125, 0, 0, 0, 0, 0, 0, 1, 2, 1, 0, 0, 0, 0, 0, 0, 0, 0, 0, 0, 0, 0, 0, 0, 0
18:39:52, 1368.40, 30.75, 33.12, 29.125, 0, 0, 0, 0, 0, 0, 1, 2, 1, 0, 0, 0, 0, 0, 0, 0, 0, 0, 0, 0, 0, 0, 0, 0
18:39:53, 1367.30, 30.75, 33.12, 29.117, 0, 0, 0, 0, 0, 0, 1, 2, 2, 0, 0, 0, 0, 0, 0, 0, 0, 0, 0, 0, 0, 0, 0, 0
18:39:54, 1362.60, 30.76, 33.10, 29.117, 0, 0, 0, 0, 0, 0, 1, 2, 1, 0, 0, 0, 0, 0, 0, 0, 0, 0, 0, 0, 0, 0, 0, 0
18:39:54, 1361.40, 30.76, 33.10, 29.117, 0, 0, 0, 0, 0, 0, 1, 2, 1, 0, 0, 0, 0, 0, 0, 0, 0, 0, 0, 0, 0, 0, 0, 0
18:39:55, 1361.70, 30.76, 33.08, 29.117, 0, 0, 0, 0, 0, 0, 1, 3, 2, 0, 0, 0, 0, 0, 0, 0, 0, 0, 0, 0, 0, 0, 0, 0
18:39:55, 1359.10, 30.75, 33.08, 29.117, 0, 0, 0, 0, 0, 0, 1, 2, 1, 0, 0, 0, 0, 0, 0, 0, 0, 0, 0, 0, 0, 0, 0, 0
18:39:56, 1356.60, 30.76, 33.10, 29.117, 0, 0, 0, 0, 0, 0, 1, 3, 2, 0, 0, 0, 0, 0, 0, 0, 0, 0, 0, 0, 0, 0, 0, 0
18:39:57, 1356.30, 30.75, 33.14, 29.117, 0, 0, 0, 0, 0, 0, 1, 3, 2, 0, 0, 0, 0, 0, 0, 0, 0, 0, 0, 0, 0, 0, 0, 0
18:39:57, 1354.90, 30.75, 33.14, 29.117, 0, 0, 0, 0, 0, 0, 1, 3, 2, 0, 0, 0, 0, 0, 0, 0, 0, 0, 0, 0, 0, 0, 0, 0
18:39:58, 1352.00, 30.75, 33.14, 29.117, 0, 0, 0, 0, 0, 0, 1, 3, 2, 0, 0, 0, 0, 0, 0, 0, 0, 0, 0, 0, 0, 0, 0, 0
18:39:59, 1353.10, 30.75, 33.14, 29.117, 0, 0, 0, 0, 0, 0, 1, 3, 2, 0, 0, 0, 0, 0, 0, 0, 0, 0, 0, 0, 0, 0, 0, 0
18:39:59, 1351.60, 30.75, 33.08, 29.117, 0, 0, 0, 0, 0, 0, 1, 3, 2, 0, 0, 0, 0, 0, 0, 0, 0, 0, 0, 0, 0, 0, 0, 0
18:40:00, 1348.50, 30.75, 33.12, 29.117, 0, 0, 0, 0, 0, 0, 1, 3, 2, 0, 0, 0, 0, 0, 0, 0, 0, 0, 0, 0, 0, 0, 0, 0
18:40:01, 1343.50, 30.75, 33.10, 29.117, 0, 0, 0, 0, 0, 0, 1, 3, 2, 0, 0, 0, 0, 0, 0, 0, 0, 0, 0, 0, 0, 0, 0, 0
18:40:01, 1337.90, 30.75, 33.12, 29.117, 0, 0, 0, 0, 0, 0, 1, 4, 2, 0, 0, 0, 0, 0, 0, 0, 0, 0, 0, 0, 0, 0, 0, 0
18:40:02, 1330.60, 30.75, 33.10, 29.117, 0, 0, 0, 0, 0, 0, 1, 4, 3, 0, 0, 0, 0, 0, 0, 0, 0, 0, 0, 0, 0, 0, 0, 0
18:40:03, 1322.90, 30.75, 33.08, 29.125, 0, 0, 0, 0, 0, 0, 2, 5, 4, 0, 0, 0, 0, 0, 0, 0, 0, 0, 0, 1, 0, 0, 0, 0
18:40:03, 1322.20, 30.76, 33.14, 29.125, 0, 0, 0, 1, 0, 0, 2, 6, 5, 0, 0, 0, 0, 0, 0, 0, 0, 0, 0, 1, 0, 0, 0, 0
18:40:04, 1316.70, 30.76, 33.08, 29.117, 0, 0, 0, 0, 0, 0, 2, 6, 5, 1, 0, 0, 0, 0, 0, 0, 0, 0, 0, 1, 0, 0, 0, 0
18:40:05, 1310.70, 30.76, 33.14, 29.125, 0, 0, 0, 1, 0, 0, 2, 7, 5, 1, 0, 0, 0, 0, 0, 0, 0, 0, 0, 1, 0, 0, 0, 0
18:40:05, 1306.30, 30.76, 33.10, 29.125, 0, 0, 0, 1, 0, 0, 3, 8, 6, 1, 0, 0, 0, 0, 0, 0, 0, 0, 0, 1, 1, 0, 0, 0
18:40:06, 1301.20, 30.76, 33.12, 29.125, 0, 0, 0, 1, 0, 0, 3, 9, 6, 1, 0, 0, 0, 0, 0, 0, 0, 0, 0, 1, 1, 0, 0, 0
18:40:07, 1296.20, 30.77, 33.12, 29.125, 0, 0, 0, 1, 0, 0, 3, 9, 6, 1, 0, 0, 0, 0, 0, 0, 0, 0, 0, 1, 1, 0, 0, 0
18:40:07, 1287.50, 30.78, 33.08, 29.125, 0, 0, 0, 1, 0, 0, 4, 10, 6, 1, 0, 0, 0, 0, 0, 0, 0, 0, 0, 2, 1, 0, 0, 0
18:40:08, 1279.00, 30.78, 33.08, 29.133, 0, 0, 1, 1, 1, 1, 5, 13, 8, 1, 0, 0, 0, 0, 0, 0, 0, 0, 0, 3, 1, 0, 0, 0
18:40:09, 1274.50, 30.78, 33.10, 29.141, 0, 0, 1, 1, 0, 1, 5, 14, 9, 1, 0, 0, 0, 0, 0, 0, 0, 0, 0, 3, 2, 0, 0, 0
18:40:09, 1270.90, 30.78, 33.10, 29.141, 0, 0, 1, 1, 0, 1, 6, 15, 9, 1, 0, 0, 0, 0, 0, 0, 0, 0, 0, 3, 2, 0, 0, 0
18:40:10, 1266.60, 30.78, 33.14, 29.133, 0, 0, 1, 1, 0, 1, 6, 15, 9, 1, 0, 0, 0, 0, 0, 0, 0, 0, 0, 3, 2, 0, 0, 0
18:40:11, 1258.80, 30.78, 33.10, 29.133, 0, 0, 1, 1, 0, 1, 7, 17, 10, 1, 0, 0, 0, 0, 0, 0, 0, 0, 1, 4, 3, 0, 0, 0
18:40:11, 1249.20, 30.78, 33.14, 29.141, 0, 0, 1, 1, 1, 2, 8, 20, 12, 1, 0, 0, 0, 0, 0, 0, 0, 0, 1, 5, 4, 0, 0, 0
18:40:12, 1245.20, 30.78, 33.10, 29.141, 0, 0, 1, 1, 1, 2, 10, 23, 15, 1, 0, 0, 0, 0, 0, 0, 0, 0, 2, 6, 4, 0, 0, 0
18:40:13, 1238.00, 30.78, 33.10, 29.141, 0, 0, 1, 1, 1, 2, 10, 24, 16, 2, 0, 0, 0, 0, 0, 0, 0, 0, 2, 7, 5, 0, 0, 0
18:40:13, 1231.00, 30.79, 33.08, 29.133, 0, 0, 1, 1, 1, 3, 12, 28, 20, 2, 0, 0, 0, 0, 0, 0, 0, 0, 3, 9, 6, 0, 0, 0
18:40:14, 1222.40, 30.79, 33.10, 29.133, 0, 0, 1, 1, 2, 4, 14, 32, 23, 2, 0, 0, 0, 0, 0, 0, 0, 0, 3, 11, 8, 0, 0, 0
18:40:15, 1215.70, 30.80, 33.10, 29.133, 0, 1, 1, 1, 2, 5, 17, 37, 27, 3, 0, 0, 0, 0, 0, 0, 0, 1, 4, 13, 9, 0, 0, 0
18:40:15, 1208.30, 30.80, 33.10, 29.133, 1, 1, 2, 2, 3, 7, 21, 46, 33, 3, 0, 0, 0, 0, 0, 0, 0, 1, 5, 15, 11, 0, 0, 0
18:40:16, 1206.30, 30.80, 33.10, 29.141, 1, 1, 2, 2, 3, 8, 24, 51, 35, 3, 0, 0, 0, 0, 0, 0, 0, 1, 5, 16, 12, 1, 0, 0
18:40:17, 1200.70, 30.80, 33.10, 29.141, 1, 1, 2, 2, 4, 9, 27, 57, 37, 3, 0, 0, 0, 0, 0, 0, 1, 1, 6, 18, 13, 1, 0, 0
18:40:17, 1187.30, 30.80, 33.12, 29.133, 1, 2, 2, 3, 5, 12, 34, 70, 44, 4, 0, 0, 0, 0, 0, 0, 1, 2, 9, 24, 17, 1, 0, 0
18:40:18, 1180.20, 30.81, 33.10, 29.125, 2, 3, 3, 4, 9, 19, 51, 101, 64, 6, 0, 0, 0, 0, 0, 0, 1, 3, 11, 29, 21, 1, 0, 0
18:40:19, 1177.00, 30.80, 33.08, 29.125, 3, 3, 4, 5, 11, 22, 58, 113, 71, 6, 0, 0, 0, 0, 0, 0, 1, 3, 12, 30, 22, 2, 0, 0
18:40:19, 1171.90, 30.80, 33.08, 29.125, 3, 4, 4, 5, 13, 27, 69, 133, 85, 7, 0, 0, 1, 0, 0, 0, 2, 4, 14, 33, 25, 2, 0, 0
18:40:20, 1163.50, 30.80, 33.08, 29.125, 4, 4, 5, 6, 17, 34, 85, 160, 103, 9, 0, 0, 1, 0, 0, 1, 2, 5, 17, 41, 31, 2, 0, 0
18:40:21, 1155.20, 30.81, 33.08, 29.125, 6, 6, 7, 8, 23, 46, 109, 201, 126, 11, 0, 0, 1, 1, 1, 1, 3, 6, 22, 50, 38, 3, 0, 0
18:40:21, 1148.00, 30.81, 33.10, 29.125, 8, 8, 9, 12, 32, 63, 143, 257, 166, 14, 0, 0, 1, 1, 1, 1, 4, 8, 27, 59, 46, 4, 0, 0
18:40:22, 1142.20, 30.82, 33.12, 29.133, 10, 10, 11, 16, 43, 82, 179, 318, 210, 18, 0, 0, 2, 1, 1, 2, 5, 10, 32, 68, 53, 5, 0, 0
18:40:23, 1135.20, 30.82, 33.06, 29.133, 12, 13, 14, 18, 52, 97, 207, 369, 242, 21, 0, 0, 2, 2, 2, 2, 6, 13, 38, 80, 63, 6, 0, 0
18:40:23, 1126.20, 30.83, 33.10, 29.125, 16, 16, 18, 25, 71, 128, 261, 457, 315, 26, 0, 0, 3, 2, 2, 3, 8, 17, 48, 99, 79, 7, 0, 0
18:40:24, 1117.80, 30.83, 33.12, 29.141, 21, 21, 23, 34, 92, 163, 317, 539, 395, 33, 0, 0, 4, 3, 3, 4, 11, 22, 60, 119, 96, 9, 0, 0
18:40:25, 1111.20, 30.83, 33.06, 29.141, 26, 25, 28, 46, 118, 205, 384, 629, 500, 42, 0, 0, 4, 4, 4, 5, 14, 28, 72, 139, 114, 11, 0, 0
18:40:25, 1106.60, 30.83, 33.10, 29.133, 29, 30, 33, 57, 135, 231, 419, 670, 558, 50, 0, 0, 5, 5, 5, 6, 17, 33, 82, 158, 130, 12, 0, 0
18:40:26, 1102.60, 30.83, 33.08, 29.133, 32, 33, 38, 67, 159, 265, 477, 746, 673, 62, 0, 0, 6, 5, 5, 7, 19, 37, 92, 174, 144, 14, 0, 0
18:40:27, 1093.60, 30.84, 33.08, 29.133, 33, 34, 39, 75, 182, 296, 519, 752, 782, 73, 0, 0, 7, 7, 7, 9, 26, 50, 118, 216, 184, 18, 0, 0
18:40:27, 1082.40, 30.84, 33.08, 29.133, 42, 43, 54, 108, 258, 398, 669, 924, 1082, 107, 0, 0, 10, 9, 10, 14, 39, 72, 160, 281, 252, 25, 0, 0
18:40:28, 1076.00, 30.85, 33.08, 29.133, 58, 62, 85, 174, 390, 568, 910, 1212, 1580, 166, 0, 0, 13, 12, 13, 19, 52, 93, 200, 340, 317, 32, 0, 0
18:40:29, 1071.70, 30.85, 33.08, 29.141, 71, 78, 114, 235, 484, 687, 1069, 1397, 2078, 234, 0, 0, 15, 15, 16, 24, 64, 113, 236, 393, 389, 39, 0, 0
18:40:29, 1068.00, 30.84, 33.10, 29.133, 79, 89, 134, 274, 548, 762, 1179, 1530, 2685, 328, 0, 0, 18, 17, 18, 29, 78, 134, 275, 451, 483, 49, 0, 0
18:40:30, 1059.10, 30.84, 33.12, 29.133, 101, 117, 190, 381, 767, 1030, 1509, 1952, 4066, 534, 0, 0, 25, 24, 28, 46, 121, 200, 388, 613, 733, 79, 0, 0
18:40:31, 1050.10, 30.84, 33.08, 29.133, 164, 203, 352, 689, 1358, 1782, 2453, 3180, 7555, 1019, 0, 0, 35, 33, 40, 70, 177, 279, 516, 791, 1060, 121, 0, 0
18:40:31, 1044.00, 30.84, 33.10, 29.133, 435, 641, 1094, 2028, 6245, 7002, 12053, 15966, 30263, 5000, 0, 0, 48, 47, 59, 105, 253, 384, 679, 1018, 1492, 188, 0, 0
18:40:32, 1040.20, 30.84, 33.14, 29.133, 1190, 1992, 2912, 5395, 8808, 10787, 16106, 22083, 35797, 7995, 0, 1, 65, 65, 86, 155, 356, 531, 901, 1326, 2123, 283, 0, 0
18:40:33, 1036.00, 30.84, 33.10, 29.133, 1388, 2036, 3907, 5633, 10590, 11134, 17013, 20734, 35854, 8745, 0, 1, 83, 85, 117, 211, 471, 691, 1145, 1643, 2806, 386, 0, 0
18:40:33, 1029.30, 30.85, 33.10, 29.141, 1857, 2867, 4970, 7465, 14764, 15777, 17566, 26774, 35861, 10318, 0, 1, 111, 117, 170, 306, 646, 912, 1471, 2049, 3708, 539, 0, 0
18:40:34, 1021.50, 30.86, 33.12, 29.141, 3192, 5882, 9028, 12331, 18730, 20778, 20749, 27170, 34695, 10650, 0, 1, 144, 160, 247, 438, 839, 1147, 1777, 2407, 4574, 724, 0, 0
18:40:35, 1019.50, 30.86, 33.12, 29.133, 6468, 10160, 14872, 16664, 25620, 29677, 25586, 35879, 26462, 5474, 0, 1, 163, 188, 305, 530, 906, 1224, 1838, 2410, 5012, 784, 0, 0
18:40:35, 1019.20, 30.86, 33.10, 29.133, 5754, 9847, 12964, 16802, 22838, 25301, 28525, 35596, 16113, 3712, 0, 1, 154, 182, 295, 510, 842, 1118, 1693, 2275, 4495, 724, 0, 0
18:40:36, 1019.10, 30.86, 33.12, 29.133, 4766, 9781, 13432, 19172, 21766, 29699, 22001, 35353, 14691, 3425, 0, 1, 138, 158, 251, 434, 770, 1046, 1596, 2159, 3984, 629, 0, 0
18:40:36, 1019.50, 30.87, 33.08, 29.141, 4243, 9703, 12168, 18408, 20924, 30358, 24690, 35753, 14208, 3294, 0, 1, 133, 149, 232, 410, 731, 1013, 1557, 2127, 3656, 566, 0, 0
18:40:37, 1009.90, 30.85, 33.10, 29.148, 6801, 10821, 17393, 22911, 33748, 34779, 36000, 36000, 23299, 6962, 1, 1, 1472, 2419, 3432, 4354, 5144, 5630, 7035, 7803, 20400, 6463, 0, 0
18:40:38, 1009.90, 30.75, 33.10, 29.148, 7360, 13470, 13953, 27364, 20390, 23274, 32576, 35296, 16096, 5347, 0, 1, 27980, 36000, 36000, 36000, 36000, 36000, 36000, 36000, 36000, 36000, 1, 1
18:40:38, 1009.70, 30.73, 33.12, 29.148, 8197, 9981, 14882, 15704, 16853, 21835, 19549, 30158, 22752, 8021, 0, 0, 15541, 22819, 31257, 34324, 27440, 29113, 34817, 35994, 36000, 36000, 1, 1
18:40:39, 1009.40, 30.69, 33.08, 29.133, 1380, 1754, 2351, 2925, 2730, 3184, 3634, 3967, 12748, 6203, 0, 0, 23171, 36000, 36000, 36000, 36000, 36000, 36000, 36000, 36000, 36000, 1, 1
18:40:40, 1009.50, 30.72, 33.14, 29.133, 891, 1116, 1468, 1977, 1821, 2312, 2651, 2779, 9571, 4502, 0, 0, 19706, 33181, 36000, 36000, 36000, 36000, 36000, 36000, 36000, 36000, 1, 1
18:40:40, 1010.00, 30.76, 33.16, 29.195, 616, 757, 1062, 1255, 2309, 3029, 2917, 3802, 10943, 5785, 0, 0, 2102, 3337, 4480, 5529, 7245, 7857, 10061, 11307, 26655, 11306, 0, 0
18:40:41, 1009.60, 30.77, 33.14, 29.195, 1077, 1123, 1818, 1875, 1746, 1971, 2347, 2809, 10832, 5394, 0, 0, 1906, 3017, 4019, 5070, 6043, 6483, 8777, 9597, 20062, 8889, 0, 0
18:40:42, 1010.40, 30.82, 33.18, 29.164, 4737, 3812, 6703, 6787, 10903, 13973, 11125, 20645, 17669, 8993, 0, 0, 2089, 3370, 4415, 5648, 6871, 7407, 9872, 10897, 26407, 11981, 0, 0
18:40:42, 1009.80, 30.84, 33.18, 29.078, 3549, 2528, 4461, 4916, 5504, 9322, 6701, 10314, 17663, 8882, 0, 0, 1993, 3279, 4224, 5533, 6616, 7104, 9398, 10351, 25057, 11299, 0, 0
18:40:43, 1008.90, 30.81, 33.16, 29.078, 5758, 6202, 9368, 10829, 6316, 11359, 10522, 12497, 26645, 11040, 0, 0, 3360, 5468, 7221, 9789, 10880, 12035, 14964, 16112, 34317, 15317, 0, 1
18:40:44, 1008.50, 30.85, 33.18, 29.008, 1677, 1993, 2522, 4516, 3772, 5955, 6987, 6694, 24410, 10236, 0, 0, 4432, 7457, 9766, 13222, 15683, 17104, 20681, 23586, 36000, 26017, 1, 1
18:40:44, 1008.40, 30.90, 33.18, 28.969, 1846, 2187, 2663, 5059, 3935, 5779, 7238, 6701, 27312, 10895, 0, 0, 6085, 10946, 13865, 18667, 18471, 19999, 24188, 28540, 36000, 32818, 1, 1
18:40:45, 1009.30, 30.92, 33.19, 28.969, 1938, 2264, 2800, 5295, 4067, 6255, 7803, 7404, 27688, 11298, 0, 0, 5421, 9390, 12233, 16316, 21709, 22868, 28201, 33244, 36000, 36000, 1, 1
18:40:46, 1009.40, 30.94, 33.19, 28.922, 1191, 1780, 2162, 3847, 8210, 12091, 16871, 14403, 36000, 21885, 1, 1, 4958, 8169, 10937, 14395, 15700, 16514, 20726, 22983, 36000, 26714, 1, 1
18:40:46, 1009.10, 30.99, 33.21, 28.898, 5044, 6900, 8928, 13466, 17592, 21094, 26502, 30524, 36000, 24893, 1, 1, 1895, 3106, 4039, 5299, 5749, 6277, 8093, 8869, 20056, 8524, 0, 0
18:40:47, 1008.90, 31.02, 33.16, 28.898, 6942, 12837, 16658, 18972, 23844, 25005, 28995, 36000, 36000, 28636, 1, 1, 2095, 3437, 4493, 5889, 7006, 7654, 9712, 10625, 23493, 9296, 0, 0
