Secchi Depth (cm) = 9999
Forel Ule Scale = 99
pH Colour Scale = 99
SensingSecchi S/N = A017
Latitude (degs N) = 34.39698
Longitude (degs E) = -78.26707
Date = 2026-08-11
Time (UTC), Pressure (mbar) MS5803, Temp (deg C) MS5803, Temp (deg C) 10KTHERM, Temp (deg C) TMP117, ED 415nm, ED 445nm, ED 480nm, ED 515nm, ED 555nm, ED 590nm, ED 630nm, ED 680nm, ED Clear, ED NIR, ED D-SAT, ED A-SAT, EU 415nm, EU 445nm, EU 480nm, EU 515nm, EU 555nm, EU 590nm, EU 630nm, EU 680nm, EU Clear, EU NIR, EU D-SAT, EU A-SAT
17:02:00, 1013.00, 31.88, 32.66, 36.086, 515, 733, 938, 1043, 1095, 1066, 1168, 1202, 7006, 3293, 0, 0, 6747, 9454, 12958, 15877, 18987, 21779, 31439, 36000, 36000, 28226, 1, 1
17:02:00, 1012.60, 31.89, 32.70, 36.086, 533, 762, 978, 1089, 1249, 1208, 1341, 1363, 6810, 3487, 0, 0, 4136, 6157, 8129, 10444, 13424, 15004, 20524, 23320, 36000, 36000, 1, 1
17:02:01, 1013.20, 31.90, 32.68, 36.164, 1039, 1545, 2019, 2269, 2565, 2470, 2851, 2783, 9074, 3880, 0, 0, 5611, 9547, 12805, 16586, 20439, 21609, 26474, 30381, 36000, 32927, 1, 1
17:02:02, 1013.20, 31.90, 32.68, 36.055, 6200, 9305, 13134, 14463, 24164, 26359, 30097, 34177, 28657, 9661, 0, 1, 3480, 5061, 7245, 8512, 8579, 9590, 10315, 11902, 17757, 3711, 0, 0
17:02:02, 1013.10, 31.91, 32.64, 36.055, 1635, 2627, 3423, 3705, 3599, 3504, 3673, 3727, 14146, 2428, 0, 0, 1249, 1595, 2445, 2914, 3494, 3748, 4143, 4243, 12217, 2296, 0, 0
17:02:03, 1013.20, 31.91, 32.64, 35.891, 1535, 2455, 3218, 3465, 3718, 3636, 3849, 4023, 14857, 2677, 0, 0, 893, 1414, 2053, 2643, 3065, 3188, 3684, 3635, 10629, 1580, 0, 0
17:02:04, 1014.40, 31.91, 32.68, 35.742, 1555, 2510, 3290, 3492, 14715, 14844, 15309, 15945, 23688, 14839, 0, 0, 148, 205, 386, 665, 980, 1159, 1441, 1363, 3217, 309, 0, 0
17:02:04, 1017.60, 31.90, 32.68, 35.742, 8931, 15246, 24105, 23494, 30325, 31412, 34198, 34279, 34897, 27211, 0, 1, 106, 142, 280, 515, 922, 1091, 1376, 1286, 2922, 319, 0, 0
17:02:05, 1019.90, 31.89, 32.66, 33.938, 1269, 2130, 2943, 3137, 3542, 3335, 3736, 3800, 13038, 2105, 0, 0, 116, 153, 309, 594, 1162, 1400, 1775, 1685, 2839, 269, 0, 0
17:02:06, 1022.30, 31.87, 32.66, 32.648, 10568, 17515, 25820, 24810, 27943, 33547, 34168, 35313, 36000, 27086, 1, 1, 94, 118, 244, 488, 872, 1055, 1360, 1258, 1912, 168, 0, 0
17:02:06, 1019.60, 31.86, 32.62, 32.648, 833, 1546, 2287, 2543, 2743, 2569, 2850, 2888, 8435, 1179, 0, 0, 74, 93, 190, 380, 707, 856, 1113, 1008, 1546, 131, 0, 0
17:02:07, 1021.10, 31.84, 32.66, 31.766, 1107, 1862, 2584, 2734, 2984, 2757, 3040, 3073, 9587, 1644, 0, 0, 68, 87, 175, 346, 652, 786, 1025, 922, 1363, 115, 0, 0
17:02:08, 1022.60, 31.83, 32.64, 31.273, 842, 1578, 2247, 2540, 2736, 2594, 2872, 2876, 8179, 1132, 0, 0, 66, 79, 164, 331, 658, 802, 1040, 948, 1340, 112, 0, 0
17:02:08, 1021.10, 31.81, 32.66, 31.273, 966, 1788, 2429, 2844, 3103, 2933, 3271, 3209, 10161, 1502, 0, 0, 79, 98, 202, 394, 818, 990, 1259, 1179, 1590, 136, 0, 0
17:02:09, 1027.00, 31.80, 32.68, 30.867, 934, 1785, 2478, 2816, 3043, 2866, 3205, 3192, 9244, 1292, 0, 0, 83, 99, 207, 410, 794, 971, 1235, 1163, 1530, 130, 0, 0
17:02:10, 1026.50, 31.79, 32.62, 30.656, 627, 1295, 1940, 2421, 2771, 2666, 3000, 2973, 8250, 1013, 0, 0, 74, 87, 183, 370, 737, 901, 1145, 1073, 1431, 120, 0, 0
17:02:10, 1025.20, 31.78, 32.60, 30.656, 731, 1459, 2110, 2554, 2907, 2777, 3086, 3058, 8587, 1112, 0, 0, 81, 97, 204, 407, 780, 948, 1201, 1128, 1488, 125, 0, 0
17:02:11, 1026.10, 31.77, 32.62, 30.477, 769, 1529, 2164, 2632, 2907, 2785, 3076, 3057, 8900, 1138, 0, 0, 74, 89, 187, 373, 716, 870, 1107, 1031, 1356, 114, 0, 0
17:02:12, 1023.90, 31.75, 32.60, 30.398, 724, 1410, 2024, 2511, 2779, 2689, 2938, 2893, 8330, 1092, 0, 0, 70, 84, 177, 350, 698, 845, 1074, 996, 1324, 112, 0, 0
17:02:12, 1023.00, 31.75, 32.60, 30.398, 847, 1595, 2202, 2674, 2897, 2794, 3037, 2980, 9001, 1257, 0, 0, 73, 89, 185, 361, 720, 870, 1104, 1027, 1349, 115, 0, 0
17:02:13, 1023.50, 31.74, 32.64, 30.414, 820, 1570, 2167, 2645, 2805, 2716, 2959, 2903, 8549, 1148, 0, 0, 72, 86, 181, 357, 709, 860, 1092, 1018, 1333, 114, 0, 0
17:02:14, 1022.00, 31.73, 32.62, 30.414, 891, 1667, 2260, 2763, 2956, 2852, 3094, 3025, 9378, 1339, 0, 0, 75, 91, 190, 369, 730, 886, 1119, 1044, 1389, 119, 0, 0
17:02:14, 1021.90, 31.72, 32.62, 30.414, 879, 1649, 2254, 2727, 2970, 2890, 3137, 3054, 9604, 1322, 0, 0, 73, 89, 185, 360, 735, 890, 1127, 1050, 1397, 119, 0, 0
17:02:15, 1021.60, 31.72, 32.60, 30.422, 932, 1716, 2350, 2780, 3042, 2949, 3202, 3112, 9754, 1402, 0, 0, 77, 95, 196, 382, 753, 907, 1151, 1069, 1424, 121, 0, 0
17:02:16, 1025.20, 31.71, 32.62, 30.469, 891, 1660, 2294, 2638, 2911, 2780, 3057, 3011, 9066, 1266, 0, 0, 68, 83, 174, 344, 683, 827, 1060, 975, 1321, 112, 0, 0
17:02:16, 1024.70, 31.70, 32.62, 30.469, 686, 1353, 1974, 2381, 2639, 2552, 2815, 2767, 7707, 1003, 0, 0, 65, 77, 161, 324, 645, 784, 1008, 922, 1277, 108, 0, 0
17:02:17, 1022.80, 31.70, 32.60, 30.492, 797, 1499, 2126, 2524, 2789, 2691, 2958, 2889, 8351, 1169, 0, 0, 70, 85, 177, 349, 697, 841, 1079, 991, 1363, 116, 0, 0
17:02:18, 1026.00, 31.69, 32.60, 30.508, 817, 1548, 2192, 2568, 2745, 2633, 2905, 2871, 7966, 1103, 0, 0, 68, 82, 171, 344, 668, 814, 1047, 960, 1317, 111, 0, 0
17:02:18, 1024.10, 31.68, 32.64, 30.508, 658, 1291, 1924, 2333, 2615, 2514, 2785, 2768, 7447, 978, 0, 0, 65, 78, 163, 328, 651, 791, 1015, 929, 1309, 111, 0, 0
17:02:19, 1021.80, 31.67, 32.60, 30.508, 810, 1545, 2188, 2529, 2822, 2670, 2960, 2962, 8319, 1195, 0, 0, 72, 88, 184, 363, 711, 857, 1099, 1009, 1403, 119, 0, 0
17:02:20, 1023.00, 31.66, 32.62, 30.453, 920, 1723, 2380, 2708, 2940, 2800, 3101, 3091, 9053, 1345, 0, 0, 70, 86, 179, 352, 686, 829, 1066, 976, 1372, 116, 0, 0
17:02:20, 1022.80, 31.65, 32.64, 30.453, 790, 1513, 2159, 2502, 2754, 2629, 2905, 2895, 8185, 1169, 0, 0, 67, 81, 168, 335, 647, 782, 1007, 913, 1318, 111, 0, 0
17:02:21, 1023.20, 31.65, 32.60, 30.430, 847, 1570, 2217, 2500, 2725, 2581, 2838, 2844, 8014, 1217, 0, 0, 66, 81, 169, 336, 646, 779, 1004, 909, 1334, 112, 0, 0
17:02:22, 1022.60, 31.64, 32.56, 30.453, 811, 1516, 2183, 2481, 2809, 2631, 2923, 2968, 8343, 1217, 0, 0, 68, 83, 173, 343, 671, 811, 1045, 951, 1389, 117, 0, 0
17:02:22, 1020.80, 31.63, 32.62, 30.453, 924, 1726, 2449, 2801, 3084, 2900, 3220, 3289, 9789, 1476, 0, 0, 72, 90, 186, 368, 701, 842, 1087, 986, 1453, 123, 0, 0
17:02:23, 1022.30, 31.62, 32.62, 30.453, 967, 1760, 2453, 2663, 2907, 2663, 2948, 3021, 8969, 1434, 0, 0, 70, 88, 180, 355, 663, 796, 1028, 928, 1417, 119, 0, 0
17:02:24, 1024.60, 31.62, 32.60, 30.477, 788, 1500, 2185, 2449, 2720, 2549, 2833, 2878, 8219, 1147, 0, 0, 63, 77, 159, 320, 624, 760, 983, 887, 1368, 114, 0, 0
17:02:24, 1024.20, 31.61, 32.62, 30.477, 715, 1405, 2088, 2320, 2695, 2471, 2765, 2817, 8318, 1106, 0, 0, 63, 77, 159, 319, 626, 761, 984, 886, 1405, 117, 0, 0
17:02:25, 1023.70, 31.62, 32.62, 30.516, 717, 1397, 2088, 2331, 2684, 2485, 2764, 2814, 8246, 1100, 0, 0, 62, 76, 158, 317, 617, 748, 968, 869, 1410, 118, 0, 0
17:02:26, 1024.60, 31.61, 32.60, 30.562, 818, 1541, 2279, 2515, 4374, 4048, 4513, 5193, 16554, 2634, 0, 0, 70, 86, 178, 356, 692, 838, 1086, 984, 1545, 130, 0, 0
17:02:26, 1026.00, 31.60, 32.64, 30.562, 2676, 6621, 7736, 10562, 7798, 6898, 7904, 10467, 27403, 4780, 0, 0, 66, 80, 166, 339, 664, 809, 1051, 953, 1517, 127, 0, 0
17:02:27, 1021.60, 31.60, 32.58, 30.594, 761, 1452, 2182, 2450, 2896, 2715, 3012, 3026, 9669, 1296, 0, 0, 70, 87, 178, 356, 723, 874, 1128, 1021, 1675, 141, 0, 0
17:02:28, 1022.10, 31.59, 32.62, 30.602, 1123, 1986, 2823, 3105, 3379, 3232, 3468, 3485, 11728, 1705, 0, 0, 82, 103, 211, 416, 789, 955, 1229, 1125, 1869, 160, 0, 0
17:02:28, 1025.20, 31.59, 32.58, 30.602, 916, 1727, 2532, 2950, 3053, 2976, 3231, 3199, 10350, 1298, 0, 0, 73, 88, 180, 369, 676, 830, 1073, 975, 1612, 136, 0, 0
17:02:29, 1022.20, 31.58, 32.58, 30.602, 757, 1422, 2162, 2564, 2829, 2769, 3023, 2952, 9514, 1185, 0, 0, 66, 80, 164, 334, 639, 785, 1009, 910, 1526, 127, 0, 0
17:02:30, 1021.70, 31.58, 32.58, 30.633, 1036, 1828, 2603, 2958, 3148, 3062, 3329, 3244, 11049, 1575, 0, 0, 70, 88, 179, 357, 652, 791, 1025, 920, 1474, 123, 0, 0
17:02:30, 1020.00, 31.57, 32.60, 30.633, 916, 1687, 2425, 2840, 2987, 2916, 3205, 3110, 10348, 1357, 0, 0, 64, 79, 162, 327, 642, 782, 1013, 908, 1414, 118, 0, 0
17:02:31, 1018.20, 31.57, 32.60, 30.633, 1216, 2121, 2846, 3229, 3312, 3240, 3531, 3376, 12385, 2082, 0, 0, 73, 94, 188, 368, 700, 843, 1086, 978, 1527, 128, 0, 0
17:02:32, 1019.70, 31.56, 32.66, 30.625, 1222, 2176, 2914, 3344, 3108, 3040, 3326, 3186, 11052, 1634, 0, 0, 74, 94, 190, 377, 691, 838, 1084, 980, 1517, 126, 0, 0
17:02:32, 1016.40, 31.56, 32.62, 30.625, 1224, 2106, 2836, 3249, 3371, 3314, 3633, 3450, 12854, 2197, 0, 0, 77, 100, 199, 388, 713, 860, 1105, 998, 1587, 134, 0, 0
17:02:33, 1018.10, 31.55, 32.60, 30.617, 1366, 2253, 3000, 3281, 3305, 3158, 3521, 3358, 12444, 2423, 0, 0, 65, 84, 168, 327, 589, 716, 918, 819, 1293, 108, 0, 0
17:02:34, 1020.20, 31.55, 32.58, 30.617, 1122, 1986, 2695, 2968, 2869, 2697, 3001, 2903, 9744, 1504, 0, 0, 58, 72, 146, 292, 564, 693, 893, 796, 1258, 104, 0, 0
17:02:34, 1016.20, 31.55, 32.62, 30.617, 1127, 1962, 2642, 2888, 3364, 3180, 3608, 3470, 12986, 2386, 0, 0, 67, 87, 172, 336, 670, 809, 1041, 933, 1483, 124, 0, 0
17:02:35, 1017.90, 31.54, 32.60, 30.625, 1457, 2438, 3202, 3581, 3757, 3691, 4231, 3990, 15391, 3108, 0, 0, 85, 111, 222, 422, 758, 906, 1150, 1059, 1835, 169, 0, 0
17:02:36, 1021.20, 31.54, 32.60, 30.633, 5644, 12273, 13866, 24839, 29302, 32505, 36000, 35923, 36000, 35887, 1, 1, 82, 108, 217, 415, 720, 872, 1113, 1024, 1711, 149, 0, 0
17:02:36, 1021.40, 31.53, 32.62, 30.633, 3197, 6675, 8657, 16829, 6638, 7618, 10133, 10190, 33914, 7176, 0, 1, 69, 89, 179, 355, 644, 787, 1011, 912, 1484, 122, 0, 0
17:02:37, 1022.40, 31.53, 32.62, 30.594, 1055, 2127, 2754, 3790, 3055, 3037, 3404, 3340, 10930, 1511, 0, 0, 60, 75, 152, 309, 572, 702, 905, 807, 1301, 107, 0, 0
17:02:38, 1023.20, 31.53, 32.62, 30.547, 846, 1527, 2230, 2578, 2775, 2712, 2988, 2876, 9065, 1206, 0, 0, 59, 72, 148, 300, 576, 709, 911, 818, 1294, 107, 0, 0
17:02:38, 1021.00, 31.52, 32.62, 30.547, 834, 1491, 2180, 2525, 2670, 2633, 2881, 2774, 8555, 1217, 0, 0, 57, 71, 146, 291, 556, 679, 869, 777, 1251, 104, 0, 0
17:02:39, 1021.50, 31.52, 32.60, 30.516, 917, 1596, 2276, 2536, 2699, 2623, 2893, 2797, 8909, 1369, 0, 0, 57, 72, 147, 289, 556, 678, 869, 775, 1252, 104, 0, 0
17:02:40, 1023.00, 31.52, 32.60, 30.492, 813, 1474, 2146, 2441, 2592, 2534, 2790, 2718, 8344, 1164, 0, 0, 55, 68, 140, 282, 549, 673, 866, 773, 1222, 101, 0, 0
17:02:41, 1019.70, 31.52, 32.62, 30.492, 868, 1557, 2230, 2527, 2757, 2680, 2939, 2864, 9438, 1448, 0, 0, 58, 74, 149, 293, 568, 690, 884, 788, 1286, 108, 0, 0
17:02:41, 1021.80, 31.51, 32.58, 30.461, 957, 1678, 2364, 2640, 2798, 2728, 2990, 2912, 9511, 1490, 0, 0, 61, 77, 157, 311, 594, 725, 930, 833, 1349, 112, 0, 0
17:02:42, 1022.70, 31.51, 32.60, 30.422, 834, 1541, 2236, 2544, 2805, 2661, 2942, 2915, 9308, 1302, 0, 0, 59, 73, 149, 301, 589, 722, 926, 833, 1358, 113, 0, 0
17:02:43, 1021.30, 31.51, 32.60, 30.422, 866, 1592, 2275, 2543, 2832, 2677, 2948, 2906, 9443, 1400, 0, 0, 60, 76, 154, 304, 574, 700, 894, 801, 1349, 112, 0, 0
17:02:43, 1023.70, 31.50, 32.60, 30.398, 835, 1550, 2229, 2524, 2769, 2617, 2895, 2864, 9372, 1273, 0, 0, 58, 71, 146, 296, 576, 710, 910, 819, 1348, 112, 0, 0
17:02:44, 1021.00, 31.50, 32.58, 30.383, 807, 1508, 2174, 2473, 2793, 2630, 2903, 2876, 9400, 1338, 0, 0, 60, 75, 153, 303, 587, 715, 914, 820, 1363, 113, 0, 0
17:02:45, 1026.50, 31.50, 32.62, 30.383, 886, 1603, 2279, 2534, 2642, 2530, 2790, 2737, 8485, 1194, 0, 0, 56, 68, 140, 284, 528, 656, 843, 758, 1248, 103, 0, 0
17:02:45, 1031.90, 31.49, 32.62, 30.352, 549, 1095, 1724, 2082, 2278, 2227, 2487, 2428, 6810, 793, 0, 0, 50, 57, 120, 254, 503, 635, 820, 741, 1184, 97, 0, 0
17:02:46, 1039.20, 31.49, 32.62, 30.289, 422, 866, 1448, 1838, 2077, 2072, 2304, 2263, 5851, 604, 0, 0, 46, 50, 105, 230, 477, 613, 801, 726, 1116, 91, 0, 0
17:02:47, 1046.60, 31.48, 32.60, 30.289, 251, 522, 974, 1393, 1673, 1737, 1943, 1904, 4365, 381, 0, 0, 41, 41, 84, 193, 424, 559, 738, 672, 1006, 83, 0, 0
17:02:47, 1052.40, 31.48, 32.60, 30.211, 187, 378, 747, 1139, 1436, 1526, 1712, 1680, 3505, 286, 0, 0, 37, 36, 72, 169, 379, 508, 675, 615, 902, 74, 0, 0
17:02:48, 1056.80, 31.47, 32.62, 30.156, 147, 285, 594, 952, 1232, 1335, 1505, 1480, 2813, 212, 0, 0, 32, 30, 59, 142, 334, 455, 610, 556, 788, 65, 0, 0
17:02:49, 1058.90, 31.46, 32.66, 30.156, 120, 221, 476, 796, 1077, 1177, 1330, 1300, 2309, 170, 0, 0, 28, 26, 50, 121, 293, 401, 541, 493, 693, 57, 0, 0
17:02:49, 1065.20, 31.45, 32.58, 30.031, 107, 194, 422, 719, 959, 1057, 1197, 1167, 1990, 143, 0, 0, 26, 24, 44, 109, 273, 381, 519, 475, 643, 53, 0, 0
17:02:50, 1070.80, 31.44, 32.64, 29.914, 83, 133, 304, 562, 829, 933, 1070, 1037, 1656, 115, 0, 0, 25, 22, 40, 97, 259, 366, 503, 462, 615, 51, 0, 0
17:02:51, 1078.30, 31.43, 32.60, 29.914, 82, 126, 292, 558, 845, 961, 1108, 1078, 1690, 116, 0, 0, 26, 22, 40, 98, 262, 376, 520, 482, 618, 51, 0, 0
17:02:51, 1085.20, 31.42, 32.62, 29.828, 70, 93, 219, 456, 752, 888, 1042, 1037, 1532, 104, 0, 0, 24, 20, 34, 84, 237, 347, 485, 453, 571, 47, 0, 0
17:02:52, 1086.90, 31.40, 32.64, 29.781, 67, 86, 202, 428, 728, 867, 1016, 1017, 1538, 104, 0, 0, 23, 19, 32, 80, 228, 335, 469, 438, 552, 46, 0, 0
17:02:53, 1093.60, 31.39, 32.62, 29.781, 65, 81, 189, 409, 694, 835, 982, 990, 1525, 103, 0, 0, 21, 17, 29, 71, 200, 299, 421, 394, 499, 41, 0, 0
17:02:53, 1100.80, 31.38, 32.60, 29.750, 56, 64, 149, 337, 597, 736, 878, 888, 1305, 89, 0, 0, 19, 15, 24, 60, 176, 269, 383, 362, 454, 38, 0, 0
17:02:54, 1104.00, 31.36, 32.60, 29.703, 49, 53, 121, 283, 531, 663, 799, 810, 1174, 81, 0, 0, 18, 14, 22, 54, 166, 256, 366, 346, 433, 36, 0, 0
17:02:55, 1109.20, 31.35, 32.62, 29.703, 47, 49, 110, 263, 500, 629, 761, 775, 1137, 79, 0, 0, 17, 14, 21, 50, 155, 243, 349, 333, 413, 34, 0, 0
17:02:55, 1115.30, 31.34, 32.62, 29.672, 44, 45, 97, 238, 473, 603, 738, 759, 1106, 77, 0, 0, 15, 12, 19, 44, 143, 228, 331, 317, 392, 33, 0, 0
17:02:56, 1121.90, 31.32, 32.64, 29.656, 41, 40, 84, 212, 440, 571, 706, 730, 1055, 74, 0, 0, 14, 12, 17, 40, 129, 209, 307, 295, 365, 31, 0, 0
17:02:57, 1125.70, 31.31, 32.64, 29.656, 38, 36, 72, 186, 407, 538, 674, 697, 1016, 72, 0, 0, 14, 11, 16, 37, 123, 201, 296, 286, 354, 30, 0, 0
17:02:57, 1129.10, 31.30, 32.60, 29.617, 36, 34, 68, 174, 385, 512, 647, 667, 1010, 72, 0, 0, 13, 11, 15, 35, 117, 193, 285, 276, 345, 29, 0, 0
17:02:58, 1137.00, 31.29, 32.62, 29.586, 34, 32, 62, 161, 359, 488, 627, 651, 1026, 73, 0, 0, 12, 10, 13, 30, 105, 177, 265, 258, 323, 27, 0, 0
17:02:59, 1142.10, 31.27, 32.62, 29.586, 31, 29, 53, 141, 340, 467, 608, 633, 1017, 73, 0, 0, 11, 9, 13, 28, 99, 168, 254, 248, 314, 26, 0, 0
17:02:59, 1148.00, 31.26, 32.62, 29.570, 31, 29, 51, 134, 336, 467, 616, 645, 1055, 77, 0, 0, 11, 9, 12, 26, 94, 161, 245, 240, 308, 26, 0, 0
17:03:00, 1153.50, 31.24, 32.64, 29.539, 29, 28, 47, 124, 313, 441, 591, 618, 1041, 76, 0, 0, 10, 8, 11, 24, 87, 150, 231, 227, 295, 25, 0, 0
17:03:01, 1157.40, 31.23, 32.58, 29.539, 28, 26, 43, 113, 297, 423, 577, 602, 1033, 75, 0, 0, 10, 8, 11, 22, 83, 144, 223, 220, 290, 24, 0, 0
17:03:01, 1161.70, 31.21, 32.60, 29.500, 26, 25, 41, 106, 285, 409, 567, 591, 1028, 75, 0, 0, 9, 7, 10, 20, 76, 135, 210, 208, 277, 23, 0, 0
17:03:02, 1165.20, 31.20, 32.62, 29.461, 25, 24, 38, 100, 275, 396, 553, 576, 1013, 74, 0, 0, 9, 7, 9, 20, 73, 129, 202, 201, 271, 22, 0, 0
17:03:03, 1174.80, 31.19, 32.62, 29.461, 24, 23, 35, 90, 252, 371, 526, 553, 954, 70, 0, 0, 8, 6, 8, 17, 64, 116, 184, 184, 244, 20, 0, 0
17:03:03, 1180.30, 31.18, 32.60, 29.437, 22, 21, 30, 77, 226, 339, 488, 516, 872, 64, 0, 0, 7, 6, 8, 15, 58, 107, 173, 173, 228, 19, 0, 0
17:03:04, 1180.80, 31.17, 32.68, 29.430, 21, 20, 28, 71, 214, 326, 471, 500, 839, 62, 0, 0, 7, 6, 7, 14, 57, 106, 171, 172, 224, 19, 0, 0
17:03:05, 1187.10, 31.15, 32.62, 29.430, 20, 19, 27, 68, 204, 311, 449, 477, 793, 59, 0, 0, 7, 5, 7, 13, 52, 98, 160, 160, 207, 17, 0, 0
17:03:05, 1191.80, 31.15, 32.62, 29.422, 19, 18, 24, 60, 186, 290, 423, 452, 725, 53, 0, 0, 6, 5, 6, 12, 48, 91, 151, 152, 192, 16, 0, 0
17:03:06, 1193.50, 31.14, 32.60, 29.414, 17, 17, 22, 55, 175, 274, 401, 429, 682, 50, 0, 0, 6, 5, 6, 11, 46, 89, 147, 148, 186, 15, 0, 0
17:03:07, 1197.40, 31.13, 32.62, 29.414, 17, 16, 21, 53, 167, 263, 385, 413, 645, 48, 0, 0, 6, 5, 6, 11, 44, 84, 140, 142, 176, 14, 0, 0
17:03:07, 1202.30, 31.12, 32.62, 29.406, 16, 15, 20, 47, 153, 246, 364, 392, 590, 44, 0, 0, 5, 4, 5, 10, 41, 79, 133, 135, 165, 14, 0, 0
17:03:08, 1204.70, 31.11, 32.68, 29.398, 15, 14, 18, 43, 143, 231, 344, 372, 554, 41, 0, 0, 5, 4, 5, 9, 39, 75, 128, 130, 158, 13, 0, 0
17:03:09, 1210.80, 31.10, 32.64, 29.398, 14, 14, 17, 41, 135, 219, 327, 355, 526, 39, 0, 0, 5, 4, 5, 9, 36, 70, 121, 123, 148, 12, 0, 0
17:03:09, 1218.30, 31.09, 32.68, 29.406, 13, 12, 15, 35, 119, 199, 301, 328, 478, 36, 0, 0, 4, 3, 4, 7, 32, 64, 111, 114, 135, 11, 0, 0
17:03:10, 1222.70, 31.08, 32.66, 29.398, 12, 11, 14, 31, 111, 187, 286, 313, 454, 34, 0, 0, 4, 3, 4, 7, 30, 61, 107, 110, 131, 11, 0, 0
17:03:11, 1228.40, 31.07, 32.62, 29.398, 12, 11, 13, 29, 104, 178, 274, 301, 439, 33, 0, 0, 4, 3, 4, 6, 28, 57, 101, 104, 124, 10, 0, 0
17:03:11, 1232.10, 31.06, 32.62, 29.398, 11, 10, 13, 26, 96, 165, 258, 285, 417, 31, 0, 0, 4, 3, 4, 6, 27, 55, 98, 102, 121, 10, 0, 0
17:03:12, 1240.60, 31.04, 32.62, 29.375, 11, 10, 12, 25, 92, 161, 254, 280, 416, 31, 0, 0, 3, 3, 3, 5, 24, 50, 90, 94, 111, 9, 0, 0
17:03:13, 1250.70, 31.03, 32.60, 29.375, 10, 9, 11, 22, 84, 150, 240, 265, 393, 30, 0, 0, 3, 2, 3, 5, 20, 43, 80, 84, 98, 8, 0, 0
17:03:13, 1257.30, 31.02, 32.66, 29.367, 9, 8, 9, 18, 72, 131, 213, 237, 350, 26, 0, 0, 2, 2, 3, 4, 18, 39, 74, 78, 91, 7, 0, 0
17:03:14, 1261.30, 31.00, 32.70, 29.359, 8, 8, 9, 17, 67, 123, 201, 224, 336, 25, 0, 0, 2, 2, 2, 4, 17, 38, 71, 75, 88, 7, 0, 0
17:03:15, 1267.20, 30.99, 32.64, 29.359, 7, 7, 8, 15, 60, 112, 185, 207, 306, 23, 0, 0, 2, 2, 2, 4, 16, 34, 66, 71, 81, 6, 0, 0
17:03:15, 1271.70, 30.97, 32.64, 29.359, 7, 7, 7, 13, 54, 102, 170, 190, 277, 21, 0, 0, 2, 2, 2, 3, 14, 32, 63, 67, 75, 6, 0, 0
17:03:16, 1277.20, 30.97, 32.64, 29.359, 6, 6, 7, 12, 50, 95, 159, 179, 257, 20, 0, 0, 2, 1, 2, 3, 13, 30, 59, 64, 71, 6, 0, 0
17:03:17, 1282.20, 30.96, 32.62, 29.359, 6, 6, 6, 11, 46, 87, 147, 167, 232, 18, 0, 0, 2, 1, 2, 3, 12, 28, 56, 60, 67, 5, 0, 0
17:03:17, 1288.60, 30.95, 32.62, 29.352, 6, 5, 6, 10, 42, 81, 138, 157, 215, 16, 0, 0, 1, 1, 2, 2, 11, 26, 53, 57, 62, 5, 0, 0
17:03:18, 1292.00, 30.94, 32.64, 29.352, 5, 5, 5, 9, 40, 77, 133, 152, 205, 16, 0, 0, 1, 1, 2, 2, 11, 25, 51, 56, 61, 5, 0, 0
17:03:19, 1298.70, 30.93, 32.60, 29.352, 5, 5, 5, 8, 37, 73, 127, 145, 199, 15, 0, 0, 1, 1, 1, 2, 10, 23, 48, 53, 57, 4, 0, 0
17:03:19, 1307.30, 30.93, 32.68, 29.352, 5, 5, 6, 8, 34, 69, 121, 139, 189, 15, 0, 0, 1, 1, 1, 2, 9, 21, 44, 49, 53, 4, 0, 0
17:03:20, 1313.30, 30.92, 32.68, 29.352, 4, 4, 4, 7, 31, 63, 113, 130, 176, 14, 0, 0, 1, 1, 1, 2, 8, 19, 42, 47, 50, 3, 0, 0
17:03:21, 1317.60, 30.91, 32.60, 29.352, 4, 4, 4, 6, 29, 59, 106, 123, 166, 13, 0, 0, 1, 1, 1, 2, 7, 18, 40, 45, 48, 3, 0, 0
17:03:21, 1323.40, 30.90, 32.64, 29.352, 4, 4, 4, 6, 27, 55, 100, 115, 155, 12, 0, 0, 1, 1, 1, 1, 7, 17, 38, 43, 44, 3, 0, 0
17:03:22, 1327.30, 30.89, 32.60, 29.352, 4, 4, 3, 5, 25, 51, 94, 109, 144, 11, 0, 0, 1, 1, 1, 1, 6, 16, 36, 42, 43, 3, 0, 0
17:03:23, 1331.50, 30.88, 32.64, 29.352, 3, 4, 3, 5, 23, 48, 89, 103, 133, 10, 0, 0, 1, 0, 1, 1, 6, 15, 35, 40, 40, 3, 0, 0
17:03:23, 1336.80, 30.88, 32.68, 29.344, 3, 3, 3, 5, 21, 46, 84, 98, 123, 10, 0, 0, 1, 0, 1, 1, 5, 14, 33, 38, 39, 3, 0, 0
17:03:24, 1343.50, 30.87, 32.64, 29.352, 3, 3, 4, 4, 19, 41, 76, 89, 108, 9, 0, 0, 0, 0, 1, 1, 5, 13, 31, 36, 36, 2, 0, 0
17:03:25, 1349.40, 30.87, 32.64, 29.352, 3, 3, 2, 4, 17, 37, 70, 83, 100, 8, 0, 0, 1, 0, 1, 1, 4, 12, 29, 34, 34, 2, 0, 0
17:03:25, 1355.10, 30.86, 32.66, 29.344, 2, 3, 2, 3, 17, 38, 73, 85, 101, 8, 0, 0, 0, 0, 1, 1, 4, 12, 29, 35, 37, 2, 0, 0
17:03:26, 1358.10, 30.85, 32.66, 29.352, 2, 3, 2, 3, 16, 36, 70, 81, 117, 9, 0, 0, 1, 0, 1, 1, 4, 12, 30, 36, 39, 2, 0, 0
17:03:27, 1364.50, 30.83, 32.66, 29.352, 2, 2, 2, 3, 14, 31, 60, 74, 101, 8, 0, 0, 1, 0, 1, 1, 4, 11, 29, 35, 36, 2, 0, 0
17:03:27, 1374.50, 30.82, 32.66, 29.336, 2, 2, 2, 2, 11, 24, 48, 59, 75, 6, 0, 0, 0, 0, 1, 1, 4, 10, 27, 33, 34, 2, 0, 0
17:03:28, 1378.70, 30.81, 32.64, 29.352, 2, 2, 1, 2, 9, 21, 44, 53, 61, 5, 0, 0, 0, 0, 1, 1, 3, 10, 26, 33, 32, 2, 0, 0
17:03:29, 1383.80, 30.79, 32.62, 29.352, 1, 2, 1, 2, 9, 21, 43, 52, 55, 5, 0, 0, 0, 0, 1, 1, 3, 9, 25, 32, 30, 2, 0, 0
17:03:29, 1390.70, 30.79, 32.66, 29.344, 1, 2, 1, 2, 8, 19, 40, 48, 47, 4, 0, 0, 0, 0, 0, 1, 3, 9, 25, 31, 29, 2, 0, 0
17:03:30, 1397.90, 30.78, 32.66, 29.336, 1, 2, 1, 1, 7, 18, 37, 45, 42, 4, 0, 0, 0, 0, 0, 1, 3, 8, 24, 31, 28, 2, 0, 0
17:03:31, 1405.30, 30.76, 32.62, 29.336, 1, 2, 2, 1, 7, 17, 35, 42, 39, 3, 0, 0, 0, 0, 0, 1, 3, 8, 23, 30, 27, 2, 0, 0
17:03:31, 1414.90, 30.76, 32.64, 29.336, 1, 1, 1, 1, 6, 15, 32, 39, 36, 3, 0, 0, 0, 0, 0, 1, 2, 7, 22, 30, 26, 1, 0, 0
17:03:32, 1417.00, 30.74, 32.64, 29.328, 1, 1, 1, 1, 6, 14, 31, 38, 34, 3, 0, 0, 0, 0, 0, 1, 2, 7, 22, 30, 26, 2, 0, 0
17:03:33, 1421.10, 30.73, 32.62, 29.328, 1, 1, 1, 1, 6, 14, 31, 37, 34, 3, 0, 0, 0, 0, 0, 1, 2, 7, 22, 29, 26, 2, 0, 0
17:03:33, 1428.90, 30.72, 32.68, 29.328, 1, 1, 1, 1, 5, 13, 28, 35, 32, 3, 0, 0, 0, 0, 0, 0, 2, 6, 19, 27, 24, 1, 0, 0
17:03:34, 1432.10, 30.72, 32.64, 29.320, 1, 1, 1, 1, 5, 12, 27, 33, 30, 3, 0, 0, 0, 0, 0, 0, 1, 5, 16, 22, 21, 1, 0, 0
17:03:35, 1437.30, 30.71, 32.62, 29.320, 1, 1, 0, 1, 4, 12, 26, 32, 29, 2, 0, 0, 0, 0, 0, 0, 0, 1, 6, 9, 10, 0, 0, 0
17:03:35, 1438.20, 30.70, 32.66, 29.320, 0, 1, 0, 0, 3, 9, 19, 24, 18, 2, 0, 0, 0, 0, 0, 0, 0, 0, 0, 0, 0, 0, 0, 0
17:03:36, 1438.20, 30.69, 32.66, 29.320, 1, 1, 0, 1, 4, 10, 21, 27, 20, 2, 0, 0, 0, 0, 0, 0, 0, 0, 0, 0, 0, 0, 0, 0
17:03:37, 1438.10, 30.68, 32.66, 29.320, 1, 1, 0, 1, 4, 11, 23, 30, 21, 2, 0, 0, 0, 0, 0, 0, 0, 0, 0, 0, 0, 0, 0, 0
17:03:37, 1438.00, 30.68, 32.66, 29.320, 1, 1, 0, 1, 3, 10, 21, 26, 20, 2, 0, 0, 0, 0, 0, 0, 0, 0, 0, 0, 0, 0, 0, 0
17:03:38, 1437.20, 30.67, 32.64, 29.320, 1, 1, 0, 1, 4, 10, 22, 29, 23, 2, 0, 0, 0, 0, 0, 0, 0, 0, 0, 0, 0, 0, 0, 0
17:03:39, 1435.40, 30.67, 32.66, 29.320, 1, 1, 0, 1, 3, 7, 16, 21, 14, 1, 0, 0, 0, 0, 0, 0, 0, 0, 2, 3, 2, 0, 0, 0
17:03:39, 1434.60, 30.67, 32.64, 29.320, 1, 1, 1, 1, 5, 14, 33, 42, 34, 3, 0, 0, 0, 0, 0, 0, 0, 0, 0, 0, 0, 0, 0, 0
17:03:40, 1433.70, 30.67, 32.66, 29.320, 1, 1, 1, 1, 7, 18, 42, 54, 49, 4, 0, 0, 0, 0, 0, 0, 0, 3, 9, 14, 16, 1, 0, 0
17:03:41, 1433.40, 30.67, 32.68, 29.320, 1, 1, 2, 1, 6, 16, 35, 45, 38, 3, 0, 0, 0, 0, 0, 0, 1, 3, 10, 15, 18, 1, 0, 0
17:03:41, 1432.10, 30.66, 32.66, 29.312, 1, 2, 1, 1, 7, 17, 37, 48, 41, 3, 0, 0, 0, 0, 0, 0, 1, 3, 11, 17, 18, 1, 0, 0
17:03:42, 1428.60, 30.65, 32.66, 29.320, 1, 2, 1, 1, 6, 16, 36, 46, 40, 3, 0, 0, 0, 0, 0, 0, 1, 5, 16, 23, 24, 1, 0, 0
17:03:43, 1419.80, 30.64, 32.66, 29.320, 1, 2, 1, 1, 7, 18, 38, 49, 42, 3, 0, 0, 0, 0, 1, 1, 3, 9, 26, 36, 32, 2, 0, 0
17:03:43, 1414.80, 30.63, 32.66, 29.305, 2, 2, 1, 2, 8, 20, 44, 55, 49, 4, 0, 0, 0, 0, 1, 1, 3, 10, 29, 40, 35, 2, 0, 0
17:03:44, 1409.40, 30.62, 32.70, 29.312, 2, 2, 1, 2, 9, 21, 45, 56, 49, 4, 0, 0, 1, 0, 1, 1, 4, 11, 31, 41, 36, 2, 0, 0
17:03:45, 1406.90, 30.61, 32.70, 29.312, 2, 2, 1, 2, 9, 22, 47, 59, 54, 4, 0, 0, 1, 0, 1, 1, 4, 11, 31, 42, 37, 3, 0, 0
17:03:45, 1398.90, 30.61, 32.70, 29.312, 2, 2, 1, 2, 9, 22, 47, 57, 50, 4, 0, 0, 1, 0, 1, 1, 4, 11, 32, 43, 38, 3, 0, 0
17:03:46, 1393.20, 30.61, 32.70, 29.312, 2, 2, 1, 2, 10, 24, 50, 61, 54, 4, 0, 0, 1, 0, 1, 1, 4, 11, 32, 43, 38, 3, 0, 0
17:03:47, 1393.50, 30.60, 32.66, 29.312, 2, 2, 3, 2, 11, 26, 53, 65, 59, 5, 0, 0, 1, 0, 1, 1, 4, 11, 32, 42, 37, 2, 0, 0
17:03:48, 1388.00, 30.61, 32.68, 29.312, 2, 2, 2, 2, 10, 25, 51, 62, 55, 4, 0, 0, 1, 0, 1, 1, 4, 12, 32, 42, 37, 2, 0, 0
17:03:48, 1377.20, 30.61, 32.68, 29.312, 2, 2, 2, 2, 12, 27, 55, 67, 59, 5, 0, 0, 1, 0, 1, 1, 4, 12, 33, 43, 39, 3, 0, 0
17:03:49, 1373.50, 30.61, 32.70, 29.312, 2, 2, 2, 3, 13, 31, 61, 73, 67, 5, 0, 0, 1, 0, 1, 1, 5, 12, 34, 43, 39, 3, 0, 0
17:03:50, 1369.00, 30.60, 32.64, 29.312, 2, 3, 2, 3, 14, 32, 64, 76, 73, 6, 0, 0, 1, 0, 1, 1, 5, 13, 34, 44, 39, 3, 0, 0
17:03:50, 1359.10, 30.59, 32.66, 29.320, 3, 3, 3, 3, 16, 36, 69, 83, 80, 6, 0, 0, 1, 1, 1, 1, 5, 14, 36, 45, 41, 3, 0, 0
17:03:51, 1359.50, 30.59, 32.68, 29.320, 3, 3, 3, 4, 18, 40, 76, 91, 91, 7, 0, 0, 1, 1, 1, 1, 5, 14, 36, 45, 41, 3, 0, 0
17:03:52, 1359.90, 30.59, 32.66, 29.320, 3, 3, 3, 4, 17, 39, 74, 89, 94, 7, 0, 0, 1, 1, 1, 1, 5, 14, 35, 44, 41, 3, 0, 0
17:03:52, 1350.40, 30.58, 32.62, 29.312, 3, 3, 3, 4, 18, 40, 77, 92, 95, 7, 0, 0, 1, 1, 1, 1, 6, 15, 37, 46, 43, 3, 0, 0
17:03:53, 1342.70, 30.58, 32.66, 29.312, 3, 3, 4, 4, 21, 46, 87, 103, 107, 8, 0, 0, 1, 1, 1, 1, 6, 16, 39, 47, 44, 3, 0, 0
17:03:54, 1338.30, 30.58, 32.68, 29.320, 4, 4, 3, 5, 23, 49, 92, 108, 114, 9, 0, 0, 1, 1, 1, 2, 6, 16, 40, 48, 45, 3, 0, 0
17:03:54, 1329.90, 30.58, 32.64, 29.328, 4, 4, 3, 5, 25, 52, 97, 114, 120, 9, 0, 0, 1, 1, 1, 2, 7, 18, 42, 49, 47, 3, 0, 0
17:03:55, 1321.00, 30.57, 32.66, 29.328, 4, 4, 4, 6, 28, 58, 106, 124, 127, 10, 0, 0, 1, 1, 1, 2, 8, 19, 45, 52, 51, 4, 0, 0
17:03:56, 1314.70, 30.58, 32.66, 29.328, 4, 4, 4, 6, 30, 61, 111, 129, 130, 10, 0, 0, 1, 1, 1, 2, 8, 21, 46, 54, 53, 4, 0, 0
17:03:56, 1307.40, 30.58, 32.64, 29.336, 5, 5, 5, 7, 32, 66, 119, 138, 136, 10, 0, 0, 1, 1, 2, 2, 9, 22, 49, 56, 56, 4, 0, 0
17:03:57, 1298.90, 30.57, 32.70, 29.336, 5, 5, 5, 8, 35, 71, 126, 146, 142, 11, 0, 0, 1, 1, 2, 2, 10, 24, 53, 59, 60, 4, 0, 0
17:03:58, 1292.20, 30.57, 32.66, 29.328, 5, 5, 5, 9, 40, 79, 138, 159, 154, 12, 0, 0, 2, 1, 2, 3, 11, 27, 56, 62, 64, 5, 0, 0
17:03:58, 1284.50, 30.58, 32.66, 29.336, 6, 6, 7, 10, 44, 85, 147, 169, 166, 13, 0, 0, 2, 1, 2, 3, 12, 29, 60, 66, 68, 5, 0, 0
17:03:59, 1277.60, 30.58, 32.64, 29.336, 7, 6, 7, 12, 51, 97, 166, 190, 189, 14, 0, 0, 2, 1, 2, 3, 14, 31, 64, 70, 72, 6, 0, 0
17:04:00, 1268.30, 30.58, 32.64, 29.336, 7, 7, 8, 13, 58, 108, 183, 209, 211, 16, 0, 0, 2, 2, 2, 3, 16, 36, 70, 76, 80, 6, 0, 0
17:04:00, 1262.40, 30.58, 32.60, 29.336, 8, 8, 9, 16, 65, 121, 202, 229, 235, 18, 0, 0, 2, 2, 3, 4, 17, 39, 75, 81, 85, 7, 0, 0
17:04:01, 1256.30, 30.59, 32.68, 29.336, 9, 8, 9, 17, 69, 126, 208, 236, 242, 18, 0, 0, 3, 2, 3, 4, 19, 41, 79, 84, 90, 7, 0, 0
17:04:02, 1244.90, 30.60, 32.68, 29.344, 9, 9, 9, 18, 74, 134, 218, 246, 246, 18, 0, 0, 3, 2, 3, 5, 22, 47, 88, 92, 100, 8, 0, 0
17:04:02, 1234.00, 30.60, 32.70, 29.344, 10, 10, 11, 22, 86, 151, 240, 270, 270, 20, 0, 0, 3, 3, 4, 6, 25, 53, 97, 102, 111, 9, 0, 0
17:04:03, 1226.80, 30.60, 32.66, 29.344, 11, 10, 12, 25, 97, 167, 260, 292, 286, 21, 0, 0, 4, 3, 4, 6, 28, 59, 106, 110, 121, 10, 0, 0
17:04:04, 1221.90, 30.60, 32.68, 29.336, 12, 11, 14, 28, 103, 175, 269, 302, 296, 22, 0, 0, 4, 3, 4, 7, 30, 61, 110, 114, 126, 10, 0, 0
17:04:04, 1211.30, 30.59, 32.66, 29.352, 13, 12, 15, 32, 119, 198, 300, 335, 334, 25, 0, 0, 5, 4, 5, 8, 35, 71, 124, 127, 142, 12, 0, 0
17:04:05, 1205.30, 30.59, 32.68, 29.352, 15, 13, 17, 38, 132, 217, 324, 360, 367, 27, 0, 0, 5, 4, 5, 9, 39, 77, 132, 136, 153, 13, 0, 0
17:04:06, 1198.50, 30.58, 32.68, 29.344, 16, 14, 18, 42, 144, 233, 342, 379, 384, 28, 0, 0, 6, 4, 6, 10, 43, 84, 143, 145, 164, 14, 0, 0
17:04:06, 1193.30, 30.58, 32.66, 29.352, 17, 15, 20, 47, 153, 245, 357, 394, 406, 30, 0, 0, 6, 5, 6, 11, 46, 88, 149, 151, 172, 14, 0, 0
17:04:07, 1183.60, 30.59, 32.66, 29.352, 18, 16, 21, 51, 167, 262, 376, 413, 426, 31, 0, 0, 6, 5, 7, 12, 51, 97, 161, 163, 187, 16, 0, 0
17:04:08, 1172.10, 30.59, 32.68, 29.344, 20, 18, 25, 62, 194, 297, 414, 450, 485, 35, 0, 0, 7, 6, 8, 15, 60, 111, 180, 180, 210, 18, 0, 0
17:04:08, 1164.90, 30.59, 32.68, 29.352, 23, 20, 30, 77, 228, 339, 466, 502, 572, 41, 0, 0, 8, 7, 9, 17, 69, 124, 198, 197, 231, 20, 0, 0
17:04:09, 1159.90, 30.59, 32.68, 29.352, 26, 23, 35, 90, 257, 378, 516, 554, 645, 46, 0, 0, 9, 7, 9, 19, 75, 133, 210, 209, 246, 21, 0, 0
17:04:10, 1153.80, 30.59, 32.66, 29.336, 30, 26, 42, 110, 311, 445, 597, 643, 810, 58, 0, 0, 10, 8, 11, 22, 86, 150, 233, 230, 274, 23, 0, 0
17:04:10, 1145.60, 30.59, 32.70, 29.359, 33, 30, 49, 128, 357, 504, 677, 721, 943, 67, 0, 0, 11, 9, 12, 26, 97, 167, 256, 252, 307, 26, 0, 0
17:04:11, 1139.40, 30.59, 32.68, 29.359, 41, 38, 67, 172, 446, 619, 828, 875, 1203, 86, 0, 0, 13, 10, 14, 32, 115, 192, 289, 284, 353, 30, 0, 0
17:04:12, 1131.80, 30.59, 32.68, 29.367, 50, 47, 86, 224, 560, 759, 1007, 1060, 1543, 109, 0, 0, 15, 12, 17, 38, 136, 223, 329, 323, 406, 34, 0, 0
17:04:12, 1126.70, 30.59, 32.70, 29.383, 57, 55, 105, 272, 628, 839, 1098, 1159, 1686, 119, 0, 0, 17, 13, 19, 43, 149, 242, 355, 348, 432, 37, 0, 0
17:04:13, 1117.90, 30.59, 32.68, 29.383, 68, 67, 131, 334, 767, 1016, 1326, 1396, 2029, 140, 0, 0, 19, 15, 23, 53, 176, 280, 405, 395, 482, 41, 0, 0
17:04:14, 1114.30, 30.60, 32.68, 29.391, 72, 72, 149, 367, 752, 973, 1232, 1310, 1824, 126, 0, 0, 19, 16, 24, 56, 177, 279, 404, 390, 471, 40, 0, 0
17:04:14, 1107.10, 30.60, 32.68, 29.398, 66, 65, 136, 332, 684, 882, 1097, 1161, 1526, 104, 0, 0, 20, 16, 25, 58, 191, 296, 428, 409, 494, 42, 0, 0
17:04:15, 1101.20, 30.60, 32.70, 29.398, 68, 71, 155, 367, 731, 922, 1124, 1175, 1631, 110, 0, 0, 21, 17, 27, 65, 201, 306, 440, 417, 521, 43, 0, 0
17:04:16, 1097.90, 30.61, 32.66, 29.406, 69, 76, 169, 391, 733, 913, 1114, 1143, 1617, 109, 0, 0, 21, 18, 28, 68, 208, 314, 451, 424, 546, 45, 0, 0
17:04:16, 1092.70, 30.61, 32.70, 29.430, 71, 83, 185, 426, 779, 960, 1180, 1181, 1804, 122, 0, 0, 23, 19, 31, 76, 227, 339, 482, 452, 608, 50, 0, 0
17:04:17, 1086.70, 30.61, 32.66, 29.430, 78, 97, 219, 494, 868, 1063, 1311, 1283, 2111, 146, 0, 0, 25, 21, 35, 89, 255, 375, 526, 493, 702, 58, 0, 0
17:04:18, 1081.70, 30.61, 32.70, 29.445, 86, 116, 263, 578, 990, 1182, 1472, 1422, 2676, 197, 0, 0, 29, 25, 43, 107, 292, 423, 583, 549, 848, 70, 0, 0
17:04:18, 1078.10, 30.61, 32.68, 29.445, 98, 139, 314, 671, 1123, 1332, 1660, 1611, 3369, 260, 0, 0, 31, 26, 47, 116, 314, 453, 618, 587, 981, 81, 0, 0
17:04:19, 1070.20, 30.61, 32.66, 29.445, 130, 190, 430, 877, 1454, 1717, 2122, 2075, 4791, 376, 0, 0, 36, 31, 58, 142, 365, 513, 685, 653, 1194, 101, 0, 0
17:04:20, 1066.40, 30.61, 32.68, 29.461, 164, 256, 573, 1094, 1727, 1974, 2390, 2367, 5877, 477, 0, 0, 41, 36, 69, 166, 412, 570, 751, 722, 1426, 124, 0, 0
17:04:20, 1060.90, 30.61, 32.70, 29.484, 206, 329, 726, 1343, 2106, 2380, 2860, 2896, 7190, 609, 0, 0, 47, 42, 83, 194, 469, 637, 832, 802, 1698, 151, 0, 0
17:04:21, 1056.80, 30.61, 32.68, 29.484, 285, 475, 1045, 1773, 2699, 3020, 3527, 3772, 8392, 750, 0, 0, 51, 48, 96, 220, 508, 679, 884, 851, 1899, 172, 0, 0
17:04:22, 1049.70, 30.61, 32.74, 29.492, 360, 625, 1339, 2161, 3499, 3961, 4512, 4990, 9687, 896, 0, 0, 55, 54, 110, 248, 557, 729, 942, 904, 2107, 193, 0, 0
17:04:22, 1043.40, 30.61, 32.68, 29.523, 2056, 3619, 9510, 11766, 14997, 17406, 21295, 29265, 28565, 3451, 0, 0, 57, 59, 122, 267, 582, 748, 957, 913, 2215, 209, 0, 0
17:04:23, 1033.10, 30.62, 32.68, 29.523, 2242, 3650, 6029, 10546, 14517, 17751, 18913, 18194, 23890, 3148, 0, 0, 69, 79, 164, 336, 669, 828, 1045, 991, 2532, 246, 0, 0
17:04:24, 1031.20, 30.62, 32.64, 29.586, 5309, 6886, 9603, 17428, 22967, 24056, 23186, 22533, 22322, 3176, 0, 0, 70, 83, 172, 348, 680, 836, 1057, 995, 2481, 241, 0, 0
17:04:24, 1024.50, 30.62, 32.70, 29.672, 921, 1822, 2790, 3704, 4213, 4265, 4924, 4939, 13836, 1536, 0, 0, 83, 104, 212, 415, 791, 956, 1197, 1132, 2833, 283, 0, 0
17:04:25, 1022.00, 30.62, 32.68, 29.672, 4529, 10772, 15921, 23865, 24377, 22422, 36000, 35878, 32601, 5245, 1, 1, 92, 120, 243, 464, 834, 1001, 1248, 1176, 2793, 276, 0, 0
17:04:26, 1021.50, 30.62, 32.68, 29.797, 1353, 2447, 3399, 3964, 4229, 4123, 4659, 4760, 15215, 1920, 0, 0, 87, 113, 229, 443, 808, 976, 1214, 1144, 2525, 239, 0, 0
17:04:26, 1017.80, 30.63, 32.66, 29.906, 1369, 2390, 3268, 3677, 4079, 3876, 4320, 4283, 16362, 2603, 0, 0, 91, 123, 243, 457, 791, 950, 1169, 1094, 2336, 215, 0, 0
17:04:27, 1017.50, 30.64, 32.68, 29.906, 1443, 2488, 3329, 3690, 3841, 3594, 4000, 3964, 14678, 2333, 0, 0, 89, 119, 236, 445, 782, 941, 1150, 1079, 2160, 194, 0, 0
17:04:28, 1020.00, 30.64, 32.68, 30.047, 1511, 2547, 3351, 3648, 3838, 3593, 3958, 3935, 14668, 2440, 0, 0, 91, 117, 236, 450, 809, 984, 1204, 1139, 2047, 178, 0, 0
17:04:28, 1016.50, 30.65, 32.70, 30.180, 1212, 2138, 3012, 3362, 3814, 3637, 3992, 4063, 13449, 1935, 0, 0, 86, 108, 221, 427, 774, 937, 1141, 1076, 1816, 155, 0, 0
17:04:29, 1012.90, 30.66, 32.68, 30.180, 8007, 16168, 22703, 21318, 35163, 31203, 36000, 36000, 36000, 36000, 1, 1, 1369, 2172, 3172, 3952, 5308, 5765, 6805, 6524, 21529, 5478, 0, 0
17:04:30, 1012.90, 30.67, 32.70, 30.258, 2684, 4195, 5585, 6492, 5909, 8509, 9027, 7663, 27243, 6375, 0, 0, 4580, 7207, 9780, 13050, 4861, 5079, 6187, 5772, 16897, 4766, 0, 0
17:04:30, 1012.80, 30.69, 32.68, 30.164, 12185, 20591, 30118, 34726, 35371, 32529, 36000, 36000, 36000, 15779, 1, 1, 1653, 2493, 3492, 4578, 5685, 5414, 7153, 6357, 17351, 3831, 0, 0
