Secchi Depth (cm) = 9999
Forel Ule Scale = 99
pH Colour Scale = 99
SensingSecchi S/N = A017
Latitude (degs N) = 34.35550
Longitude (degs E) = -78.17772
Date = 2026-07-28
Time (UTC), Pressure (mbar) MS5803, Temp (deg C) MS5803, Temp (deg C) 10KTHERM, Temp (deg C) TMP117, ED 415nm, ED 445nm, ED 480nm, ED 515nm, ED 555nm, ED 590nm, ED 630nm, ED 680nm, ED Clear, ED NIR, ED D-SAT, ED A-SAT, EU 415nm, EU 445nm, EU 480nm, EU 515nm, EU 555nm, EU 590nm, EU 630nm, EU 680nm, EU Clear, EU NIR, EU D-SAT, EU A-SAT
16:12:00, 1002.80, 28.72, 30.59, 28.383, 2150, 3251, 4542, 5080, 5812, 5832, 6969, 7873, 36000, 15139, 1, 1, 12539, 19210, 25420, 32676, 36000, 36000, 36000, 36000, 36000, 36000, 1, 1
16:12:00, 1002.90, 28.73, 30.63, 28.383, 4774, 5646, 9997, 9320, 12476, 13312, 17221, 18382, 36000, 36000, 1, 1, 7674, 11360, 16103, 21185, 23558, 26322, 31657, 35927, 36000, 29360, 1, 1
16:12:01, 1003.40, 28.75, 30.63, 28.375, 3799, 4819, 8285, 7896, 21986, 25033, 28949, 35038, 36000, 36000, 1, 1, 1961, 2977, 4372, 6054, 13763, 15228, 18165, 21270, 36000, 21574, 1, 1
16:12:02, 1002.60, 28.75, 30.63, 28.320, 5075, 10946, 12417, 15127, 19334, 18759, 23128, 34275, 36000, 36000, 1, 1, 407, 592, 1111, 1872, 2653, 3078, 3774, 3820, 8712, 975, 0, 0
16:12:02, 1003.50, 28.73, 30.59, 28.320, 4717, 9684, 12462, 13671, 20104, 18109, 22302, 32527, 36000, 34979, 1, 1, 338, 498, 947, 1606, 2496, 2883, 3521, 3545, 8046, 831, 0, 0
16:12:03, 1005.80, 28.72, 30.59, 28.273, 4251, 8060, 10613, 11859, 16037, 15104, 18384, 25591, 36000, 29309, 1, 1, 255, 369, 718, 1248, 2049, 2378, 2899, 2899, 6610, 658, 0, 0
16:12:04, 1007.60, 28.73, 30.58, 28.258, 3888, 7598, 10196, 11151, 15490, 14546, 17841, 24732, 36000, 28576, 1, 1, 238, 341, 671, 1186, 2088, 2437, 2982, 2988, 6755, 660, 0, 0
16:12:04, 1008.00, 28.73, 30.58, 28.258, 3872, 7753, 11473, 11907, 18281, 16263, 20051, 29564, 36000, 26079, 1, 1, 252, 358, 708, 1260, 2178, 2547, 3130, 3141, 6998, 687, 0, 0
16:12:05, 1008.30, 28.74, 30.59, 28.242, 3946, 7996, 9929, 11345, 13413, 14058, 17247, 21446, 36000, 23218, 1, 1, 305, 437, 861, 1520, 2537, 2965, 3659, 3672, 8038, 791, 0, 0
16:12:06, 1009.60, 28.74, 30.59, 28.234, 4858, 10087, 11509, 15933, 20399, 19996, 23247, 32502, 36000, 34763, 1, 1, 316, 449, 886, 1573, 2654, 3124, 3869, 3902, 8496, 835, 0, 0
16:12:06, 1007.90, 28.74, 30.58, 28.234, 4407, 10036, 11032, 13756, 23004, 19508, 24788, 35156, 36000, 31607, 1, 1, 312, 437, 865, 1555, 2735, 3229, 4020, 4066, 8966, 876, 0, 0
16:12:07, 1009.50, 28.74, 30.61, 28.211, 5087, 10783, 11964, 20443, 24087, 21740, 25511, 32809, 36000, 35945, 1, 1, 321, 455, 893, 1586, 2644, 3123, 3892, 3935, 8791, 873, 0, 0
16:12:08, 1013.10, 28.74, 30.59, 28.211, 3754, 8159, 10781, 11374, 15553, 13990, 16125, 25960, 36000, 25346, 1, 1, 293, 402, 804, 1470, 2541, 3036, 3827, 3862, 8396, 804, 0, 0
16:12:08, 1013.10, 28.74, 30.58, 28.211, 3493, 7709, 9150, 16840, 18737, 17372, 24902, 28924, 36000, 23795, 1, 1, 296, 402, 808, 1496, 2679, 3207, 4059, 4102, 8785, 836, 0, 0
16:12:09, 1010.40, 28.75, 30.54, 28.203, 4019, 7278, 10042, 20362, 16209, 21413, 33933, 28170, 36000, 28318, 1, 1, 334, 460, 916, 1672, 2963, 3526, 4456, 4505, 9706, 938, 0, 0
16:12:10, 1014.80, 28.75, 30.58, 28.203, 4557, 8551, 11110, 20167, 14634, 19755, 35494, 28517, 36000, 35901, 1, 1, 339, 469, 931, 1689, 2792, 3333, 4226, 4278, 9164, 883, 0, 0
16:12:10, 1017.30, 28.75, 30.52, 28.195, 3526, 6662, 9400, 19392, 14511, 19130, 21067, 27590, 36000, 17528, 1, 1, 279, 363, 740, 1415, 2532, 3066, 3934, 3972, 8158, 755, 0, 0
16:12:11, 1013.40, 28.75, 30.54, 28.187, 3629, 7242, 10707, 14551, 19815, 20453, 21356, 31754, 36000, 22118, 1, 1, 292, 392, 790, 1480, 2659, 3185, 4070, 4098, 8536, 809, 0, 0
16:12:12, 1014.00, 28.75, 30.54, 28.187, 3941, 7916, 10826, 15603, 17623, 19986, 19737, 31155, 36000, 23026, 1, 1, 297, 401, 808, 1505, 2693, 3225, 4113, 4146, 8648, 815, 0, 0
16:12:12, 1013.10, 28.75, 30.59, 28.180, 3711, 7567, 10253, 13621, 18596, 19566, 19779, 31805, 36000, 22809, 1, 1, 299, 403, 813, 1515, 2732, 3263, 4164, 4189, 8723, 829, 0, 0
16:12:13, 1014.40, 28.75, 30.56, 28.180, 3589, 6426, 8717, 11600, 14338, 17710, 16550, 27374, 36000, 25257, 1, 1, 295, 397, 801, 1493, 2650, 3176, 4054, 4082, 8455, 795, 0, 0
16:12:14, 1011.90, 28.75, 30.54, 28.180, 3580, 7204, 9431, 12444, 15208, 19749, 18167, 31331, 36000, 25377, 1, 1, 296, 403, 809, 1499, 2685, 3198, 4080, 4101, 8544, 813, 0, 0
16:12:14, 1013.40, 28.75, 30.54, 28.180, 4386, 8007, 10941, 14190, 16934, 21078, 20317, 33500, 36000, 27249, 1, 1, 287, 391, 783, 1450, 2551, 3045, 3896, 3918, 8089, 771, 0, 0
16:12:15, 1014.30, 28.76, 30.52, 28.180, 2817, 4892, 7439, 9189, 17191, 20789, 20695, 30188, 36000, 21536, 1, 1, 274, 367, 740, 1389, 2477, 2969, 3811, 3832, 7816, 739, 0, 0
16:12:16, 1012.20, 28.76, 30.54, 28.180, 4361, 7255, 11888, 14821, 18107, 19873, 21026, 30543, 36000, 20547, 1, 1, 292, 396, 794, 1476, 2662, 3175, 4055, 4078, 8377, 799, 0, 0
16:12:16, 1013.10, 28.76, 30.56, 28.187, 3970, 7407, 10121, 13235, 13831, 16070, 18006, 25827, 36000, 26905, 1, 1, 308, 424, 849, 1564, 2678, 3192, 4065, 4089, 8497, 803, 0, 0
16:12:17, 1014.00, 28.76, 30.52, 28.187, 3956, 7358, 10462, 13535, 13921, 16794, 16549, 26823, 36000, 24109, 1, 1, 296, 407, 816, 1507, 2568, 3060, 3887, 3903, 8177, 768, 0, 0
16:12:18, 1014.00, 28.76, 30.54, 28.187, 3267, 6599, 9132, 11815, 13139, 15799, 15216, 25564, 36000, 20072, 1, 1, 271, 369, 745, 1387, 2400, 2859, 3628, 3634, 7583, 707, 0, 0
16:12:18, 1014.80, 28.76, 30.52, 28.187, 3251, 5995, 8955, 11405, 13084, 15890, 14982, 24633, 36000, 18769, 1, 1, 247, 337, 680, 1264, 2181, 2594, 3286, 3279, 6929, 647, 0, 0
16:12:19, 1013.70, 28.76, 30.54, 28.187, 2971, 5486, 8338, 10635, 13897, 14849, 15450, 22486, 36000, 15536, 1, 1, 233, 316, 642, 1200, 2108, 2503, 3170, 3152, 6559, 615, 0, 0
16:12:20, 1015.10, 28.76, 30.56, 28.187, 2973, 5433, 8259, 10431, 11794, 13803, 14059, 21194, 36000, 15156, 1, 1, 227, 312, 634, 1183, 2024, 2393, 3006, 2975, 6236, 574, 0, 0
16:12:20, 1011.00, 28.76, 30.56, 28.180, 2374, 4329, 6600, 8447, 9937, 10932, 11587, 16074, 36000, 11261, 1, 1, 201, 282, 576, 1064, 1835, 2131, 2632, 2568, 5516, 512, 0, 0
16:12:21, 1007.90, 28.77, 30.54, 28.180, 2598, 4522, 6290, 7839, 8557, 9467, 10441, 13031, 36000, 15040, 1, 1, 218, 321, 641, 1141, 1920, 2189, 2665, 2581, 5746, 540, 0, 0
16:12:22, 1008.90, 28.76, 30.54, 28.180, 2826, 4805, 6502, 7903, 9011, 9682, 10983, 13111, 36000, 16014, 1, 1, 227, 337, 674, 1189, 2004, 2281, 2766, 2683, 6039, 564, 0, 0
16:12:22, 1006.90, 28.77, 30.52, 28.180, 3107, 5310, 7160, 8540, 10502, 10892, 12782, 15173, 36000, 24035, 1, 1, 249, 372, 734, 1288, 2127, 2423, 2959, 2876, 6397, 609, 0, 0
16:12:23, 1006.60, 28.77, 30.52, 28.180, 3454, 5886, 7773, 9325, 11082, 12287, 13327, 17028, 36000, 26562, 1, 1, 238, 352, 700, 1236, 2067, 2353, 2873, 2790, 6205, 593, 0, 0
16:12:24, 1007.00, 28.77, 30.50, 28.180, 3316, 5630, 7449, 8966, 9673, 10461, 11731, 14082, 36000, 21935, 1, 1, 226, 338, 671, 1182, 1924, 2179, 2646, 2551, 5656, 535, 0, 0
16:12:24, 1007.50, 28.77, 30.54, 28.180, 3128, 5225, 7118, 8455, 9832, 10264, 11783, 13870, 36000, 18130, 1, 1, 213, 317, 636, 1127, 1859, 2106, 2550, 2452, 5383, 506, 0, 0
16:12:25, 1006.70, 28.77, 30.54, 28.180, 2984, 5061, 6815, 8066, 9224, 9489, 11046, 12966, 36000, 18536, 1, 1, 228, 342, 681, 1194, 1981, 2235, 2695, 2594, 5839, 549, 0, 0
16:12:26, 1008.30, 28.77, 30.52, 28.180, 3125, 5297, 7165, 8529, 9179, 9495, 11039, 12921, 36000, 17047, 1, 1, 226, 339, 679, 1199, 1980, 2239, 2703, 2601, 5827, 543, 0, 0
16:12:26, 1014.50, 28.77, 30.52, 28.187, 2427, 4225, 5784, 7010, 8436, 8926, 10574, 11429, 36000, 13100, 1, 1, 194, 287, 581, 1033, 1652, 1881, 2271, 2193, 4901, 449, 0, 0
16:12:27, 1011.50, 28.77, 30.52, 28.195, 1778, 3213, 4670, 6029, 7393, 7806, 9102, 10450, 36000, 7466, 1, 1, 174, 250, 518, 949, 1608, 1838, 2236, 2150, 4602, 422, 0, 0
16:12:28, 1011.00, 28.77, 30.54, 28.195, 2346, 4107, 5753, 7171, 8392, 8806, 10235, 11742, 36000, 9349, 1, 1, 186, 271, 555, 1003, 1714, 1951, 2366, 2275, 4903, 450, 0, 0
16:12:28, 1012.50, 28.77, 30.50, 28.195, 2132, 3758, 5293, 6581, 7643, 7847, 9379, 10622, 36000, 9525, 1, 1, 189, 275, 564, 1023, 1718, 1964, 2384, 2294, 4965, 451, 0, 0
16:12:29, 1014.10, 28.77, 30.50, 28.203, 2072, 3725, 5305, 6559, 7678, 7829, 9370, 10688, 36000, 9590, 1, 1, 194, 283, 581, 1053, 1768, 2021, 2449, 2361, 5215, 472, 0, 0
16:12:30, 1016.00, 28.77, 30.50, 28.203, 1980, 3392, 5078, 6390, 7772, 8123, 9872, 10858, 36000, 8578, 1, 1, 179, 255, 531, 978, 1665, 1914, 2326, 2246, 4914, 440, 0, 0
16:12:30, 1013.60, 28.77, 30.54, 28.203, 1771, 3185, 4758, 6107, 7415, 7688, 9490, 10365, 36000, 7821, 1, 1, 173, 247, 515, 948, 1670, 1914, 2326, 2242, 4923, 446, 0, 0
16:12:31, 1012.90, 28.77, 30.52, 28.203, 2077, 3680, 5305, 6606, 8183, 8500, 10208, 11305, 36000, 9807, 1, 1, 180, 263, 538, 972, 1632, 1858, 2248, 2164, 4803, 439, 0, 0
16:12:32, 1016.10, 28.77, 30.46, 28.203, 1856, 3276, 4791, 5964, 7138, 7276, 8848, 9891, 36000, 8188, 1, 1, 171, 245, 510, 941, 1590, 1829, 2224, 2141, 4626, 414, 0, 0
16:12:32, 1013.30, 28.77, 30.50, 28.203, 1717, 3152, 4668, 5976, 7248, 7531, 8987, 10178, 36000, 7209, 1, 1, 177, 253, 527, 967, 1668, 1908, 2318, 2229, 4797, 435, 0, 0
16:12:33, 1013.10, 28.78, 30.52, 28.211, 1971, 3498, 5028, 6245, 7327, 7442, 8997, 9994, 36000, 8713, 1, 1, 184, 268, 551, 1003, 1691, 1930, 2341, 2250, 4881, 443, 0, 0
16:12:34, 1016.50, 28.78, 30.52, 28.211, 1821, 3162, 4693, 5755, 7068, 7132, 8694, 9629, 36000, 8164, 1, 1, 171, 244, 509, 937, 1561, 1796, 2187, 2102, 4479, 402, 0, 0
16:12:34, 1017.20, 28.78, 30.50, 28.203, 1512, 2755, 4125, 5378, 6609, 6830, 8324, 9226, 32888, 5865, 0, 1, 154, 214, 452, 851, 1486, 1718, 2098, 2015, 4198, 374, 0, 0
16:12:35, 1014.20, 28.78, 30.50, 28.203, 1623, 2944, 4409, 5707, 6996, 7274, 8747, 9752, 33715, 6309, 0, 1, 165, 234, 490, 907, 1586, 1817, 2211, 2121, 4487, 405, 0, 0
16:12:36, 1013.10, 28.78, 30.48, 28.203, 1833, 3303, 4788, 6049, 7412, 7584, 9148, 10192, 36000, 7673, 1, 1, 178, 257, 533, 975, 1672, 1909, 2315, 2221, 4769, 432, 0, 0
16:12:36, 1015.30, 28.78, 30.50, 28.203, 1878, 3343, 4829, 6034, 7296, 7401, 8969, 9965, 36000, 7983, 1, 1, 180, 259, 536, 983, 1672, 1910, 2313, 2222, 4837, 435, 0, 0
16:12:37, 1018.10, 28.78, 30.50, 28.203, 1642, 2897, 4415, 5534, 6887, 7053, 8539, 9567, 35648, 6644, 0, 1, 162, 227, 478, 897, 1552, 1789, 2178, 2092, 4464, 396, 0, 0
16:12:38, 1018.10, 28.78, 30.48, 28.203, 1506, 2741, 4222, 5413, 6850, 7075, 8625, 9571, 34942, 6119, 0, 1, 157, 219, 462, 870, 1533, 1768, 2153, 2067, 4412, 391, 0, 0
16:12:38, 1017.50, 28.78, 30.52, 28.187, 1579, 2878, 4411, 5659, 7033, 7283, 8841, 9861, 35417, 6225, 0, 1, 156, 218, 461, 866, 1527, 1760, 2140, 2053, 4384, 390, 0, 0
16:12:39, 1018.40, 28.78, 30.52, 28.195, 1523, 2750, 4232, 5393, 6843, 7056, 8604, 9558, 35111, 6200, 0, 1, 154, 214, 454, 856, 1496, 1729, 2104, 2018, 4291, 380, 0, 0
16:12:40, 1016.80, 28.78, 30.48, 28.195, 1535, 2838, 4334, 5616, 6803, 6996, 8511, 9493, 34165, 6076, 0, 1, 162, 227, 480, 898, 1587, 1823, 2213, 2121, 4556, 404, 0, 0
16:12:40, 1016.00, 28.78, 30.50, 28.187, 1615, 2956, 4438, 5630, 6982, 7125, 8686, 9665, 36000, 6906, 1, 1, 167, 238, 500, 925, 1609, 1841, 2230, 2136, 4622, 411, 0, 0
16:12:41, 1018.30, 28.78, 30.54, 28.195, 1629, 2901, 4382, 5515, 6737, 6891, 8373, 9288, 35864, 6792, 0, 1, 161, 227, 478, 893, 1536, 1767, 2145, 2054, 4385, 386, 0, 0
16:12:42, 1020.70, 28.78, 30.50, 28.195, 1395, 2562, 3938, 5114, 6415, 6569, 8048, 8931, 32057, 5588, 0, 0, 148, 204, 435, 826, 1441, 1667, 2030, 1942, 4077, 356, 0, 0
16:12:42, 1026.20, 28.79, 30.50, 28.187, 1202, 2237, 3485, 4712, 5870, 6016, 7465, 8190, 28419, 4606, 0, 0, 135, 182, 392, 759, 1333, 1557, 1902, 1823, 3796, 326, 0, 0
16:12:43, 1029.50, 28.78, 30.50, 28.203, 916, 1726, 2889, 4052, 5319, 5620, 6993, 7712, 23957, 3205, 0, 0, 121, 154, 338, 677, 1261, 1490, 1832, 1756, 3553, 302, 0, 0
16:12:44, 1038.20, 28.78, 30.48, 28.203, 768, 1411, 2446, 3478, 4656, 4913, 6118, 6754, 22387, 2942, 0, 0, 111, 134, 296, 611, 1128, 1359, 1684, 1621, 3213, 269, 0, 0
16:12:44, 1042.40, 28.78, 30.48, 28.195, 587, 1064, 1969, 3045, 4204, 4574, 5761, 6370, 18673, 2045, 0, 0, 97, 110, 243, 522, 1023, 1249, 1560, 1503, 2897, 242, 0, 0
16:12:45, 1049.70, 28.78, 30.52, 28.203, 521, 926, 1752, 2781, 3908, 4269, 5424, 6011, 17037, 1783, 0, 0, 86, 94, 205, 451, 894, 1108, 1395, 1347, 2560, 212, 0, 0
16:12:46, 1059.20, 28.78, 30.48, 28.203, 398, 658, 1315, 2222, 3207, 3596, 4627, 5132, 13487, 1257, 0, 0, 73, 74, 158, 364, 769, 976, 1248, 1209, 2204, 183, 0, 0
16:12:46, 1065.70, 28.78, 30.50, 28.203, 308, 477, 984, 1768, 2718, 3103, 4014, 4473, 11343, 999, 0, 0, 65, 63, 132, 312, 696, 898, 1157, 1124, 2021, 167, 0, 0
16:12:47, 1071.90, 28.78, 30.52, 28.195, 262, 380, 802, 1491, 2437, 2839, 3639, 4096, 10390, 899, 0, 0, 59, 56, 114, 274, 625, 817, 1060, 1033, 1830, 152, 0, 0
16:12:48, 1075.40, 28.78, 30.48, 28.195, 234, 320, 685, 1328, 2245, 2676, 3423, 3869, 9192, 760, 0, 0, 53, 49, 97, 238, 578, 766, 1000, 975, 1697, 141, 0, 0
16:12:48, 1077.50, 28.78, 30.54, 28.187, 207, 283, 594, 1178, 2075, 2459, 3208, 3570, 8269, 670, 0, 0, 52, 48, 95, 232, 545, 724, 948, 925, 1588, 131, 0, 0
16:12:49, 1086.10, 28.78, 30.52, 28.187, 189, 248, 530, 1059, 1767, 2111, 2796, 3112, 7042, 569, 0, 0, 46, 41, 77, 192, 471, 641, 851, 833, 1364, 113, 0, 0
16:12:50, 1091.20, 28.78, 30.52, 28.187, 166, 205, 434, 913, 1617, 1970, 2630, 2932, 6032, 465, 0, 0, 43, 37, 69, 174, 444, 610, 816, 801, 1301, 108, 0, 0
16:12:50, 1095.80, 28.77, 30.50, 28.187, 140, 165, 345, 744, 1395, 1722, 2315, 2586, 5300, 408, 0, 0, 40, 34, 62, 155, 411, 572, 771, 758, 1205, 100, 0, 0
16:12:51, 1099.40, 28.77, 30.50, 28.180, 136, 157, 326, 717, 1374, 1706, 2298, 2566, 5227, 400, 0, 0, 39, 33, 59, 149, 396, 554, 749, 739, 1189, 98, 0, 0
16:12:52, 1103.50, 28.77, 30.48, 28.180, 128, 145, 302, 669, 1308, 1635, 2208, 2475, 5141, 396, 0, 0, 36, 31, 54, 135, 369, 522, 711, 703, 1120, 93, 0, 0
16:12:52, 1110.60, 28.77, 30.50, 28.164, 118, 130, 268, 605, 1216, 1554, 2098, 2347, 4789, 367, 0, 0, 33, 27, 46, 116, 325, 467, 644, 641, 996, 83, 0, 0
16:12:53, 1114.30, 28.77, 30.46, 28.172, 102, 108, 213, 498, 1051, 1354, 1858, 2088, 3951, 295, 0, 0, 31, 26, 43, 107, 308, 448, 623, 622, 946, 79, 0, 0
16:12:54, 1121.60, 28.77, 30.50, 28.172, 93, 98, 192, 449, 948, 1236, 1715, 1929, 3554, 265, 0, 0, 28, 23, 37, 92, 272, 403, 568, 570, 850, 71, 0, 0
16:12:54, 1127.40, 28.77, 30.48, 28.148, 81, 82, 154, 370, 813, 1077, 1503, 1696, 3020, 224, 0, 0, 26, 22, 33, 82, 250, 376, 535, 540, 804, 67, 0, 0
16:12:55, 1131.20, 28.77, 30.48, 28.141, 73, 73, 133, 325, 737, 987, 1385, 1567, 2841, 212, 0, 0, 25, 20, 31, 75, 234, 356, 509, 514, 764, 64, 0, 0
16:12:56, 1135.00, 28.76, 30.46, 28.141, 70, 69, 127, 310, 718, 969, 1359, 1540, 2864, 214, 0, 0, 23, 19, 29, 69, 217, 332, 477, 482, 715, 60, 0, 0
16:12:56, 1133.80, 28.76, 30.52, 28.125, 65, 64, 113, 280, 652, 886, 1246, 1420, 2574, 192, 0, 0, 23, 19, 28, 68, 219, 335, 483, 487, 708, 59, 0, 0
16:12:57, 1135.10, 28.76, 30.46, 28.125, 66, 64, 114, 281, 679, 920, 1303, 1473, 2588, 192, 0, 0, 22, 18, 27, 65, 208, 318, 459, 464, 672, 56, 0, 0
16:12:58, 1137.40, 28.76, 30.46, 28.125, 62, 60, 106, 261, 620, 847, 1198, 1358, 2238, 166, 0, 0, 22, 18, 26, 64, 201, 310, 448, 453, 652, 55, 0, 0
16:12:58, 1135.70, 28.76, 30.48, 28.117, 61, 60, 105, 259, 601, 824, 1169, 1330, 2061, 151, 0, 0, 22, 18, 27, 64, 211, 325, 471, 475, 662, 56, 0, 0
16:12:59, 1133.30, 28.76, 30.52, 28.117, 63, 61, 106, 260, 611, 832, 1171, 1347, 1959, 145, 0, 0, 24, 19, 29, 69, 220, 338, 488, 492, 683, 58, 0, 0
16:13:00, 1138.70, 28.76, 30.48, 28.117, 68, 68, 121, 295, 697, 946, 1346, 1534, 2441, 179, 0, 0, 23, 18, 27, 66, 211, 324, 467, 474, 698, 58, 0, 0
16:13:00, 1146.30, 28.75, 30.48, 28.109, 60, 60, 103, 253, 585, 814, 1162, 1346, 2008, 148, 0, 0, 21, 17, 24, 58, 188, 296, 435, 442, 617, 52, 0, 0
16:13:01, 1147.80, 28.75, 30.50, 28.117, 57, 55, 91, 226, 573, 808, 1163, 1354, 2101, 156, 0, 0, 20, 17, 24, 55, 187, 294, 434, 443, 621, 52, 0, 0
16:13:02, 1150.80, 28.75, 30.48, 28.117, 57, 54, 89, 221, 572, 806, 1162, 1346, 2200, 163, 0, 0, 19, 16, 23, 53, 175, 276, 408, 416, 593, 50, 0, 0
16:13:02, 1155.40, 28.75, 30.50, 28.117, 55, 53, 87, 218, 542, 764, 1110, 1274, 2148, 160, 0, 0, 18, 14, 20, 47, 158, 252, 374, 381, 538, 45, 0, 0
16:13:03, 1161.50, 28.75, 30.50, 28.117, 49, 47, 76, 189, 481, 682, 997, 1139, 1937, 144, 0, 0, 16, 13, 18, 42, 142, 229, 343, 350, 491, 41, 0, 0
16:13:04, 1165.70, 28.75, 30.52, 28.117, 45, 42, 66, 166, 431, 623, 912, 1044, 1733, 129, 0, 0, 15, 12, 17, 38, 134, 218, 328, 337, 467, 39, 0, 0
16:13:04, 1170.30, 28.75, 30.48, 28.117, 43, 40, 63, 158, 419, 606, 895, 1024, 1705, 127, 0, 0, 14, 11, 16, 35, 123, 202, 305, 314, 434, 36, 0, 0
16:13:05, 1171.90, 28.75, 30.48, 28.133, 39, 37, 56, 140, 376, 549, 814, 931, 1506, 112, 0, 0, 13, 11, 15, 33, 118, 194, 295, 304, 410, 35, 0, 0
16:13:06, 1174.30, 28.75, 30.46, 28.133, 38, 35, 53, 132, 368, 539, 805, 923, 1437, 106, 0, 0, 13, 10, 14, 31, 112, 186, 284, 293, 390, 33, 0, 0
16:13:06, 1176.80, 28.75, 30.54, 28.117, 36, 34, 50, 124, 350, 516, 773, 890, 1332, 98, 0, 0, 13, 10, 13, 30, 108, 180, 275, 284, 375, 32, 0, 0
16:13:07, 1181.30, 28.75, 30.48, 28.125, 34, 32, 47, 117, 332, 490, 739, 852, 1255, 92, 0, 0, 12, 10, 13, 28, 102, 171, 264, 273, 360, 30, 0, 0
16:13:08, 1188.80, 28.74, 30.48, 28.125, 31, 30, 42, 104, 290, 435, 660, 761, 1119, 83, 0, 0, 11, 9, 12, 25, 91, 155, 240, 249, 330, 28, 0, 0
16:13:08, 1193.60, 28.74, 30.50, 28.117, 28, 26, 36, 87, 255, 387, 592, 685, 964, 71, 0, 0, 10, 8, 11, 22, 84, 144, 225, 234, 302, 25, 0, 0
16:13:09, 1194.40, 28.74, 30.48, 28.117, 26, 24, 33, 80, 245, 375, 576, 668, 915, 68, 0, 0, 10, 8, 10, 21, 83, 143, 224, 233, 298, 25, 0, 0
16:13:10, 1197.40, 28.74, 30.50, 28.117, 27, 25, 34, 83, 253, 386, 597, 694, 973, 72, 0, 0, 9, 8, 10, 21, 79, 136, 214, 223, 288, 24, 0, 0
16:13:10, 1200.30, 28.74, 30.50, 28.125, 25, 24, 32, 76, 234, 361, 556, 647, 875, 64, 0, 0, 9, 7, 9, 20, 76, 132, 209, 218, 277, 23, 0, 0
16:13:11, 1203.40, 28.74, 30.50, 28.125, 24, 23, 30, 71, 222, 341, 535, 623, 903, 67, 0, 0, 9, 7, 9, 18, 72, 126, 201, 210, 263, 22, 0, 0
16:13:12, 1205.90, 28.74, 30.48, 28.125, 23, 21, 28, 66, 208, 325, 505, 589, 796, 59, 0, 0, 9, 7, 9, 18, 71, 124, 198, 207, 263, 22, 0, 0
16:13:12, 1211.50, 28.74, 30.48, 28.117, 22, 21, 27, 64, 202, 313, 495, 576, 884, 67, 0, 0, 8, 6, 8, 17, 65, 115, 185, 194, 248, 20, 0, 0
16:13:13, 1218.60, 28.74, 30.54, 28.125, 21, 19, 25, 57, 188, 298, 470, 547, 803, 60, 0, 0, 7, 6, 7, 15, 58, 104, 169, 178, 225, 19, 0, 0
16:13:14, 1222.70, 28.74, 30.46, 28.125, 19, 18, 22, 50, 165, 265, 421, 493, 707, 53, 0, 0, 7, 5, 7, 13, 54, 98, 161, 170, 214, 18, 0, 0
16:13:14, 1226.20, 28.73, 30.54, 28.109, 18, 17, 21, 47, 158, 255, 406, 476, 675, 51, 0, 0, 6, 5, 7, 13, 51, 94, 155, 164, 205, 17, 0, 0
16:13:15, 1229.70, 28.73, 30.46, 28.109, 17, 16, 20, 44, 149, 243, 392, 461, 649, 49, 0, 0, 6, 5, 6, 12, 48, 89, 148, 157, 193, 16, 0, 0
16:13:16, 1232.00, 28.73, 30.48, 28.109, 16, 15, 19, 41, 144, 236, 381, 450, 620, 46, 0, 0, 6, 5, 6, 11, 47, 87, 145, 155, 189, 16, 0, 0
16:13:16, 1232.70, 28.73, 30.50, 28.102, 16, 15, 19, 41, 143, 235, 381, 452, 592, 44, 0, 0, 6, 5, 6, 12, 49, 91, 152, 163, 197, 16, 0, 0
16:13:17, 1238.00, 28.73, 30.50, 28.102, 18, 17, 20, 43, 151, 248, 408, 488, 697, 53, 0, 0, 7, 5, 7, 12, 50, 94, 159, 172, 209, 17, 0, 0
16:13:18, 1241.70, 28.73, 30.46, 28.102, 19, 18, 21, 44, 159, 269, 448, 545, 720, 54, 0, 0, 7, 6, 7, 13, 55, 103, 179, 196, 232, 19, 0, 0
16:13:18, 1244.90, 28.73, 30.48, 28.102, 21, 20, 24, 48, 177, 302, 509, 630, 842, 63, 0, 0, 8, 7, 8, 14, 58, 111, 194, 214, 250, 21, 0, 0
16:13:19, 1247.80, 28.73, 30.50, 28.102, 22, 21, 24, 48, 179, 307, 522, 651, 882, 66, 0, 0, 8, 7, 8, 14, 57, 110, 194, 214, 249, 21, 0, 0
16:13:20, 1251.90, 28.73, 30.52, 28.102, 22, 21, 24, 48, 173, 299, 510, 635, 846, 64, 0, 0, 8, 6, 8, 13, 54, 105, 185, 205, 242, 20, 0, 0
16:13:20, 1256.60, 28.73, 30.52, 28.094, 20, 19, 22, 42, 156, 271, 466, 578, 775, 58, 0, 0, 7, 6, 7, 12, 49, 95, 170, 188, 220, 18, 0, 0
16:13:21, 1259.10, 28.72, 30.52, 28.094, 18, 17, 20, 38, 143, 251, 434, 537, 721, 54, 0, 0, 7, 5, 6, 11, 46, 89, 160, 178, 206, 17, 0, 0
16:13:22, 1262.70, 28.72, 30.50, 28.094, 17, 16, 18, 35, 134, 235, 406, 502, 694, 52, 0, 0, 6, 5, 6, 10, 42, 83, 150, 167, 193, 16, 0, 0
16:13:22, 1266.70, 28.72, 30.48, 28.102, 16, 15, 17, 33, 125, 220, 383, 472, 641, 48, 0, 0, 6, 5, 5, 9, 39, 77, 138, 154, 178, 15, 0, 0
16:13:23, 1271.10, 28.72, 30.48, 28.102, 15, 14, 16, 30, 114, 204, 353, 440, 567, 43, 0, 0, 5, 4, 5, 8, 36, 71, 128, 143, 164, 13, 0, 0
16:13:24, 1278.00, 28.72, 30.46, 28.102, 13, 13, 14, 26, 99, 178, 312, 387, 498, 38, 0, 0, 4, 4, 5, 7, 31, 62, 115, 128, 146, 12, 0, 0
16:13:24, 1281.80, 28.72, 30.50, 28.094, 11, 11, 12, 22, 87, 157, 278, 345, 422, 32, 0, 0, 4, 3, 4, 6, 28, 57, 105, 118, 131, 11, 0, 0
16:13:25, 1282.40, 28.72, 30.50, 28.109, 11, 11, 11, 21, 83, 152, 269, 335, 394, 30, 0, 0, 4, 3, 4, 6, 28, 56, 105, 117, 132, 11, 0, 0
16:13:26, 1283.20, 28.72, 30.48, 28.109, 11, 11, 11, 21, 82, 149, 264, 329, 403, 31, 0, 0, 4, 3, 4, 6, 27, 55, 103, 116, 130, 11, 0, 0
16:13:27, 1288.60, 28.72, 30.54, 28.094, 11, 10, 11, 20, 79, 143, 255, 316, 413, 31, 0, 0, 4, 3, 4, 6, 25, 52, 98, 110, 126, 10, 0, 0
16:13:27, 1297.20, 28.72, 30.48, 28.102, 9, 9, 10, 17, 68, 125, 224, 279, 351, 27, 0, 0, 3, 2, 3, 5, 22, 45, 86, 98, 108, 9, 0, 0
16:13:28, 1300.80, 28.72, 30.54, 28.102, 8, 8, 8, 15, 60, 112, 202, 252, 296, 22, 0, 0, 3, 2, 3, 5, 20, 42, 81, 93, 101, 8, 0, 0
16:13:29, 1303.70, 28.71, 30.46, 28.094, 8, 8, 8, 14, 57, 107, 192, 241, 285, 22, 0, 0, 3, 2, 3, 4, 19, 40, 78, 89, 97, 8, 0, 0
16:13:29, 1304.10, 28.71, 30.46, 28.094, 8, 8, 8, 13, 55, 105, 190, 238, 269, 20, 0, 0, 3, 2, 3, 4, 19, 41, 79, 90, 96, 8, 0, 0
16:13:30, 1310.70, 28.71, 30.50, 28.094, 8, 7, 8, 13, 52, 98, 178, 222, 291, 23, 0, 0, 3, 2, 3, 4, 18, 37, 74, 84, 94, 7, 0, 0
16:13:31, 1317.30, 28.71, 30.50, 28.094, 7, 7, 7, 11, 46, 87, 161, 202, 247, 19, 0, 0, 2, 2, 2, 3, 15, 33, 66, 77, 83, 7, 0, 0
16:13:31, 1322.00, 28.71, 30.48, 28.094, 6, 6, 6, 10, 41, 80, 149, 187, 228, 17, 0, 0, 2, 2, 2, 3, 14, 31, 63, 73, 79, 6, 0, 0
16:13:32, 1324.70, 28.71, 30.52, 28.094, 6, 6, 6, 9, 39, 75, 142, 176, 216, 17, 0, 0, 2, 1, 2, 3, 13, 29, 60, 70, 75, 6, 0, 0
16:13:33, 1328.50, 28.71, 30.52, 28.086, 5, 5, 5, 9, 37, 73, 137, 171, 213, 16, 0, 0, 2, 1, 2, 3, 13, 28, 58, 68, 73, 6, 0, 0
16:13:33, 1334.90, 28.71, 30.50, 28.094, 5, 5, 5, 8, 34, 67, 126, 157, 200, 16, 0, 0, 2, 1, 2, 3, 12, 26, 54, 63, 67, 5, 0, 0
16:13:34, 1336.00, 28.71, 30.46, 28.094, 5, 5, 4, 7, 31, 61, 115, 146, 174, 13, 0, 0, 2, 1, 2, 2, 11, 25, 52, 61, 64, 5, 0, 0
16:13:35, 1336.70, 28.71, 30.50, 28.094, 5, 5, 4, 7, 31, 61, 115, 146, 164, 13, 0, 0, 2, 1, 2, 2, 11, 25, 52, 62, 64, 5, 0, 0
16:13:35, 1340.80, 28.71, 30.52, 28.102, 4, 5, 4, 7, 29, 58, 110, 140, 168, 13, 0, 0, 2, 1, 2, 2, 10, 24, 50, 60, 62, 5, 0, 0
16:13:36, 1347.70, 28.71, 30.48, 28.102, 4, 4, 4, 6, 26, 52, 98, 124, 154, 12, 0, 0, 1, 1, 1, 2, 9, 22, 46, 56, 58, 4, 0, 0
16:13:37, 1354.00, 28.70, 30.48, 28.094, 3, 4, 3, 5, 23, 46, 89, 113, 134, 11, 0, 0, 1, 1, 1, 2, 8, 20, 43, 52, 53, 4, 0, 0
16:13:37, 1355.30, 28.71, 30.52, 28.094, 3, 4, 3, 5, 21, 44, 85, 109, 127, 10, 0, 0, 1, 1, 1, 2, 8, 19, 42, 51, 52, 4, 0, 0
16:13:38, 1352.80, 28.71, 30.54, 28.094, 3, 4, 3, 5, 21, 44, 85, 109, 122, 10, 0, 0, 1, 1, 1, 2, 9, 20, 44, 54, 54, 4, 0, 0
16:13:39, 1356.60, 28.70, 30.50, 28.094, 4, 4, 3, 5, 23, 47, 91, 117, 139, 11, 0, 0, 1, 1, 1, 2, 8, 20, 43, 52, 53, 4, 0, 0
16:13:39, 1363.70, 28.70, 30.50, 28.094, 3, 3, 3, 5, 20, 42, 82, 105, 129, 10, 0, 0, 1, 1, 1, 2, 7, 18, 40, 49, 49, 3, 0, 0
16:13:40, 1367.60, 28.70, 30.48, 28.094, 3, 3, 3, 4, 19, 39, 77, 99, 115, 9, 0, 0, 1, 1, 1, 2, 7, 17, 38, 47, 47, 3, 0, 0
16:13:41, 1369.10, 28.70, 30.48, 28.094, 3, 3, 3, 4, 18, 38, 75, 97, 112, 9, 0, 0, 1, 1, 1, 1, 7, 17, 38, 47, 47, 3, 0, 0
16:13:41, 1371.10, 28.70, 30.48, 28.094, 3, 3, 3, 4, 18, 38, 76, 98, 115, 9, 0, 0, 1, 1, 1, 2, 7, 17, 38, 47, 47, 3, 0, 0
16:13:42, 1371.70, 28.70, 30.54, 28.094, 3, 3, 3, 4, 18, 38, 75, 97, 111, 9, 0, 0, 1, 1, 1, 1, 7, 17, 38, 47, 47, 3, 0, 0
16:13:43, 1372.90, 28.70, 30.48, 28.094, 3, 3, 3, 4, 18, 37, 75, 96, 112, 9, 0, 0, 1, 1, 1, 2, 7, 17, 38, 47, 47, 3, 0, 0
16:13:43, 1379.50, 28.70, 30.52, 28.094, 3, 3, 2, 4, 17, 35, 70, 91, 110, 9, 0, 0, 1, 1, 1, 1, 6, 15, 36, 45, 44, 3, 0, 0
16:13:44, 1386.20, 28.69, 30.46, 28.094, 2, 3, 2, 3, 15, 32, 64, 82, 90, 7, 0, 0, 1, 0, 1, 1, 5, 14, 33, 41, 40, 3, 0, 0
16:13:45, 1386.50, 28.69, 30.52, 28.094, 2, 2, 2, 3, 14, 30, 60, 78, 82, 6, 0, 0, 1, 0, 1, 1, 5, 13, 32, 40, 39, 3, 0, 0
16:13:45, 1387.60, 28.69, 30.48, 28.094, 2, 2, 2, 3, 14, 30, 60, 78, 84, 7, 0, 0, 1, 0, 1, 1, 5, 13, 32, 40, 39, 3, 0, 0
16:13:46, 1391.30, 28.69, 30.46, 28.094, 2, 2, 2, 3, 13, 28, 57, 74, 86, 7, 0, 0, 0, 0, 1, 1, 5, 13, 31, 38, 37, 3, 0, 0
16:13:47, 1397.80, 28.69, 30.46, 28.102, 2, 2, 2, 2, 12, 25, 52, 67, 81, 7, 0, 0, 0, 0, 1, 1, 4, 11, 28, 35, 34, 2, 0, 0
16:13:47, 1400.30, 28.69, 30.48, 28.102, 2, 2, 1, 2, 11, 24, 48, 62, 71, 6, 0, 0, 0, 0, 1, 1, 4, 10, 25, 32, 31, 2, 0, 0
16:13:48, 1402.70, 28.69, 30.48, 28.094, 2, 2, 1, 2, 10, 23, 47, 61, 69, 6, 0, 0, 0, 0, 0, 1, 4, 10, 23, 29, 28, 2, 0, 0
16:13:49, 1406.20, 28.69, 30.46, 28.102, 2, 2, 1, 2, 10, 22, 45, 58, 67, 5, 0, 0, 0, 0, 0, 1, 3, 9, 21, 26, 25, 2, 0, 0
16:13:49, 1412.80, 28.69, 30.46, 28.102, 1, 2, 1, 2, 9, 20, 42, 54, 64, 5, 0, 0, 0, 0, 0, 0, 3, 8, 18, 23, 23, 1, 0, 0
16:13:50, 1417.60, 28.69, 30.50, 28.094, 1, 2, 1, 2, 8, 18, 37, 48, 54, 4, 0, 0, 0, 0, 0, 0, 2, 6, 16, 20, 20, 1, 0, 0
16:13:51, 1420.70, 28.69, 30.50, 28.094, 1, 2, 1, 1, 7, 17, 35, 46, 50, 4, 0, 0, 0, 0, 0, 0, 2, 6, 15, 19, 19, 1, 0, 0
16:13:51, 1424.80, 28.68, 30.48, 28.094, 1, 1, 1, 1, 7, 16, 32, 42, 48, 4, 0, 0, 0, 0, 0, 0, 2, 6, 14, 18, 18, 1, 0, 0
16:13:52, 1428.40, 28.68, 30.50, 28.094, 1, 1, 1, 1, 6, 15, 30, 39, 44, 4, 0, 0, 0, 0, 0, 0, 2, 5, 14, 17, 17, 1, 0, 0
16:13:53, 1435.30, 28.68, 30.48, 28.094, 1, 1, 1, 1, 6, 13, 27, 35, 42, 4, 0, 0, 0, 0, 0, 0, 2, 5, 12, 16, 15, 1, 0, 0
16:13:53, 1440.50, 28.68, 30.48, 28.094, 1, 1, 0, 1, 5, 12, 24, 32, 35, 3, 0, 0, 0, 0, 0, 0, 1, 4, 12, 15, 14, 1, 0, 0
16:13:54, 1443.50, 28.68, 30.50, 28.094, 1, 1, 0, 1, 4, 11, 22, 29, 32, 3, 0, 0, 0, 0, 0, 0, 1, 4, 11, 14, 13, 0, 0, 0
16:13:55, 1446.40, 28.68, 30.50, 28.094, 1, 1, 0, 1, 4, 10, 22, 28, 30, 3, 0, 0, 0, 0, 0, 0, 1, 4, 11, 14, 13, 0, 0, 0
16:13:55, 1451.50, 28.68, 30.50, 28.094, 0, 1, 0, 1, 4, 9, 20, 26, 30, 3, 0, 0, 0, 0, 0, 0, 1, 4, 10, 13, 12, 0, 0, 0
16:13:56, 1456.00, 28.67, 30.48, 28.094, 0, 1, 0, 0, 4, 9, 18, 24, 26, 2, 0, 0, 0, 0, 0, 0, 1, 3, 10, 13, 12, 0, 0, 0
16:13:57, 1462.90, 28.68, 30.45, 28.094, 0, 1, 0, 0, 3, 8, 17, 23, 25, 2, 0, 0, 0, 0, 0, 0, 1, 3, 9, 12, 11, 0, 0, 0
16:13:57, 1466.90, 28.67, 30.50, 28.094, 0, 1, 0, 0, 3, 7, 16, 21, 22, 2, 0, 0, 0, 0, 0, 0, 1, 3, 9, 12, 11, 0, 0, 0
16:13:58, 1473.00, 28.67, 30.50, 28.094, 0, 1, 0, 0, 3, 7, 15, 19, 21, 2, 0, 0, 0, 0, 0, 0, 1, 3, 8, 11, 10, 0, 0, 0
16:13:59, 1477.30, 28.67, 30.50, 28.102, 0, 1, 0, 0, 2, 6, 13, 18, 19, 2, 0, 0, 0, 0, 0, 0, 1, 2, 8, 11, 10, 0, 0, 0
16:13:59, 1479.10, 28.67, 30.48, 28.102, 0, 1, 0, 0, 2, 6, 13, 17, 18, 2, 0, 0, 0, 0, 0, 0, 1, 3, 9, 12, 11, 0, 0, 0
16:14:00, 1478.60, 28.67, 30.52, 28.094, 0, 1, 0, 0, 2, 6, 13, 17, 18, 2, 0, 0, 0, 0, 0, 0, 1, 3, 9, 12, 11, 0, 0, 0
16:14:01, 1473.70, 28.67, 30.48, 28.094, 0, 1, 0, 0, 2, 6, 13, 18, 18, 2, 0, 0, 0, 0, 0, 0, 1, 3, 10, 13, 11, 0, 0, 0
16:14:01, 1467.80, 28.67, 30.50, 28.094, 0, 1, 0, 0, 3, 7, 15, 19, 19, 2, 0, 0, 0, 0, 0, 0, 1, 3, 10, 14, 12, 0, 0, 0
16:14:02, 1460.40, 28.67, 30.48, 28.094, 0, 1, 0, 0, 3, 8, 16, 21, 20, 2, 0, 0, 0, 0, 0, 0, 1, 4, 11, 14, 13, 0, 0, 0
16:14:03, 1453.40, 28.67, 30.50, 28.094, 0, 1, 0, 0, 3, 9, 18, 24, 23, 2, 0, 0, 0, 0, 0, 0, 1, 4, 11, 15, 13, 0, 0, 0
16:14:03, 1449.90, 28.67, 30.50, 28.094, 1, 1, 0, 1, 4, 9, 20, 26, 26, 2, 0, 0, 0, 0, 0, 0, 1, 4, 11, 15, 14, 1, 0, 0
16:14:04, 1446.40, 28.67, 30.50, 28.094, 1, 1, 0, 1, 4, 10, 21, 27, 29, 3, 0, 0, 0, 0, 0, 0, 1, 4, 12, 16, 15, 0, 0, 0
16:14:05, 1441.40, 28.67, 30.52, 28.102, 1, 1, 0, 1, 4, 10, 21, 28, 27, 2, 0, 0, 0, 0, 0, 0, 1, 5, 12, 16, 15, 1, 0, 0
16:14:05, 1436.10, 28.67, 30.48, 28.102, 1, 1, 0, 1, 4, 11, 22, 30, 29, 3, 0, 0, 0, 0, 0, 0, 2, 5, 13, 17, 15, 1, 0, 0
16:14:06, 1428.70, 28.67, 30.48, 28.094, 1, 1, 0, 1, 5, 12, 25, 32, 31, 3, 0, 0, 0, 0, 0, 0, 2, 5, 14, 18, 17, 1, 0, 0
16:14:07, 1422.90, 28.67, 30.52, 28.102, 1, 1, 1, 1, 6, 13, 28, 36, 36, 3, 0, 0, 0, 0, 0, 0, 2, 6, 15, 19, 18, 1, 0, 0
16:14:07, 1422.10, 28.67, 30.46, 28.102, 1, 1, 1, 1, 6, 15, 30, 39, 43, 4, 0, 0, 0, 0, 0, 0, 2, 6, 15, 19, 18, 1, 0, 0
16:14:08, 1420.30, 28.67, 30.48, 28.094, 1, 1, 1, 1, 6, 15, 30, 39, 41, 3, 0, 0, 0, 0, 0, 0, 2, 6, 15, 19, 18, 1, 0, 0
16:14:09, 1416.20, 28.67, 30.50, 28.094, 1, 1, 1, 1, 7, 16, 32, 42, 42, 3, 0, 0, 0, 0, 0, 0, 2, 6, 16, 20, 19, 1, 0, 0
16:14:09, 1410.00, 28.67, 30.52, 28.094, 1, 2, 1, 1, 8, 17, 35, 45, 45, 4, 0, 0, 0, 0, 0, 0, 3, 7, 18, 22, 21, 1, 0, 0
16:14:10, 1401.60, 28.67, 30.52, 28.102, 1, 2, 1, 2, 8, 18, 38, 48, 48, 4, 0, 0, 0, 0, 0, 1, 3, 8, 19, 23, 23, 1, 0, 0
16:14:11, 1394.70, 28.67, 30.52, 28.102, 1, 2, 1, 2, 9, 20, 40, 52, 52, 4, 0, 0, 0, 0, 0, 1, 4, 9, 21, 25, 25, 2, 0, 0
16:14:11, 1393.80, 28.67, 30.52, 28.102, 2, 2, 1, 2, 10, 22, 45, 58, 63, 5, 0, 0, 0, 0, 0, 1, 3, 9, 21, 26, 26, 1, 0, 0
16:14:12, 1392.10, 28.67, 30.50, 28.094, 2, 2, 1, 2, 11, 23, 46, 59, 64, 5, 0, 0, 0, 0, 0, 1, 4, 9, 22, 26, 26, 2, 0, 0
16:14:13, 1388.30, 28.67, 30.48, 28.094, 2, 2, 1, 2, 11, 23, 46, 60, 61, 5, 0, 0, 0, 0, 0, 1, 4, 10, 23, 27, 27, 2, 0, 0
16:14:13, 1384.80, 28.67, 30.52, 28.094, 2, 2, 1, 2, 11, 25, 49, 63, 63, 5, 0, 0, 0, 0, 0, 1, 4, 10, 23, 28, 28, 2, 0, 0
16:14:14, 1377.50, 28.67, 30.48, 28.094, 2, 2, 2, 2, 12, 26, 52, 66, 64, 5, 0, 0, 0, 0, 0, 1, 5, 12, 27, 31, 31, 2, 0, 0
16:14:15, 1373.70, 28.67, 30.50, 28.102, 2, 2, 2, 3, 13, 29, 56, 72, 70, 6, 0, 0, 0, 0, 1, 1, 5, 12, 27, 32, 32, 2, 0, 0
16:14:15, 1373.80, 28.67, 30.52, 28.102, 2, 2, 2, 3, 15, 31, 60, 77, 86, 7, 0, 0, 0, 0, 1, 1, 5, 12, 27, 32, 33, 2, 0, 0
16:14:16, 1371.10, 28.67, 30.50, 28.094, 2, 2, 2, 3, 15, 31, 59, 76, 81, 6, 0, 0, 0, 0, 1, 1, 5, 13, 28, 33, 34, 2, 0, 0
16:14:17, 1368.10, 28.67, 30.52, 28.102, 2, 3, 2, 3, 16, 33, 64, 82, 82, 6, 0, 0, 1, 0, 1, 1, 6, 14, 30, 35, 35, 2, 0, 0
16:14:17, 1361.60, 28.67, 30.48, 28.102, 3, 3, 2, 4, 17, 35, 68, 86, 85, 7, 0, 0, 1, 0, 1, 1, 6, 15, 33, 38, 37, 3, 0, 0
16:14:18, 1355.60, 28.67, 30.50, 28.094, 3, 3, 3, 4, 18, 38, 73, 93, 92, 7, 0, 0, 1, 1, 1, 2, 7, 17, 36, 41, 42, 3, 0, 0
16:14:19, 1356.30, 28.67, 30.48, 28.102, 3, 3, 3, 4, 21, 42, 81, 103, 121, 10, 0, 0, 1, 1, 1, 1, 7, 16, 35, 41, 43, 3, 0, 0
16:14:19, 1349.60, 28.67, 30.48, 28.102, 3, 3, 3, 4, 20, 41, 79, 100, 107, 8, 0, 0, 1, 1, 1, 2, 8, 18, 39, 45, 46, 3, 0, 0
16:14:20, 1345.00, 28.67, 30.48, 28.094, 3, 4, 3, 5, 24, 48, 92, 117, 123, 10, 0, 0, 1, 1, 1, 2, 9, 20, 41, 48, 49, 4, 0, 0
16:14:21, 1338.00, 28.67, 30.52, 28.102, 4, 4, 4, 6, 26, 53, 101, 128, 128, 10, 0, 0, 1, 1, 1, 2, 10, 23, 46, 53, 55, 4, 0, 0
16:14:21, 1336.10, 28.67, 30.48, 28.102, 4, 4, 4, 6, 28, 55, 103, 131, 134, 10, 0, 0, 1, 1, 2, 2, 11, 23, 47, 54, 58, 4, 0, 0
16:14:22, 1333.30, 28.67, 30.48, 28.094, 4, 4, 4, 6, 30, 59, 112, 140, 166, 13, 0, 0, 1, 1, 1, 2, 11, 24, 50, 56, 59, 5, 0, 0
16:14:23, 1330.00, 28.67, 30.46, 28.102, 4, 5, 4, 7, 31, 61, 114, 145, 151, 12, 0, 0, 1, 1, 2, 3, 12, 25, 51, 58, 60, 5, 0, 0
16:14:23, 1322.40, 28.67, 30.50, 28.102, 5, 5, 5, 8, 35, 68, 127, 160, 163, 12, 0, 0, 2, 1, 2, 3, 13, 29, 57, 64, 67, 5, 0, 0
16:14:24, 1315.70, 28.68, 30.52, 28.102, 6, 6, 6, 9, 40, 77, 144, 179, 180, 14, 0, 0, 2, 1, 2, 3, 15, 32, 63, 70, 74, 6, 0, 0
16:14:25, 1310.30, 28.68, 30.50, 28.109, 6, 6, 6, 10, 43, 83, 151, 190, 208, 16, 0, 0, 2, 2, 2, 3, 16, 34, 66, 74, 79, 6, 0, 0
16:14:25, 1306.10, 28.67, 30.54, 28.109, 7, 6, 6, 11, 48, 91, 165, 207, 241, 18, 0, 0, 2, 2, 2, 4, 18, 37, 71, 80, 88, 7, 0, 0
16:14:26, 1301.20, 28.68, 30.52, 28.109, 7, 7, 7, 12, 53, 101, 181, 228, 264, 20, 0, 0, 3, 2, 3, 4, 20, 41, 77, 86, 95, 8, 0, 0
16:14:27, 1295.60, 28.68, 30.50, 28.109, 8, 8, 8, 14, 61, 114, 206, 257, 295, 22, 0, 0, 3, 2, 3, 5, 22, 45, 85, 95, 104, 8, 0, 0
16:14:27, 1296.60, 28.68, 30.48, 28.109, 9, 9, 9, 16, 67, 124, 223, 275, 362, 27, 0, 0, 3, 2, 3, 5, 22, 46, 85, 95, 108, 9, 0, 0
16:14:28, 1289.80, 28.68, 30.50, 28.109, 9, 9, 9, 15, 64, 119, 213, 269, 303, 23, 0, 0, 3, 3, 3, 5, 25, 51, 95, 105, 116, 10, 0, 0
16:14:29, 1284.10, 28.68, 30.50, 28.125, 10, 9, 10, 17, 74, 136, 241, 304, 337, 26, 0, 0, 4, 3, 4, 6, 28, 56, 104, 115, 126, 10, 0, 0
16:14:29, 1278.30, 28.68, 30.45, 28.125, 11, 11, 12, 21, 88, 161, 284, 356, 398, 30, 0, 0, 4, 4, 4, 7, 31, 63, 114, 126, 140, 12, 0, 0
16:14:30, 1276.70, 28.68, 30.50, 28.117, 13, 12, 13, 24, 99, 179, 316, 393, 438, 33, 0, 0, 5, 4, 5, 7, 33, 66, 119, 132, 152, 13, 0, 0
16:14:31, 1268.10, 28.68, 30.48, 28.125, 13, 13, 14, 25, 98, 178, 312, 392, 433, 33, 0, 0, 5, 4, 5, 8, 38, 76, 136, 150, 170, 14, 0, 0
16:14:31, 1262.40, 28.68, 30.50, 28.125, 15, 14, 16, 30, 116, 207, 358, 448, 540, 41, 0, 0, 6, 5, 6, 10, 43, 84, 151, 166, 190, 16, 0, 0
16:14:32, 1259.20, 28.68, 30.48, 28.117, 17, 16, 18, 34, 133, 235, 405, 506, 601, 45, 0, 0, 7, 5, 6, 11, 47, 91, 161, 177, 204, 17, 0, 0
16:14:33, 1258.60, 28.68, 30.52, 28.117, 19, 18, 20, 38, 145, 256, 440, 548, 679, 51, 0, 0, 7, 6, 7, 11, 48, 93, 165, 181, 210, 18, 0, 0
16:14:33, 1252.70, 28.68, 30.48, 28.117, 19, 18, 20, 38, 143, 251, 431, 538, 605, 45, 0, 0, 7, 6, 7, 12, 54, 104, 183, 201, 224, 19, 0, 0
16:14:34, 1247.30, 28.68, 30.48, 28.102, 21, 19, 22, 43, 162, 281, 482, 601, 648, 48, 0, 0, 8, 7, 8, 13, 58, 111, 194, 212, 239, 20, 0, 0
16:14:35, 1242.60, 28.68, 30.48, 28.109, 22, 21, 24, 48, 179, 307, 519, 646, 716, 53, 0, 0, 9, 7, 9, 15, 63, 119, 207, 225, 258, 22, 0, 0
16:14:35, 1243.20, 28.68, 30.52, 28.109, 23, 22, 25, 51, 189, 320, 542, 675, 860, 64, 0, 0, 9, 7, 9, 15, 61, 116, 200, 219, 259, 22, 0, 0
16:14:36, 1240.70, 28.68, 30.50, 28.102, 23, 22, 25, 51, 177, 303, 507, 630, 746, 56, 0, 0, 9, 7, 9, 15, 63, 118, 203, 220, 257, 22, 0, 0
16:14:37, 1234.70, 28.68, 30.46, 28.109, 22, 21, 25, 51, 181, 307, 516, 628, 770, 56, 0, 0, 8, 6, 8, 14, 61, 114, 193, 207, 239, 20, 0, 0
16:14:37, 1231.90, 28.68, 30.50, 28.109, 21, 19, 23, 47, 175, 294, 480, 589, 670, 49, 0, 0, 8, 7, 8, 15, 62, 114, 192, 205, 242, 21, 0, 0
16:14:38, 1225.60, 28.68, 30.48, 28.109, 22, 20, 24, 51, 180, 300, 488, 596, 633, 46, 0, 0, 9, 7, 9, 16, 69, 126, 210, 224, 263, 23, 0, 0
16:14:39, 1220.30, 28.68, 30.50, 28.125, 25, 23, 28, 60, 213, 350, 569, 691, 799, 59, 0, 0, 9, 7, 9, 18, 73, 132, 219, 233, 275, 23, 0, 0
16:14:39, 1222.60, 28.68, 30.50, 28.125, 24, 23, 28, 63, 201, 322, 520, 622, 951, 72, 0, 0, 9, 7, 9, 17, 65, 117, 193, 206, 259, 22, 0, 0
16:14:40, 1219.20, 28.68, 30.48, 28.109, 22, 20, 25, 56, 182, 298, 476, 565, 789, 59, 0, 0, 8, 6, 8, 16, 65, 118, 194, 206, 257, 22, 0, 0
16:14:41, 1216.10, 28.68, 30.46, 28.109, 21, 19, 24, 53, 188, 306, 486, 577, 794, 59, 0, 0, 8, 6, 8, 16, 66, 119, 195, 207, 254, 21, 0, 0
16:14:41, 1212.70, 28.68, 30.50, 28.109, 21, 19, 24, 54, 187, 302, 476, 566, 685, 51, 0, 0, 9, 7, 9, 17, 69, 124, 202, 213, 259, 22, 0, 0
16:14:42, 1206.30, 28.68, 30.48, 28.102, 22, 21, 26, 59, 187, 300, 474, 564, 652, 48, 0, 0, 10, 8, 10, 19, 78, 139, 225, 237, 278, 24, 0, 0
16:14:43, 1199.90, 28.68, 30.48, 28.102, 25, 23, 29, 66, 228, 361, 566, 671, 819, 60, 0, 0, 10, 8, 11, 21, 87, 152, 244, 257, 306, 26, 0, 0
16:14:43, 1198.90, 28.68, 30.48, 28.102, 28, 26, 33, 78, 250, 390, 606, 722, 1022, 76, 0, 0, 10, 8, 11, 22, 86, 150, 240, 252, 313, 27, 0, 0
16:14:44, 1189.80, 28.68, 30.48, 28.094, 26, 24, 31, 70, 232, 360, 555, 669, 755, 55, 0, 0, 13, 10, 13, 27, 103, 177, 281, 293, 353, 30, 0, 0
16:14:45, 1188.10, 28.68, 30.50, 28.109, 30, 28, 37, 89, 282, 433, 665, 784, 1031, 75, 0, 0, 12, 10, 13, 26, 101, 173, 272, 284, 353, 30, 0, 0
16:14:45, 1185.70, 28.68, 30.52, 28.109, 30, 28, 38, 90, 290, 443, 675, 796, 1048, 77, 0, 0, 12, 10, 13, 26, 101, 172, 269, 280, 351, 30, 0, 0
16:14:46, 1186.10, 28.68, 30.54, 28.094, 32, 30, 41, 99, 302, 459, 697, 813, 1080, 78, 0, 0, 11, 9, 12, 26, 97, 164, 255, 265, 346, 29, 0, 0
16:14:47, 1178.30, 28.68, 30.50, 28.102, 30, 28, 39, 93, 267, 405, 616, 719, 757, 55, 0, 0, 13, 11, 14, 30, 112, 188, 291, 301, 367, 32, 0, 0
16:14:47, 1175.20, 28.67, 30.48, 28.102, 35, 32, 46, 112, 322, 483, 727, 846, 1056, 77, 0, 0, 14, 11, 14, 31, 117, 196, 302, 311, 386, 33, 0, 0
16:14:48, 1169.70, 28.68, 30.48, 28.094, 34, 31, 45, 110, 321, 477, 706, 829, 1064, 78, 0, 0, 15, 12, 16, 35, 126, 208, 317, 326, 419, 36, 0, 0
16:14:49, 1170.40, 28.68, 30.48, 28.109, 39, 36, 54, 134, 386, 567, 844, 974, 1389, 101, 0, 0, 14, 11, 15, 33, 119, 196, 296, 304, 411, 35, 0, 0
16:14:49, 1163.10, 28.68, 30.45, 28.109, 37, 34, 51, 126, 330, 486, 715, 830, 1061, 78, 0, 0, 16, 13, 17, 39, 139, 225, 340, 346, 441, 37, 0, 0
16:14:50, 1160.10, 28.68, 30.52, 28.102, 40, 38, 58, 146, 393, 569, 840, 962, 1412, 103, 0, 0, 15, 12, 17, 38, 141, 229, 344, 349, 450, 39, 0, 0
16:14:51, 1153.90, 28.68, 30.46, 28.109, 39, 36, 56, 139, 401, 576, 838, 964, 1312, 95, 0, 0, 16, 13, 18, 42, 149, 239, 356, 362, 468, 40, 0, 0
16:14:51, 1142.20, 28.68, 30.48, 28.109, 45, 42, 67, 166, 467, 657, 942, 1087, 1303, 94, 0, 0, 20, 16, 23, 54, 187, 292, 429, 433, 547, 47, 0, 0
16:14:52, 1137.00, 28.68, 30.46, 28.109, 57, 55, 95, 233, 602, 829, 1185, 1362, 1688, 120, 0, 0, 21, 17, 25, 59, 192, 297, 430, 434, 584, 50, 0, 0
16:14:53, 1133.90, 28.68, 30.50, 28.117, 61, 60, 106, 260, 633, 868, 1224, 1401, 2028, 146, 0, 0, 22, 18, 26, 64, 203, 311, 449, 452, 641, 54, 0, 0
16:14:53, 1128.10, 28.68, 30.50, 28.117, 62, 62, 111, 272, 640, 873, 1226, 1388, 2379, 175, 0, 0, 24, 20, 30, 73, 232, 352, 504, 507, 745, 62, 0, 0
16:14:54, 1121.90, 28.68, 30.52, 28.109, 71, 71, 131, 320, 713, 961, 1338, 1505, 2775, 205, 0, 0, 25, 21, 33, 80, 248, 372, 529, 532, 780, 65, 0, 0
16:14:55, 1114.40, 28.68, 30.50, 28.117, 76, 76, 144, 347, 743, 994, 1365, 1557, 2559, 187, 0, 0, 28, 23, 37, 91, 269, 399, 563, 565, 814, 69, 0, 0
16:14:55, 1107.60, 28.68, 30.48, 28.117, 79, 81, 155, 360, 780, 1021, 1379, 1596, 2402, 181, 0, 0, 31, 26, 42, 104, 299, 436, 609, 609, 874, 74, 0, 0
16:14:56, 1110.10, 28.68, 30.45, 28.117, 98, 105, 211, 481, 976, 1264, 1728, 1961, 3506, 257, 0, 0, 30, 25, 41, 102, 292, 425, 593, 595, 909, 75, 0, 0
16:14:57, 1102.30, 28.69, 30.46, 28.117, 96, 103, 206, 477, 946, 1238, 1691, 1901, 3398, 250, 0, 0, 33, 27, 45, 113, 342, 494, 687, 686, 1011, 86, 0, 0
16:14:57, 1092.10, 28.69, 30.45, 28.117, 98, 109, 218, 484, 958, 1212, 1617, 1870, 3228, 249, 0, 0, 41, 35, 61, 153, 416, 586, 804, 799, 1196, 101, 0, 0
16:14:58, 1086.90, 28.68, 30.50, 28.117, 128, 150, 310, 662, 1265, 1587, 2085, 2416, 3974, 297, 0, 0, 42, 36, 64, 159, 416, 580, 789, 782, 1178, 99, 0, 0
16:14:59, 1083.30, 28.69, 30.48, 28.117, 141, 171, 356, 737, 1326, 1635, 2131, 2498, 3874, 292, 0, 0, 44, 38, 70, 173, 440, 605, 817, 808, 1233, 104, 0, 0
16:14:59, 1079.30, 28.69, 30.54, 28.117, 137, 178, 378, 770, 1452, 1778, 2378, 2652, 5566, 434, 0, 0, 44, 38, 71, 175, 483, 661, 891, 879, 1342, 114, 0, 0
16:15:00, 1068.20, 28.69, 30.46, 28.109, 152, 197, 406, 813, 1540, 1860, 2436, 2769, 5520, 430, 0, 0, 53, 48, 94, 227, 577, 770, 1022, 1004, 1608, 136, 0, 0
16:15:01, 1061.60, 28.69, 30.46, 28.125, 206, 294, 605, 1140, 1984, 2346, 3028, 3403, 7346, 595, 0, 0, 60, 57, 116, 275, 627, 817, 1070, 1048, 1769, 149, 0, 0
16:15:01, 1055.00, 28.69, 30.52, 28.125, 256, 390, 805, 1466, 2317, 2727, 3528, 3838, 9402, 803, 0, 0, 67, 65, 134, 312, 743, 955, 1245, 1215, 2041, 173, 0, 0
16:15:02, 1051.30, 28.69, 30.52, 28.117, 284, 447, 899, 1594, 2508, 2914, 3749, 4105, 10546, 944, 0, 0, 70, 70, 148, 339, 767, 978, 1268, 1236, 2126, 180, 0, 0
16:15:03, 1039.70, 28.69, 30.50, 28.125, 305, 495, 969, 1626, 2400, 2713, 3414, 3954, 9181, 866, 0, 0, 80, 84, 180, 399, 861, 1073, 1372, 1331, 2312, 197, 0, 0
16:15:04, 1030.40, 28.69, 30.46, 28.125, 568, 1003, 1806, 2770, 4001, 4520, 5474, 6138, 14548, 1570, 0, 0, 92, 107, 232, 486, 970, 1178, 1485, 1436, 2574, 222, 0, 0
16:15:04, 1020.20, 28.69, 30.50, 28.133, 807, 1466, 2525, 3631, 4825, 5354, 6475, 7213, 19090, 2471, 0, 0, 120, 152, 327, 648, 1251, 1478, 1838, 1774, 3384, 299, 0, 0
16:15:05, 1016.50, 28.70, 30.52, 28.148, 1066, 1893, 2986, 4004, 5002, 5375, 6563, 7176, 24665, 4233, 0, 0, 141, 192, 404, 768, 1380, 1609, 1986, 1915, 3934, 353, 0, 0
16:15:06, 1006.60, 28.70, 30.50, 28.148, 1417, 2426, 3683, 4786, 5569, 5868, 7210, 7736, 31580, 6845, 0, 0, 166, 242, 490, 885, 1534, 1747, 2130, 2048, 4538, 424, 0, 0
16:15:06, 1003.20, 28.70, 30.46, 28.148, 2265, 3568, 5000, 6043, 6908, 7275, 8814, 9393, 36000, 15015, 1, 1, 182, 277, 539, 927, 1564, 1758, 2124, 2043, 4762, 465, 0, 0
16:15:07, 1002.70, 28.69, 30.46, 28.148, 2573, 4149, 5677, 6785, 7886, 8039, 9645, 10417, 36000, 16432, 1, 1, 1365, 2156, 3182, 4149, 5436, 5779, 6889, 7024, 24120, 6954, 0, 0
16:15:08, 1003.10, 28.68, 30.50, 28.148, 2884, 4542, 6385, 7373, 8754, 8888, 10701, 11666, 36000, 17399, 1, 1, 3211, 4677, 6673, 8279, 9781, 10332, 11960, 13362, 36000, 24805, 1, 1
16:15:08, 1003.20, 28.68, 30.52, 28.109, 2960, 4799, 6548, 7713, 8759, 8916, 10924, 11770, 36000, 16015, 1, 1, 3005, 3896, 5861, 6927, 3258, 3502, 4040, 4647, 9133, 4482, 0, 0
16:15:09, 1003.20, 28.68, 30.48, 28.016, 2364, 3798, 5145, 6140, 6784, 6776, 8458, 8873, 35475, 13402, 0, 1, 449, 692, 995, 1227, 1993, 2091, 2676, 2959, 12577, 6856, 0, 0
16:15:10, 1002.90, 28.67, 30.54, 28.016, 2105, 3395, 4513, 5504, 6799, 6852, 8499, 8964, 34835, 13026, 0, 1, 4760, 6991, 9933, 12468, 3670, 4135, 5190, 5634, 20220, 11079, 0, 0
16:15:10, 1003.00, 28.67, 30.50, 27.898, 2360, 3785, 5108, 6156, 7462, 7516, 9209, 10000, 36000, 14170, 1, 1, 207, 303, 423, 543, 587, 647, 778, 866, 2905, 1665, 0, 0
