Secchi Depth (cm) = 9999
Forel Ule Scale = 99
pH Colour Scale = 99
SensingSecchi S/N = A017
Latitude (degs N) = 34.24322
Longitude (degs E) = -77.96933
Date = 2026-07-28
Time (UTC), Pressure (mbar) MS5803, Temp (deg C) MS5803, Temp (deg C) 10KTHERM, Temp (deg C) TMP117, ED 415nm, ED 445nm, ED 480nm, ED 515nm, ED 555nm, ED 590nm, ED 630nm, ED 680nm, ED Clear, ED NIR, ED D-SAT, ED A-SAT, EU 415nm, EU 445nm, EU 480nm, EU 515nm, EU 555nm, EU 590nm, EU 630nm, EU 680nm, EU Clear, EU NIR, EU D-SAT, EU A-SAT
17:46:55, 1002.80, 29.09, 31.79, 29.414, 1006, 1506, 2106, 2497, 2836, 2984, 3499, 3844, 19451, 7139, 0, 0, 5483, 7931, 10752, 13966, 15901, 17719, 29577, 32135, 36000, 36000, 1, 1
17:46:55, 1002.60, 29.09, 31.75, 29.414, 982, 1467, 2054, 2433, 2810, 2945, 3459, 3802, 19393, 7141, 0, 0, 5305, 7581, 10329, 13277, 15448, 17598, 29344, 32612, 36000, 36000, 1, 1
17:46:56, 1003.40, 29.10, 31.79, 29.422, 1311, 1994, 2774, 3271, 3817, 4004, 4703, 5149, 23668, 8377, 0, 0, 5084, 7113, 9918, 12323, 15873, 20180, 31174, 35939, 36000, 36000, 1, 1
17:46:57, 1003.30, 29.10, 31.77, 29.445, 1445, 2220, 3076, 3615, 4401, 4586, 5391, 5945, 26031, 9270, 0, 0, 5451, 7496, 10716, 13133, 13722, 18312, 29024, 35279, 36000, 36000, 1, 1
17:46:57, 1003.40, 29.10, 31.81, 29.445, 1677, 2573, 3553, 4219, 4387, 4589, 5399, 5918, 25903, 9146, 0, 0, 5406, 7496, 10841, 13272, 14216, 18801, 30279, 36000, 36000, 36000, 1, 1
17:46:58, 1003.70, 29.11, 31.81, 29.469, 1812, 2799, 3863, 4553, 4793, 4963, 5893, 6429, 27723, 9898, 0, 0, 1960, 3242, 4406, 5410, 9429, 10674, 14833, 17303, 36000, 23840, 1, 1
17:46:59, 1003.70, 29.11, 31.79, 29.500, 2069, 3201, 4422, 5218, 5997, 6316, 7454, 8266, 28905, 10125, 0, 0, 6225, 10494, 14781, 18396, 17100, 18346, 21487, 24550, 28010, 7836, 0, 0
17:46:59, 1003.80, 29.10, 31.81, 29.500, 2214, 3538, 4847, 5812, 6634, 6977, 8295, 9119, 32383, 11062, 0, 0, 2927, 3678, 5724, 6735, 10263, 11208, 13203, 14826, 23624, 6640, 0, 0
17:47:00, 1003.50, 29.10, 31.77, 29.500, 2398, 3766, 5145, 6208, 7584, 8150, 9463, 10955, 36000, 12903, 1, 1, 4210, 6039, 8693, 10403, 8829, 10241, 10019, 12802, 22328, 6549, 0, 0
17:47:01, 1003.50, 29.10, 31.79, 29.477, 2439, 3807, 5275, 6252, 6051, 6479, 7482, 8467, 32321, 10977, 0, 0, 3448, 5017, 7089, 9087, 13272, 13456, 17123, 18585, 36000, 11153, 1, 1
17:47:01, 1003.80, 29.11, 31.79, 29.477, 2272, 3570, 4897, 5920, 6837, 7340, 8566, 9753, 35404, 12680, 0, 1, 1518, 2220, 3332, 4273, 6153, 6598, 8080, 8366, 30334, 10455, 0, 0
17:47:02, 1003.60, 29.12, 31.79, 29.445, 2227, 3558, 4873, 5812, 6405, 6695, 7993, 8789, 30716, 10548, 0, 0, 928, 1422, 2118, 2753, 3583, 3797, 4567, 4952, 16560, 4442, 0, 0
17:47:03, 1010.10, 29.15, 31.77, 29.484, 2071, 3328, 4573, 5439, 6300, 6596, 7879, 8673, 32367, 11324, 0, 0, 180, 260, 510, 873, 1390, 1587, 2003, 2103, 4739, 508, 0, 0
17:47:03, 1016.70, 29.25, 31.79, 29.484, 1710, 2852, 4088, 5203, 6655, 7044, 8426, 9387, 29605, 6415, 0, 0, 129, 178, 359, 644, 1036, 1211, 1549, 1632, 3489, 353, 0, 0
17:47:04, 1019.80, 29.33, 31.79, 29.680, 1167, 2169, 3317, 4227, 4875, 5189, 6412, 7093, 22332, 3810, 0, 0, 100, 131, 270, 504, 839, 999, 1297, 1367, 2902, 287, 0, 0
17:47:05, 1029.80, 29.41, 31.77, 29.812, 762, 1350, 2114, 2955, 4043, 4526, 5481, 5816, 18675, 2970, 0, 0, 98, 125, 258, 492, 854, 1027, 1350, 1422, 2999, 284, 0, 0
17:47:05, 1042.20, 29.48, 31.77, 29.812, 322, 570, 996, 1479, 1628, 1793, 2230, 2540, 5796, 670, 0, 0, 53, 57, 117, 249, 460, 584, 801, 848, 1446, 130, 0, 0
17:47:06, 1048.40, 29.52, 31.77, 29.891, 144, 230, 430, 673, 933, 1046, 1331, 1500, 3291, 345, 0, 0, 37, 37, 74, 162, 328, 426, 596, 633, 988, 87, 0, 0
17:47:07, 1053.40, 29.55, 31.77, 29.937, 59, 76, 144, 255, 579, 670, 850, 972, 2002, 196, 0, 0, 29, 28, 54, 123, 271, 358, 509, 541, 812, 71, 0, 0
17:47:07, 1050.50, 29.58, 31.75, 29.937, 89, 128, 251, 422, 777, 888, 1141, 1300, 2800, 272, 0, 0, 31, 30, 60, 134, 297, 391, 548, 584, 949, 85, 0, 0
17:47:08, 1048.60, 29.61, 31.73, 29.961, 112, 176, 342, 568, 826, 941, 1216, 1362, 3878, 404, 0, 0, 35, 35, 70, 155, 323, 424, 590, 632, 1088, 98, 0, 0
17:47:09, 1048.80, 29.62, 31.77, 29.984, 139, 229, 442, 735, 1076, 1213, 1580, 1744, 5194, 533, 0, 0, 39, 39, 79, 172, 364, 474, 654, 706, 1275, 114, 0, 0
17:47:09, 1040.90, 29.64, 31.71, 29.984, 161, 269, 513, 857, 1324, 1496, 1930, 2137, 6311, 654, 0, 0, 44, 46, 94, 201, 422, 540, 735, 791, 1483, 135, 0, 0
17:47:10, 1040.10, 29.66, 31.75, 30.000, 217, 376, 698, 1101, 1611, 1809, 2303, 2523, 7942, 883, 0, 0, 47, 50, 103, 216, 438, 559, 759, 817, 1542, 141, 0, 0
17:47:11, 1041.90, 29.67, 31.70, 30.008, 217, 377, 696, 1105, 1563, 1753, 2238, 2444, 7903, 885, 0, 0, 51, 55, 111, 235, 472, 603, 822, 887, 1678, 153, 0, 0
17:47:11, 1040.90, 29.68, 31.71, 30.008, 238, 407, 755, 1209, 1622, 1830, 2316, 2566, 8000, 885, 0, 0, 52, 56, 115, 241, 480, 612, 833, 900, 1703, 156, 0, 0
17:47:12, 1039.90, 29.69, 31.71, 30.016, 232, 397, 736, 1158, 1614, 1814, 2288, 2541, 8014, 899, 0, 0, 50, 53, 109, 229, 456, 581, 789, 851, 1603, 147, 0, 0
17:47:13, 1040.10, 29.70, 31.71, 30.016, 238, 410, 754, 1176, 1625, 1822, 2286, 2550, 8074, 925, 0, 0, 51, 55, 113, 237, 472, 599, 813, 876, 1661, 153, 0, 0
17:47:13, 1040.90, 29.71, 31.70, 30.016, 236, 402, 742, 1153, 1623, 1810, 2297, 2551, 8131, 935, 0, 0, 53, 57, 117, 245, 488, 619, 841, 908, 1719, 158, 0, 0
17:47:14, 1040.70, 29.72, 31.71, 30.023, 236, 403, 746, 1177, 1636, 1844, 2323, 2588, 8279, 936, 0, 0, 53, 57, 116, 244, 485, 615, 835, 902, 1704, 156, 0, 0
17:47:15, 1041.40, 29.72, 31.73, 30.023, 246, 424, 780, 1228, 1682, 1894, 2380, 2660, 8526, 975, 0, 0, 53, 57, 118, 246, 483, 612, 830, 896, 1695, 155, 0, 0
17:47:15, 1045.00, 29.73, 31.73, 30.023, 198, 333, 624, 994, 1429, 1607, 2045, 2286, 7577, 854, 0, 0, 47, 50, 101, 215, 420, 538, 736, 797, 1467, 134, 0, 0
17:47:16, 1044.50, 29.73, 31.73, 30.031, 203, 342, 645, 1054, 1468, 1672, 2113, 2368, 7595, 831, 0, 0, 47, 50, 101, 214, 427, 547, 745, 807, 1490, 135, 0, 0
17:47:17, 1044.20, 29.74, 31.73, 30.039, 211, 359, 674, 1091, 1561, 1779, 2262, 2513, 7914, 859, 0, 0, 47, 50, 102, 217, 432, 553, 754, 816, 1510, 137, 0, 0
17:47:17, 1042.10, 29.74, 31.71, 30.039, 219, 377, 704, 1146, 1684, 1908, 2419, 2686, 8403, 919, 0, 0, 48, 52, 105, 222, 446, 567, 770, 833, 1549, 141, 0, 0
17:47:18, 1043.30, 29.75, 31.71, 30.039, 249, 436, 807, 1291, 1916, 2173, 2748, 3035, 9062, 991, 0, 0, 48, 52, 106, 223, 457, 581, 787, 852, 1567, 143, 0, 0
17:47:19, 1034.00, 29.76, 31.73, 30.047, 239, 412, 774, 1255, 2023, 2282, 2901, 3219, 8731, 933, 0, 0, 51, 56, 114, 238, 523, 654, 876, 944, 1776, 165, 0, 0
17:47:19, 1031.50, 29.78, 31.68, 30.047, 460, 833, 1444, 2112, 2895, 3173, 3958, 4354, 13540, 1785, 0, 0, 68, 79, 165, 328, 602, 742, 985, 1058, 2019, 191, 0, 0
17:47:20, 1033.30, 29.79, 31.70, 30.039, 483, 867, 1505, 2182, 3099, 3404, 4196, 4687, 14060, 1867, 0, 0, 69, 81, 169, 336, 627, 771, 1025, 1101, 2114, 199, 0, 0
17:47:21, 1038.30, 29.80, 31.68, 30.047, 421, 758, 1347, 2010, 2700, 3016, 3747, 4178, 11941, 1451, 0, 0, 63, 71, 148, 301, 579, 722, 965, 1040, 1955, 181, 0, 0
17:47:21, 1043.30, 29.81, 31.70, 30.047, 315, 551, 1021, 1594, 2283, 2571, 3259, 3603, 10199, 1151, 0, 0, 55, 60, 123, 258, 517, 653, 882, 953, 1751, 159, 0, 0
17:47:22, 1059.10, 29.81, 31.70, 30.039, 242, 410, 785, 1271, 1711, 1956, 2519, 2802, 7640, 785, 0, 0, 40, 40, 79, 174, 326, 430, 600, 655, 1114, 99, 0, 0
17:47:23, 1060.20, 29.82, 31.70, 30.047, 131, 201, 406, 735, 1152, 1353, 1780, 1991, 5194, 475, 0, 0, 33, 32, 62, 138, 303, 403, 565, 619, 1041, 92, 0, 0
17:47:23, 1061.80, 29.83, 31.68, 30.047, 127, 192, 387, 705, 1109, 1312, 1720, 1933, 4985, 446, 0, 0, 31, 30, 58, 131, 290, 387, 544, 597, 1003, 89, 0, 0
17:47:24, 1062.00, 29.83, 31.68, 30.055, 123, 186, 375, 686, 1115, 1319, 1733, 1946, 4979, 445, 0, 0, 31, 30, 58, 131, 291, 390, 547, 599, 1000, 88, 0, 0
17:47:25, 1058.90, 29.84, 31.68, 30.055, 132, 201, 408, 744, 1191, 1401, 1840, 2059, 5145, 459, 0, 0, 32, 31, 60, 135, 300, 398, 556, 607, 1005, 89, 0, 0
17:47:25, 1055.80, 29.84, 31.66, 30.055, 153, 241, 486, 865, 1316, 1536, 2009, 2235, 5650, 521, 0, 0, 35, 34, 67, 149, 323, 425, 591, 644, 1059, 94, 0, 0
17:47:26, 1047.30, 29.85, 31.68, 30.055, 174, 280, 562, 975, 1434, 1662, 2153, 2409, 6154, 585, 0, 0, 40, 40, 80, 175, 379, 491, 676, 733, 1196, 107, 0, 0
17:47:27, 1035.40, 29.86, 31.73, 30.055, 330, 584, 1085, 1688, 2622, 2897, 3647, 4045, 10825, 1263, 0, 0, 60, 68, 142, 289, 546, 676, 903, 965, 1720, 158, 0, 0
17:47:27, 1035.00, 29.86, 31.66, 30.055, 418, 762, 1368, 2060, 2638, 2931, 3670, 4043, 11039, 1314, 0, 0, 65, 74, 154, 314, 591, 732, 976, 1045, 1806, 167, 0, 0
17:47:28, 1035.00, 29.87, 31.66, 30.055, 439, 798, 1418, 2113, 2888, 3183, 3990, 4402, 11673, 1414, 0, 0, 64, 73, 152, 308, 594, 734, 979, 1050, 1869, 173, 0, 0
17:47:29, 1038.60, 29.87, 31.66, 30.055, 384, 683, 1237, 1837, 2544, 2825, 3546, 3926, 10869, 1291, 0, 0, 59, 65, 134, 277, 535, 669, 900, 966, 1644, 151, 0, 0
17:47:29, 1052.50, 29.88, 31.68, 30.055, 317, 549, 1033, 1587, 1945, 2198, 2770, 3101, 8726, 986, 0, 0, 55, 58, 118, 249, 447, 574, 787, 853, 1412, 128, 0, 0
17:47:30, 1070.00, 29.88, 31.68, 30.047, 158, 244, 495, 872, 1225, 1441, 1896, 2136, 4389, 383, 0, 0, 27, 25, 47, 107, 231, 314, 450, 493, 734, 65, 0, 0
17:47:31, 1081.90, 29.89, 31.66, 30.070, 79, 104, 215, 423, 663, 818, 1102, 1261, 2433, 195, 0, 0, 19, 16, 29, 67, 161, 229, 337, 374, 515, 45, 0, 0
17:47:31, 1101.80, 29.90, 31.66, 30.070, 58, 72, 145, 301, 513, 648, 888, 1027, 1900, 151, 0, 0, 13, 11, 19, 44, 104, 154, 234, 264, 374, 32, 0, 0
17:47:32, 1110.20, 29.90, 31.66, 30.070, 31, 34, 62, 141, 277, 369, 526, 619, 1104, 85, 0, 0, 10, 8, 13, 29, 82, 124, 194, 221, 295, 25, 0, 0
17:47:33, 1123.70, 29.91, 31.68, 30.078, 28, 30, 55, 126, 263, 353, 507, 595, 1053, 82, 0, 0, 8, 7, 10, 23, 61, 95, 151, 174, 242, 20, 0, 0
17:47:33, 1135.00, 29.92, 31.68, 30.078, 17, 18, 29, 69, 151, 214, 318, 381, 609, 46, 0, 0, 6, 4, 7, 15, 43, 69, 114, 132, 167, 14, 0, 0
17:47:34, 1142.30, 29.92, 31.68, 30.078, 14, 14, 23, 54, 127, 183, 276, 332, 515, 39, 0, 0, 4, 3, 5, 11, 34, 56, 94, 110, 135, 11, 0, 0
17:47:35, 1154.80, 29.93, 31.66, 30.102, 12, 12, 18, 41, 105, 154, 235, 286, 403, 31, 0, 0, 3, 3, 4, 9, 26, 44, 76, 89, 111, 9, 0, 0
17:47:35, 1167.50, 29.94, 31.64, 30.102, 8, 8, 10, 24, 62, 95, 150, 185, 227, 17, 0, 0, 2, 2, 3, 6, 18, 32, 57, 68, 76, 6, 0, 0
17:47:36, 1174.10, 29.95, 31.68, 30.109, 6, 6, 8, 18, 50, 79, 127, 158, 195, 15, 0, 0, 2, 1, 2, 4, 15, 27, 49, 59, 65, 5, 0, 0
17:47:37, 1183.90, 29.95, 31.68, 30.117, 6, 6, 7, 16, 47, 75, 120, 150, 166, 13, 0, 0, 2, 1, 2, 4, 13, 24, 43, 52, 60, 5, 0, 0
17:47:37, 1200.40, 29.95, 31.66, 30.117, 4, 4, 5, 11, 30, 50, 82, 104, 115, 9, 0, 0, 1, 1, 1, 2, 8, 16, 31, 37, 39, 3, 0, 0
17:47:38, 1203.90, 29.96, 31.68, 30.117, 3, 3, 3, 7, 22, 38, 64, 82, 88, 7, 0, 0, 1, 0, 1, 2, 7, 15, 28, 35, 35, 2, 0, 0
17:47:39, 1216.90, 29.97, 31.70, 30.133, 3, 3, 3, 6, 23, 39, 65, 84, 90, 7, 0, 0, 0, 0, 1, 2, 6, 12, 23, 28, 33, 2, 0, 0
17:47:39, 1227.40, 29.97, 31.68, 30.133, 2, 2, 2, 4, 14, 25, 44, 57, 60, 5, 0, 0, 0, 0, 0, 1, 4, 8, 17, 21, 22, 1, 0, 0
17:47:40, 1225.20, 29.98, 31.66, 30.133, 2, 2, 2, 3, 13, 23, 40, 53, 53, 4, 0, 0, 0, 0, 0, 1, 4, 9, 18, 23, 23, 1, 0, 0
17:47:41, 1235.40, 29.98, 31.68, 30.141, 2, 2, 2, 4, 14, 25, 43, 56, 55, 4, 0, 0, 0, 0, 0, 1, 4, 8, 16, 20, 23, 1, 0, 0
17:47:41, 1247.20, 29.98, 31.66, 30.141, 1, 2, 1, 3, 10, 19, 33, 44, 50, 4, 0, 0, 0, 0, 0, 1, 2, 5, 11, 15, 15, 1, 0, 0
17:47:42, 1246.20, 29.99, 31.70, 30.141, 1, 1, 1, 2, 8, 16, 28, 37, 39, 3, 0, 0, 0, 0, 0, 1, 2, 5, 12, 15, 16, 1, 0, 0
17:47:43, 1252.10, 29.99, 31.68, 30.148, 1, 1, 1, 2, 8, 16, 28, 38, 39, 3, 0, 0, 0, 0, 0, 0, 2, 5, 11, 15, 15, 0, 0, 0
17:47:43, 1263.10, 30.00, 31.66, 30.148, 1, 1, 1, 2, 7, 14, 25, 34, 42, 4, 0, 0, 0, 0, 0, 0, 1, 3, 8, 11, 11, 0, 0, 0
17:47:44, 1264.30, 30.00, 31.68, 30.141, 1, 1, 1, 1, 6, 12, 21, 29, 31, 3, 0, 0, 0, 0, 0, 0, 1, 3, 8, 11, 11, 0, 0, 0
17:47:45, 1260.80, 30.00, 31.70, 30.125, 1, 1, 0, 1, 6, 12, 22, 30, 33, 3, 0, 0, 0, 0, 0, 0, 1, 4, 9, 12, 12, 0, 0, 0
17:47:45, 1271.20, 30.00, 31.66, 30.125, 1, 1, 1, 1, 6, 12, 23, 30, 34, 3, 0, 0, 0, 0, 0, 0, 1, 3, 8, 10, 11, 0, 0, 0
17:47:46, 1273.20, 29.99, 31.66, 30.102, 0, 1, 1, 1, 4, 9, 18, 24, 25, 2, 0, 0, 0, 0, 0, 0, 1, 2, 6, 9, 9, 0, 0, 0
17:47:47, 1274.60, 30.00, 31.68, 30.109, 0, 1, 0, 1, 5, 9, 17, 24, 28, 2, 0, 0, 0, 0, 0, 0, 1, 2, 6, 8, 8, 0, 0, 0
17:47:47, 1285.50, 30.00, 31.66, 30.109, 0, 1, 0, 1, 4, 9, 17, 23, 24, 2, 0, 0, 0, 0, 0, 0, 0, 2, 6, 8, 8, 0, 0, 0
17:47:48, 1292.10, 30.00, 31.64, 30.102, 0, 1, 1, 0, 3, 6, 12, 17, 18, 2, 0, 0, 0, 0, 0, 0, 0, 1, 4, 6, 6, 0, 0, 0
17:47:49, 1291.70, 30.00, 31.66, 30.102, 0, 1, 0, 0, 3, 6, 11, 16, 17, 2, 0, 0, 0, 0, 0, 0, 0, 1, 4, 6, 5, 0, 0, 0
17:47:49, 1300.10, 30.00, 31.64, 30.102, 0, 1, 0, 0, 3, 6, 11, 15, 17, 2, 0, 0, 0, 0, 0, 0, 0, 1, 3, 5, 5, 0, 0, 0
17:47:50, 1298.10, 30.00, 31.70, 30.094, 0, 1, 0, 0, 2, 5, 9, 13, 13, 1, 0, 0, 0, 0, 0, 0, 0, 1, 3, 5, 5, 0, 0, 0
17:47:51, 1299.70, 30.00, 31.68, 30.102, 0, 1, 0, 0, 2, 5, 10, 14, 15, 1, 0, 0, 0, 0, 0, 0, 0, 1, 3, 5, 4, 0, 0, 0
17:47:51, 1308.30, 30.00, 31.66, 30.102, 0, 1, 0, 0, 2, 4, 8, 12, 11, 1, 0, 0, 0, 0, 0, 0, 0, 1, 3, 4, 4, 0, 0, 0
17:47:52, 1305.80, 30.00, 31.68, 30.078, 0, 1, 0, 0, 1, 4, 7, 10, 10, 1, 0, 0, 0, 0, 0, 0, 0, 1, 3, 4, 4, 0, 0, 0
17:47:53, 1306.20, 30.00, 31.66, 30.070, 0, 1, 0, 0, 2, 4, 8, 11, 12, 1, 0, 0, 0, 0, 0, 0, 0, 0, 3, 4, 4, 0, 0, 0
17:47:53, 1309.10, 30.00, 31.66, 30.070, 0, 1, 0, 0, 1, 4, 7, 11, 10, 1, 0, 0, 0, 0, 0, 0, 0, 1, 3, 4, 4, 0, 0, 0
17:47:54, 1313.40, 30.00, 31.64, 30.070, 0, 0, 0, 0, 1, 3, 6, 9, 10, 1, 0, 0, 0, 0, 0, 0, 0, 0, 2, 3, 3, 0, 0, 0
17:47:55, 1316.00, 30.00, 31.66, 30.086, 0, 0, 0, 0, 1, 3, 6, 9, 9, 1, 0, 0, 0, 0, 0, 0, 0, 0, 2, 3, 3, 0, 0, 0
17:47:55, 1317.60, 30.01, 31.64, 30.086, 0, 0, 0, 0, 1, 3, 6, 9, 9, 1, 0, 0, 0, 0, 0, 0, 0, 0, 2, 3, 3, 0, 0, 0
17:47:56, 1328.40, 30.01, 31.64, 30.086, 0, 0, 0, 0, 1, 3, 6, 7, 8, 1, 0, 0, 0, 0, 0, 0, 0, 0, 1, 2, 2, 0, 0, 0
17:47:57, 1331.10, 30.01, 31.66, 30.094, 0, 0, 0, 0, 1, 2, 4, 7, 7, 1, 0, 0, 0, 0, 0, 0, 0, 0, 1, 2, 2, 0, 0, 0
17:47:57, 1330.90, 30.01, 31.66, 30.094, 0, 0, 0, 0, 1, 2, 4, 6, 6, 1, 0, 0, 0, 0, 0, 0, 0, 0, 1, 2, 2, 0, 0, 0
17:47:58, 1335.50, 30.02, 31.68, 30.086, 0, 0, 0, 0, 1, 2, 4, 6, 6, 1, 0, 0, 0, 0, 0, 0, 0, 0, 1, 2, 2, 0, 0, 0
17:47:59, 1343.60, 30.02, 31.66, 30.094, 0, 0, 0, 0, 0, 2, 3, 5, 5, 1, 0, 0, 0, 0, 0, 0, 0, 0, 1, 2, 1, 0, 0, 0
17:47:59, 1344.90, 30.02, 31.68, 30.094, 0, 0, 0, 0, 0, 2, 3, 5, 5, 1, 0, 0, 0, 0, 0, 0, 0, 0, 1, 2, 1, 0, 0, 0
17:48:00, 1348.10, 30.02, 31.66, 30.086, 0, 0, 0, 0, 0, 2, 3, 5, 5, 1, 0, 0, 0, 0, 0, 0, 0, 0, 1, 2, 1, 0, 0, 0
17:48:01, 1348.80, 30.02, 31.66, 30.062, 0, 0, 0, 0, 0, 2, 3, 5, 4, 1, 0, 0, 0, 0, 0, 0, 0, 0, 1, 2, 1, 0, 0, 0
17:48:01, 1355.80, 30.01, 31.66, 30.062, 0, 0, 0, 0, 0, 1, 4, 4, 4, 1, 0, 0, 0, 0, 0, 0, 0, 0, 1, 1, 1, 0, 0, 0
17:48:02, 1354.00, 30.01, 31.68, 30.055, 0, 0, 0, 0, 0, 1, 3, 4, 4, 1, 0, 0, 0, 0, 0, 0, 0, 0, 1, 1, 1, 0, 0, 0
17:48:03, 1357.90, 30.01, 31.68, 30.047, 0, 0, 0, 0, 0, 1, 2, 4, 4, 1, 0, 0, 0, 0, 0, 0, 0, 0, 1, 1, 1, 0, 0, 0
17:48:03, 1372.60, 30.00, 31.68, 30.047, 0, 0, 0, 0, 0, 1, 2, 3, 4, 1, 0, 0, 0, 0, 0, 0, 0, 0, 0, 1, 1, 0, 0, 0
17:48:04, 1376.80, 30.00, 31.66, 30.016, 0, 0, 0, 0, 0, 1, 1, 3, 2, 0, 0, 0, 0, 0, 0, 0, 0, 0, 0, 1, 1, 0, 0, 0
17:48:05, 1378.40, 29.99, 31.66, 29.992, 0, 0, 0, 0, 0, 1, 1, 3, 2, 0, 0, 0, 0, 0, 0, 0, 0, 0, 0, 1, 1, 0, 0, 0
17:48:05, 1392.10, 29.99, 31.68, 29.992, 0, 0, 0, 0, 0, 1, 1, 3, 3, 1, 0, 0, 0, 0, 0, 0, 0, 0, 0, 1, 1, 0, 0, 0
17:48:06, 1407.00, 29.98, 31.66, 29.969, 0, 0, 0, 0, 0, 1, 1, 2, 1, 0, 0, 0, 0, 0, 0, 0, 0, 0, 0, 0, 0, 0, 0, 0
17:48:07, 1413.70, 29.97, 31.66, 29.945, 0, 0, 0, 0, 0, 1, 0, 1, 1, 0, 0, 0, 0, 0, 0, 0, 0, 0, 0, 0, 0, 0, 0, 0
17:48:07, 1420.20, 29.95, 31.66, 29.945, 0, 0, 0, 0, 0, 1, 0, 1, 1, 0, 0, 0, 0, 0, 0, 0, 0, 0, 0, 0, 0, 0, 0, 0
17:48:08, 1435.00, 29.94, 31.66, 29.875, 0, 0, 0, 0, 0, 0, 0, 1, 1, 0, 0, 0, 0, 0, 0, 0, 0, 0, 0, 0, 0, 0, 0, 0
17:48:09, 1443.10, 29.93, 31.66, 29.828, 0, 0, 0, 0, 0, 0, 0, 1, 0, 0, 0, 0, 0, 0, 0, 0, 0, 0, 0, 0, 0, 0, 0, 0
17:48:09, 1443.00, 29.92, 31.68, 29.828, 0, 0, 0, 0, 0, 0, 0, 0, 0, 0, 0, 0, 0, 0, 0, 0, 0, 0, 0, 0, 0, 0, 0, 0
17:48:10, 1461.20, 29.91, 31.70, 29.797, 0, 0, 0, 0, 0, 0, 0, 0, 0, 0, 0, 0, 0, 0, 0, 0, 0, 0, 0, 0, 0, 0, 0, 0
17:48:11, 1471.00, 29.90, 31.68, 29.797, 0, 0, 0, 0, 0, 0, 0, 0, 0, 0, 0, 0, 0, 0, 0, 0, 0, 0, 0, 0, 0, 0, 0, 0
17:48:11, 1466.60, 29.89, 31.66, 29.781, 0, 0, 0, 0, 0, 0, 0, 0, 0, 0, 0, 0, 0, 0, 0, 0, 0, 0, 0, 0, 0, 0, 0, 0
17:48:12, 1484.40, 29.89, 31.64, 29.766, 0, 0, 0, 0, 0, 0, 0, 0, 0, 0, 0, 0, 0, 0, 0, 0, 0, 0, 0, 0, 0, 0, 0, 0
17:48:13, 1496.60, 29.87, 31.66, 29.766, 0, 0, 0, 0, 0, 0, 1, 0, 0, 0, 0, 0, 0, 0, 0, 0, 0, 0, 0, 0, 0, 0, 0, 0
17:48:13, 1496.80, 29.85, 31.70, 29.734, 0, 0, 0, 0, 0, 0, 0, 0, 0, 0, 0, 0, 0, 0, 0, 0, 0, 0, 0, 0, 0, 0, 0, 0
17:48:14, 1504.10, 29.83, 31.66, 29.648, 0, 0, 0, 0, 0, 0, 0, 0, 0, 0, 0, 0, 0, 0, 0, 0, 0, 0, 0, 0, 0, 0, 0, 0
17:48:15, 1517.10, 29.81, 31.68, 29.648, 0, 0, 0, 0, 0, 0, 0, 0, 0, 0, 0, 0, 0, 0, 0, 0, 0, 0, 0, 0, 0, 0, 0, 0
17:48:15, 1518.90, 29.79, 31.64, 29.586, 0, 0, 0, 0, 0, 0, 0, 0, 0, 0, 0, 0, 0, 0, 0, 0, 0, 0, 0, 0, 0, 0, 0, 0
17:48:16, 1513.60, 29.77, 31.66, 29.523, 0, 0, 0, 0, 0, 0, 0, 0, 0, 0, 0, 0, 0, 0, 0, 0, 0, 0, 0, 0, 0, 0, 0, 0
17:48:17, 1529.30, 29.76, 31.64, 29.523, 0, 0, 0, 0, 0, 0, 0, 0, 0, 0, 0, 0, 0, 0, 0, 0, 0, 0, 0, 0, 0, 0, 0, 0
17:48:17, 1532.50, 29.74, 31.66, 29.484, 0, 0, 0, 0, 0, 0, 0, 0, 0, 0, 0, 0, 0, 0, 0, 0, 0, 0, 0, 0, 0, 0, 0, 0
17:48:18, 1529.00, 29.73, 31.70, 29.453, 0, 0, 0, 0, 0, 0, 0, 0, 0, 0, 0, 0, 0, 0, 0, 0, 0, 0, 0, 0, 0, 0, 0, 0
17:48:19, 1534.50, 29.71, 31.64, 29.453, 0, 0, 0, 0, 0, 0, 0, 0, 0, 0, 0, 0, 0, 0, 0, 0, 0, 0, 0, 0, 0, 0, 0, 0
17:48:19, 1553.20, 29.70, 31.71, 29.414, 0, 0, 0, 0, 0, 0, 0, 0, 0, 0, 0, 0, 0, 0, 0, 0, 0, 0, 0, 0, 0, 0, 0, 0
17:48:20, 1554.30, 29.69, 31.68, 29.391, 0, 0, 0, 0, 0, 0, 0, 0, 0, 0, 0, 0, 0, 0, 0, 0, 0, 0, 0, 0, 0, 0, 0, 0
17:48:21, 1549.70, 29.67, 31.66, 29.391, 0, 0, 0, 0, 0, 0, 0, 0, 0, 0, 0, 0, 0, 0, 0, 0, 0, 0, 0, 0, 0, 0, 0, 0
17:48:21, 1569.30, 29.66, 31.68, 29.352, 0, 0, 0, 0, 0, 0, 0, 0, 0, 0, 0, 0, 0, 0, 0, 0, 0, 0, 0, 0, 0, 0, 0, 0
17:48:22, 1577.00, 29.65, 31.70, 29.328, 0, 0, 0, 0, 0, 0, 0, 0, 0, 0, 0, 0, 0, 0, 0, 0, 0, 0, 0, 0, 0, 0, 0, 0
17:48:23, 1574.90, 29.64, 31.71, 29.328, 0, 0, 0, 0, 0, 0, 0, 0, 0, 0, 0, 0, 0, 0, 0, 0, 0, 0, 0, 0, 0, 0, 0, 0
17:48:23, 1571.00, 29.64, 31.64, 29.312, 0, 0, 0, 0, 0, 0, 0, 0, 0, 0, 0, 0, 0, 0, 0, 0, 0, 0, 0, 0, 0, 0, 0, 0
17:48:24, 1588.70, 29.63, 31.70, 29.305, 0, 0, 0, 0, 0, 0, 0, 0, 0, 0, 0, 0, 0, 0, 0, 0, 0, 0, 0, 0, 0, 0, 0, 0
17:48:25, 1595.30, 29.62, 31.68, 29.305, 0, 0, 0, 0, 0, 0, 0, 0, 0, 0, 0, 0, 0, 0, 0, 0, 0, 0, 0, 0, 0, 0, 0, 0
17:48:25, 1586.30, 29.61, 31.68, 29.297, 0, 0, 0, 0, 0, 0, 0, 0, 0, 0, 0, 0, 0, 0, 0, 0, 0, 0, 0, 0, 0, 0, 0, 0
17:48:26, 1598.90, 29.61, 31.66, 29.289, 0, 0, 0, 0, 0, 0, 0, 0, 0, 0, 0, 0, 0, 0, 0, 0, 0, 0, 0, 0, 0, 0, 0, 0
17:48:27, 1611.80, 29.61, 31.68, 29.289, 0, 0, 0, 0, 0, 0, 0, 0, 0, 0, 0, 0, 0, 0, 0, 0, 0, 0, 0, 0, 0, 0, 0, 0
17:48:27, 1607.10, 29.60, 31.68, 29.281, 0, 0, 0, 0, 0, 0, 0, 0, 0, 0, 0, 0, 0, 0, 0, 0, 0, 0, 0, 0, 0, 0, 0, 0
17:48:28, 1623.80, 29.59, 31.68, 29.258, 0, 0, 0, 0, 0, 0, 0, 0, 0, 0, 0, 0, 0, 0, 0, 0, 0, 0, 0, 0, 0, 0, 0, 0
17:48:29, 1624.10, 29.58, 31.68, 29.258, 0, 0, 0, 0, 0, 0, 0, 0, 0, 0, 0, 0, 0, 0, 0, 0, 0, 0, 0, 0, 0, 0, 0, 0
17:48:29, 1623.70, 29.57, 31.66, 29.242, 0, 0, 0, 0, 0, 0, 0, 0, 0, 0, 0, 0, 0, 0, 0, 0, 0, 0, 0, 0, 0, 0, 0, 0
17:48:30, 1627.70, 29.56, 31.70, 29.219, 0, 0, 0, 0, 0, 0, 0, 0, 0, 0, 0, 0, 0, 0, 0, 0, 0, 0, 0, 0, 0, 0, 0, 0
17:48:31, 1638.60, 29.56, 31.68, 29.219, 0, 0, 0, 0, 0, 0, 0, 0, 0, 0, 0, 0, 0, 0, 0, 0, 0, 0, 0, 0, 0, 0, 0, 0
17:48:31, 1653.90, 29.55, 31.66, 29.211, 0, 0, 0, 0, 0, 0, 0, 0, 0, 0, 0, 0, 0, 0, 0, 0, 0, 0, 0, 0, 0, 0, 0, 0
17:48:32, 1658.00, 29.55, 31.66, 29.211, 0, 0, 0, 0, 0, 0, 0, 0, 0, 0, 0, 0, 0, 0, 0, 0, 0, 0, 0, 0, 0, 0, 0, 0
17:48:33, 1670.90, 29.54, 31.64, 29.211, 0, 0, 0, 0, 0, 0, 0, 0, 0, 0, 0, 0, 0, 0, 0, 0, 0, 0, 0, 0, 0, 0, 0, 0
17:48:33, 1687.90, 29.53, 31.70, 29.203, 0, 0, 0, 0, 0, 0, 0, 0, 0, 0, 0, 0, 0, 0, 0, 0, 0, 0, 0, 0, 0, 0, 0, 0
17:48:34, 1687.60, 29.53, 31.68, 29.203, 0, 0, 0, 0, 0, 0, 0, 0, 0, 0, 0, 0, 0, 0, 0, 0, 0, 0, 0, 0, 0, 0, 0, 0
17:48:35, 1691.70, 29.52, 31.66, 29.203, 0, 0, 0, 0, 0, 0, 0, 0, 0, 0, 0, 0, 0, 0, 0, 0, 0, 0, 0, 0, 0, 0, 0, 0
17:48:35, 1705.10, 29.52, 31.68, 29.203, 0, 0, 0, 0, 0, 0, 0, 0, 0, 0, 0, 0, 0, 0, 0, 0, 0, 0, 0, 0, 0, 0, 0, 0
17:48:36, 1724.90, 29.52, 31.68, 29.203, 0, 0, 0, 0, 0, 0, 0, 0, 0, 0, 0, 0, 0, 0, 0, 0, 0, 0, 0, 0, 0, 0, 0, 0
17:48:37, 1744.20, 29.52, 31.68, 29.203, 0, 0, 0, 0, 0, 0, 0, 0, 0, 0, 0, 0, 0, 0, 0, 0, 0, 0, 0, 0, 0, 0, 0, 0
17:48:37, 1751.30, 29.51, 31.66, 29.195, 0, 0, 0, 0, 0, 0, 0, 0, 0, 0, 0, 0, 0, 0, 0, 0, 0, 0, 0, 0, 0, 0, 0, 0
17:48:38, 1763.00, 29.51, 31.64, 29.203, 0, 0, 0, 0, 0, 0, 0, 0, 0, 0, 0, 0, 0, 0, 0, 0, 0, 0, 0, 0, 0, 0, 0, 0
17:48:39, 1775.20, 29.51, 31.68, 29.203, 0, 0, 0, 0, 0, 0, 0, 0, 0, 0, 0, 0, 0, 0, 0, 0, 0, 0, 0, 0, 0, 0, 0, 0
17:48:39, 1763.00, 29.51, 31.68, 29.195, 0, 0, 0, 0, 0, 0, 0, 0, 0, 0, 0, 0, 0, 0, 0, 0, 0, 0, 0, 0, 0, 0, 0, 0
17:48:40, 1759.30, 29.50, 31.68, 29.203, 0, 0, 0, 0, 0, 0, 0, 0, 0, 0, 0, 0, 0, 0, 0, 0, 0, 0, 0, 0, 0, 0, 0, 0
17:48:41, 1741.40, 29.50, 31.68, 29.203, 0, 0, 0, 0, 0, 0, 0, 0, 0, 0, 0, 0, 0, 0, 0, 0, 0, 0, 0, 0, 0, 0, 0, 0
17:48:41, 1724.60, 29.50, 31.66, 29.195, 0, 0, 0, 0, 0, 0, 0, 0, 0, 0, 0, 0, 0, 0, 0, 0, 0, 0, 0, 0, 0, 0, 0, 0
17:48:42, 1718.10, 29.50, 31.66, 29.195, 0, 0, 0, 0, 0, 0, 0, 0, 0, 0, 0, 0, 0, 0, 0, 0, 0, 0, 0, 0, 0, 0, 0, 0
17:48:43, 1713.10, 29.50, 31.64, 29.195, 0, 0, 0, 0, 0, 0, 0, 0, 0, 0, 0, 0, 0, 0, 0, 0, 0, 0, 0, 0, 0, 0, 0, 0
17:48:43, 1708.40, 29.50, 31.68, 29.195, 0, 0, 0, 0, 0, 0, 0, 0, 0, 0, 0, 0, 0, 0, 0, 0, 0, 0, 0, 0, 0, 0, 0, 0
17:48:44, 1705.00, 29.50, 31.66, 29.203, 0, 0, 0, 0, 0, 0, 0, 0, 0, 0, 0, 0, 0, 0, 0, 0, 0, 0, 0, 0, 0, 0, 0, 0
17:48:45, 1699.60, 29.50, 31.68, 29.203, 0, 0, 0, 0, 0, 0, 0, 0, 0, 0, 0, 0, 0, 0, 0, 0, 0, 0, 0, 0, 0, 0, 0, 0
17:48:45, 1695.70, 29.50, 31.66, 29.195, 0, 0, 0, 0, 0, 0, 0, 0, 0, 0, 0, 0, 0, 0, 0, 0, 0, 0, 0, 0, 0, 0, 0, 0
17:48:46, 1692.30, 29.50, 31.66, 29.203, 0, 0, 0, 0, 0, 0, 0, 0, 0, 0, 0, 0, 0, 0, 0, 0, 0, 0, 0, 0, 0, 0, 0, 0
17:48:47, 1688.00, 29.50, 31.64, 29.203, 0, 0, 0, 0, 0, 0, 0, 0, 0, 0, 0, 0, 0, 0, 0, 0, 0, 0, 0, 0, 0, 0, 0, 0
17:48:48, 1680.60, 29.50, 31.66, 29.203, 0, 0, 0, 0, 0, 0, 0, 0, 0, 0, 0, 0, 0, 0, 0, 0, 0, 0, 0, 0, 0, 0, 0, 0
17:48:48, 1677.10, 29.50, 31.66, 29.195, 0, 0, 0, 0, 0, 0, 0, 0, 0, 0, 0, 0, 0, 0, 0, 0, 0, 0, 0, 0, 0, 0, 0, 0
17:48:49, 1671.00, 29.50, 31.68, 29.195, 0, 0, 0, 0, 0, 0, 0, 0, 0, 0, 0, 0, 0, 0, 0, 0, 0, 0, 0, 0, 0, 0, 0, 0
17:48:50, 1668.10, 29.50, 31.66, 29.203, 0, 0, 0, 0, 0, 0, 0, 0, 0, 0, 0, 0, 0, 0, 0, 0, 0, 0, 0, 0, 0, 0, 0, 0
17:48:50, 1666.80, 29.50, 31.64, 29.203, 0, 0, 0, 0, 0, 0, 0, 0, 0, 0, 0, 0, 0, 0, 0, 0, 0, 0, 0, 0, 0, 0, 0, 0
17:48:51, 1665.60, 29.50, 31.66, 29.203, 0, 0, 0, 0, 0, 0, 0, 0, 0, 0, 0, 0, 0, 0, 0, 0, 0, 0, 0, 0, 0, 0, 0, 0
17:48:52, 1663.70, 29.50, 31.66, 29.195, 0, 0, 0, 0, 0, 0, 0, 0, 0, 0, 0, 0, 0, 0, 0, 0, 0, 0, 0, 0, 0, 0, 0, 0
17:48:52, 1663.40, 29.50, 31.64, 29.203, 0, 0, 0, 0, 0, 0, 0, 0, 0, 0, 0, 0, 0, 0, 0, 0, 0, 0, 0, 0, 0, 0, 0, 0
17:48:53, 1654.50, 29.50, 31.66, 29.203, 0, 0, 0, 0, 0, 0, 0, 0, 0, 0, 0, 0, 0, 0, 0, 0, 0, 0, 0, 0, 0, 0, 0, 0
17:48:54, 1652.20, 29.50, 31.64, 29.195, 0, 0, 0, 0, 0, 0, 0, 0, 0, 0, 0, 0, 0, 0, 0, 0, 0, 0, 0, 0, 0, 0, 0, 0
17:48:54, 1646.30, 29.50, 31.66, 29.203, 0, 0, 0, 0, 0, 0, 0, 0, 0, 0, 0, 0, 0, 0, 0, 0, 0, 0, 0, 0, 0, 0, 0, 0
17:48:55, 1645.60, 29.50, 31.64, 29.203, 0, 0, 0, 0, 0, 0, 0, 0, 0, 0, 0, 0, 0, 0, 0, 0, 0, 0, 0, 0, 0, 0, 0, 0
17:48:56, 1642.20, 29.50, 31.66, 29.203, 0, 0, 0, 0, 0, 0, 0, 0, 0, 0, 0, 0, 0, 0, 0, 0, 0, 0, 0, 0, 0, 0, 0, 0
17:48:56, 1637.00, 29.50, 31.66, 29.203, 0, 0, 0, 0, 0, 0, 0, 0, 0, 0, 0, 0, 0, 0, 0, 0, 0, 0, 0, 0, 0, 0, 0, 0
17:48:57, 1633.60, 29.50, 31.66, 29.203, 0, 0, 0, 0, 0, 0, 0, 0, 0, 0, 0, 0, 0, 0, 0, 0, 0, 0, 0, 0, 0, 0, 0, 0
17:48:58, 1628.50, 29.50, 31.68, 29.195, 0, 0, 0, 0, 0, 0, 0, 0, 0, 0, 0, 0, 0, 0, 0, 0, 0, 0, 0, 0, 0, 0, 0, 0
17:48:58, 1627.40, 29.50, 31.68, 29.203, 0, 0, 0, 0, 0, 0, 0, 0, 0, 0, 0, 0, 0, 0, 0, 0, 0, 0, 0, 0, 0, 0, 0, 0
17:48:59, 1623.40, 29.50, 31.68, 29.203, 0, 0, 0, 0, 0, 0, 0, 0, 0, 0, 0, 0, 0, 0, 0, 0, 0, 0, 0, 0, 0, 0, 0, 0
17:49:00, 1620.30, 29.50, 31.66, 29.195, 0, 0, 0, 0, 0, 0, 0, 0, 0, 0, 0, 0, 0, 0, 0, 0, 0, 0, 0, 0, 0, 0, 0, 0
17:49:00, 1617.10, 29.50, 31.68, 29.203, 0, 0, 0, 0, 0, 0, 0, 0, 0, 0, 0, 0, 0, 0, 0, 0, 0, 0, 0, 0, 0, 0, 0, 0
17:49:01, 1613.80, 29.50, 31.68, 29.203, 0, 0, 0, 0, 0, 0, 0, 0, 0, 0, 0, 0, 0, 0, 0, 0, 0, 0, 0, 0, 0, 0, 0, 0
17:49:02, 1608.50, 29.50, 31.68, 29.195, 0, 0, 0, 0, 0, 0, 0, 0, 0, 0, 0, 0, 0, 0, 0, 0, 0, 0, 0, 0, 0, 0, 0, 0
17:49:02, 1599.10, 29.50, 31.66, 29.203, 0, 0, 0, 0, 0, 0, 0, 0, 0, 0, 0, 0, 0, 0, 0, 0, 0, 0, 0, 0, 0, 0, 0, 0
17:49:03, 1600.40, 29.50, 31.66, 29.203, 0, 0, 0, 0, 0, 0, 0, 0, 0, 0, 0, 0, 0, 0, 0, 0, 0, 0, 0, 0, 0, 0, 0, 0
17:49:04, 1599.70, 29.50, 31.66, 29.203, 0, 0, 0, 0, 0, 0, 0, 0, 0, 0, 0, 0, 0, 0, 0, 0, 0, 0, 0, 0, 0, 0, 0, 0
17:49:04, 1596.10, 29.50, 31.64, 29.211, 0, 0, 0, 0, 0, 0, 0, 0, 0, 0, 0, 0, 0, 0, 0, 0, 0, 0, 0, 0, 0, 0, 0, 0
17:49:05, 1592.20, 29.50, 31.68, 29.211, 0, 0, 0, 0, 0, 0, 0, 0, 0, 0, 0, 0, 0, 0, 0, 0, 0, 0, 0, 0, 0, 0, 0, 0
17:49:06, 1588.50, 29.50, 31.64, 29.203, 0, 0, 0, 0, 0, 0, 0, 0, 0, 0, 0, 0, 0, 0, 0, 0, 0, 0, 0, 0, 0, 0, 0, 0
17:49:06, 1589.80, 29.50, 31.66, 29.211, 0, 0, 0, 0, 0, 0, 0, 0, 0, 0, 0, 0, 0, 0, 0, 0, 0, 0, 0, 0, 0, 0, 0, 0
17:49:07, 1587.30, 29.50, 31.66, 29.211, 0, 0, 0, 0, 0, 0, 0, 0, 0, 0, 0, 0, 0, 0, 0, 0, 0, 0, 0, 0, 0, 0, 0, 0
17:49:08, 1582.00, 29.50, 31.66, 29.211, 0, 0, 0, 0, 0, 0, 0, 0, 0, 0, 0, 0, 0, 0, 0, 0, 0, 0, 0, 0, 0, 0, 0, 0
17:49:08, 1581.70, 29.50, 31.62, 29.219, 0, 0, 0, 0, 0, 0, 0, 0, 0, 0, 0, 0, 0, 0, 0, 0, 0, 0, 0, 0, 0, 0, 0, 0
17:49:09, 1578.20, 29.50, 31.68, 29.219, 0, 0, 0, 0, 0, 0, 0, 0, 0, 0, 0, 0, 0, 0, 0, 0, 0, 0, 0, 0, 0, 0, 0, 0
17:49:10, 1575.60, 29.50, 31.66, 29.211, 0, 0, 0, 0, 0, 0, 0, 0, 0, 0, 0, 0, 0, 0, 0, 0, 0, 0, 0, 0, 0, 0, 0, 0
17:49:10, 1572.70, 29.50, 31.68, 29.219, 0, 0, 0, 0, 0, 0, 0, 0, 0, 0, 0, 0, 0, 0, 0, 0, 0, 0, 0, 0, 0, 0, 0, 0
17:49:11, 1572.40, 29.50, 31.68, 29.219, 0, 0, 0, 0, 0, 0, 0, 0, 0, 0, 0, 0, 0, 0, 0, 0, 0, 0, 0, 0, 0, 0, 0, 0
17:49:12, 1570.60, 29.50, 31.66, 29.219, 0, 0, 0, 0, 0, 0, 0, 0, 0, 0, 0, 0, 0, 0, 0, 0, 0, 0, 0, 0, 0, 0, 0, 0
17:49:12, 1572.30, 29.50, 31.66, 29.219, 0, 0, 0, 0, 0, 0, 0, 0, 0, 0, 0, 0, 0, 0, 0, 0, 0, 0, 0, 0, 0, 0, 0, 0
17:49:13, 1573.40, 29.50, 31.66, 29.219, 0, 0, 0, 0, 0, 0, 0, 0, 0, 0, 0, 0, 0, 0, 0, 0, 0, 0, 0, 0, 0, 0, 0, 0
17:49:14, 1570.40, 29.50, 31.66, 29.219, 0, 0, 0, 0, 0, 0, 0, 0, 0, 0, 0, 0, 0, 0, 0, 0, 0, 0, 0, 0, 0, 0, 0, 0
17:49:14, 1567.80, 29.50, 31.68, 29.227, 0, 0, 0, 0, 0, 0, 0, 0, 0, 0, 0, 0, 0, 0, 0, 0, 0, 0, 0, 0, 0, 0, 0, 0
17:49:15, 1564.80, 29.50, 31.68, 29.227, 0, 0, 0, 0, 0, 0, 0, 0, 0, 0, 0, 0, 0, 0, 0, 0, 0, 0, 0, 0, 0, 0, 0, 0
17:49:16, 1566.30, 29.50, 31.66, 29.227, 0, 0, 0, 0, 0, 0, 0, 0, 0, 0, 0, 0, 0, 0, 0, 0, 0, 0, 0, 0, 0, 0, 0, 0
17:49:16, 1567.00, 29.50, 31.66, 29.227, 0, 0, 0, 0, 0, 0, 0, 0, 0, 0, 0, 0, 0, 0, 0, 0, 0, 0, 0, 0, 0, 0, 0, 0
17:49:17, 1563.00, 29.50, 31.66, 29.227, 0, 0, 0, 0, 0, 0, 0, 0, 0, 0, 0, 0, 0, 0, 0, 0, 0, 0, 0, 0, 0, 0, 0, 0
17:49:18, 1561.70, 29.50, 31.68, 29.219, 0, 0, 0, 0, 0, 0, 0, 0, 0, 0, 0, 0, 0, 0, 0, 0, 0, 0, 0, 0, 0, 0, 0, 0
17:49:18, 1557.90, 29.51, 31.68, 29.234, 0, 0, 0, 0, 0, 0, 0, 0, 0, 0, 0, 0, 0, 0, 0, 0, 0, 0, 0, 0, 0, 0, 0, 0
17:49:19, 1557.90, 29.51, 31.64, 29.234, 0, 0, 0, 0, 0, 0, 0, 0, 0, 0, 0, 0, 0, 0, 0, 0, 0, 0, 0, 0, 0, 0, 0, 0
17:49:20, 1551.40, 29.51, 31.60, 29.234, 0, 0, 0, 0, 0, 0, 0, 0, 0, 0, 0, 0, 0, 0, 0, 0, 0, 0, 0, 0, 0, 0, 0, 0
17:49:20, 1548.90, 29.51, 31.64, 29.234, 0, 0, 0, 0, 0, 0, 0, 0, 0, 0, 0, 0, 0, 0, 0, 0, 0, 0, 0, 0, 0, 0, 0, 0
17:49:21, 1546.10, 29.51, 31.64, 29.234, 0, 0, 0, 0, 0, 0, 0, 0, 0, 0, 0, 0, 0, 0, 0, 0, 0, 0, 0, 0, 0, 0, 0, 0
17:49:22, 1547.40, 29.51, 31.66, 29.227, 0, 0, 0, 0, 0, 0, 0, 0, 0, 0, 0, 0, 0, 0, 0, 0, 0, 0, 0, 0, 0, 0, 0, 0
17:49:22, 1544.70, 29.51, 31.66, 29.234, 0, 0, 0, 0, 0, 0, 0, 0, 0, 0, 0, 0, 0, 0, 0, 0, 0, 0, 0, 0, 0, 0, 0, 0
17:49:23, 1543.50, 29.51, 31.66, 29.234, 0, 0, 0, 0, 0, 0, 0, 0, 0, 0, 0, 0, 0, 0, 0, 0, 0, 0, 0, 0, 0, 0, 0, 0
17:49:24, 1541.10, 29.51, 31.68, 29.234, 0, 0, 0, 0, 0, 0, 0, 0, 0, 0, 0, 0, 0, 0, 0, 0, 0, 0, 0, 0, 0, 0, 0, 0
17:49:24, 1542.20, 29.51, 31.68, 29.234, 0, 0, 0, 0, 0, 0, 0, 0, 0, 0, 0, 0, 0, 0, 0, 0, 0, 0, 0, 0, 0, 0, 0, 0
17:49:25, 1538.00, 29.51, 31.64, 29.234, 0, 0, 0, 0, 0, 0, 0, 0, 0, 0, 0, 0, 0, 0, 0, 0, 0, 0, 0, 0, 0, 0, 0, 0
17:49:26, 1537.50, 29.51, 31.64, 29.234, 0, 0, 0, 0, 0, 0, 0, 0, 0, 0, 0, 0, 0, 0, 0, 0, 0, 0, 0, 0, 0, 0, 0, 0
17:49:26, 1538.00, 29.51, 31.66, 29.250, 0, 0, 0, 0, 0, 0, 0, 0, 0, 0, 0, 0, 0, 0, 0, 0, 0, 0, 0, 0, 0, 0, 0, 0
17:49:27, 1540.70, 29.51, 31.66, 29.250, 0, 0, 0, 0, 0, 0, 0, 0, 0, 0, 0, 0, 0, 0, 0, 0, 0, 0, 0, 0, 0, 0, 0, 0
17:49:28, 1536.50, 29.51, 31.64, 29.250, 0, 0, 0, 0, 0, 0, 0, 0, 0, 0, 0, 0, 0, 0, 0, 0, 0, 0, 0, 0, 0, 0, 0, 0
17:49:28, 1536.80, 29.51, 31.64, 29.266, 0, 0, 0, 0, 0, 0, 0, 0, 0, 0, 0, 0, 0, 0, 0, 0, 0, 0, 0, 0, 0, 0, 0, 0
17:49:29, 1535.70, 29.52, 31.64, 29.266, 0, 0, 0, 0, 0, 0, 0, 0, 0, 0, 0, 0, 0, 0, 0, 0, 0, 0, 0, 0, 0, 0, 0, 0
17:49:30, 1537.20, 29.52, 31.66, 29.266, 0, 0, 0, 0, 0, 0, 0, 0, 0, 0, 0, 0, 0, 0, 0, 0, 0, 0, 0, 0, 0, 0, 0, 0
17:49:30, 1537.70, 29.52, 31.68, 29.266, 0, 0, 0, 0, 0, 0, 0, 0, 0, 0, 0, 0, 0, 0, 0, 0, 0, 0, 0, 0, 0, 0, 0, 0
17:49:31, 1533.40, 29.52, 31.66, 29.266, 0, 0, 0, 0, 0, 0, 0, 0, 0, 0, 0, 0, 0, 0, 0, 0, 0, 0, 0, 0, 0, 0, 0, 0
17:49:32, 1531.10, 29.52, 31.66, 29.273, 0, 0, 0, 0, 0, 0, 0, 0, 0, 0, 0, 0, 0, 0, 0, 0, 0, 0, 0, 0, 0, 0, 0, 0
17:49:32, 1530.30, 29.52, 31.66, 29.273, 0, 0, 0, 0, 0, 0, 0, 0, 0, 0, 0, 0, 0, 0, 0, 0, 0, 0, 0, 0, 0, 0, 0, 0
17:49:33, 1530.70, 29.52, 31.64, 29.273, 0, 0, 0, 0, 0, 0, 0, 0, 0, 0, 0, 0, 0, 0, 0, 0, 0, 0, 0, 0, 0, 0, 0, 0
17:49:34, 1528.50, 29.52, 31.66, 29.266, 0, 0, 0, 0, 0, 0, 0, 0, 0, 0, 0, 0, 0, 0, 0, 0, 0, 0, 0, 0, 0, 0, 0, 0
17:49:34, 1527.40, 29.52, 31.68, 29.266, 0, 0, 0, 0, 0, 0, 0, 0, 0, 0, 0, 0, 0, 0, 0, 0, 0, 0, 0, 0, 0, 0, 0, 0
17:49:35, 1527.20, 29.51, 31.66, 29.258, 0, 0, 0, 0, 0, 0, 0, 0, 0, 0, 0, 0, 0, 0, 0, 0, 0, 0, 0, 0, 0, 0, 0, 0
17:49:36, 1528.30, 29.51, 31.68, 29.250, 0, 0, 0, 0, 0, 0, 0, 0, 0, 0, 0, 0, 0, 0, 0, 0, 0, 0, 0, 0, 0, 0, 0, 0
17:49:36, 1525.70, 29.51, 31.64, 29.250, 0, 0, 0, 0, 0, 0, 0, 0, 0, 0, 0, 0, 0, 0, 0, 0, 0, 0, 0, 0, 0, 0, 0, 0
17:49:37, 1525.50, 29.51, 31.64, 29.242, 0, 0, 0, 0, 0, 0, 0, 0, 0, 0, 0, 0, 0, 0, 0, 0, 0, 0, 0, 0, 0, 0, 0, 0
17:49:38, 1528.40, 29.51, 31.64, 29.242, 0, 0, 0, 0, 0, 0, 0, 0, 0, 0, 0, 0, 0, 0, 0, 0, 0, 0, 0, 0, 0, 0, 0, 0
17:49:38, 1526.50, 29.50, 31.66, 29.242, 0, 0, 0, 0, 0, 0, 0, 0, 0, 0, 0, 0, 0, 0, 0, 0, 0, 0, 0, 0, 0, 0, 0, 0
17:49:39, 1522.70, 29.50, 31.66, 29.250, 0, 0, 0, 0, 0, 0, 0, 0, 0, 0, 0, 0, 0, 0, 0, 0, 0, 0, 0, 0, 0, 0, 0, 0
17:49:40, 1523.60, 29.50, 31.64, 29.242, 0, 0, 0, 0, 0, 0, 0, 0, 0, 0, 0, 0, 0, 0, 0, 0, 0, 0, 0, 0, 0, 0, 0, 0
17:49:40, 1525.20, 29.51, 31.68, 29.242, 0, 0, 0, 0, 0, 0, 0, 0, 0, 0, 0, 0, 0, 0, 0, 0, 0, 0, 0, 0, 0, 0, 0, 0
17:49:41, 1522.60, 29.50, 31.68, 29.242, 0, 0, 0, 0, 0, 0, 0, 0, 0, 0, 0, 0, 0, 0, 0, 0, 0, 0, 0, 0, 0, 0, 0, 0
17:49:42, 1517.40, 29.50, 31.66, 29.242, 0, 0, 0, 0, 0, 0, 0, 0, 0, 0, 0, 0, 0, 0, 0, 0, 0, 0, 0, 0, 0, 0, 0, 0
17:49:42, 1514.70, 29.51, 31.64, 29.242, 0, 0, 0, 0, 0, 0, 0, 0, 0, 0, 0, 0, 0, 0, 0, 0, 0, 0, 0, 0, 0, 0, 0, 0
17:49:43, 1516.30, 29.51, 31.64, 29.242, 0, 0, 0, 0, 0, 0, 0, 0, 0, 0, 0, 0, 0, 0, 0, 0, 0, 0, 0, 0, 0, 0, 0, 0
17:49:44, 1519.40, 29.50, 31.66, 29.242, 0, 0, 0, 0, 0, 0, 0, 0, 0, 0, 0, 0, 0, 0, 0, 0, 0, 0, 0, 0, 0, 0, 0, 0
17:49:44, 1511.10, 29.51, 31.66, 29.242, 0, 0, 0, 0, 0, 0, 0, 0, 0, 0, 0, 0, 0, 0, 0, 0, 0, 0, 0, 0, 0, 0, 0, 0
17:49:45, 1507.20, 29.51, 31.64, 29.242, 0, 0, 0, 0, 0, 0, 0, 0, 0, 0, 0, 0, 0, 0, 0, 0, 0, 0, 0, 0, 0, 0, 0, 0
17:49:46, 1505.50, 29.51, 31.66, 29.242, 0, 0, 0, 0, 0, 0, 0, 0, 0, 0, 0, 0, 0, 0, 0, 0, 0, 0, 0, 0, 0, 0, 0, 0
17:49:46, 1509.40, 29.51, 31.66, 29.242, 0, 0, 0, 0, 0, 0, 0, 0, 0, 0, 0, 0, 0, 0, 0, 0, 0, 0, 0, 0, 0, 0, 0, 0
17:49:47, 1503.50, 29.51, 31.64, 29.242, 0, 0, 0, 0, 0, 0, 0, 0, 0, 0, 0, 0, 0, 0, 0, 0, 0, 0, 0, 0, 0, 0, 0, 0
17:49:48, 1500.50, 29.51, 31.66, 29.250, 0, 0, 0, 0, 0, 0, 0, 0, 0, 0, 0, 0, 0, 0, 0, 0, 0, 0, 0, 0, 0, 0, 0, 0
17:49:48, 1498.00, 29.51, 31.66, 29.250, 0, 0, 0, 0, 0, 0, 0, 0, 0, 0, 0, 0, 0, 0, 0, 0, 0, 0, 0, 0, 0, 0, 0, 0
17:49:49, 1504.30, 29.51, 31.62, 29.250, 0, 0, 0, 0, 0, 0, 0, 0, 0, 0, 0, 0, 0, 0, 0, 0, 0, 0, 0, 0, 0, 0, 0, 0
17:49:50, 1503.60, 29.51, 31.66, 29.250, 0, 0, 0, 0, 0, 0, 0, 0, 0, 0, 0, 0, 0, 0, 0, 0, 0, 0, 0, 0, 0, 0, 0, 0
17:49:50, 1500.00, 29.51, 31.64, 29.250, 0, 0, 0, 0, 0, 0, 0, 0, 0, 0, 0, 0, 0, 0, 0, 0, 0, 0, 0, 0, 0, 0, 0, 0
17:49:51, 1497.60, 29.51, 31.68, 29.266, 0, 0, 0, 0, 0, 0, 0, 0, 0, 0, 0, 0, 0, 0, 0, 0, 0, 0, 0, 0, 0, 0, 0, 0
17:49:52, 1500.00, 29.51, 31.62, 29.273, 0, 0, 0, 0, 0, 0, 0, 0, 0, 0, 0, 0, 0, 0, 0, 0, 0, 0, 0, 0, 0, 0, 0, 0
17:49:52, 1494.50, 29.52, 31.64, 29.273, 0, 0, 0, 0, 0, 0, 0, 0, 0, 0, 0, 0, 0, 0, 0, 0, 0, 0, 0, 0, 0, 0, 0, 0
17:49:53, 1490.80, 29.52, 31.62, 29.266, 0, 0, 0, 0, 0, 0, 0, 0, 0, 0, 0, 0, 0, 0, 0, 0, 0, 0, 0, 0, 0, 0, 0, 0
17:49:54, 1487.10, 29.52, 31.68, 29.266, 0, 0, 0, 0, 0, 0, 0, 0, 0, 0, 0, 0, 0, 0, 0, 0, 0, 0, 0, 0, 0, 0, 0, 0
17:49:54, 1492.20, 29.52, 31.66, 29.266, 0, 0, 0, 0, 0, 0, 0, 0, 0, 0, 0, 0, 0, 0, 0, 0, 0, 0, 0, 0, 0, 0, 0, 0
17:49:55, 1485.30, 29.52, 31.66, 29.266, 0, 0, 0, 0, 0, 0, 0, 0, 0, 0, 0, 0, 0, 0, 0, 0, 0, 0, 0, 0, 0, 0, 0, 0
17:49:56, 1486.60, 29.52, 31.64, 29.266, 0, 0, 0, 0, 0, 0, 0, 0, 0, 0, 0, 0, 0, 0, 0, 0, 0, 0, 0, 0, 0, 0, 0, 0
17:49:56, 1485.70, 29.52, 31.60, 29.266, 0, 0, 0, 0, 0, 0, 0, 0, 0, 0, 0, 0, 0, 0, 0, 0, 0, 0, 0, 0, 0, 0, 0, 0
17:49:57, 1486.90, 29.52, 31.64, 29.266, 0, 0, 0, 0, 0, 0, 0, 0, 0, 0, 0, 0, 0, 0, 0, 0, 0, 0, 0, 0, 0, 0, 0, 0
17:49:58, 1477.60, 29.52, 31.64, 29.273, 0, 0, 0, 0, 0, 0, 0, 0, 0, 0, 0, 0, 0, 0, 0, 0, 0, 0, 0, 0, 0, 0, 0, 0
17:49:58, 1474.40, 29.53, 31.64, 29.273, 0, 0, 0, 0, 0, 0, 0, 0, 0, 0, 0, 0, 0, 0, 0, 0, 0, 0, 0, 0, 0, 0, 0, 0
17:49:59, 1469.50, 29.53, 31.64, 29.273, 0, 0, 0, 0, 0, 0, 0, 0, 0, 0, 0, 0, 0, 0, 0, 0, 0, 0, 0, 0, 0, 0, 0, 0
17:50:00, 1472.70, 29.53, 31.64, 29.273, 0, 0, 0, 0, 0, 0, 0, 0, 0, 0, 0, 0, 0, 0, 0, 0, 0, 0, 0, 0, 0, 0, 0, 0
17:50:00, 1460.70, 29.53, 31.66, 29.273, 0, 0, 0, 0, 0, 0, 0, 0, 0, 0, 0, 0, 0, 0, 0, 0, 0, 0, 0, 0, 0, 0, 0, 0
17:50:01, 1456.50, 29.53, 31.64, 29.273, 0, 0, 0, 0, 0, 0, 0, 0, 0, 0, 0, 0, 0, 0, 0, 0, 0, 0, 0, 0, 0, 0, 0, 0
17:50:02, 1453.00, 29.53, 31.64, 29.289, 0, 0, 0, 0, 0, 0, 1, 0, 0, 0, 0, 0, 0, 0, 0, 0, 0, 0, 0, 0, 0, 0, 0, 0
17:50:02, 1450.90, 29.53, 31.66, 29.289, 0, 0, 0, 0, 0, 0, 0, 0, 0, 0, 0, 0, 0, 0, 0, 0, 0, 0, 0, 0, 0, 0, 0, 0
17:50:03, 1443.90, 29.53, 31.64, 29.281, 0, 0, 0, 0, 0, 0, 0, 0, 0, 0, 0, 0, 0, 0, 0, 0, 0, 0, 0, 0, 0, 0, 0, 0
17:50:04, 1442.80, 29.53, 31.64, 29.297, 0, 0, 0, 0, 0, 0, 0, 0, 0, 0, 0, 0, 0, 0, 0, 0, 0, 0, 0, 0, 0, 0, 0, 0
17:50:04, 1438.40, 29.53, 31.64, 29.297, 0, 0, 0, 0, 0, 0, 0, 0, 0, 0, 0, 0, 0, 0, 0, 0, 0, 0, 0, 0, 0, 0, 0, 0
17:50:05, 1437.80, 29.54, 31.62, 29.289, 0, 0, 0, 0, 0, 0, 0, 0, 0, 0, 0, 0, 0, 0, 0, 0, 0, 0, 0, 0, 0, 0, 0, 0
17:50:06, 1430.10, 29.54, 31.64, 29.312, 0, 0, 0, 0, 0, 0, 0, 0, 0, 0, 0, 0, 0, 0, 0, 0, 0, 0, 0, 0, 0, 0, 0, 0
17:50:06, 1424.10, 29.55, 31.66, 29.312, 0, 0, 0, 0, 0, 0, 1, 0, 0, 0, 0, 0, 0, 0, 0, 0, 0, 0, 0, 0, 0, 0, 0, 0
17:50:07, 1420.00, 29.56, 31.66, 29.328, 0, 0, 0, 0, 0, 0, 0, 0, 0, 0, 0, 0, 0, 0, 0, 0, 0, 0, 0, 0, 0, 0, 0, 0
17:50:08, 1414.90, 29.57, 31.64, 29.352, 0, 0, 0, 0, 0, 0, 0, 0, 0, 0, 0, 0, 0, 0, 0, 0, 0, 0, 0, 0, 0, 0, 0, 0
17:50:08, 1408.10, 29.57, 31.64, 29.352, 0, 0, 0, 0, 0, 0, 1, 0, 0, 0, 0, 0, 0, 0, 0, 0, 0, 0, 0, 0, 0, 0, 0, 0
17:50:09, 1404.40, 29.59, 31.66, 29.375, 0, 0, 0, 0, 0, 0, 0, 0, 0, 0, 0, 0, 0, 0, 0, 0, 0, 0, 0, 0, 0, 0, 0, 0
17:50:10, 1400.10, 29.60, 31.64, 29.422, 0, 0, 0, 0, 0, 0, 0, 0, 0, 0, 0, 0, 0, 0, 0, 0, 0, 0, 0, 0, 0, 0, 0, 0
17:50:10, 1395.00, 29.60, 31.60, 29.422, 0, 0, 0, 0, 0, 0, 0, 1, 0, 0, 0, 0, 0, 0, 0, 0, 0, 0, 0, 0, 0, 0, 0, 0
17:50:11, 1381.40, 29.61, 31.64, 29.430, 0, 0, 0, 0, 0, 0, 0, 1, 0, 0, 0, 0, 0, 0, 0, 0, 0, 0, 0, 0, 0, 0, 0, 0
17:50:12, 1376.00, 29.62, 31.64, 29.445, 0, 0, 0, 0, 0, 1, 0, 1, 1, 0, 0, 0, 0, 0, 0, 0, 0, 0, 0, 0, 0, 0, 0, 0
17:50:12, 1373.00, 29.62, 31.66, 29.445, 0, 0, 0, 0, 0, 1, 1, 1, 1, 0, 0, 0, 0, 0, 0, 0, 0, 0, 0, 0, 0, 0, 0, 0
17:50:13, 1368.20, 29.63, 31.62, 29.453, 0, 0, 0, 0, 0, 1, 1, 2, 1, 0, 0, 0, 0, 0, 0, 0, 0, 0, 0, 1, 0, 0, 0, 0
17:50:14, 1358.30, 29.64, 31.66, 29.516, 0, 0, 0, 0, 0, 1, 1, 2, 1, 0, 0, 0, 0, 0, 0, 0, 0, 0, 0, 1, 1, 0, 0, 0
17:50:14, 1355.50, 29.66, 31.64, 29.516, 0, 0, 0, 0, 0, 1, 1, 2, 2, 0, 0, 0, 0, 0, 0, 0, 0, 0, 0, 1, 1, 0, 0, 0
17:50:15, 1350.20, 29.68, 31.68, 29.555, 0, 0, 0, 0, 0, 1, 1, 3, 2, 0, 0, 0, 0, 0, 0, 0, 0, 0, 0, 1, 1, 0, 0, 0
17:50:16, 1344.50, 29.70, 31.66, 29.609, 0, 0, 0, 0, 0, 1, 2, 3, 3, 1, 0, 0, 0, 0, 0, 0, 0, 0, 1, 1, 1, 0, 0, 0
17:50:16, 1331.80, 29.73, 31.64, 29.609, 0, 0, 0, 0, 0, 1, 2, 4, 4, 1, 0, 0, 0, 0, 0, 0, 0, 0, 1, 2, 2, 0, 0, 0
17:50:17, 1324.90, 29.76, 31.62, 29.695, 0, 0, 0, 0, 0, 2, 3, 5, 5, 1, 0, 0, 0, 0, 0, 0, 0, 0, 1, 2, 2, 0, 0, 0
17:50:18, 1318.20, 29.79, 31.64, 29.758, 0, 0, 0, 0, 1, 2, 4, 7, 6, 1, 0, 0, 0, 0, 0, 0, 0, 0, 2, 3, 2, 0, 0, 0
17:50:18, 1309.50, 29.81, 31.64, 29.758, 0, 0, 0, 0, 1, 3, 6, 9, 8, 1, 0, 0, 0, 0, 0, 0, 0, 0, 2, 4, 3, 0, 0, 0
17:50:19, 1294.20, 29.83, 31.62, 29.820, 0, 1, 0, 0, 2, 4, 9, 13, 13, 1, 0, 0, 0, 0, 0, 0, 0, 1, 4, 6, 5, 0, 0, 0
17:50:20, 1279.10, 29.85, 31.62, 29.867, 0, 1, 0, 0, 3, 7, 14, 21, 21, 2, 0, 0, 0, 0, 0, 0, 1, 2, 6, 9, 8, 0, 0, 0
17:50:20, 1266.80, 29.87, 31.60, 29.867, 1, 1, 0, 1, 5, 11, 22, 33, 33, 3, 0, 0, 0, 0, 0, 0, 1, 4, 9, 13, 13, 0, 0, 0
17:50:21, 1253.10, 29.88, 31.64, 29.906, 1, 2, 1, 2, 8, 17, 33, 47, 49, 4, 0, 0, 0, 0, 0, 0, 2, 6, 15, 20, 19, 1, 0, 0
17:50:22, 1235.20, 29.90, 31.64, 29.953, 2, 2, 2, 3, 13, 26, 49, 69, 69, 6, 0, 0, 0, 0, 1, 1, 5, 11, 25, 33, 32, 2, 0, 0
17:50:22, 1222.70, 29.92, 31.64, 29.953, 3, 3, 3, 5, 20, 37, 69, 97, 94, 7, 0, 0, 1, 1, 1, 2, 8, 16, 35, 46, 43, 3, 0, 0
17:50:23, 1214.10, 29.93, 31.60, 29.992, 4, 4, 4, 7, 24, 44, 81, 113, 109, 9, 0, 0, 1, 1, 2, 3, 11, 22, 46, 61, 60, 5, 0, 0
17:50:24, 1208.30, 29.94, 31.64, 30.023, 4, 4, 4, 8, 29, 52, 95, 131, 150, 12, 0, 0, 2, 1, 2, 3, 13, 26, 54, 71, 75, 6, 0, 0
17:50:24, 1199.20, 29.96, 31.60, 30.023, 5, 5, 5, 9, 31, 56, 100, 137, 148, 12, 0, 0, 3, 2, 3, 5, 17, 33, 68, 88, 88, 7, 0, 0
17:50:25, 1193.10, 29.97, 31.66, 30.039, 6, 6, 6, 12, 39, 68, 121, 165, 165, 13, 0, 0, 3, 3, 3, 6, 21, 40, 80, 102, 99, 8, 0, 0
17:50:26, 1187.00, 29.98, 31.64, 30.062, 7, 7, 8, 14, 50, 86, 150, 204, 217, 17, 0, 0, 4, 3, 4, 6, 24, 45, 89, 114, 118, 10, 0, 0
17:50:26, 1179.50, 29.99, 31.66, 30.062, 9, 9, 10, 20, 76, 129, 227, 302, 362, 28, 0, 0, 4, 3, 4, 7, 29, 55, 105, 134, 142, 12, 0, 0
17:50:27, 1168.70, 30.00, 31.64, 30.070, 10, 9, 10, 21, 65, 109, 186, 245, 288, 23, 0, 0, 7, 6, 8, 14, 46, 84, 158, 199, 210, 19, 0, 0
17:50:28, 1163.70, 30.00, 31.66, 30.078, 13, 11, 14, 28, 91, 150, 253, 338, 355, 27, 0, 0, 7, 6, 8, 14, 48, 86, 161, 201, 202, 18, 0, 0
17:50:29, 1155.40, 30.01, 31.64, 30.078, 16, 14, 18, 37, 110, 178, 293, 387, 413, 32, 0, 0, 10, 8, 10, 19, 64, 112, 205, 255, 268, 24, 0, 0
17:50:29, 1150.30, 30.01, 31.58, 30.086, 22, 21, 27, 58, 162, 255, 413, 540, 635, 49, 0, 0, 10, 8, 11, 20, 70, 121, 216, 267, 289, 25, 0, 0
17:50:30, 1141.70, 30.02, 31.64, 30.094, 28, 26, 35, 75, 191, 296, 474, 614, 700, 54, 0, 0, 13, 11, 14, 27, 95, 160, 282, 344, 378, 34, 0, 0
17:50:31, 1139.00, 30.02, 31.64, 30.094, 27, 24, 33, 73, 198, 306, 479, 615, 747, 58, 0, 0, 15, 13, 16, 33, 101, 170, 297, 359, 403, 36, 0, 0
17:50:31, 1133.70, 30.03, 31.64, 30.094, 34, 31, 44, 96, 255, 385, 605, 782, 928, 71, 0, 0, 16, 13, 18, 35, 115, 191, 330, 398, 445, 40, 0, 0
17:50:32, 1129.80, 30.03, 31.60, 30.094, 38, 35, 50, 110, 290, 433, 673, 866, 1030, 79, 0, 0, 18, 15, 20, 41, 127, 209, 356, 428, 484, 43, 0, 0
17:50:33, 1124.40, 30.03, 31.64, 30.094, 44, 41, 60, 133, 348, 512, 792, 1012, 1258, 96, 0, 0, 19, 16, 22, 44, 149, 242, 410, 490, 562, 50, 0, 0
17:50:33, 1109.60, 30.04, 31.64, 30.086, 51, 47, 73, 161, 394, 571, 852, 1074, 1385, 108, 0, 0, 29, 24, 34, 73, 229, 359, 590, 696, 817, 74, 0, 0
17:50:34, 1101.50, 30.04, 31.66, 30.086, 75, 69, 116, 251, 632, 882, 1274, 1620, 1943, 151, 0, 0, 35, 30, 43, 94, 265, 407, 651, 765, 913, 82, 0, 0
17:50:35, 1092.40, 30.04, 31.62, 30.086, 115, 119, 208, 443, 975, 1316, 1940, 2437, 2983, 228, 0, 0, 40, 34, 52, 115, 329, 494, 776, 905, 1133, 102, 0, 0
17:50:35, 1084.50, 30.04, 31.58, 30.078, 153, 166, 300, 629, 1308, 1724, 2465, 3053, 4869, 389, 0, 0, 51, 45, 72, 161, 420, 616, 948, 1098, 1498, 134, 0, 0
17:50:36, 1078.40, 30.04, 31.64, 30.086, 203, 241, 451, 917, 1779, 2297, 3259, 4070, 7081, 590, 0, 0, 56, 50, 82, 185, 485, 701, 1066, 1230, 1715, 154, 0, 0
17:50:37, 1066.70, 30.05, 31.64, 30.086, 159, 171, 322, 662, 1129, 1484, 1994, 2361, 3969, 347, 0, 0, 101, 92, 160, 358, 847, 1180, 1763, 1995, 2721, 253, 0, 0
17:50:37, 1062.70, 30.05, 31.64, 30.078, 219, 237, 458, 890, 1697, 2205, 2893, 3507, 5522, 477, 0, 0, 96, 88, 157, 349, 807, 1116, 1654, 1873, 2575, 237, 0, 0
17:50:38, 1057.10, 30.05, 31.62, 30.078, 335, 391, 754, 1391, 2286, 2917, 3796, 4730, 6851, 598, 0, 0, 103, 96, 174, 384, 914, 1248, 1833, 2066, 2811, 260, 0, 0
17:50:39, 1054.30, 30.06, 31.64, 30.078, 297, 326, 641, 1161, 2123, 2800, 3490, 4275, 6570, 606, 0, 0, 113, 107, 197, 432, 973, 1318, 1922, 2161, 3075, 286, 0, 0
17:50:39, 1050.90, 30.06, 31.60, 30.078, 313, 377, 725, 1325, 2179, 2780, 3571, 4192, 7715, 739, 0, 0, 125, 122, 230, 497, 1059, 1419, 2053, 2306, 3460, 323, 0, 0
17:50:40, 1047.60, 30.06, 31.58, 30.086, 448, 581, 1078, 1962, 3572, 4338, 5824, 7189, 13709, 1338, 0, 0, 120, 118, 221, 478, 1148, 1530, 2208, 2479, 3754, 354, 0, 0
17:50:41, 1039.40, 30.07, 31.62, 30.086, 318, 394, 738, 1302, 2107, 2655, 3295, 3892, 7097, 767, 0, 0, 168, 172, 334, 702, 1448, 1885, 2690, 2995, 4397, 424, 0, 0
17:50:41, 1032.10, 30.07, 31.66, 30.078, 718, 882, 1654, 2614, 3920, 4959, 5765, 7523, 10114, 1118, 0, 0, 172, 182, 360, 740, 1513, 1932, 2715, 3011, 4404, 429, 0, 0
17:50:42, 1029.10, 30.07, 31.60, 30.086, 815, 897, 1732, 2381, 3383, 4300, 4553, 6177, 6848, 875, 0, 0, 193, 210, 421, 850, 1638, 2072, 2899, 3204, 4773, 471, 0, 0
17:50:43, 1025.40, 30.08, 31.64, 30.086, 1132, 1890, 2968, 4517, 7011, 7946, 10040, 13316, 28365, 4809, 0, 0, 154, 179, 357, 700, 1144, 1439, 1985, 2198, 3990, 393, 0, 0
17:50:43, 1015.30, 30.08, 31.64, 30.086, 851, 1542, 2499, 3542, 3641, 3802, 4726, 5379, 11992, 1945, 0, 0, 135, 160, 319, 616, 1197, 1486, 2039, 2235, 4279, 427, 0, 0
17:50:44, 1006.10, 30.09, 31.62, 30.086, 1178, 2083, 3018, 3650, 5385, 5405, 6470, 7451, 21543, 5030, 0, 0, 207, 273, 532, 952, 1866, 2224, 2974, 3255, 7103, 825, 0, 0
17:50:45, 1009.10, 30.09, 31.64, 30.086, 5281, 9202, 12518, 17058, 19862, 20060, 23639, 30877, 36000, 32753, 1, 1, 242, 327, 630, 1112, 1737, 2085, 2787, 3056, 6768, 773, 0, 0
17:50:45, 1009.10, 30.09, 31.60, 30.086, 1717, 2879, 3996, 5113, 6522, 7101, 8243, 8589, 30132, 7563, 0, 0, 179, 230, 448, 813, 1490, 1806, 2425, 2651, 5667, 611, 0, 0
17:50:46, 1008.60, 30.09, 31.60, 30.094, 1731, 2945, 4191, 4854, 9745, 11179, 13095, 14488, 34620, 12029, 0, 1, 217, 287, 559, 1000, 1761, 2113, 2834, 3100, 6595, 745, 0, 0
17:50:47, 1009.80, 30.10, 31.62, 30.094, 2836, 5226, 7433, 8585, 4931, 5010, 5851, 6994, 19946, 5607, 0, 0, 197, 256, 503, 913, 1428, 1733, 2345, 2556, 5000, 525, 0, 0
17:50:47, 1010.50, 30.10, 31.62, 30.086, 998, 1783, 2511, 2986, 3456, 3371, 4160, 4743, 12696, 3353, 0, 0, 162, 205, 401, 739, 1350, 1644, 2227, 2425, 4833, 500, 0, 0
17:50:48, 1011.60, 30.10, 31.64, 30.094, 1069, 1938, 2737, 3391, 7488, 7868, 9442, 12203, 26788, 7402, 0, 0, 201, 258, 508, 933, 1668, 2016, 2728, 2988, 5969, 652, 0, 0
17:50:49, 1012.10, 30.10, 31.64, 30.094, 3134, 5453, 8083, 10399, 19741, 23070, 24672, 31101, 36000, 21633, 1, 1, 210, 272, 536, 978, 1637, 1986, 2689, 2950, 5910, 636, 0, 0
17:50:49, 1012.50, 30.11, 31.64, 30.094, 934, 1560, 2356, 2838, 3923, 3990, 4828, 5666, 12797, 2825, 0, 0, 156, 194, 383, 715, 1290, 1582, 2151, 2354, 4608, 471, 0, 0
17:50:50, 1012.80, 30.11, 31.62, 30.094, 1099, 1944, 2797, 3441, 4240, 4359, 5274, 6086, 14301, 3198, 0, 0, 198, 253, 499, 917, 1590, 1934, 2621, 2881, 5759, 618, 0, 0
17:50:51, 1003.70, 30.10, 31.62, 30.094, 6646, 9071, 13300, 19898, 23054, 34034, 36000, 35258, 36000, 35999, 1, 1, 4310, 6494, 9582, 12507, 15578, 18292, 19338, 23675, 36000, 16200, 1, 1
17:50:51, 1003.00, 30.10, 31.66, 30.086, 4810, 6385, 10297, 9994, 16671, 20270, 27992, 29583, 36000, 36000, 1, 1, 5205, 8000, 11931, 14834, 20156, 22185, 28597, 31378, 36000, 17639, 1, 1
