Secchi Depth (cm) = 9999
Forel Ule Scale = 99
pH Colour Scale = 99
SensingSecchi S/N = A017
Latitude (degs N) = 34.39659
Longitude (degs E) = -78.26650
Date = 2026-07-28
Time (UTC), Pressure (mbar) MS5803, Temp (deg C) MS5803, Temp (deg C) 10KTHERM, Temp (deg C) TMP117, ED 415nm, ED 445nm, ED 480nm, ED 515nm, ED 555nm, ED 590nm, ED 630nm, ED 680nm, ED Clear, ED NIR, ED D-SAT, ED A-SAT, EU 415nm, EU 445nm, EU 480nm, EU 515nm, EU 555nm, EU 590nm, EU 630nm, EU 680nm, EU Clear, EU NIR, EU D-SAT, EU A-SAT
15:51:00, 1001.80, 29.71, 29.91, 31.664, 1120, 1677, 2311, 2967, 829, 937, 1055, 1197, 4087, 1506, 0, 0, 34714, 36000, 36000, 36000, 36000, 36000, 36000, 36000, 36000, 36000, 1, 1
15:51:00, 1003.00, 29.78, 29.89, 31.664, 1886, 2866, 3969, 4959, 9164, 9716, 11976, 12901, 36000, 14175, 1, 1, 10020, 15833, 20498, 25080, 27964, 31282, 36000, 36000, 36000, 36000, 1, 1
15:51:01, 1003.00, 29.78, 29.89, 31.672, 3019, 4830, 6618, 8182, 8971, 9491, 11700, 12560, 36000, 13798, 1, 1, 9251, 13449, 16964, 21932, 23794, 25976, 34581, 36000, 36000, 36000, 1, 1
15:51:02, 1003.30, 29.79, 29.89, 31.664, 2752, 4280, 5881, 7301, 8212, 8908, 10629, 11623, 36000, 14621, 1, 1, 9444, 13526, 16858, 20886, 23490, 25190, 33354, 36000, 36000, 36000, 1, 1
15:51:02, 1003.10, 29.79, 29.91, 31.664, 2620, 4063, 5586, 6924, 7387, 7934, 9544, 10318, 35097, 12712, 0, 1, 9616, 14626, 18265, 22969, 24798, 25983, 34435, 36000, 36000, 36000, 1, 1
15:51:03, 1003.10, 29.79, 29.95, 31.680, 2154, 3293, 4542, 5612, 6170, 6685, 7920, 8577, 31127, 11433, 0, 0, 9039, 13714, 16945, 20724, 23533, 24314, 32121, 36000, 36000, 36000, 1, 1
15:51:04, 1002.50, 29.78, 29.91, 31.711, 1783, 2731, 3759, 4609, 5876, 6079, 7365, 7959, 22378, 8141, 0, 0, 10204, 15139, 19992, 24496, 35887, 36000, 36000, 36000, 36000, 36000, 1, 1
15:51:04, 1002.10, 29.79, 29.91, 31.711, 3283, 5111, 7064, 8395, 6277, 6848, 7765, 9148, 24162, 8615, 0, 0, 9831, 15839, 22244, 27596, 33149, 33746, 35648, 35943, 36000, 36000, 1, 1
15:51:05, 1002.90, 29.80, 29.91, 31.664, 3046, 4820, 6725, 8034, 8295, 8669, 10726, 12294, 24383, 8932, 0, 0, 5181, 7682, 11288, 13908, 17091, 17785, 22025, 24112, 36000, 36000, 1, 1
15:51:06, 1003.60, 29.82, 29.89, 31.648, 2557, 3814, 5287, 6416, 8479, 9299, 10714, 13036, 36000, 19125, 1, 1, 8841, 13854, 19768, 25155, 24491, 25955, 32037, 34911, 36000, 36000, 1, 1
15:51:06, 1003.20, 29.84, 29.89, 31.648, 2997, 4790, 6643, 7949, 9555, 10138, 12321, 13930, 36000, 26779, 1, 1, 2277, 3639, 5416, 7332, 8100, 7971, 11021, 10715, 30975, 9486, 0, 0
15:51:07, 1003.20, 29.85, 29.91, 31.633, 2774, 4460, 6008, 7406, 9075, 9715, 11574, 13180, 36000, 17654, 1, 1, 1934, 2857, 4392, 5676, 7322, 8039, 9627, 10728, 26536, 7186, 0, 0
15:51:08, 1007.80, 29.80, 29.97, 31.539, 2727, 4250, 5833, 7031, 8711, 9247, 11104, 12611, 29967, 10389, 0, 0, 262, 349, 690, 1263, 2172, 2606, 3384, 3494, 6390, 662, 0, 0
15:51:08, 1011.10, 29.63, 29.95, 31.539, 2424, 4074, 5734, 7623, 8725, 9306, 11101, 12501, 27588, 6611, 0, 0, 238, 311, 623, 1159, 2026, 2445, 3184, 3294, 5931, 616, 0, 0
15:51:09, 1015.50, 29.49, 29.93, 29.992, 1819, 3234, 4778, 6134, 7979, 8434, 10280, 12065, 28546, 5439, 0, 0, 217, 273, 554, 1064, 1908, 2333, 3065, 3182, 5505, 539, 0, 0
15:51:10, 1011.00, 29.39, 29.97, 29.039, 1921, 3540, 5546, 7235, 9675, 10492, 12746, 15562, 36000, 7539, 1, 1, 236, 303, 614, 1164, 2142, 2584, 3368, 3485, 6211, 616, 0, 0
15:51:10, 1008.30, 29.28, 29.95, 29.039, 2603, 4567, 6345, 8097, 9921, 10361, 12253, 14671, 36000, 15179, 1, 1, 271, 365, 728, 1330, 2316, 2764, 3568, 3698, 6922, 703, 0, 0
15:51:11, 1012.20, 29.21, 29.93, 28.508, 2927, 5056, 7207, 9630, 9741, 10668, 13783, 14808, 36000, 15680, 1, 1, 248, 332, 662, 1213, 2072, 2493, 3232, 3362, 6341, 644, 0, 0
15:51:12, 1014.90, 29.15, 29.91, 28.227, 2126, 3826, 5555, 7697, 9148, 9629, 11915, 13472, 36000, 10668, 1, 1, 217, 278, 559, 1057, 1904, 2324, 3049, 3180, 5712, 573, 0, 0
15:51:12, 1010.90, 29.10, 29.95, 28.227, 2266, 3957, 6086, 8418, 9931, 11397, 13630, 15338, 36000, 8509, 1, 1, 228, 293, 591, 1116, 2065, 2495, 3259, 3382, 6065, 617, 0, 0
15:51:13, 1010.90, 29.06, 29.91, 27.984, 2839, 4982, 7193, 9118, 11493, 12340, 14629, 17701, 36000, 12752, 1, 1, 255, 338, 675, 1251, 2210, 2660, 3461, 3589, 6534, 667, 0, 0
15:51:14, 1011.20, 29.02, 29.91, 27.875, 2173, 3578, 5690, 6755, 8738, 9491, 11296, 14051, 36000, 11039, 1, 1, 235, 302, 609, 1151, 2073, 2514, 3291, 3414, 6009, 603, 0, 0
15:51:14, 1007.50, 29.00, 29.91, 27.875, 2945, 5189, 7371, 9191, 11812, 12434, 14773, 18070, 36000, 15048, 1, 1, 267, 358, 712, 1301, 2280, 2719, 3523, 3645, 6749, 709, 0, 0
15:51:15, 1009.80, 28.97, 29.93, 27.781, 2893, 5075, 7129, 8777, 10142, 10799, 12968, 15683, 36000, 14344, 1, 1, 256, 342, 681, 1249, 2139, 2569, 3345, 3466, 6312, 662, 0, 0
15:51:16, 1009.60, 28.95, 29.89, 27.734, 2754, 4834, 7274, 8831, 10765, 11578, 13901, 16902, 36000, 10992, 1, 1, 244, 321, 641, 1187, 2101, 2523, 3286, 3402, 6144, 646, 0, 0
15:51:16, 1010.90, 28.93, 29.91, 27.734, 2630, 4667, 6724, 8280, 9865, 10322, 12595, 15896, 36000, 11607, 1, 1, 242, 319, 638, 1183, 2098, 2524, 3288, 3408, 6124, 634, 0, 0
15:51:17, 1011.10, 28.90, 29.95, 27.687, 2589, 4666, 6751, 8479, 9984, 10452, 12730, 15725, 36000, 10527, 1, 1, 241, 317, 635, 1184, 2097, 2526, 3292, 3408, 6146, 632, 0, 0
15:51:18, 1011.20, 28.88, 29.93, 27.656, 2451, 4374, 6270, 7920, 9527, 10247, 12497, 15547, 36000, 11744, 1, 1, 246, 323, 649, 1206, 2087, 2515, 3271, 3390, 6200, 631, 0, 0
15:51:18, 1010.30, 28.87, 29.95, 27.656, 2517, 4541, 6327, 8297, 10387, 10951, 13124, 15914, 36000, 12662, 1, 1, 244, 323, 647, 1201, 2124, 2551, 3307, 3425, 6335, 639, 0, 0
15:51:19, 1011.10, 28.85, 29.95, 27.648, 2614, 4675, 6404, 8493, 10335, 10773, 12938, 15020, 36000, 13814, 1, 1, 244, 323, 648, 1199, 2124, 2548, 3298, 3416, 6385, 638, 0, 0
15:51:20, 1008.30, 28.85, 29.89, 27.648, 2687, 4755, 6703, 9038, 11082, 11890, 14304, 16726, 36000, 14174, 1, 1, 256, 345, 690, 1261, 2235, 2660, 3430, 3546, 6685, 691, 0, 0
15:51:20, 1010.20, 28.84, 29.93, 27.648, 3293, 5683, 7664, 10117, 11358, 11977, 14393, 16637, 36000, 18534, 1, 1, 266, 361, 718, 1300, 2183, 2604, 3353, 3478, 6729, 696, 0, 0
15:51:21, 1009.90, 28.83, 29.97, 27.625, 2453, 4349, 6079, 8056, 10997, 11696, 13968, 16714, 36000, 12130, 1, 1, 234, 306, 616, 1148, 2037, 2445, 3174, 3285, 6033, 616, 0, 0
15:51:22, 1009.70, 28.83, 29.93, 27.625, 3003, 5319, 7269, 9483, 11907, 12767, 15062, 17896, 36000, 15520, 1, 1, 250, 336, 670, 1229, 2180, 2604, 3367, 3483, 6474, 666, 0, 0
15:51:22, 1010.70, 28.82, 29.97, 27.625, 2440, 4147, 6242, 7477, 10060, 10715, 12877, 15910, 36000, 12808, 1, 1, 240, 316, 637, 1185, 2072, 2490, 3240, 3348, 6032, 609, 0, 0
15:51:23, 1010.60, 28.81, 29.95, 27.617, 2611, 4731, 6541, 8382, 10627, 11128, 13462, 16441, 36000, 12711, 1, 1, 244, 323, 648, 1200, 2089, 2509, 3259, 3369, 6130, 622, 0, 0
15:51:24, 1010.50, 28.81, 29.93, 27.609, 2528, 4587, 6309, 8071, 9982, 10523, 12681, 15342, 36000, 12111, 1, 1, 237, 312, 626, 1167, 2057, 2474, 3219, 3330, 6009, 607, 0, 0
15:51:24, 1010.80, 28.80, 29.91, 27.609, 2727, 4927, 6748, 8918, 10881, 11308, 13585, 16413, 36000, 13379, 1, 1, 244, 323, 648, 1198, 2148, 2576, 3343, 3465, 6349, 646, 0, 0
15:51:25, 1010.40, 28.80, 29.93, 27.602, 2532, 4659, 6264, 8407, 10714, 11242, 13503, 16058, 36000, 12344, 1, 1, 238, 314, 632, 1173, 2083, 2499, 3248, 3361, 6122, 621, 0, 0
15:51:26, 1012.00, 28.80, 29.99, 27.609, 2745, 4973, 6708, 9115, 10822, 11219, 13483, 15849, 36000, 13721, 1, 1, 247, 328, 657, 1213, 2135, 2567, 3331, 3463, 6444, 655, 0, 0
15:51:26, 1010.50, 28.79, 29.99, 27.609, 2260, 4065, 5690, 7642, 10352, 10774, 13037, 15222, 36000, 11655, 1, 1, 237, 309, 623, 1165, 2079, 2500, 3252, 3371, 6161, 622, 0, 0
15:51:27, 1012.40, 28.78, 29.95, 27.602, 2864, 5105, 7023, 9676, 10946, 11429, 13914, 16053, 36000, 14710, 1, 1, 253, 336, 673, 1239, 2139, 2572, 3334, 3465, 6502, 653, 0, 0
15:51:28, 1012.60, 28.77, 29.95, 27.602, 2265, 4156, 5867, 8328, 10234, 11115, 13656, 15816, 36000, 10673, 1, 1, 225, 291, 588, 1107, 1977, 2391, 3119, 3238, 5908, 590, 0, 0
15:51:28, 1014.00, 28.76, 29.95, 27.602, 2406, 4398, 6247, 8735, 10547, 11085, 13475, 15821, 36000, 11375, 1, 1, 234, 302, 610, 1144, 2059, 2495, 3255, 3390, 6222, 625, 0, 0
15:51:29, 1013.00, 28.76, 29.95, 27.594, 2038, 3838, 5375, 7320, 9978, 10454, 12697, 15070, 36000, 9987, 1, 1, 225, 286, 578, 1099, 2003, 2436, 3189, 3318, 5970, 597, 0, 0
15:51:30, 1011.20, 28.74, 29.93, 27.594, 2395, 4480, 6106, 8451, 10613, 11039, 13284, 15987, 36000, 12134, 1, 1, 247, 322, 646, 1205, 2166, 2614, 3404, 3540, 6468, 657, 0, 0
15:51:30, 1010.80, 28.73, 29.91, 27.594, 2391, 4417, 5919, 8147, 9853, 9932, 11904, 13960, 36000, 12468, 1, 1, 247, 323, 647, 1206, 2138, 2582, 3370, 3500, 6261, 635, 0, 0
15:51:31, 1006.30, 28.72, 29.93, 27.586, 2868, 5252, 7056, 9361, 11541, 11847, 14191, 16874, 36000, 15630, 1, 1, 273, 370, 733, 1331, 2327, 2766, 3571, 3698, 6958, 737, 0, 0
15:51:32, 1007.30, 28.71, 29.89, 27.586, 3637, 6314, 7855, 10350, 12400, 12589, 15114, 17367, 36000, 25042, 1, 1, 282, 391, 768, 1359, 2246, 2661, 3429, 3547, 6790, 748, 0, 0
15:51:32, 1011.90, 28.70, 29.93, 27.586, 2375, 4383, 5846, 7115, 8911, 9059, 10425, 12830, 36000, 13945, 1, 1, 306, 349, 714, 1229, 1970, 2427, 3051, 3240, 7030, 975, 0, 0
15:51:33, 1016.60, 28.69, 29.95, 27.586, 1954, 3631, 5190, 7114, 9292, 9445, 12210, 13412, 36000, 9451, 1, 1, 178, 226, 453, 851, 1605, 1976, 2627, 2737, 4427, 439, 0, 0
15:51:34, 1016.50, 28.68, 29.97, 27.586, 1753, 3100, 4992, 7429, 8405, 9735, 12409, 13067, 36000, 7276, 1, 1, 179, 223, 453, 868, 1709, 2100, 2770, 2895, 5036, 492, 0, 0
15:51:34, 1011.90, 28.67, 29.95, 27.586, 1790, 3220, 5041, 7275, 9616, 10610, 13064, 14880, 36000, 8429, 1, 1, 207, 261, 529, 1005, 1932, 2347, 3059, 3194, 5815, 578, 0, 0
15:51:35, 1012.90, 28.65, 29.95, 27.578, 2689, 4711, 7005, 8878, 10859, 11833, 13909, 16458, 36000, 14358, 1, 1, 256, 339, 676, 1247, 2229, 2695, 3483, 3643, 7061, 706, 0, 0
15:51:36, 1014.10, 28.64, 29.95, 27.578, 1850, 3149, 4879, 6200, 8809, 9923, 11466, 14134, 36000, 11548, 1, 1, 227, 287, 579, 1102, 2058, 2513, 3274, 3428, 6301, 620, 0, 0
15:51:36, 1010.70, 28.64, 29.91, 27.578, 2218, 3926, 5754, 8425, 9602, 11092, 14719, 15302, 36000, 12453, 1, 1, 247, 327, 654, 1208, 2113, 2541, 3296, 3433, 6395, 651, 0, 0
15:51:37, 1010.40, 28.63, 29.95, 27.570, 2387, 4153, 6101, 9018, 9651, 11210, 14937, 15181, 36000, 11595, 1, 1, 223, 294, 591, 1095, 1925, 2316, 3026, 3134, 5559, 567, 0, 0
15:51:38, 1008.50, 28.63, 29.99, 27.578, 2774, 4710, 7076, 9877, 11145, 13662, 16366, 16824, 36000, 13257, 1, 1, 240, 325, 647, 1178, 2074, 2471, 3209, 3310, 6012, 630, 0, 0
15:51:38, 1010.40, 28.62, 29.97, 27.578, 2454, 4678, 6290, 7395, 8525, 9053, 10600, 14674, 36000, 12911, 1, 1, 249, 334, 666, 1221, 2070, 2485, 3234, 3348, 6083, 621, 0, 0
15:51:39, 1009.00, 28.62, 29.97, 27.570, 2367, 4178, 6014, 7914, 9399, 10155, 12247, 14125, 36000, 10037, 1, 1, 237, 312, 626, 1166, 2085, 2503, 3258, 3367, 6060, 611, 0, 0
15:51:40, 1008.30, 28.61, 29.91, 27.578, 2798, 4689, 6783, 8790, 10607, 12222, 14788, 15830, 36000, 15327, 1, 1, 260, 351, 699, 1271, 2247, 2681, 3459, 3583, 6750, 688, 0, 0
15:51:40, 1010.60, 28.61, 29.95, 27.578, 2776, 4738, 6660, 9135, 9381, 10572, 14944, 14440, 36000, 18274, 1, 1, 270, 362, 721, 1317, 2218, 2668, 3451, 3591, 6825, 683, 0, 0
15:51:41, 1009.70, 28.61, 29.95, 27.578, 2726, 4685, 7037, 10387, 10529, 12459, 16212, 16506, 36000, 14152, 1, 1, 254, 339, 677, 1243, 2190, 2625, 3394, 3526, 6668, 676, 0, 0
15:51:42, 1011.90, 28.60, 29.99, 27.578, 2575, 4458, 6265, 8461, 9192, 9770, 13179, 13326, 36000, 15114, 1, 1, 254, 337, 674, 1241, 2127, 2564, 3329, 3462, 6434, 642, 0, 0
15:51:42, 1011.10, 28.60, 29.99, 27.578, 2436, 4357, 6324, 9129, 10496, 11748, 14438, 16380, 36000, 10957, 1, 1, 230, 301, 606, 1132, 2036, 2452, 3197, 3311, 5951, 597, 0, 0
15:51:43, 1012.40, 28.60, 29.97, 27.578, 2479, 4478, 6389, 8730, 8779, 9388, 11387, 13028, 36000, 9389, 1, 1, 228, 299, 602, 1122, 1987, 2399, 3128, 3244, 5894, 591, 0, 0
15:51:44, 1014.10, 28.59, 29.97, 27.586, 2102, 3823, 5360, 7280, 9731, 10634, 12958, 14947, 36000, 9379, 1, 1, 213, 273, 551, 1045, 1926, 2342, 3066, 3183, 5647, 559, 0, 0
15:51:44, 1015.90, 28.58, 29.95, 27.586, 2027, 3902, 5249, 7362, 8843, 9545, 11685, 13448, 36000, 8442, 1, 1, 210, 264, 536, 1026, 1879, 2295, 3008, 3127, 5563, 543, 0, 0
15:51:45, 1013.20, 28.58, 29.95, 27.570, 1558, 2581, 4449, 5388, 8020, 8262, 10100, 11650, 36000, 7723, 1, 1, 213, 262, 535, 1038, 1998, 2443, 3205, 3334, 5905, 577, 0, 0
15:51:46, 1007.50, 28.57, 29.95, 27.570, 2692, 4722, 6899, 9791, 11373, 12743, 15718, 17617, 36000, 14778, 1, 1, 272, 364, 725, 1329, 2343, 2800, 3620, 3750, 6986, 712, 0, 0
15:51:46, 1008.80, 28.56, 29.93, 27.570, 3113, 5535, 7540, 10097, 11516, 12473, 14823, 17504, 36000, 15693, 1, 1, 267, 357, 713, 1305, 2246, 2684, 3467, 3595, 6789, 693, 0, 0
15:51:47, 1009.90, 28.55, 29.95, 27.570, 2780, 4674, 6898, 9773, 10622, 12685, 15003, 16025, 36000, 11031, 1, 1, 238, 314, 631, 1173, 2092, 2510, 3261, 3375, 6164, 627, 0, 0
15:51:48, 1009.00, 28.55, 29.93, 27.578, 2833, 4887, 7111, 9731, 11641, 13823, 16270, 17416, 36000, 12229, 1, 1, 248, 332, 665, 1225, 2192, 2621, 3397, 3510, 6418, 653, 0, 0
15:51:48, 1010.00, 28.54, 29.97, 27.578, 2739, 5185, 6537, 8227, 10814, 10653, 12752, 15716, 36000, 13915, 1, 1, 254, 339, 679, 1252, 2208, 2648, 3434, 3555, 6520, 661, 0, 0
15:51:49, 1008.80, 28.54, 29.93, 27.570, 2719, 5102, 6522, 9202, 11181, 12587, 15490, 17201, 36000, 13604, 1, 1, 249, 331, 665, 1227, 2178, 2608, 3384, 3502, 6432, 655, 0, 0
15:51:50, 1010.10, 28.54, 29.95, 27.578, 2758, 4773, 6563, 9165, 9590, 10252, 13813, 14247, 36000, 15426, 1, 1, 254, 340, 679, 1243, 2113, 2536, 3288, 3414, 6406, 654, 0, 0
15:51:50, 1009.80, 28.54, 29.99, 27.578, 2525, 4351, 6387, 9246, 9956, 11339, 15027, 15655, 36000, 12531, 1, 1, 237, 314, 629, 1163, 2044, 2453, 3189, 3307, 6083, 624, 0, 0
15:51:51, 1011.30, 28.54, 29.97, 27.570, 2733, 4620, 6843, 9763, 10437, 11936, 15419, 16234, 36000, 13467, 1, 1, 250, 332, 663, 1220, 2155, 2591, 3362, 3495, 6522, 663, 0, 0
15:51:52, 1013.30, 28.54, 29.99, 27.562, 2142, 3670, 5281, 7024, 9529, 9591, 12472, 13161, 36000, 11974, 1, 1, 232, 299, 604, 1135, 1993, 2420, 3159, 3283, 5959, 587, 0, 0
15:51:52, 1011.10, 28.53, 29.97, 27.562, 2453, 4221, 6478, 9345, 10458, 12693, 15639, 16067, 36000, 11208, 1, 1, 239, 313, 629, 1171, 2093, 2522, 3276, 3396, 6273, 628, 0, 0
15:51:53, 1012.00, 28.53, 30.00, 27.562, 2176, 3703, 5391, 7090, 8932, 9045, 11197, 12219, 36000, 12491, 1, 1, 237, 303, 611, 1153, 2034, 2474, 3232, 3360, 6036, 596, 0, 0
15:51:54, 1011.50, 28.52, 29.99, 27.562, 2603, 4428, 6757, 9905, 10107, 12155, 14958, 15571, 36000, 11381, 1, 1, 242, 317, 636, 1185, 2113, 2548, 3309, 3438, 6338, 636, 0, 0
15:51:54, 1020.20, 28.52, 29.99, 27.562, 2165, 3670, 5310, 6938, 7963, 8066, 9141, 10905, 36000, 11161, 1, 1, 224, 282, 571, 1085, 1801, 2223, 2925, 3060, 5458, 527, 0, 0
15:51:55, 1019.00, 28.52, 30.00, 27.555, 1371, 2497, 4140, 6038, 8020, 8918, 11035, 12924, 34238, 5577, 0, 1, 182, 218, 446, 878, 1671, 2065, 2731, 2841, 4871, 468, 0, 0
15:51:56, 1027.30, 28.51, 29.99, 27.562, 1350, 2529, 3892, 5820, 6891, 6965, 8226, 10233, 30478, 5567, 0, 0, 180, 210, 427, 854, 1587, 2001, 2670, 2809, 4763, 447, 0, 0
15:51:56, 1033.30, 28.51, 29.99, 27.562, 881, 1617, 2645, 4233, 5945, 6641, 8491, 10041, 25240, 3258, 0, 0, 140, 149, 301, 633, 1289, 1664, 2258, 2380, 3819, 352, 0, 0
15:51:57, 1046.90, 28.50, 29.97, 27.555, 638, 972, 1948, 2829, 3801, 4410, 5298, 6622, 17057, 2330, 0, 0, 115, 114, 221, 483, 959, 1296, 1814, 1933, 2863, 258, 0, 0
15:51:58, 1053.30, 28.49, 29.99, 27.562, 404, 588, 1124, 2141, 3249, 3903, 5157, 6335, 12122, 1146, 0, 0, 87, 80, 144, 329, 776, 1079, 1539, 1652, 2341, 209, 0, 0
15:51:58, 1059.40, 28.48, 29.97, 27.562, 381, 546, 1023, 2021, 3165, 3732, 4998, 6061, 12565, 1201, 0, 0, 82, 74, 132, 302, 715, 1006, 1450, 1564, 2180, 194, 0, 0
15:51:59, 1070.60, 28.47, 29.99, 27.547, 276, 337, 684, 1282, 2127, 2714, 3494, 4499, 8822, 842, 0, 0, 69, 61, 102, 235, 566, 823, 1215, 1324, 1775, 158, 0, 0
15:52:00, 1077.90, 28.46, 29.95, 27.547, 230, 288, 520, 1085, 1961, 2500, 3450, 4340, 7249, 602, 0, 0, 58, 50, 80, 184, 485, 722, 1079, 1186, 1571, 139, 0, 0
15:52:00, 1085.40, 28.46, 29.99, 27.555, 182, 204, 382, 799, 1577, 2038, 2819, 3610, 6397, 536, 0, 0, 50, 43, 66, 150, 403, 614, 934, 1035, 1352, 119, 0, 0
15:52:01, 1092.50, 28.45, 30.00, 27.547, 158, 177, 307, 683, 1306, 1740, 2449, 3088, 5323, 432, 0, 0, 44, 37, 55, 124, 346, 537, 829, 922, 1176, 104, 0, 0
15:52:02, 1098.30, 28.44, 30.00, 27.547, 139, 151, 257, 585, 1178, 1611, 2322, 2902, 4502, 347, 0, 0, 38, 32, 46, 102, 295, 467, 730, 817, 1021, 90, 0, 0
15:52:02, 1103.10, 28.44, 30.00, 27.539, 112, 117, 194, 440, 994, 1385, 2019, 2567, 3754, 285, 0, 0, 34, 28, 40, 87, 262, 420, 664, 745, 913, 81, 0, 0
15:52:03, 1110.50, 28.44, 29.97, 27.539, 101, 104, 171, 385, 857, 1211, 1776, 2302, 3207, 244, 0, 0, 30, 25, 35, 76, 228, 371, 593, 670, 809, 72, 0, 0
15:52:04, 1120.20, 28.43, 30.00, 27.539, 80, 79, 123, 279, 670, 976, 1467, 1897, 2435, 182, 0, 0, 25, 21, 28, 58, 181, 302, 496, 563, 660, 58, 0, 0
15:52:04, 1128.70, 28.42, 29.95, 27.547, 67, 66, 98, 222, 561, 831, 1275, 1658, 2044, 152, 0, 0, 22, 18, 23, 47, 153, 262, 437, 500, 580, 51, 0, 0
15:52:05, 1139.00, 28.41, 29.99, 27.547, 55, 53, 76, 172, 449, 683, 1065, 1383, 1743, 130, 0, 0, 18, 15, 19, 37, 123, 215, 366, 422, 484, 43, 0, 0
15:52:06, 1146.70, 28.40, 29.99, 27.547, 44, 42, 57, 128, 345, 541, 866, 1122, 1335, 99, 0, 0, 15, 12, 15, 29, 100, 180, 313, 364, 403, 35, 0, 0
15:52:06, 1154.90, 28.40, 30.02, 27.547, 38, 36, 48, 106, 296, 472, 764, 991, 1248, 92, 0, 0, 12, 10, 13, 24, 83, 152, 269, 315, 350, 31, 0, 0
15:52:07, 1166.90, 28.40, 30.00, 27.547, 32, 30, 38, 82, 232, 376, 619, 816, 976, 72, 0, 0, 10, 8, 10, 18, 65, 121, 220, 260, 280, 25, 0, 0
15:52:08, 1173.50, 28.39, 29.99, 27.547, 24, 23, 28, 57, 177, 297, 502, 662, 702, 52, 0, 0, 9, 7, 9, 15, 56, 107, 198, 236, 250, 22, 0, 0
15:52:08, 1179.10, 28.39, 29.99, 27.547, 21, 20, 24, 49, 156, 263, 448, 593, 667, 50, 0, 0, 8, 7, 8, 14, 52, 99, 184, 221, 235, 20, 0, 0
15:52:09, 1184.00, 28.38, 29.99, 27.539, 21, 19, 23, 46, 147, 251, 428, 561, 721, 54, 0, 0, 7, 6, 7, 12, 47, 91, 171, 206, 220, 19, 0, 0
15:52:10, 1189.30, 28.38, 29.99, 27.539, 18, 17, 20, 40, 130, 225, 389, 510, 662, 50, 0, 0, 7, 5, 7, 11, 41, 81, 154, 185, 197, 17, 0, 0
15:52:10, 1198.30, 28.38, 30.00, 27.547, 16, 16, 18, 35, 114, 201, 351, 462, 584, 44, 0, 0, 6, 5, 6, 9, 34, 68, 132, 160, 171, 14, 0, 0
15:52:11, 1207.00, 28.37, 29.95, 27.539, 13, 13, 14, 27, 91, 163, 292, 388, 428, 32, 0, 0, 5, 4, 5, 7, 28, 57, 113, 138, 142, 12, 0, 0
15:52:12, 1216.10, 28.37, 29.95, 27.539, 11, 11, 12, 21, 74, 136, 247, 330, 361, 27, 0, 0, 4, 3, 4, 6, 23, 48, 97, 120, 122, 10, 0, 0
15:52:12, 1224.00, 28.36, 29.99, 27.539, 9, 9, 10, 17, 60, 112, 207, 279, 291, 22, 0, 0, 3, 3, 3, 5, 20, 42, 85, 106, 106, 9, 0, 0
15:52:13, 1229.40, 28.36, 29.99, 27.547, 8, 8, 8, 14, 50, 95, 177, 240, 251, 19, 0, 0, 3, 2, 3, 4, 17, 36, 75, 93, 92, 8, 0, 0
15:52:14, 1229.10, 28.36, 29.99, 27.547, 7, 7, 7, 13, 48, 91, 172, 233, 234, 18, 0, 0, 3, 2, 3, 4, 17, 36, 75, 93, 91, 8, 0, 0
15:52:14, 1232.80, 28.36, 30.00, 27.531, 8, 7, 8, 13, 49, 94, 175, 237, 254, 19, 0, 0, 3, 2, 3, 4, 16, 34, 71, 89, 91, 7, 0, 0
15:52:15, 1238.60, 28.36, 29.99, 27.531, 7, 7, 7, 11, 44, 85, 160, 218, 217, 16, 0, 0, 2, 2, 2, 4, 15, 32, 66, 83, 84, 7, 0, 0
15:52:16, 1246.30, 28.36, 30.00, 27.531, 6, 6, 6, 10, 36, 70, 135, 185, 180, 14, 0, 0, 2, 1, 2, 3, 12, 26, 57, 72, 70, 6, 0, 0
15:52:16, 1250.70, 28.36, 29.99, 27.531, 5, 5, 5, 8, 32, 63, 122, 168, 160, 12, 0, 0, 2, 1, 2, 3, 11, 24, 53, 67, 65, 5, 0, 0
15:52:17, 1254.40, 28.36, 30.00, 27.539, 5, 5, 5, 8, 30, 59, 115, 158, 153, 12, 0, 0, 2, 1, 2, 2, 10, 23, 50, 63, 62, 5, 0, 0
15:52:18, 1262.00, 28.35, 30.00, 27.539, 4, 5, 4, 7, 26, 52, 103, 143, 146, 11, 0, 0, 1, 1, 2, 2, 9, 19, 44, 56, 54, 4, 0, 0
15:52:18, 1269.40, 28.35, 29.99, 27.531, 4, 4, 4, 6, 22, 45, 91, 126, 122, 9, 0, 0, 1, 1, 1, 2, 7, 17, 39, 50, 48, 4, 0, 0
15:52:19, 1276.00, 28.35, 30.00, 27.539, 3, 4, 3, 5, 19, 40, 81, 113, 106, 8, 0, 0, 1, 1, 1, 1, 6, 15, 35, 46, 44, 3, 0, 0
15:52:20, 1282.00, 28.34, 29.99, 27.539, 3, 3, 3, 4, 16, 35, 71, 99, 93, 7, 0, 0, 1, 0, 1, 1, 5, 13, 32, 41, 39, 3, 0, 0
15:52:20, 1291.20, 28.34, 29.99, 27.539, 3, 3, 2, 4, 15, 31, 64, 91, 90, 7, 0, 0, 1, 0, 1, 1, 5, 11, 27, 36, 34, 2, 0, 0
15:52:21, 1296.20, 28.33, 29.99, 27.531, 2, 3, 2, 3, 13, 27, 57, 80, 75, 6, 0, 0, 0, 0, 1, 1, 4, 10, 25, 33, 31, 2, 0, 0
15:52:22, 1303.50, 28.33, 30.00, 27.531, 2, 2, 2, 3, 11, 25, 52, 74, 71, 6, 0, 0, 0, 0, 0, 1, 3, 9, 22, 30, 28, 2, 0, 0
15:52:22, 1309.10, 28.33, 30.02, 27.531, 2, 2, 1, 2, 10, 21, 45, 65, 61, 5, 0, 0, 0, 0, 0, 1, 3, 8, 20, 27, 25, 2, 0, 0
15:52:23, 1317.00, 28.33, 30.02, 27.539, 2, 2, 1, 2, 9, 19, 41, 59, 57, 5, 0, 0, 0, 0, 0, 1, 2, 7, 18, 24, 22, 1, 0, 0
15:52:24, 1321.80, 28.33, 30.02, 27.539, 1, 2, 1, 2, 7, 17, 36, 53, 48, 4, 0, 0, 0, 0, 0, 0, 2, 6, 16, 23, 20, 1, 0, 0
15:52:24, 1327.90, 28.33, 29.99, 27.531, 1, 2, 1, 1, 7, 15, 34, 49, 47, 4, 0, 0, 0, 0, 0, 0, 2, 5, 15, 20, 18, 1, 0, 0
15:52:25, 1334.30, 28.32, 29.99, 27.531, 1, 1, 1, 1, 6, 14, 30, 44, 42, 4, 0, 0, 0, 0, 0, 0, 1, 5, 13, 18, 16, 1, 0, 0
15:52:26, 1340.50, 28.32, 30.00, 27.531, 1, 1, 1, 1, 5, 12, 27, 40, 37, 3, 0, 0, 0, 0, 0, 0, 1, 4, 12, 16, 15, 0, 0, 0
15:52:26, 1351.50, 28.31, 30.00, 27.531, 1, 1, 0, 1, 4, 10, 23, 35, 33, 3, 0, 0, 0, 0, 0, 0, 1, 3, 10, 13, 12, 0, 0, 0
15:52:27, 1355.60, 28.31, 29.99, 27.539, 1, 1, 0, 1, 3, 9, 20, 30, 27, 2, 0, 0, 0, 0, 0, 0, 1, 3, 8, 12, 11, 0, 0, 0
15:52:28, 1360.00, 28.31, 30.00, 27.539, 1, 1, 0, 1, 3, 8, 19, 29, 28, 2, 0, 0, 0, 0, 0, 0, 0, 2, 8, 11, 10, 0, 0, 0
15:52:28, 1363.90, 28.30, 30.02, 27.531, 0, 1, 0, 0, 3, 8, 18, 27, 25, 2, 0, 0, 0, 0, 0, 0, 1, 2, 7, 11, 9, 0, 0, 0
15:52:29, 1371.00, 28.29, 30.04, 27.531, 0, 1, 0, 0, 3, 7, 17, 25, 24, 2, 0, 0, 0, 0, 0, 0, 0, 2, 7, 11, 9, 0, 0, 0
15:52:30, 1378.50, 28.29, 29.99, 27.531, 0, 1, 0, 0, 2, 6, 14, 22, 20, 2, 0, 0, 0, 0, 0, 0, 0, 2, 6, 9, 8, 0, 0, 0
15:52:30, 1392.80, 28.29, 30.04, 27.531, 0, 1, 0, 0, 2, 5, 12, 19, 18, 2, 0, 0, 0, 0, 0, 0, 0, 1, 5, 8, 7, 0, 0, 0
15:52:31, 1402.70, 28.28, 30.02, 27.531, 0, 1, 0, 0, 1, 4, 9, 14, 12, 1, 0, 0, 0, 0, 0, 0, 0, 1, 5, 7, 6, 0, 0, 0
15:52:32, 1408.00, 28.28, 29.99, 27.531, 0, 1, 0, 0, 1, 3, 8, 12, 11, 1, 0, 0, 0, 0, 0, 0, 0, 1, 4, 7, 6, 0, 0, 0
15:52:32, 1418.40, 28.27, 30.00, 27.531, 0, 1, 0, 0, 1, 3, 7, 11, 11, 1, 0, 0, 0, 0, 0, 0, 0, 1, 4, 6, 5, 0, 0, 0
15:52:33, 1425.00, 28.27, 30.02, 27.539, 0, 0, 0, 0, 1, 3, 6, 10, 8, 1, 0, 0, 0, 0, 0, 0, 0, 0, 3, 5, 5, 0, 0, 0
15:52:34, 1432.30, 28.27, 29.99, 27.539, 0, 0, 0, 0, 1, 2, 5, 9, 8, 1, 0, 0, 0, 0, 0, 0, 0, 0, 3, 5, 4, 0, 0, 0
15:52:34, 1439.20, 28.26, 30.00, 27.516, 0, 0, 0, 0, 0, 2, 5, 8, 7, 1, 0, 0, 0, 0, 0, 0, 0, 0, 3, 5, 4, 0, 0, 0
15:52:35, 1443.00, 28.26, 30.00, 27.523, 0, 0, 0, 0, 0, 2, 4, 7, 6, 1, 0, 0, 0, 0, 0, 0, 0, 0, 3, 5, 4, 0, 0, 0
15:52:36, 1450.70, 28.25, 30.00, 27.523, 0, 0, 0, 0, 0, 2, 4, 6, 6, 1, 0, 0, 0, 0, 0, 0, 0, 0, 2, 4, 3, 0, 0, 0
15:52:36, 1449.20, 28.25, 30.00, 27.523, 0, 0, 0, 0, 0, 1, 2, 4, 3, 1, 0, 0, 0, 0, 0, 0, 0, 0, 0, 0, 0, 0, 0, 0
15:52:37, 1447.40, 28.25, 30.00, 27.531, 0, 0, 0, 0, 0, 1, 2, 4, 3, 1, 0, 0, 0, 0, 0, 0, 0, 0, 1, 2, 1, 0, 0, 0
15:52:38, 1446.30, 28.25, 30.00, 27.531, 0, 0, 0, 0, 0, 1, 2, 3, 3, 1, 0, 0, 0, 0, 0, 0, 0, 1, 4, 7, 7, 0, 0, 0
15:52:39, 1446.40, 28.25, 30.04, 27.523, 0, 0, 0, 0, 0, 1, 1, 2, 2, 0, 0, 0, 0, 0, 0, 0, 0, 0, 4, 6, 6, 0, 0, 0
15:52:39, 1445.20, 28.25, 30.02, 27.523, 0, 0, 0, 0, 0, 1, 2, 3, 4, 1, 0, 0, 0, 0, 0, 0, 0, 1, 4, 7, 6, 0, 0, 0
15:52:40, 1446.10, 28.25, 30.00, 27.523, 0, 0, 0, 0, 0, 1, 1, 2, 2, 1, 0, 0, 0, 0, 0, 0, 0, 0, 1, 3, 3, 0, 0, 0
15:52:41, 1444.70, 28.25, 30.02, 27.523, 0, 0, 0, 0, 0, 1, 1, 3, 3, 1, 0, 0, 0, 0, 0, 0, 0, 0, 2, 4, 4, 0, 0, 0
15:52:41, 1445.20, 28.25, 30.02, 27.531, 0, 0, 0, 0, 0, 1, 2, 3, 3, 1, 0, 0, 0, 0, 0, 0, 0, 0, 0, 1, 1, 0, 0, 0
15:52:42, 1446.10, 28.24, 30.02, 27.531, 0, 0, 0, 0, 0, 1, 2, 3, 3, 1, 0, 0, 0, 0, 0, 0, 0, 0, 0, 0, 0, 0, 0, 0
15:52:43, 1443.40, 28.24, 30.00, 27.523, 0, 0, 0, 0, 0, 1, 1, 3, 3, 1, 0, 0, 0, 0, 0, 0, 0, 1, 4, 7, 6, 0, 0, 0
15:52:43, 1445.10, 28.24, 30.02, 27.523, 0, 0, 0, 0, 0, 1, 1, 2, 1, 0, 0, 0, 0, 0, 0, 0, 0, 0, 1, 3, 3, 0, 0, 0
15:52:44, 1444.90, 28.23, 30.02, 27.523, 0, 0, 0, 0, 0, 1, 1, 2, 2, 0, 0, 0, 0, 0, 0, 0, 0, 0, 0, 1, 1, 0, 0, 0
15:52:45, 1441.30, 28.22, 30.02, 27.516, 0, 0, 0, 0, 0, 1, 1, 3, 2, 0, 0, 0, 0, 0, 0, 0, 0, 0, 3, 4, 4, 0, 0, 0
15:52:45, 1440.90, 28.23, 30.02, 27.531, 0, 0, 0, 0, 0, 1, 2, 3, 3, 1, 0, 0, 0, 0, 0, 0, 0, 1, 4, 7, 6, 0, 0, 0
15:52:46, 1442.60, 28.23, 30.00, 27.531, 0, 0, 0, 0, 0, 1, 1, 2, 1, 0, 0, 0, 0, 0, 0, 0, 0, 0, 1, 2, 2, 0, 0, 0
15:52:47, 1443.50, 28.22, 30.02, 27.523, 0, 0, 0, 0, 0, 1, 1, 2, 2, 0, 0, 0, 0, 0, 0, 0, 0, 0, 0, 0, 0, 0, 0, 0
15:52:47, 1439.80, 28.22, 30.00, 27.516, 0, 0, 0, 0, 0, 1, 1, 3, 2, 0, 0, 0, 0, 0, 0, 0, 0, 0, 1, 3, 2, 0, 0, 0
15:52:48, 1439.30, 28.22, 30.02, 27.516, 0, 0, 0, 0, 0, 1, 0, 1, 1, 0, 0, 0, 0, 0, 0, 0, 0, 0, 3, 5, 4, 0, 0, 0
15:52:49, 1432.60, 28.22, 30.02, 27.516, 0, 0, 0, 0, 0, 1, 1, 2, 1, 0, 0, 0, 0, 0, 0, 0, 0, 2, 7, 12, 9, 0, 0, 0
15:52:49, 1428.00, 28.21, 30.04, 27.523, 0, 0, 0, 0, 0, 1, 1, 2, 1, 0, 0, 0, 0, 0, 0, 0, 0, 1, 7, 11, 8, 0, 0, 0
15:52:50, 1426.00, 28.22, 30.02, 27.523, 0, 0, 0, 0, 0, 1, 1, 2, 1, 0, 0, 0, 0, 0, 0, 0, 0, 2, 7, 11, 7, 0, 0, 0
15:52:51, 1431.60, 28.21, 30.04, 27.523, 0, 0, 0, 0, 1, 2, 5, 9, 7, 1, 0, 0, 0, 0, 0, 0, 0, 0, 3, 5, 5, 0, 0, 0
15:52:51, 1431.40, 28.21, 30.06, 27.531, 0, 0, 0, 0, 0, 1, 3, 5, 6, 1, 0, 0, 0, 0, 0, 0, 0, 1, 6, 10, 9, 0, 0, 0
15:52:52, 1429.00, 28.21, 30.00, 27.531, 0, 0, 0, 0, 0, 1, 3, 5, 6, 1, 0, 0, 0, 0, 0, 0, 0, 1, 5, 9, 9, 0, 0, 0
15:52:53, 1428.50, 28.20, 30.02, 27.516, 0, 0, 0, 0, 0, 1, 2, 4, 3, 1, 0, 0, 0, 0, 0, 0, 0, 0, 3, 5, 4, 0, 0, 0
15:52:53, 1424.70, 28.20, 30.04, 27.523, 0, 0, 0, 0, 0, 1, 3, 5, 4, 1, 0, 0, 0, 0, 0, 0, 0, 1, 4, 7, 6, 0, 0, 0
15:52:54, 1421.00, 28.20, 30.00, 27.523, 0, 0, 0, 0, 0, 2, 3, 6, 5, 1, 0, 0, 0, 0, 0, 0, 0, 2, 7, 11, 9, 0, 0, 0
15:52:55, 1419.40, 28.20, 30.06, 27.516, 0, 0, 0, 0, 0, 2, 4, 7, 6, 1, 0, 0, 0, 0, 0, 0, 0, 1, 6, 10, 8, 0, 0, 0
15:52:55, 1417.20, 28.20, 30.06, 27.523, 0, 0, 0, 0, 0, 2, 3, 6, 5, 1, 0, 0, 0, 0, 0, 0, 0, 2, 7, 12, 9, 0, 0, 0
15:52:56, 1415.50, 28.20, 30.04, 27.523, 0, 0, 0, 0, 0, 1, 1, 1, 1, 0, 0, 0, 0, 0, 0, 0, 4, 11, 32, 49, 54, 4, 0, 0
15:52:57, 1414.50, 28.20, 30.04, 27.523, 0, 0, 0, 0, 0, 1, 1, 2, 2, 0, 0, 0, 0, 0, 0, 0, 0, 1, 6, 10, 10, 0, 0, 0
15:52:57, 1415.60, 28.20, 30.06, 27.531, 0, 0, 0, 0, 0, 2, 4, 6, 8, 1, 0, 0, 0, 0, 0, 0, 0, 2, 9, 14, 13, 0, 0, 0
15:52:58, 1415.60, 28.20, 30.02, 27.531, 0, 0, 0, 0, 0, 2, 4, 6, 8, 1, 0, 0, 0, 0, 0, 0, 0, 2, 7, 12, 12, 0, 0, 0
15:52:59, 1411.10, 28.19, 30.04, 27.523, 0, 0, 0, 0, 0, 2, 4, 6, 7, 1, 0, 0, 0, 0, 0, 0, 0, 2, 8, 13, 12, 0, 0, 0
15:52:59, 1405.00, 28.19, 30.04, 27.523, 0, 0, 0, 0, 0, 2, 5, 8, 8, 1, 0, 0, 0, 0, 0, 0, 3, 8, 25, 38, 43, 3, 0, 0
15:53:00, 1410.50, 28.19, 30.04, 27.523, 0, 0, 0, 0, 0, 2, 5, 8, 10, 1, 0, 0, 0, 0, 0, 0, 1, 3, 10, 16, 14, 1, 0, 0
15:53:01, 1407.40, 28.19, 30.06, 27.523, 0, 0, 0, 0, 1, 3, 6, 10, 12, 1, 0, 0, 0, 0, 0, 0, 1, 3, 11, 17, 17, 1, 0, 0
15:53:01, 1406.00, 28.18, 30.04, 27.523, 0, 0, 0, 0, 1, 2, 5, 8, 10, 1, 0, 0, 0, 0, 0, 0, 1, 2, 9, 15, 15, 1, 0, 0
15:53:02, 1401.50, 28.18, 30.04, 27.523, 0, 0, 0, 0, 1, 2, 6, 9, 11, 1, 0, 0, 0, 0, 0, 0, 1, 4, 14, 22, 21, 1, 0, 0
15:53:03, 1402.30, 28.18, 30.04, 27.523, 0, 0, 0, 0, 1, 2, 5, 8, 11, 1, 0, 0, 0, 0, 0, 0, 1, 3, 11, 18, 17, 1, 0, 0
15:53:03, 1402.40, 28.18, 30.04, 27.523, 0, 0, 0, 0, 1, 3, 6, 10, 13, 1, 0, 0, 0, 0, 0, 0, 2, 5, 17, 26, 24, 1, 0, 0
15:53:04, 1398.40, 28.18, 30.08, 27.523, 0, 1, 0, 0, 1, 3, 8, 12, 14, 1, 0, 0, 0, 0, 0, 0, 1, 4, 14, 22, 21, 1, 0, 0
15:53:05, 1395.90, 28.18, 30.08, 27.523, 0, 0, 0, 0, 1, 3, 6, 10, 13, 1, 0, 0, 0, 0, 0, 0, 1, 3, 12, 19, 18, 1, 0, 0
15:53:05, 1397.70, 28.18, 30.00, 27.531, 0, 0, 0, 0, 1, 2, 6, 9, 10, 1, 0, 0, 0, 0, 0, 0, 0, 2, 8, 13, 12, 0, 0, 0
15:53:06, 1393.50, 28.17, 30.00, 27.531, 0, 0, 0, 0, 1, 3, 6, 10, 9, 1, 0, 0, 0, 0, 0, 0, 0, 2, 8, 13, 12, 0, 0, 0
15:53:07, 1392.20, 28.17, 30.02, 27.523, 0, 0, 0, 0, 0, 2, 4, 6, 5, 1, 0, 0, 0, 0, 0, 0, 0, 1, 6, 10, 9, 0, 0, 0
15:53:07, 1391.00, 28.17, 30.00, 27.531, 0, 0, 0, 0, 0, 2, 3, 6, 4, 1, 0, 0, 0, 0, 0, 0, 0, 2, 7, 11, 8, 0, 0, 0
15:53:08, 1391.00, 28.17, 30.04, 27.531, 0, 1, 0, 0, 1, 4, 8, 13, 10, 1, 0, 0, 0, 0, 0, 0, 0, 0, 3, 4, 3, 0, 0, 0
15:53:09, 1389.10, 28.17, 30.04, 27.523, 0, 1, 0, 0, 1, 3, 7, 11, 8, 1, 0, 0, 0, 0, 0, 0, 1, 3, 10, 16, 13, 0, 0, 0
15:53:09, 1385.00, 28.17, 30.06, 27.523, 0, 1, 0, 0, 1, 3, 8, 13, 10, 1, 0, 0, 0, 0, 0, 0, 1, 2, 9, 14, 11, 0, 0, 0
15:53:10, 1387.90, 28.16, 30.04, 27.523, 0, 0, 0, 0, 1, 3, 8, 12, 10, 1, 0, 0, 0, 0, 0, 0, 1, 2, 9, 15, 13, 1, 0, 0
15:53:11, 1380.40, 28.16, 30.02, 27.523, 0, 1, 0, 0, 1, 4, 9, 14, 13, 1, 0, 0, 0, 0, 0, 0, 1, 4, 14, 23, 20, 1, 0, 0
15:53:11, 1384.20, 28.16, 30.04, 27.531, 0, 1, 0, 0, 1, 4, 10, 15, 14, 1, 0, 0, 0, 0, 0, 0, 0, 1, 4, 7, 5, 0, 0, 0
15:53:12, 1373.00, 28.16, 30.08, 27.531, 0, 0, 0, 0, 2, 5, 13, 20, 22, 2, 0, 0, 0, 0, 0, 0, 2, 5, 16, 24, 23, 1, 0, 0
15:53:13, 1375.60, 28.16, 30.06, 27.523, 0, 1, 0, 0, 2, 5, 11, 17, 20, 2, 0, 0, 0, 0, 0, 0, 1, 5, 15, 23, 21, 1, 0, 0
15:53:13, 1378.20, 28.16, 30.04, 27.531, 0, 1, 0, 0, 2, 6, 14, 21, 22, 2, 0, 0, 0, 0, 0, 0, 1, 3, 12, 18, 16, 1, 0, 0
15:53:14, 1382.40, 28.16, 30.02, 27.531, 0, 1, 0, 0, 2, 5, 12, 19, 17, 2, 0, 0, 0, 0, 0, 0, 1, 2, 9, 15, 14, 1, 0, 0
15:53:15, 1378.50, 28.16, 30.06, 27.523, 0, 1, 0, 0, 2, 5, 11, 17, 13, 1, 0, 0, 0, 0, 0, 0, 1, 3, 12, 19, 14, 1, 0, 0
15:53:15, 1375.40, 28.16, 30.02, 27.523, 0, 1, 0, 0, 2, 5, 12, 19, 15, 1, 0, 0, 0, 0, 0, 0, 1, 4, 12, 19, 15, 1, 0, 0
15:53:16, 1376.00, 28.16, 30.06, 27.531, 0, 1, 1, 0, 2, 6, 14, 21, 17, 2, 0, 0, 0, 0, 0, 0, 1, 3, 12, 18, 15, 1, 0, 0
15:53:17, 1375.00, 28.16, 30.00, 27.523, 0, 1, 0, 0, 2, 7, 15, 24, 22, 2, 0, 0, 0, 0, 0, 0, 1, 3, 12, 19, 16, 1, 0, 0
15:53:17, 1374.50, 28.16, 30.04, 27.523, 0, 1, 0, 0, 3, 7, 16, 24, 23, 2, 0, 0, 0, 0, 0, 0, 1, 3, 12, 18, 16, 1, 0, 0
15:53:18, 1373.20, 28.16, 30.04, 27.523, 0, 1, 0, 0, 3, 7, 16, 25, 23, 2, 0, 0, 0, 0, 0, 0, 1, 4, 12, 19, 16, 1, 0, 0
15:53:19, 1371.30, 28.16, 30.02, 27.523, 0, 1, 0, 0, 2, 6, 15, 23, 19, 2, 0, 0, 0, 0, 0, 0, 1, 4, 13, 21, 16, 1, 0, 0
15:53:19, 1368.10, 28.16, 30.02, 27.523, 0, 1, 0, 0, 2, 6, 14, 22, 17, 2, 0, 0, 0, 0, 0, 0, 1, 4, 14, 21, 17, 1, 0, 0
15:53:20, 1364.80, 28.16, 30.06, 27.531, 0, 1, 0, 0, 3, 7, 16, 24, 18, 2, 0, 0, 0, 0, 0, 0, 1, 4, 14, 22, 18, 1, 0, 0
15:53:21, 1363.10, 28.16, 30.08, 27.523, 0, 1, 0, 0, 3, 7, 17, 26, 22, 2, 0, 0, 0, 0, 0, 0, 1, 4, 13, 20, 17, 1, 0, 0
15:53:21, 1359.40, 28.15, 30.08, 27.523, 1, 1, 0, 1, 3, 8, 20, 30, 28, 2, 0, 0, 0, 0, 0, 0, 1, 5, 14, 22, 19, 1, 0, 0
15:53:22, 1356.50, 28.16, 30.02, 27.531, 1, 1, 0, 1, 4, 9, 22, 33, 32, 3, 0, 0, 0, 0, 0, 0, 2, 5, 15, 23, 20, 1, 0, 0
15:53:23, 1357.40, 28.16, 30.06, 27.531, 1, 1, 0, 1, 4, 9, 21, 31, 29, 3, 0, 0, 0, 0, 0, 0, 1, 5, 15, 21, 18, 1, 0, 0
15:53:23, 1354.80, 28.15, 30.00, 27.531, 1, 1, 0, 1, 4, 9, 22, 32, 29, 3, 0, 0, 0, 0, 0, 0, 1, 5, 15, 22, 18, 1, 0, 0
15:53:24, 1350.00, 28.16, 30.04, 27.523, 1, 1, 0, 1, 4, 10, 23, 34, 29, 3, 0, 0, 0, 0, 0, 0, 2, 5, 14, 21, 17, 1, 0, 0
15:53:25, 1343.20, 28.15, 30.06, 27.531, 1, 1, 1, 1, 5, 11, 26, 38, 31, 3, 0, 0, 0, 0, 0, 0, 2, 5, 15, 22, 18, 1, 0, 0
15:53:25, 1335.20, 28.15, 30.06, 27.531, 1, 1, 1, 1, 5, 13, 29, 42, 36, 3, 0, 0, 0, 0, 0, 1, 2, 6, 17, 25, 21, 1, 0, 0
15:53:26, 1331.00, 28.16, 30.02, 27.531, 1, 1, 1, 1, 6, 14, 32, 48, 44, 4, 0, 0, 0, 0, 0, 0, 2, 7, 18, 26, 23, 1, 0, 0
15:53:27, 1328.80, 28.16, 30.04, 27.531, 1, 2, 1, 1, 6, 15, 33, 49, 45, 4, 0, 0, 0, 0, 0, 1, 3, 7, 19, 26, 24, 1, 0, 0
15:53:27, 1323.90, 28.16, 30.06, 27.531, 1, 2, 1, 1, 7, 15, 34, 49, 46, 4, 0, 0, 0, 0, 0, 1, 3, 8, 21, 28, 26, 2, 0, 0
15:53:28, 1320.10, 28.16, 30.08, 27.531, 1, 2, 1, 2, 7, 17, 37, 54, 50, 4, 0, 0, 0, 0, 0, 1, 3, 8, 22, 30, 27, 2, 0, 0
15:53:29, 1315.90, 28.16, 30.06, 27.531, 1, 2, 1, 2, 8, 18, 40, 58, 53, 4, 0, 0, 0, 0, 0, 1, 3, 9, 23, 31, 28, 2, 0, 0
15:53:29, 1311.10, 28.16, 30.02, 27.531, 2, 2, 1, 2, 9, 21, 45, 66, 60, 5, 0, 0, 0, 0, 1, 1, 4, 9, 24, 32, 29, 2, 0, 0
15:53:30, 1304.90, 28.16, 30.06, 27.531, 2, 2, 2, 2, 10, 23, 50, 72, 62, 5, 0, 0, 0, 0, 1, 1, 4, 11, 27, 36, 32, 2, 0, 0
15:53:31, 1300.80, 28.17, 30.08, 27.531, 2, 2, 2, 3, 12, 26, 56, 80, 69, 5, 0, 0, 1, 0, 1, 1, 5, 12, 29, 39, 35, 2, 0, 0
15:53:31, 1297.00, 28.17, 30.04, 27.531, 2, 3, 2, 3, 13, 28, 61, 87, 79, 6, 0, 0, 1, 0, 1, 1, 5, 13, 31, 41, 38, 3, 0, 0
15:53:32, 1292.10, 28.17, 30.08, 27.539, 3, 3, 2, 3, 15, 31, 67, 94, 90, 7, 0, 0, 1, 0, 1, 1, 6, 14, 33, 43, 41, 3, 0, 0
15:53:33, 1288.70, 28.17, 30.08, 27.531, 3, 3, 3, 4, 16, 34, 73, 103, 101, 8, 0, 0, 1, 1, 1, 1, 6, 15, 35, 46, 44, 3, 0, 0
15:53:33, 1283.20, 28.17, 30.06, 27.531, 3, 3, 3, 4, 16, 35, 73, 103, 98, 8, 0, 0, 1, 1, 1, 2, 7, 16, 37, 49, 46, 4, 0, 0
15:53:34, 1279.30, 28.16, 30.06, 27.531, 3, 3, 3, 4, 17, 36, 75, 106, 94, 7, 0, 0, 1, 1, 1, 2, 7, 17, 40, 52, 48, 4, 0, 0
15:53:35, 1275.00, 28.16, 30.06, 27.531, 3, 3, 3, 4, 19, 40, 82, 116, 102, 8, 0, 0, 1, 1, 1, 2, 8, 19, 43, 55, 51, 4, 0, 0
15:53:35, 1271.40, 28.16, 30.06, 27.531, 4, 4, 3, 5, 21, 44, 91, 127, 117, 9, 0, 0, 1, 1, 1, 2, 9, 19, 44, 57, 53, 4, 0, 0
15:53:36, 1267.80, 28.16, 30.06, 27.539, 4, 4, 3, 5, 22, 45, 91, 128, 112, 9, 0, 0, 2, 1, 1, 2, 9, 21, 47, 60, 56, 4, 0, 0
15:53:37, 1264.10, 28.16, 30.06, 27.531, 4, 4, 4, 6, 24, 50, 101, 140, 125, 10, 0, 0, 2, 1, 2, 2, 10, 22, 50, 64, 59, 5, 0, 0
15:53:37, 1259.70, 28.16, 30.08, 27.531, 5, 5, 4, 7, 27, 55, 112, 155, 147, 11, 0, 0, 2, 1, 2, 3, 11, 24, 55, 69, 64, 5, 0, 0
15:53:38, 1250.40, 28.16, 30.02, 27.531, 5, 5, 5, 7, 31, 62, 125, 172, 157, 12, 0, 0, 2, 2, 2, 3, 13, 29, 63, 80, 75, 6, 0, 0
15:53:39, 1246.30, 28.16, 30.06, 27.539, 6, 6, 6, 9, 38, 74, 146, 201, 187, 14, 0, 0, 2, 2, 2, 3, 14, 31, 67, 84, 81, 7, 0, 0
15:53:39, 1240.00, 28.16, 30.04, 27.539, 7, 7, 7, 10, 43, 85, 165, 227, 208, 16, 0, 0, 3, 2, 3, 4, 16, 35, 75, 94, 93, 8, 0, 0
15:53:40, 1232.90, 28.16, 30.06, 27.539, 8, 8, 8, 13, 51, 97, 187, 256, 236, 18, 0, 0, 3, 3, 3, 5, 19, 41, 86, 106, 106, 9, 0, 0
15:53:41, 1225.30, 28.17, 30.02, 27.539, 9, 9, 9, 15, 59, 113, 217, 295, 273, 20, 0, 0, 4, 3, 4, 5, 22, 47, 97, 121, 120, 10, 0, 0
15:53:41, 1218.00, 28.17, 30.06, 27.539, 11, 10, 11, 18, 71, 134, 251, 339, 316, 23, 0, 0, 4, 4, 4, 6, 26, 54, 110, 136, 135, 11, 0, 0
15:53:42, 1212.40, 28.17, 30.06, 27.539, 12, 12, 13, 22, 81, 150, 280, 381, 379, 28, 0, 0, 5, 4, 5, 7, 29, 61, 122, 149, 147, 13, 0, 0
15:53:43, 1205.00, 28.17, 30.04, 27.539, 14, 14, 15, 27, 101, 185, 340, 452, 454, 33, 0, 0, 6, 5, 6, 9, 35, 71, 140, 171, 172, 15, 0, 0
15:53:43, 1198.20, 28.17, 30.08, 27.539, 16, 15, 17, 32, 115, 209, 381, 505, 521, 38, 0, 0, 6, 5, 6, 10, 40, 81, 157, 190, 191, 16, 0, 0
15:53:44, 1193.10, 28.17, 30.00, 27.539, 19, 18, 20, 38, 135, 240, 430, 570, 621, 46, 0, 0, 7, 6, 7, 11, 45, 89, 170, 205, 209, 18, 0, 0
15:53:45, 1181.70, 28.17, 30.08, 27.539, 21, 20, 23, 44, 156, 276, 490, 640, 657, 48, 0, 0, 8, 7, 8, 14, 55, 106, 199, 237, 244, 21, 0, 0
15:53:45, 1176.60, 28.17, 30.04, 27.539, 26, 24, 29, 58, 192, 327, 566, 747, 790, 58, 0, 0, 10, 8, 10, 16, 62, 119, 220, 262, 273, 24, 0, 0
15:53:46, 1167.80, 28.17, 30.10, 27.539, 28, 26, 31, 64, 212, 362, 621, 805, 804, 59, 0, 0, 11, 9, 11, 19, 73, 137, 251, 296, 309, 27, 0, 0
15:53:47, 1158.80, 28.17, 30.04, 27.547, 32, 30, 38, 78, 256, 429, 721, 939, 949, 69, 0, 0, 12, 10, 13, 22, 86, 159, 284, 333, 354, 31, 0, 0
15:53:47, 1151.40, 28.17, 30.02, 27.547, 40, 37, 48, 102, 315, 509, 837, 1109, 1127, 83, 0, 0, 15, 12, 15, 27, 102, 185, 325, 379, 408, 36, 0, 0
15:53:48, 1143.70, 28.17, 30.08, 27.547, 45, 44, 57, 123, 367, 581, 945, 1251, 1327, 97, 0, 0, 16, 14, 17, 32, 117, 209, 362, 418, 457, 41, 0, 0
15:53:49, 1135.50, 28.17, 30.06, 27.547, 52, 50, 68, 149, 442, 684, 1093, 1455, 1505, 111, 0, 0, 19, 15, 19, 38, 136, 238, 406, 466, 514, 46, 0, 0
15:53:49, 1128.30, 28.17, 30.08, 27.547, 59, 58, 81, 179, 500, 754, 1195, 1598, 1581, 115, 0, 0, 21, 17, 22, 44, 154, 265, 445, 508, 567, 51, 0, 0
15:53:50, 1120.40, 28.17, 30.06, 27.539, 70, 68, 100, 223, 599, 891, 1387, 1830, 1815, 133, 0, 0, 23, 19, 25, 52, 177, 298, 493, 559, 632, 56, 0, 0
15:53:51, 1112.20, 28.17, 30.06, 27.547, 80, 79, 120, 268, 722, 1067, 1642, 2142, 2098, 156, 0, 0, 27, 23, 31, 64, 214, 353, 573, 646, 733, 65, 0, 0
15:53:51, 1104.60, 28.18, 30.02, 27.547, 84, 88, 138, 304, 751, 1050, 1587, 2084, 2101, 151, 0, 0, 30, 25, 34, 73, 240, 389, 624, 699, 801, 71, 0, 0
15:53:52, 1095.50, 28.18, 30.06, 27.547, 104, 110, 183, 397, 952, 1313, 1941, 2546, 2593, 193, 0, 0, 35, 30, 42, 93, 292, 463, 726, 807, 942, 84, 0, 0
15:53:53, 1082.30, 28.18, 30.08, 27.539, 126, 140, 246, 515, 1223, 1648, 2401, 3178, 3241, 246, 0, 0, 42, 35, 52, 118, 362, 556, 852, 935, 1114, 99, 0, 0
15:53:53, 1074.10, 28.19, 30.04, 27.539, 155, 184, 344, 694, 1408, 1775, 2505, 3209, 3593, 267, 0, 0, 49, 42, 66, 152, 425, 634, 952, 1035, 1249, 111, 0, 0
15:53:54, 1065.40, 28.19, 30.06, 27.547, 158, 191, 365, 746, 1448, 1818, 2508, 3032, 3570, 267, 0, 0, 54, 46, 76, 176, 486, 710, 1050, 1133, 1388, 123, 0, 0
15:53:55, 1057.90, 28.19, 30.06, 27.555, 197, 256, 503, 973, 1784, 2183, 2952, 3529, 4394, 344, 0, 0, 63, 56, 96, 223, 582, 830, 1209, 1294, 1612, 144, 0, 0
15:53:55, 1049.00, 28.19, 30.06, 27.555, 240, 332, 658, 1209, 2151, 2567, 3426, 4123, 5246, 436, 0, 0, 74, 68, 122, 279, 708, 983, 1407, 1495, 1903, 170, 0, 0
15:53:56, 1040.20, 28.20, 30.02, 27.555, 307, 465, 895, 1570, 2500, 2909, 3827, 4349, 6267, 569, 0, 0, 87, 83, 157, 352, 828, 1121, 1573, 1658, 2150, 192, 0, 0
15:53:57, 1032.80, 28.20, 30.06, 27.555, 371, 605, 1120, 1861, 2810, 3227, 4162, 4644, 7111, 730, 0, 0, 92, 91, 177, 389, 884, 1175, 1627, 1701, 2271, 204, 0, 0
15:53:57, 1026.10, 28.20, 30.04, 27.555, 509, 882, 1559, 2397, 3479, 3873, 4834, 5541, 9123, 1087, 0, 0, 104, 110, 221, 467, 1007, 1305, 1778, 1845, 2583, 233, 0, 0
15:53:58, 1020.60, 28.20, 30.02, 27.555, 704, 1272, 2122, 3058, 4145, 4505, 5569, 6356, 11901, 1721, 0, 0, 128, 146, 297, 604, 1259, 1591, 2131, 2204, 3347, 309, 0, 0
15:53:59, 1011.40, 28.20, 30.04, 27.562, 920, 1631, 2615, 3515, 4651, 4976, 5915, 6934, 14376, 2606, 0, 0, 183, 230, 466, 893, 1768, 2156, 2824, 2902, 4944, 484, 0, 0
15:53:59, 1006.50, 28.20, 30.06, 27.562, 1464, 2437, 3547, 4301, 5413, 5457, 6556, 7364, 18410, 4637, 0, 0, 237, 317, 630, 1159, 2058, 2462, 3185, 3256, 6007, 612, 0, 0
15:54:00, 1006.00, 28.20, 30.08, 27.562, 2056, 3295, 4627, 5436, 6281, 6415, 7543, 8504, 22931, 7375, 0, 0, 254, 347, 680, 1225, 2111, 2515, 3247, 3314, 6366, 655, 0, 0
15:54:01, 1007.40, 28.20, 30.04, 27.586, 1982, 3043, 4321, 4951, 6169, 6569, 7550, 8419, 27309, 7572, 0, 0, 248, 331, 652, 1176, 1997, 2389, 3072, 3140, 6188, 630, 0, 0
15:54:01, 1006.80, 28.20, 30.08, 27.586, 2039, 3140, 4484, 5417, 6107, 6571, 7583, 8306, 31437, 9354, 0, 0, 258, 356, 700, 1257, 2168, 2581, 3330, 3413, 7093, 710, 0, 0
15:54:02, 1008.00, 28.20, 30.10, 27.586, 2155, 3506, 4918, 6084, 7143, 7586, 8992, 9981, 36000, 9823, 1, 1, 268, 369, 728, 1326, 2336, 2795, 3593, 3722, 7968, 796, 0, 0
15:54:03, 1004.60, 28.21, 30.08, 27.594, 2622, 4397, 6127, 7457, 8116, 8414, 10462, 11137, 36000, 18999, 1, 1, 310, 440, 854, 1503, 2528, 2993, 3804, 3947, 8460, 864, 0, 0
15:54:03, 1004.30, 28.22, 30.04, 27.594, 2684, 4321, 6003, 7197, 7894, 8189, 9837, 10612, 36000, 20216, 1, 1, 310, 435, 847, 1494, 2484, 2941, 3742, 3887, 8030, 823, 0, 0
15:54:04, 1002.20, 28.22, 30.08, 27.586, 2688, 4023, 5752, 6883, 7552, 7982, 9514, 9971, 36000, 18065, 1, 1, 350, 503, 956, 1631, 3012, 3490, 4410, 4556, 9533, 1366, 0, 0
15:54:05, 1002.40, 28.22, 30.08, 27.602, 2549, 3853, 5590, 6241, 6897, 7575, 8229, 9656, 30777, 11348, 0, 0, 1692, 2633, 3916, 5214, 7268, 8017, 9876, 10737, 28139, 8945, 0, 0
15:54:05, 1002.00, 28.23, 30.06, 27.602, 2641, 4292, 5943, 7104, 8558, 8609, 10670, 12215, 28046, 9621, 0, 0, 1776, 2749, 4037, 5398, 6334, 6811, 8475, 8998, 19512, 5138, 0, 0
15:54:06, 1002.20, 28.22, 30.06, 27.594, 2574, 4311, 5773, 6638, 6916, 6957, 8272, 8990, 28744, 9407, 0, 0, 3706, 5690, 8261, 10870, 10990, 12688, 14216, 16748, 35269, 13368, 0, 1
15:54:07, 1002.60, 28.23, 30.06, 27.578, 4142, 7464, 10693, 12307, 15076, 15075, 19391, 24182, 36000, 14723, 1, 1, 3230, 4417, 6768, 8361, 14242, 15649, 17708, 21020, 35886, 12832, 0, 1
15:54:07, 1002.40, 28.26, 30.06, 27.578, 4866, 8265, 11309, 12965, 17412, 17006, 21073, 27359, 36000, 32406, 1, 1, 3607, 5462, 8613, 10565, 11670, 11690, 16129, 16234, 36000, 13610, 1, 1
15:54:08, 1002.90, 28.28, 30.10, 27.562, 4757, 8565, 10999, 13150, 12978, 16096, 17242, 23948, 36000, 36000, 1, 1, 2911, 4935, 7036, 9547, 10178, 10148, 13781, 13921, 36000, 12482, 1, 1
15:54:09, 1002.60, 28.29, 30.11, 27.555, 5403, 9334, 13377, 15041, 17448, 17571, 20828, 26730, 36000, 18895, 1, 1, 4482, 7292, 10691, 14022, 16906, 18377, 23529, 23568, 36000, 17316, 1, 1
