Secchi Depth (cm) = 9999
Forel Ule Scale = 99
pH Colour Scale = 99
SensingSecchi S/N = A017
Latitude (degs N) = 34.35151
Longitude (degs E) = -78.04914
Date = 2026-07-28
Time (UTC), Pressure (mbar) MS5803, Temp (deg C) MS5803, Temp (deg C) 10KTHERM, Temp (deg C) TMP117, ED 415nm, ED 445nm, ED 480nm, ED 515nm, ED 555nm, ED 590nm, ED 630nm, ED 680nm, ED Clear, ED NIR, ED D-SAT, ED A-SAT, EU 415nm, EU 445nm, EU 480nm, EU 515nm, EU 555nm, EU 590nm, EU 630nm, EU 680nm, EU Clear, EU NIR, EU D-SAT, EU A-SAT
16:47:24, 1003.10, 28.78, 30.87, 26.812, 763, 1100, 1573, 1818, 2783, 2819, 3355, 3635, 21760, 8717, 0, 0, 12516, 22108, 27138, 32783, 20682, 24404, 30110, 33606, 36000, 36000, 1, 1
16:47:24, 1000.70, 28.70, 30.85, 26.812, 772, 1101, 1559, 1824, 1272, 1368, 1522, 1696, 8642, 3757, 0, 0, 36000, 36000, 36000, 36000, 36000, 36000, 36000, 36000, 36000, 36000, 1, 1
16:47:25, 1003.50, 28.81, 30.89, 26.812, 1450, 2202, 3051, 3567, 6864, 7091, 8414, 9105, 30901, 11682, 0, 0, 4753, 7389, 10339, 13013, 9926, 9925, 11862, 12086, 33689, 13059, 0, 1
16:47:26, 1003.50, 28.81, 30.87, 26.805, 2428, 3738, 5174, 6018, 6960, 7250, 8510, 9382, 26054, 8374, 0, 0, 1379, 2058, 3024, 4088, 6089, 6164, 7693, 7367, 16053, 4246, 0, 0
16:47:26, 1006.30, 28.82, 30.85, 26.805, 2857, 4436, 6115, 7133, 7705, 8071, 9276, 10273, 29007, 9310, 0, 0, 698, 990, 1527, 2251, 1402, 1502, 1728, 1606, 3470, 324, 0, 0
16:47:27, 1008.80, 28.82, 30.85, 27.047, 2895, 4545, 6357, 7420, 5829, 5975, 7012, 7856, 25007, 7072, 0, 0, 132, 200, 420, 747, 1150, 1241, 1434, 1331, 2883, 258, 0, 0
16:47:28, 1018.20, 28.84, 30.84, 28.062, 2938, 4869, 6893, 8172, 8842, 9134, 10955, 11833, 35235, 7659, 0, 1, 120, 177, 385, 709, 1134, 1244, 1443, 1338, 2660, 229, 0, 0
16:47:28, 1026.10, 28.86, 30.82, 28.062, 1873, 3372, 5314, 6806, 7658, 8010, 9696, 10319, 30251, 4508, 0, 0, 105, 147, 330, 634, 1070, 1192, 1385, 1289, 2623, 224, 0, 0
16:47:29, 1030.80, 28.89, 30.84, 28.633, 1303, 2438, 4053, 5626, 6815, 7244, 8912, 9417, 29723, 3772, 0, 0, 94, 125, 285, 565, 987, 1113, 1295, 1208, 2588, 217, 0, 0
16:47:30, 1027.50, 28.91, 30.80, 28.953, 1159, 2172, 3584, 5107, 6365, 6908, 8324, 8914, 30936, 4140, 0, 0, 99, 136, 305, 593, 1006, 1130, 1309, 1226, 2780, 233, 0, 0
16:47:30, 1025.50, 28.93, 30.82, 28.953, 1240, 2336, 3813, 5337, 6613, 7072, 8543, 9167, 31636, 4152, 0, 0, 89, 122, 275, 538, 946, 1064, 1232, 1152, 2674, 225, 0, 0
16:47:31, 1020.40, 28.95, 30.80, 29.148, 1415, 2590, 4111, 5779, 6986, 7664, 9078, 9544, 35191, 4970, 0, 1, 98, 141, 311, 589, 1006, 1119, 1295, 1208, 2881, 247, 0, 0
16:47:32, 1017.10, 28.97, 30.82, 29.242, 1710, 2998, 4707, 6100, 7274, 7841, 9173, 9980, 36000, 6112, 1, 1, 109, 159, 348, 648, 1098, 1211, 1406, 1308, 3110, 269, 0, 0
16:47:32, 1015.40, 28.98, 30.82, 29.242, 1891, 3248, 4939, 6186, 7336, 7784, 9211, 10172, 36000, 7564, 1, 1, 121, 180, 387, 710, 1176, 1291, 1498, 1394, 3286, 284, 0, 0
16:47:33, 1015.50, 29.00, 30.80, 29.281, 1951, 3395, 5090, 6318, 7282, 7639, 8980, 9896, 36000, 7481, 1, 1, 122, 183, 393, 718, 1190, 1302, 1514, 1406, 3272, 282, 0, 0
16:47:34, 1016.30, 29.01, 30.76, 29.312, 1842, 3282, 4818, 6170, 7283, 7576, 9042, 9826, 33929, 6581, 0, 1, 115, 170, 368, 681, 1139, 1251, 1457, 1353, 3056, 262, 0, 0
16:47:34, 1018.10, 29.02, 30.74, 29.312, 1685, 3026, 4533, 5829, 6775, 6998, 8565, 9225, 30688, 5737, 0, 0, 108, 157, 344, 646, 1081, 1194, 1395, 1293, 2819, 240, 0, 0
16:47:35, 1016.30, 29.03, 30.74, 29.328, 1750, 3114, 4740, 6030, 7154, 7401, 9021, 9756, 30830, 5680, 0, 0, 108, 157, 343, 643, 1120, 1234, 1440, 1337, 2912, 249, 0, 0
16:47:36, 1008.80, 29.04, 30.74, 29.367, 2170, 3727, 5482, 6813, 8232, 8499, 10250, 11053, 35727, 8124, 0, 1, 132, 200, 421, 754, 1285, 1397, 1621, 1509, 3361, 298, 0, 0
16:47:36, 1009.80, 29.05, 30.72, 29.367, 2445, 4054, 5646, 6773, 7844, 7971, 9576, 10395, 33346, 10028, 0, 1, 135, 205, 429, 765, 1249, 1360, 1579, 1470, 3268, 289, 0, 0
16:47:37, 1013.30, 29.07, 30.74, 29.398, 2039, 3484, 4976, 5994, 7195, 7411, 8840, 9688, 30393, 7221, 0, 0, 114, 169, 360, 657, 1105, 1212, 1413, 1312, 2853, 248, 0, 0
16:47:38, 1010.40, 29.08, 30.74, 29.430, 2022, 3484, 5097, 6190, 7513, 7632, 9189, 10015, 31025, 7089, 0, 0, 114, 170, 361, 657, 1127, 1232, 1434, 1331, 2883, 254, 0, 0
16:47:38, 1010.60, 29.09, 30.72, 29.430, 2120, 3600, 5074, 6144, 7682, 7789, 9315, 10175, 32331, 8059, 0, 0, 119, 179, 380, 686, 1154, 1260, 1466, 1360, 2995, 264, 0, 0
16:47:39, 1013.70, 29.10, 30.72, 29.437, 2004, 3367, 4667, 5763, 6743, 7003, 8293, 9124, 30770, 7773, 0, 0, 123, 184, 390, 708, 1157, 1267, 1477, 1374, 3124, 272, 0, 0
16:47:40, 1013.10, 29.10, 30.67, 29.445, 1859, 3192, 4597, 5876, 6978, 7234, 8634, 9430, 32923, 7028, 0, 1, 120, 180, 385, 703, 1167, 1279, 1492, 1387, 3158, 274, 0, 0
16:47:40, 1013.00, 29.11, 30.71, 29.445, 1984, 3368, 4849, 5954, 7134, 7227, 8612, 9479, 33570, 7937, 0, 1, 123, 185, 391, 707, 1160, 1267, 1475, 1371, 3187, 277, 0, 0
16:47:41, 1011.70, 29.12, 30.72, 29.445, 1966, 3340, 4843, 6005, 7561, 7873, 9359, 10068, 35570, 7715, 0, 1, 117, 176, 372, 673, 1130, 1236, 1441, 1337, 3008, 263, 0, 0
16:47:42, 1011.90, 29.12, 30.72, 29.453, 1919, 3290, 4661, 5725, 7179, 7378, 8676, 9568, 34139, 7808, 0, 1, 112, 168, 357, 651, 1087, 1192, 1392, 1290, 2880, 251, 0, 0
16:47:42, 1012.50, 29.13, 30.72, 29.453, 1946, 3342, 4731, 5791, 7197, 7413, 8813, 9599, 35247, 7794, 0, 1, 113, 169, 360, 658, 1112, 1219, 1424, 1321, 2964, 258, 0, 0
16:47:43, 1011.10, 29.14, 30.72, 29.461, 2060, 3522, 5052, 6348, 7988, 8682, 10249, 10694, 36000, 8252, 1, 1, 113, 169, 359, 654, 1142, 1247, 1454, 1351, 3122, 274, 0, 0
16:47:44, 1011.10, 29.14, 30.71, 29.469, 2110, 3567, 5126, 6182, 8044, 8543, 10074, 10769, 36000, 9346, 1, 1, 123, 185, 388, 700, 1199, 1306, 1521, 1415, 3326, 294, 0, 0
16:47:44, 1010.80, 29.15, 30.71, 29.469, 1963, 3352, 4820, 5889, 7609, 7987, 9495, 10217, 36000, 8528, 1, 1, 122, 183, 387, 699, 1150, 1258, 1468, 1362, 3154, 278, 0, 0
16:47:45, 1010.30, 29.15, 30.71, 29.484, 2231, 3749, 5370, 6427, 7521, 7890, 9392, 10094, 36000, 9311, 1, 1, 125, 190, 397, 708, 1140, 1243, 1448, 1347, 3222, 284, 0, 0
16:47:46, 1010.40, 29.16, 30.71, 29.484, 2367, 3884, 5563, 6715, 7687, 8054, 9594, 10455, 36000, 9808, 1, 1, 127, 195, 405, 719, 1165, 1269, 1477, 1373, 3342, 294, 0, 0
16:47:46, 1010.90, 29.17, 30.69, 29.484, 2643, 4209, 6029, 7707, 7791, 8555, 10258, 10559, 36000, 10072, 1, 1, 131, 202, 419, 742, 1170, 1277, 1487, 1383, 3354, 294, 0, 0
16:47:47, 1010.70, 29.17, 30.71, 29.484, 2648, 4283, 6204, 7985, 8071, 8878, 10939, 11091, 36000, 10894, 1, 1, 135, 208, 431, 764, 1224, 1336, 1554, 1448, 3510, 308, 0, 0
16:47:48, 1010.40, 29.18, 30.69, 29.484, 2909, 4629, 6655, 8572, 8066, 8806, 10577, 10939, 36000, 11866, 1, 1, 144, 223, 459, 807, 1263, 1375, 1596, 1489, 3668, 324, 0, 0
16:47:48, 1011.60, 29.19, 30.67, 29.508, 2633, 4264, 6198, 7840, 8629, 9649, 11781, 11957, 36000, 12108, 1, 1, 138, 213, 440, 777, 1197, 1306, 1517, 1416, 3518, 309, 0, 0
16:47:49, 1012.90, 29.19, 30.69, 29.555, 2547, 4134, 6078, 7975, 8074, 8865, 10627, 10955, 36000, 10131, 1, 1, 128, 196, 409, 730, 1161, 1269, 1479, 1377, 3362, 293, 0, 0
16:47:50, 1015.60, 29.21, 30.72, 29.555, 2478, 4101, 6026, 8035, 8021, 8783, 10669, 10955, 36000, 8987, 1, 1, 126, 190, 401, 725, 1209, 1326, 1543, 1442, 3493, 300, 0, 0
16:47:50, 1017.00, 29.22, 30.69, 29.594, 2163, 3749, 5662, 8074, 7735, 8755, 10447, 10682, 36000, 7398, 1, 1, 117, 171, 370, 686, 1168, 1288, 1505, 1403, 3301, 282, 0, 0
16:47:51, 1015.90, 29.23, 30.63, 29.625, 2191, 3682, 5643, 7672, 8329, 9408, 11036, 11334, 36000, 7490, 1, 1, 121, 179, 384, 710, 1211, 1333, 1557, 1451, 3395, 292, 0, 0
16:47:52, 1014.80, 29.24, 30.69, 29.625, 2206, 3738, 5643, 7557, 8877, 10094, 11907, 12183, 36000, 8400, 1, 1, 124, 184, 395, 726, 1229, 1351, 1577, 1470, 3433, 296, 0, 0
16:47:52, 1016.90, 29.25, 30.71, 29.641, 2247, 3864, 5680, 7842, 8944, 9792, 11734, 12282, 36000, 8722, 1, 1, 118, 176, 377, 692, 1169, 1286, 1502, 1399, 3292, 282, 0, 0
16:47:53, 1019.90, 29.26, 30.69, 29.656, 1948, 3429, 5111, 7087, 8335, 9203, 11519, 11713, 36000, 7308, 1, 1, 109, 158, 344, 645, 1099, 1219, 1429, 1329, 3014, 255, 0, 0
16:47:54, 1016.60, 29.27, 30.71, 29.656, 1652, 2920, 4581, 6376, 7979, 9175, 10922, 11216, 36000, 6007, 1, 1, 106, 151, 333, 629, 1114, 1233, 1447, 1343, 2990, 256, 0, 0
16:47:54, 1013.90, 29.28, 30.67, 29.664, 2170, 3684, 5537, 7263, 8616, 9663, 11682, 11995, 36000, 8278, 1, 1, 122, 182, 391, 716, 1209, 1326, 1549, 1441, 3290, 284, 0, 0
16:47:55, 1012.20, 29.28, 30.65, 29.680, 2323, 3924, 5840, 7400, 8379, 9195, 11106, 11599, 36000, 8099, 1, 1, 126, 188, 402, 732, 1240, 1357, 1583, 1474, 3382, 294, 0, 0
16:47:56, 1011.40, 29.29, 30.65, 29.680, 2454, 4070, 5938, 7370, 8790, 9786, 11798, 12227, 36000, 10169, 1, 1, 130, 197, 413, 741, 1223, 1334, 1554, 1446, 3404, 298, 0, 0
16:47:56, 1012.30, 29.30, 30.71, 29.687, 2547, 4175, 6099, 7944, 8468, 9580, 11469, 11701, 36000, 9522, 1, 1, 125, 190, 400, 720, 1164, 1273, 1483, 1379, 3256, 283, 0, 0
16:47:57, 1012.00, 29.31, 30.69, 29.687, 2672, 4281, 6248, 8385, 7416, 7890, 9462, 10228, 36000, 8355, 1, 1, 125, 189, 398, 717, 1150, 1258, 1466, 1362, 3205, 279, 0, 0
16:47:58, 1011.80, 29.32, 30.69, 29.687, 2443, 4039, 5905, 7604, 8368, 9301, 11300, 11632, 36000, 9820, 1, 1, 131, 200, 418, 749, 1196, 1308, 1523, 1417, 3357, 294, 0, 0
16:47:58, 1010.70, 29.32, 30.65, 29.695, 2886, 4614, 6834, 9023, 8630, 9215, 11148, 12046, 36000, 9652, 1, 1, 135, 205, 430, 774, 1264, 1377, 1601, 1492, 3584, 316, 0, 0
16:47:59, 1009.40, 29.33, 30.67, 29.703, 3037, 4893, 7105, 8935, 8683, 8909, 10593, 12248, 36000, 12114, 1, 1, 149, 230, 475, 839, 1284, 1395, 1621, 1511, 3668, 327, 0, 0
16:48:00, 1012.70, 29.33, 30.67, 29.703, 2686, 4410, 6332, 8513, 9330, 10251, 13303, 13384, 36000, 14100, 1, 1, 131, 200, 417, 741, 1174, 1281, 1490, 1386, 3400, 298, 0, 0
16:48:00, 1013.20, 29.34, 30.67, 29.711, 2228, 3896, 5487, 7462, 8974, 10341, 12148, 12334, 36000, 9146, 1, 1, 118, 175, 375, 686, 1156, 1269, 1481, 1373, 3240, 282, 0, 0
16:48:01, 1012.40, 29.35, 30.69, 29.719, 2585, 4252, 6385, 8636, 8795, 10346, 12027, 11960, 36000, 9343, 1, 1, 126, 189, 401, 727, 1197, 1311, 1527, 1418, 3399, 296, 0, 0
16:48:02, 1012.80, 29.35, 30.69, 29.719, 2760, 4396, 6422, 8501, 9458, 11096, 13102, 12950, 36000, 11029, 1, 1, 132, 202, 425, 762, 1246, 1361, 1582, 1473, 3598, 312, 0, 0
16:48:02, 1014.90, 29.36, 30.65, 29.719, 2475, 4194, 6269, 8533, 8810, 9264, 11567, 12296, 36000, 9943, 1, 1, 129, 195, 412, 746, 1209, 1326, 1542, 1437, 3477, 299, 0, 0
16:48:03, 1012.00, 29.36, 30.67, 29.719, 2513, 4085, 6130, 8115, 8843, 9856, 11810, 12095, 36000, 9281, 1, 1, 130, 197, 416, 751, 1223, 1336, 1554, 1445, 3500, 306, 0, 0
16:48:04, 1011.20, 29.37, 30.67, 29.719, 2636, 4291, 6219, 7805, 9165, 10207, 12296, 12687, 36000, 11602, 1, 1, 135, 206, 428, 763, 1231, 1341, 1559, 1453, 3553, 314, 0, 0
16:48:04, 1015.20, 29.38, 30.67, 29.719, 3179, 5307, 8124, 12448, 10021, 13289, 15904, 14624, 36000, 11639, 1, 1, 125, 186, 394, 719, 1234, 1360, 1591, 1487, 3528, 305, 0, 0
16:48:05, 1016.60, 29.38, 30.67, 29.719, 2625, 4328, 6918, 10164, 10975, 15200, 18172, 16226, 36000, 9757, 1, 1, 128, 185, 399, 742, 1328, 1478, 1745, 1640, 3807, 331, 0, 0
16:48:06, 1016.90, 29.39, 30.67, 29.719, 3063, 5337, 8701, 15309, 13984, 20710, 24802, 20947, 36000, 11725, 1, 1, 143, 204, 441, 827, 1454, 1632, 1943, 1839, 4210, 369, 0, 0
16:48:06, 1015.80, 29.39, 30.71, 29.727, 3778, 5915, 9223, 14444, 14807, 21976, 27516, 23245, 36000, 14185, 1, 1, 172, 249, 530, 982, 1695, 1904, 2281, 2179, 5128, 455, 0, 0
16:48:07, 1016.90, 29.40, 30.65, 29.727, 5058, 7837, 12672, 21897, 16608, 23563, 34149, 28887, 36000, 18816, 1, 1, 191, 277, 584, 1076, 1771, 1999, 2400, 2305, 5519, 489, 0, 0
16:48:08, 1017.20, 29.41, 30.65, 29.727, 5078, 8300, 14558, 25223, 21152, 29009, 35995, 33969, 36000, 22285, 1, 1, 186, 266, 564, 1049, 1755, 1985, 2390, 2298, 5513, 492, 0, 0
16:48:08, 1018.10, 29.41, 30.65, 29.719, 3981, 6693, 11515, 19801, 22416, 30746, 35688, 33781, 36000, 22498, 1, 1, 179, 255, 542, 1010, 1712, 1943, 2344, 2252, 5354, 478, 0, 0
16:48:09, 1015.00, 29.42, 30.67, 29.719, 5125, 7187, 10908, 20946, 19707, 30299, 35610, 30911, 36000, 15883, 1, 1, 179, 248, 530, 1002, 1800, 2043, 2472, 2370, 5398, 490, 0, 0
16:48:10, 1010.90, 29.42, 30.65, 29.719, 8203, 11403, 17595, 29410, 24980, 29893, 36000, 36000, 36000, 24807, 1, 1, 207, 296, 619, 1140, 2009, 2258, 2725, 2624, 6084, 566, 0, 0
16:48:10, 1011.90, 29.42, 30.63, 29.719, 6570, 11184, 15940, 25493, 25111, 30929, 34944, 35833, 36000, 27838, 1, 1, 212, 305, 636, 1170, 1964, 2209, 2667, 2565, 5944, 552, 0, 0
16:48:11, 1011.80, 29.43, 30.69, 29.719, 5465, 9941, 14764, 27026, 23563, 32971, 35389, 35100, 36000, 25576, 1, 1, 177, 251, 529, 974, 1683, 1890, 2273, 2172, 5036, 474, 0, 0
16:48:12, 1010.10, 29.43, 30.69, 29.719, 7064, 13754, 19991, 23159, 32971, 35675, 35930, 36000, 36000, 35622, 1, 1, 217, 318, 659, 1184, 2010, 2244, 2696, 2598, 5997, 569, 0, 0
16:48:12, 1008.20, 29.44, 30.67, 29.711, 8550, 12113, 18535, 29709, 27504, 34135, 35351, 33714, 36000, 30791, 1, 1, 243, 350, 733, 1340, 2281, 2563, 3091, 2982, 6526, 612, 0, 0
16:48:13, 1007.20, 29.44, 30.63, 29.719, 9301, 14143, 19480, 26691, 28533, 36000, 36000, 36000, 36000, 36000, 1, 1, 275, 399, 824, 1492, 2590, 2899, 3487, 3383, 7657, 720, 0, 0
16:48:14, 1006.90, 29.45, 30.63, 29.719, 9099, 13956, 19435, 26415, 31595, 35908, 36000, 36000, 36000, 36000, 1, 1, 286, 422, 861, 1538, 2507, 2796, 3365, 3266, 7407, 701, 0, 0
16:48:14, 1007.60, 29.46, 30.69, 29.711, 8357, 14887, 20129, 22780, 32157, 30948, 34465, 36000, 36000, 36000, 1, 1, 270, 401, 820, 1452, 2366, 2637, 3164, 3073, 6801, 648, 0, 0
16:48:15, 1007.50, 29.46, 30.65, 29.711, 8594, 14327, 21088, 24188, 30353, 32902, 32545, 36000, 36000, 36000, 1, 1, 261, 386, 792, 1404, 2308, 2576, 3077, 2992, 6368, 611, 0, 0
16:48:16, 1007.00, 29.47, 30.65, 29.711, 8494, 14351, 20576, 22426, 31456, 32894, 33748, 36000, 36000, 36000, 1, 1, 265, 389, 801, 1431, 2381, 2663, 3181, 3094, 6564, 630, 0, 0
16:48:16, 1007.20, 29.47, 30.67, 29.703, 8258, 14310, 20736, 23263, 26432, 28095, 31928, 36000, 36000, 36000, 1, 1, 273, 402, 828, 1478, 2379, 2667, 3191, 3103, 6533, 627, 0, 0
16:48:17, 1007.10, 29.48, 30.67, 29.703, 8480, 14205, 20305, 20981, 27912, 29578, 32058, 36000, 36000, 36000, 1, 1, 269, 397, 817, 1458, 2396, 2674, 3196, 3111, 6712, 645, 0, 0
16:48:18, 1007.90, 29.48, 30.67, 29.703, 8685, 14023, 20673, 22078, 26295, 28624, 32184, 36000, 36000, 36000, 1, 1, 267, 397, 816, 1450, 2337, 2608, 3111, 3031, 6514, 623, 0, 0
16:48:18, 1009.70, 29.48, 30.65, 29.695, 8646, 14868, 20582, 25511, 31890, 33199, 34636, 36000, 36000, 36000, 1, 1, 259, 379, 785, 1409, 2350, 2637, 3157, 3075, 6517, 612, 0, 0
16:48:19, 1013.10, 29.49, 30.71, 29.703, 4920, 8867, 13012, 14833, 20547, 21757, 28433, 33987, 36000, 32368, 1, 1, 252, 365, 764, 1399, 2269, 2559, 3070, 2990, 6292, 577, 0, 0
16:48:20, 1012.50, 29.49, 30.65, 29.703, 6389, 11864, 17141, 22192, 24789, 27122, 28706, 36000, 36000, 29427, 1, 1, 250, 362, 758, 1387, 2285, 2577, 3096, 3014, 6336, 580, 0, 0
16:48:20, 1012.10, 29.49, 30.71, 29.703, 6570, 11492, 17101, 21394, 24061, 28475, 28816, 36000, 36000, 32746, 1, 1, 250, 362, 760, 1387, 2265, 2554, 3072, 2986, 6303, 578, 0, 0
16:48:21, 1011.40, 29.50, 30.67, 29.711, 6125, 11058, 15736, 18579, 20750, 26233, 25659, 35272, 36000, 33501, 1, 1, 252, 367, 768, 1401, 2258, 2544, 3060, 2970, 6316, 575, 0, 0
16:48:22, 1008.80, 29.49, 30.67, 29.711, 6885, 11319, 17676, 21116, 26419, 29978, 30321, 36000, 36000, 36000, 1, 1, 258, 382, 784, 1401, 2286, 2549, 3054, 2964, 6503, 610, 0, 0
16:48:22, 1014.10, 29.49, 30.67, 29.711, 6501, 12781, 16286, 19182, 26401, 26477, 30763, 35181, 36000, 30554, 1, 1, 222, 322, 675, 1231, 2009, 2260, 2706, 2623, 5530, 504, 0, 0
16:48:23, 1021.60, 29.50, 30.65, 29.703, 4260, 7394, 11733, 14565, 23450, 24014, 25368, 28339, 36000, 18953, 1, 1, 188, 258, 558, 1064, 1884, 2152, 2598, 2515, 5059, 446, 0, 0
16:48:24, 1030.70, 29.50, 30.71, 29.703, 2569, 4723, 7770, 9557, 16623, 18230, 21300, 29388, 36000, 10886, 1, 1, 164, 211, 469, 940, 1680, 1950, 2371, 2291, 4469, 381, 0, 0
16:48:24, 1036.50, 29.50, 30.67, 29.711, 3241, 6007, 11027, 14488, 15518, 16378, 19713, 24305, 36000, 6821, 1, 1, 147, 183, 412, 845, 1536, 1799, 2199, 2123, 4130, 347, 0, 0
16:48:25, 1046.30, 29.50, 30.69, 29.695, 1767, 3429, 6066, 9227, 13741, 17149, 17677, 27054, 36000, 8265, 1, 1, 131, 158, 358, 752, 1367, 1620, 1985, 1923, 3826, 310, 0, 0
16:48:26, 1053.80, 29.50, 30.69, 29.695, 1957, 3636, 6805, 10866, 9624, 11597, 14686, 15712, 36000, 3149, 1, 1, 104, 112, 254, 567, 1141, 1380, 1709, 1644, 3112, 255, 0, 0
16:48:26, 1058.20, 29.50, 30.69, 29.625, 1435, 2525, 5032, 8376, 9442, 10632, 13469, 15690, 36000, 2974, 1, 1, 100, 106, 237, 539, 1114, 1361, 1697, 1635, 3060, 249, 0, 0
16:48:27, 1062.90, 29.50, 30.67, 29.562, 1182, 2088, 4128, 7494, 10327, 12419, 15917, 17288, 36000, 3159, 1, 1, 93, 96, 212, 491, 1038, 1278, 1597, 1539, 2860, 232, 0, 0
16:48:28, 1070.40, 29.50, 30.63, 29.562, 806, 1392, 2707, 5131, 10753, 13783, 16232, 20953, 36000, 3811, 1, 1, 86, 86, 190, 446, 958, 1193, 1504, 1450, 2685, 216, 0, 0
16:48:28, 1077.50, 29.49, 30.69, 29.445, 880, 1385, 2874, 5942, 7555, 9854, 12838, 13479, 33415, 2415, 0, 1, 76, 73, 157, 380, 842, 1063, 1349, 1298, 2344, 190, 0, 0
16:48:29, 1084.70, 29.49, 30.65, 29.367, 541, 808, 1738, 3570, 9130, 13058, 16719, 19656, 35292, 3264, 0, 1, 70, 66, 138, 341, 748, 958, 1222, 1176, 2118, 172, 0, 0
16:48:30, 1087.80, 29.49, 30.65, 29.367, 644, 864, 1893, 4152, 6505, 8838, 11727, 11812, 28175, 1758, 0, 0, 64, 59, 122, 304, 711, 915, 1168, 1124, 2002, 162, 0, 0
16:48:30, 1093.40, 29.48, 30.71, 29.297, 454, 627, 1347, 3091, 4928, 6370, 8757, 8942, 23090, 1515, 0, 0, 60, 54, 111, 279, 665, 861, 1104, 1064, 1897, 153, 0, 0
16:48:31, 1103.70, 29.47, 30.69, 29.266, 382, 503, 1079, 2464, 3791, 4806, 7039, 7066, 18981, 1311, 0, 0, 54, 48, 95, 243, 579, 763, 984, 950, 1679, 135, 0, 0
16:48:32, 1109.30, 29.46, 30.65, 29.266, 397, 471, 1050, 2601, 3859, 5393, 7292, 7204, 16233, 1050, 0, 0, 45, 39, 75, 194, 487, 649, 839, 804, 1387, 113, 0, 0
16:48:32, 1112.50, 29.45, 30.65, 29.234, 321, 379, 846, 2162, 3446, 4861, 6641, 6504, 14247, 914, 0, 0, 40, 34, 66, 171, 443, 592, 766, 732, 1256, 102, 0, 0
16:48:33, 1115.40, 29.45, 30.65, 29.211, 268, 322, 679, 1762, 2674, 3437, 4761, 4922, 10906, 751, 0, 0, 37, 31, 59, 155, 409, 549, 710, 678, 1160, 94, 0, 0
16:48:34, 1119.10, 29.44, 30.65, 29.211, 222, 259, 557, 1364, 2447, 3098, 4313, 4522, 10063, 707, 0, 0, 36, 30, 57, 149, 399, 539, 700, 670, 1152, 94, 0, 0
16:48:34, 1127.00, 29.43, 30.65, 29.187, 217, 249, 507, 1198, 2486, 3001, 4311, 4552, 10825, 823, 0, 0, 35, 30, 54, 141, 373, 511, 670, 644, 1098, 90, 0, 0
16:48:35, 1133.90, 29.43, 30.67, 29.187, 242, 266, 558, 1491, 2485, 3289, 4532, 4916, 10179, 692, 0, 0, 33, 27, 48, 127, 348, 483, 637, 614, 1041, 85, 0, 0
16:48:36, 1142.40, 29.42, 30.65, 29.187, 184, 203, 393, 1003, 1970, 2461, 3348, 3773, 7898, 580, 0, 0, 29, 24, 40, 106, 306, 432, 575, 553, 914, 75, 0, 0
16:48:36, 1148.60, 29.42, 30.65, 29.172, 166, 172, 342, 886, 1901, 2463, 3398, 3785, 7645, 543, 0, 0, 28, 23, 39, 102, 297, 422, 565, 548, 912, 75, 0, 0
16:48:37, 1154.70, 29.41, 30.63, 29.172, 209, 218, 410, 1125, 1807, 2444, 3354, 3706, 7094, 493, 0, 0, 26, 21, 34, 90, 271, 390, 525, 508, 832, 69, 0, 0
16:48:38, 1157.70, 29.41, 30.65, 29.172, 158, 157, 302, 802, 1748, 2479, 3407, 3567, 6796, 462, 0, 0, 26, 21, 33, 87, 264, 382, 518, 501, 814, 67, 0, 0
16:48:38, 1163.60, 29.41, 30.63, 29.156, 143, 149, 267, 706, 1681, 2221, 3168, 3636, 6831, 482, 0, 0, 24, 19, 31, 79, 242, 352, 480, 465, 751, 62, 0, 0
16:48:39, 1168.90, 29.40, 30.65, 29.164, 138, 138, 250, 674, 1567, 2168, 3080, 3403, 6411, 441, 0, 0, 22, 18, 28, 72, 223, 328, 449, 434, 700, 58, 0, 0
16:48:40, 1174.50, 29.40, 30.65, 29.164, 127, 126, 222, 601, 1406, 1993, 2819, 3068, 5649, 387, 0, 0, 20, 16, 25, 64, 203, 301, 414, 400, 637, 53, 0, 0
16:48:40, 1181.40, 29.40, 30.67, 29.141, 115, 114, 194, 528, 1218, 1670, 2382, 2683, 4861, 344, 0, 0, 18, 15, 22, 56, 183, 275, 381, 368, 578, 48, 0, 0
16:48:41, 1189.00, 29.39, 30.65, 29.156, 97, 94, 158, 429, 1073, 1477, 2127, 2419, 4377, 313, 0, 0, 17, 13, 19, 49, 165, 250, 349, 338, 521, 43, 0, 0
16:48:42, 1197.20, 29.39, 30.67, 29.156, 87, 82, 137, 372, 966, 1369, 1982, 2187, 3943, 278, 0, 0, 16, 12, 18, 45, 151, 232, 326, 317, 489, 40, 0, 0
16:48:42, 1202.00, 29.39, 30.67, 29.148, 83, 77, 124, 341, 870, 1294, 1884, 2000, 3455, 238, 0, 0, 14, 11, 16, 39, 140, 216, 306, 297, 448, 37, 0, 0
16:48:43, 1207.10, 29.38, 30.65, 29.148, 78, 74, 116, 313, 853, 1230, 1817, 2035, 3511, 248, 0, 0, 14, 11, 15, 37, 133, 207, 295, 287, 434, 36, 0, 0
16:48:44, 1212.30, 29.38, 30.65, 29.148, 73, 68, 106, 287, 784, 1130, 1667, 1857, 3226, 231, 0, 0, 13, 10, 15, 35, 125, 197, 282, 274, 412, 34, 0, 0
16:48:44, 1219.70, 29.38, 30.65, 29.141, 69, 64, 97, 264, 727, 1058, 1561, 1729, 2984, 213, 0, 0, 12, 10, 13, 32, 115, 182, 262, 256, 382, 32, 0, 0
16:48:45, 1229.50, 29.38, 30.65, 29.141, 63, 58, 87, 232, 647, 969, 1432, 1550, 2634, 185, 0, 0, 11, 9, 12, 28, 102, 164, 238, 233, 345, 28, 0, 0
16:48:46, 1235.40, 29.37, 30.69, 29.141, 56, 51, 74, 196, 575, 906, 1368, 1434, 2384, 165, 0, 0, 10, 8, 11, 24, 92, 150, 220, 216, 311, 26, 0, 0
16:48:46, 1240.20, 29.37, 30.65, 29.141, 51, 48, 68, 175, 519, 779, 1177, 1297, 2159, 156, 0, 0, 9, 7, 10, 22, 86, 140, 208, 204, 291, 24, 0, 0
16:48:47, 1245.10, 29.37, 30.65, 29.141, 49, 45, 63, 165, 498, 750, 1133, 1239, 2063, 149, 0, 0, 9, 7, 9, 21, 81, 134, 199, 196, 282, 23, 0, 0
16:48:48, 1250.20, 29.37, 30.65, 29.141, 45, 42, 58, 148, 457, 702, 1078, 1172, 1938, 139, 0, 0, 8, 6, 8, 19, 75, 124, 186, 183, 259, 21, 0, 0
16:48:48, 1255.80, 29.37, 30.65, 29.141, 42, 39, 53, 137, 426, 660, 997, 1073, 1744, 125, 0, 0, 7, 6, 8, 18, 70, 117, 175, 172, 247, 20, 0, 0
16:48:49, 1262.70, 29.36, 30.67, 29.148, 36, 33, 44, 110, 367, 578, 880, 950, 1483, 106, 0, 0, 6, 5, 7, 15, 59, 100, 151, 149, 208, 17, 0, 0
16:48:50, 1267.20, 29.36, 30.63, 29.148, 31, 29, 38, 94, 316, 489, 737, 817, 1253, 91, 0, 0, 5, 4, 6, 12, 51, 87, 132, 130, 181, 15, 0, 0
16:48:50, 1273.80, 29.36, 30.67, 29.141, 27, 24, 32, 81, 265, 408, 611, 673, 1059, 78, 0, 0, 5, 4, 5, 11, 44, 74, 113, 110, 156, 12, 0, 0
16:48:51, 1284.10, 29.36, 30.67, 29.148, 21, 19, 25, 62, 206, 322, 484, 523, 824, 60, 0, 0, 4, 3, 4, 8, 35, 61, 94, 92, 127, 10, 0, 0
16:48:52, 1290.50, 29.36, 30.63, 29.148, 18, 16, 21, 50, 173, 274, 412, 440, 674, 49, 0, 0, 3, 2, 3, 7, 31, 55, 85, 83, 116, 9, 0, 0
16:48:52, 1296.60, 29.35, 30.63, 29.141, 15, 14, 18, 43, 152, 243, 365, 392, 604, 44, 0, 0, 3, 2, 3, 6, 29, 51, 80, 78, 108, 8, 0, 0
16:48:53, 1302.60, 29.35, 30.65, 29.141, 15, 14, 17, 40, 145, 231, 347, 378, 582, 43, 0, 0, 3, 2, 3, 6, 26, 46, 72, 71, 98, 8, 0, 0
16:48:54, 1306.90, 29.35, 30.63, 29.141, 14, 13, 15, 36, 136, 220, 335, 358, 543, 40, 0, 0, 2, 2, 3, 5, 24, 43, 68, 66, 92, 7, 0, 0
16:48:54, 1308.60, 29.35, 30.63, 29.141, 13, 12, 14, 33, 124, 201, 308, 330, 498, 37, 0, 0, 2, 2, 2, 5, 24, 42, 66, 65, 88, 7, 0, 0
16:48:55, 1314.10, 29.35, 30.65, 29.141, 13, 12, 16, 34, 129, 208, 321, 344, 520, 38, 0, 0, 2, 2, 2, 5, 23, 41, 64, 63, 87, 7, 0, 0
16:48:56, 1321.10, 29.35, 30.65, 29.141, 12, 11, 13, 30, 115, 190, 296, 315, 461, 34, 0, 0, 2, 1, 2, 5, 21, 38, 61, 60, 81, 6, 0, 0
16:48:56, 1328.40, 29.34, 30.67, 29.141, 11, 11, 13, 28, 109, 180, 282, 304, 452, 33, 0, 0, 2, 1, 2, 4, 19, 35, 55, 54, 73, 5, 0, 0
16:48:57, 1337.10, 29.34, 30.63, 29.141, 10, 9, 11, 24, 93, 153, 240, 260, 386, 29, 0, 0, 1, 1, 2, 3, 16, 29, 47, 46, 62, 4, 0, 0
16:48:58, 1342.70, 29.34, 30.65, 29.141, 8, 8, 9, 19, 78, 130, 204, 219, 318, 24, 0, 0, 1, 1, 1, 3, 14, 26, 42, 41, 54, 4, 0, 0
16:48:59, 1348.00, 29.34, 30.67, 29.133, 7, 7, 8, 17, 69, 116, 182, 195, 283, 21, 0, 0, 1, 1, 1, 3, 12, 23, 38, 37, 49, 4, 0, 0
16:48:59, 1354.50, 29.34, 30.63, 29.141, 7, 7, 7, 15, 64, 109, 172, 184, 270, 20, 0, 0, 1, 0, 1, 2, 12, 22, 36, 36, 47, 3, 0, 0
16:49:00, 1359.10, 29.34, 30.61, 29.141, 6, 6, 7, 14, 59, 102, 162, 173, 248, 19, 0, 0, 1, 0, 1, 2, 11, 21, 35, 35, 45, 3, 0, 0
16:49:01, 1366.70, 29.34, 30.67, 29.141, 6, 6, 6, 13, 55, 95, 151, 162, 238, 18, 0, 0, 1, 0, 1, 2, 10, 19, 32, 32, 42, 3, 0, 0
16:49:01, 1375.00, 29.33, 30.65, 29.148, 5, 5, 5, 11, 48, 84, 134, 143, 205, 15, 0, 0, 1, 0, 1, 2, 9, 17, 29, 29, 37, 2, 0, 0
16:49:02, 1381.20, 29.33, 30.61, 29.148, 5, 5, 5, 10, 44, 77, 123, 133, 187, 14, 0, 0, 0, 0, 1, 2, 8, 16, 28, 28, 36, 2, 0, 0
16:49:03, 1387.80, 29.33, 30.65, 29.141, 5, 5, 5, 10, 44, 77, 126, 136, 190, 14, 0, 0, 0, 0, 1, 1, 8, 17, 29, 30, 37, 2, 0, 0
16:49:03, 1392.80, 29.33, 30.63, 29.141, 5, 5, 5, 10, 44, 79, 130, 141, 192, 14, 0, 0, 1, 0, 1, 2, 8, 17, 31, 31, 39, 3, 0, 0
16:49:04, 1397.60, 29.33, 30.65, 29.141, 5, 5, 5, 10, 44, 79, 133, 144, 202, 15, 0, 0, 1, 0, 1, 2, 8, 17, 32, 33, 40, 3, 0, 0
16:49:05, 1402.80, 29.33, 30.63, 29.141, 5, 5, 5, 10, 44, 80, 134, 146, 201, 15, 0, 0, 1, 0, 1, 2, 8, 17, 31, 32, 39, 2, 0, 0
16:49:05, 1410.00, 29.33, 30.67, 29.141, 5, 5, 5, 9, 40, 74, 126, 137, 193, 15, 0, 0, 1, 0, 1, 1, 8, 16, 30, 31, 37, 2, 0, 0
16:49:06, 1413.50, 29.32, 30.67, 29.141, 4, 5, 4, 8, 38, 70, 120, 131, 178, 13, 0, 0, 1, 0, 1, 1, 7, 16, 30, 31, 37, 2, 0, 0
16:49:07, 1421.50, 29.32, 30.63, 29.133, 4, 4, 4, 8, 35, 64, 110, 121, 177, 14, 0, 0, 0, 0, 1, 1, 7, 15, 28, 30, 35, 2, 0, 0
16:49:07, 1427.50, 29.32, 30.65, 29.141, 4, 4, 4, 7, 32, 60, 104, 113, 156, 12, 0, 0, 0, 0, 1, 1, 6, 14, 27, 29, 34, 2, 0, 0
16:49:08, 1433.70, 29.32, 30.65, 29.141, 4, 4, 5, 6, 30, 57, 98, 107, 146, 11, 0, 0, 0, 0, 1, 1, 6, 13, 26, 29, 33, 2, 0, 0
16:49:09, 1441.00, 29.32, 30.65, 29.133, 3, 4, 3, 6, 27, 52, 90, 99, 134, 10, 0, 0, 0, 0, 1, 1, 6, 13, 26, 28, 32, 2, 0, 0
16:49:09, 1448.30, 29.32, 30.63, 29.141, 3, 3, 3, 5, 25, 48, 84, 92, 124, 10, 0, 0, 0, 0, 1, 1, 5, 12, 25, 28, 31, 2, 0, 0
16:49:10, 1453.10, 29.32, 30.65, 29.141, 3, 3, 3, 5, 23, 44, 77, 85, 114, 9, 0, 0, 1, 0, 1, 1, 5, 12, 25, 28, 31, 2, 0, 0
16:49:11, 1461.30, 29.32, 30.65, 29.141, 3, 3, 2, 4, 21, 41, 72, 80, 107, 8, 0, 0, 0, 0, 1, 1, 5, 12, 25, 28, 30, 2, 0, 0
16:49:11, 1467.50, 29.32, 30.65, 29.133, 2, 3, 2, 4, 19, 37, 65, 72, 92, 7, 0, 0, 0, 0, 0, 1, 5, 11, 25, 28, 30, 2, 0, 0
16:49:12, 1472.60, 29.31, 30.65, 29.133, 2, 2, 2, 3, 17, 35, 62, 68, 88, 7, 0, 0, 0, 0, 0, 1, 5, 11, 25, 29, 30, 2, 0, 0
16:49:13, 1478.00, 29.31, 30.63, 29.133, 2, 2, 2, 3, 16, 32, 58, 63, 83, 6, 0, 0, 0, 0, 1, 1, 5, 11, 25, 29, 31, 2, 0, 0
16:49:13, 1483.50, 29.31, 30.65, 29.133, 2, 2, 2, 3, 15, 30, 53, 59, 76, 6, 0, 0, 0, 0, 1, 1, 5, 11, 25, 30, 31, 2, 0, 0
16:49:14, 1489.80, 29.31, 30.63, 29.133, 2, 2, 1, 3, 14, 27, 49, 54, 71, 6, 0, 0, 0, 0, 1, 1, 4, 11, 24, 29, 30, 2, 0, 0
16:49:15, 1494.90, 29.31, 30.67, 29.133, 1, 2, 1, 2, 12, 25, 45, 49, 63, 5, 0, 0, 0, 0, 1, 1, 4, 10, 22, 27, 29, 2, 0, 0
16:49:15, 1498.90, 29.31, 30.65, 29.133, 1, 2, 1, 2, 11, 23, 41, 45, 57, 5, 0, 0, 0, 0, 0, 1, 3, 8, 18, 22, 24, 1, 0, 0
16:49:16, 1504.80, 29.31, 30.63, 29.141, 1, 2, 1, 2, 10, 20, 37, 40, 54, 4, 0, 0, 0, 0, 0, 0, 1, 3, 8, 10, 14, 1, 0, 0
16:49:17, 1503.80, 29.31, 30.63, 29.141, 1, 1, 1, 1, 5, 12, 21, 24, 23, 2, 0, 0, 0, 0, 0, 0, 0, 0, 2, 2, 2, 0, 0, 0
16:49:17, 1503.60, 29.31, 30.61, 29.141, 1, 1, 1, 1, 8, 17, 31, 34, 39, 3, 0, 0, 0, 0, 0, 0, 0, 0, 1, 2, 2, 0, 0, 0
16:49:18, 1503.40, 29.31, 30.65, 29.133, 1, 1, 0, 1, 5, 11, 19, 22, 23, 2, 0, 0, 0, 0, 0, 0, 0, 1, 4, 4, 5, 0, 0, 0
16:49:19, 1503.20, 29.31, 30.61, 29.141, 1, 1, 0, 1, 5, 11, 19, 22, 22, 2, 0, 0, 0, 0, 0, 0, 0, 2, 5, 6, 6, 0, 0, 0
16:49:19, 1503.00, 29.31, 30.65, 29.141, 1, 1, 0, 1, 4, 10, 17, 20, 22, 2, 0, 0, 0, 0, 0, 0, 1, 3, 9, 10, 13, 0, 0, 0
16:49:20, 1502.70, 29.31, 30.67, 29.141, 0, 1, 0, 1, 3, 8, 14, 15, 21, 2, 0, 0, 0, 0, 0, 1, 2, 7, 16, 20, 24, 1, 0, 0
16:49:21, 1502.70, 29.31, 30.59, 29.133, 0, 1, 0, 1, 4, 8, 16, 16, 23, 2, 0, 0, 0, 0, 0, 1, 3, 7, 16, 20, 24, 1, 0, 0
16:49:21, 1501.70, 29.31, 30.63, 29.133, 0, 1, 0, 1, 4, 9, 16, 18, 22, 2, 0, 0, 0, 0, 0, 1, 3, 7, 16, 20, 23, 1, 0, 0
16:49:22, 1499.40, 29.31, 30.65, 29.141, 1, 1, 0, 1, 3, 8, 13, 15, 19, 2, 0, 0, 0, 0, 0, 1, 4, 11, 24, 28, 32, 2, 0, 0
16:49:23, 1502.00, 29.31, 30.67, 29.133, 0, 1, 0, 0, 2, 6, 10, 11, 15, 1, 0, 0, 0, 0, 0, 1, 1, 5, 11, 14, 18, 1, 0, 0
16:49:23, 1499.60, 29.31, 30.65, 29.133, 0, 1, 0, 1, 4, 9, 16, 18, 20, 2, 0, 0, 0, 0, 0, 0, 3, 7, 16, 20, 21, 1, 0, 0
16:49:24, 1499.60, 29.31, 30.67, 29.133, 0, 1, 0, 0, 2, 5, 9, 10, 12, 1, 0, 0, 0, 0, 0, 1, 3, 8, 18, 22, 26, 2, 0, 0
16:49:25, 1498.20, 29.31, 30.61, 29.133, 0, 1, 0, 0, 3, 7, 12, 13, 21, 2, 0, 0, 0, 0, 0, 1, 2, 6, 14, 17, 23, 1, 0, 0
16:49:25, 1496.50, 29.31, 30.63, 29.133, 0, 1, 0, 0, 2, 6, 10, 11, 13, 1, 0, 0, 0, 0, 0, 1, 4, 9, 20, 24, 27, 2, 0, 0
16:49:26, 1496.80, 29.31, 30.65, 29.141, 0, 1, 0, 0, 3, 7, 12, 13, 20, 2, 0, 0, 0, 0, 0, 0, 2, 7, 16, 20, 24, 1, 0, 0
16:49:27, 1496.10, 29.31, 30.63, 29.141, 0, 1, 0, 0, 3, 8, 13, 14, 15, 1, 0, 0, 0, 0, 0, 0, 1, 3, 9, 12, 11, 0, 0, 0
16:49:27, 1494.70, 29.31, 30.61, 29.141, 0, 1, 0, 0, 2, 5, 7, 9, 8, 1, 0, 0, 0, 0, 0, 1, 3, 8, 19, 22, 17, 1, 0, 0
16:49:28, 1497.20, 29.31, 30.63, 29.133, 0, 0, 0, 0, 1, 3, 4, 5, 4, 1, 0, 0, 0, 0, 0, 1, 2, 5, 13, 15, 9, 0, 0, 0
16:49:29, 1496.90, 29.31, 30.63, 29.133, 0, 1, 0, 1, 3, 7, 13, 15, 12, 1, 0, 0, 0, 0, 0, 0, 0, 2, 6, 8, 5, 0, 0, 0
16:49:29, 1497.60, 29.31, 30.63, 29.133, 0, 0, 0, 0, 1, 4, 6, 7, 6, 1, 0, 0, 0, 0, 0, 1, 1, 4, 11, 14, 8, 0, 0, 0
16:49:30, 1494.00, 29.31, 30.65, 29.141, 0, 0, 0, 0, 2, 4, 7, 8, 7, 1, 0, 0, 0, 0, 0, 1, 6, 14, 31, 36, 26, 1, 0, 0
16:49:31, 1491.90, 29.31, 30.61, 29.133, 0, 1, 0, 0, 2, 5, 7, 9, 7, 1, 0, 0, 0, 0, 1, 1, 5, 13, 28, 33, 35, 2, 0, 0
16:49:31, 1490.80, 29.31, 30.63, 29.133, 0, 0, 0, 0, 1, 2, 3, 4, 5, 1, 0, 0, 1, 1, 2, 2, 10, 22, 48, 51, 47, 4, 0, 0
16:49:32, 1491.90, 29.31, 30.63, 29.133, 0, 0, 0, 0, 1, 2, 4, 4, 4, 1, 0, 0, 1, 0, 1, 1, 6, 13, 29, 33, 24, 1, 0, 0
16:49:33, 1494.40, 29.31, 30.65, 29.133, 0, 0, 0, 0, 2, 5, 8, 8, 7, 1, 0, 0, 0, 0, 0, 0, 3, 8, 18, 21, 13, 0, 0, 0
16:49:33, 1492.90, 29.31, 30.67, 29.133, 0, 0, 0, 0, 1, 3, 5, 5, 4, 1, 0, 0, 1, 0, 1, 1, 4, 10, 22, 26, 17, 0, 0, 0
16:49:34, 1490.60, 29.31, 30.61, 29.141, 0, 0, 0, 0, 1, 3, 5, 5, 5, 1, 0, 0, 1, 0, 1, 1, 6, 13, 30, 33, 24, 1, 0, 0
16:49:35, 1490.20, 29.31, 30.63, 29.141, 0, 1, 0, 0, 6, 12, 21, 24, 24, 2, 0, 0, 0, 0, 0, 0, 0, 2, 6, 7, 5, 0, 0, 0
16:49:35, 1490.90, 29.31, 30.63, 29.141, 1, 1, 0, 1, 5, 11, 19, 21, 17, 2, 0, 0, 0, 0, 0, 0, 0, 1, 4, 5, 3, 0, 0, 0
16:49:36, 1489.80, 29.31, 30.63, 29.141, 0, 0, 0, 0, 2, 5, 9, 10, 8, 1, 0, 0, 0, 0, 0, 0, 0, 0, 0, 1, 1, 0, 0, 0
16:49:37, 1487.70, 29.31, 30.63, 29.133, 0, 1, 0, 0, 4, 8, 14, 16, 14, 1, 0, 0, 0, 0, 0, 0, 1, 4, 11, 13, 12, 0, 0, 0
16:49:37, 1485.10, 29.31, 30.63, 29.133, 0, 1, 0, 0, 1, 4, 6, 7, 7, 1, 0, 0, 0, 0, 1, 1, 6, 14, 32, 38, 37, 3, 0, 0
16:49:38, 1486.00, 29.31, 30.65, 29.133, 0, 0, 0, 0, 1, 3, 4, 5, 6, 1, 0, 0, 1, 1, 1, 2, 7, 16, 35, 42, 51, 4, 0, 0
16:49:39, 1487.10, 29.31, 30.63, 29.133, 0, 1, 0, 0, 3, 6, 11, 11, 21, 2, 0, 0, 1, 1, 1, 2, 10, 21, 45, 51, 66, 5, 0, 0
16:49:39, 1486.00, 29.31, 30.65, 29.133, 0, 1, 0, 0, 5, 11, 19, 20, 39, 4, 0, 0, 0, 0, 0, 1, 6, 13, 29, 35, 44, 3, 0, 0
16:49:40, 1483.90, 29.31, 30.63, 29.133, 0, 1, 0, 0, 3, 7, 13, 14, 26, 3, 0, 0, 1, 0, 1, 1, 6, 15, 32, 38, 46, 3, 0, 0
16:49:41, 1481.30, 29.31, 30.63, 29.133, 1, 1, 0, 1, 5, 11, 19, 20, 37, 3, 0, 0, 1, 0, 1, 2, 6, 14, 30, 36, 44, 3, 0, 0
16:49:41, 1478.70, 29.31, 30.63, 29.133, 1, 1, 1, 1, 5, 11, 20, 21, 34, 3, 0, 0, 0, 0, 1, 1, 4, 10, 22, 27, 33, 2, 0, 0
16:49:42, 1477.60, 29.30, 30.63, 29.133, 1, 1, 1, 1, 5, 12, 21, 23, 30, 3, 0, 0, 0, 0, 0, 1, 2, 5, 12, 14, 18, 1, 0, 0
16:49:43, 1475.60, 29.31, 30.61, 29.141, 1, 1, 1, 1, 8, 18, 31, 35, 35, 3, 0, 0, 0, 0, 0, 0, 0, 1, 3, 3, 3, 0, 0, 0
16:49:43, 1473.50, 29.30, 30.65, 29.141, 1, 1, 1, 2, 11, 22, 39, 44, 46, 4, 0, 0, 0, 0, 0, 0, 1, 2, 7, 8, 11, 0, 0, 0
16:49:44, 1472.00, 29.30, 30.65, 29.133, 1, 1, 0, 1, 7, 15, 26, 29, 28, 2, 0, 0, 0, 0, 0, 0, 1, 4, 9, 11, 14, 1, 0, 0
16:49:45, 1469.10, 29.30, 30.67, 29.133, 1, 1, 1, 1, 5, 12, 19, 22, 18, 2, 0, 0, 0, 0, 0, 0, 1, 3, 8, 9, 10, 0, 0, 0
16:49:45, 1467.40, 29.30, 30.65, 29.133, 1, 2, 1, 2, 10, 21, 36, 40, 37, 3, 0, 0, 0, 0, 0, 0, 0, 0, 2, 3, 3, 0, 0, 0
16:49:46, 1463.90, 29.30, 30.61, 29.133, 1, 2, 1, 2, 11, 23, 40, 44, 41, 3, 0, 0, 0, 0, 0, 0, 3, 7, 17, 20, 22, 1, 0, 0
16:49:47, 1463.50, 29.30, 30.65, 29.141, 2, 2, 2, 3, 15, 29, 51, 56, 64, 5, 0, 0, 0, 0, 0, 1, 4, 10, 22, 27, 32, 2, 0, 0
16:49:47, 1464.10, 29.30, 30.65, 29.141, 2, 2, 2, 3, 16, 31, 54, 58, 82, 7, 0, 0, 0, 0, 1, 1, 5, 11, 25, 30, 37, 3, 0, 0
16:49:48, 1459.90, 29.30, 30.67, 29.133, 2, 2, 2, 3, 16, 32, 56, 61, 78, 6, 0, 0, 0, 0, 1, 1, 5, 13, 27, 33, 37, 3, 0, 0
16:49:49, 1454.30, 29.30, 30.61, 29.141, 2, 2, 1, 3, 14, 28, 49, 55, 57, 5, 0, 0, 1, 1, 1, 1, 7, 17, 36, 43, 44, 3, 0, 0
16:49:49, 1454.20, 29.31, 30.63, 29.141, 2, 2, 2, 3, 18, 35, 62, 68, 81, 6, 0, 0, 1, 1, 1, 1, 7, 16, 34, 40, 42, 3, 0, 0
16:49:50, 1453.90, 29.30, 30.61, 29.133, 2, 2, 3, 3, 18, 35, 61, 67, 82, 6, 0, 0, 1, 0, 1, 2, 7, 16, 34, 41, 43, 3, 0, 0
16:49:51, 1449.30, 29.30, 30.63, 29.133, 2, 2, 2, 3, 17, 34, 59, 65, 74, 6, 0, 0, 1, 1, 1, 2, 7, 17, 36, 43, 44, 3, 0, 0
16:49:51, 1443.00, 29.31, 30.67, 29.133, 2, 2, 2, 4, 19, 37, 64, 71, 80, 6, 0, 0, 1, 1, 1, 2, 8, 19, 39, 47, 48, 4, 0, 0
16:49:52, 1440.50, 29.31, 30.65, 29.133, 3, 3, 2, 4, 22, 42, 72, 79, 93, 7, 0, 0, 1, 1, 1, 2, 9, 20, 42, 49, 51, 4, 0, 0
16:49:53, 1441.90, 29.31, 30.63, 29.141, 3, 3, 3, 4, 22, 43, 74, 82, 110, 8, 0, 0, 1, 1, 1, 2, 10, 22, 47, 55, 58, 4, 0, 0
16:49:53, 1439.70, 29.31, 30.63, 29.141, 3, 3, 2, 4, 22, 43, 74, 80, 106, 8, 0, 0, 1, 1, 2, 2, 10, 23, 48, 56, 60, 5, 0, 0
16:49:54, 1432.20, 29.31, 30.63, 29.133, 2, 3, 2, 4, 20, 39, 67, 74, 85, 7, 0, 0, 2, 1, 2, 2, 12, 25, 52, 62, 65, 5, 0, 0
16:49:55, 1428.20, 29.31, 30.61, 29.141, 3, 3, 3, 4, 23, 44, 74, 81, 92, 7, 0, 0, 2, 1, 2, 3, 12, 26, 54, 63, 66, 5, 0, 0
16:49:55, 1428.10, 29.31, 30.63, 29.141, 3, 3, 3, 5, 25, 47, 81, 88, 111, 9, 0, 0, 2, 1, 2, 3, 12, 27, 55, 65, 68, 5, 0, 0
16:49:56, 1427.10, 29.31, 30.61, 29.133, 3, 3, 3, 5, 25, 46, 79, 86, 106, 8, 0, 0, 2, 1, 2, 2, 11, 24, 50, 58, 65, 5, 0, 0
16:49:57, 1420.70, 29.31, 30.67, 29.133, 3, 3, 3, 5, 23, 44, 75, 82, 96, 7, 0, 0, 2, 1, 2, 2, 12, 26, 52, 61, 64, 5, 0, 0
16:49:57, 1412.40, 29.31, 30.63, 29.133, 3, 3, 3, 5, 28, 51, 86, 94, 114, 9, 0, 0, 2, 1, 2, 3, 13, 27, 55, 65, 68, 5, 0, 0
16:49:58, 1408.60, 29.31, 30.63, 29.133, 4, 4, 4, 6, 31, 58, 98, 106, 125, 9, 0, 0, 2, 2, 2, 3, 14, 31, 62, 72, 78, 6, 0, 0
16:49:59, 1408.30, 29.31, 30.61, 29.133, 4, 4, 4, 7, 33, 60, 101, 109, 141, 11, 0, 0, 2, 2, 2, 3, 15, 33, 66, 76, 82, 7, 0, 0
16:49:59, 1408.30, 29.31, 30.69, 29.133, 4, 4, 4, 7, 33, 61, 102, 111, 142, 11, 0, 0, 2, 2, 2, 3, 15, 32, 65, 76, 81, 6, 0, 0
16:50:00, 1404.60, 29.31, 30.65, 29.133, 4, 4, 4, 7, 34, 63, 107, 116, 152, 11, 0, 0, 2, 2, 2, 3, 16, 35, 70, 82, 89, 7, 0, 0
16:50:01, 1396.90, 29.31, 30.63, 29.133, 4, 4, 4, 7, 35, 64, 107, 117, 138, 10, 0, 0, 2, 2, 2, 3, 16, 33, 66, 76, 79, 6, 0, 0
16:50:01, 1393.50, 29.32, 30.63, 29.133, 5, 5, 5, 9, 41, 75, 124, 135, 166, 12, 0, 0, 2, 1, 2, 3, 15, 31, 62, 71, 77, 6, 0, 0
16:50:02, 1394.20, 29.31, 30.65, 29.133, 5, 5, 5, 9, 41, 73, 121, 132, 191, 15, 0, 0, 2, 2, 2, 3, 15, 31, 62, 71, 78, 6, 0, 0
16:50:03, 1392.00, 29.32, 30.63, 29.141, 4, 4, 4, 8, 39, 70, 115, 125, 174, 13, 0, 0, 2, 1, 2, 3, 14, 30, 59, 67, 73, 6, 0, 0
16:50:03, 1386.80, 29.32, 30.63, 29.141, 4, 4, 4, 8, 37, 67, 110, 119, 150, 11, 0, 0, 2, 1, 2, 3, 14, 30, 59, 66, 74, 6, 0, 0
16:50:04, 1380.50, 29.32, 30.63, 29.133, 4, 4, 4, 8, 39, 69, 112, 122, 146, 11, 0, 0, 2, 2, 2, 3, 15, 32, 61, 68, 75, 6, 0, 0
16:50:05, 1380.30, 29.32, 30.61, 29.141, 5, 5, 5, 9, 43, 77, 125, 134, 172, 13, 0, 0, 2, 1, 2, 3, 15, 31, 60, 68, 75, 6, 0, 0
16:50:05, 1379.90, 29.32, 30.65, 29.141, 5, 5, 5, 9, 42, 75, 122, 131, 174, 13, 0, 0, 2, 1, 2, 3, 15, 31, 61, 68, 77, 6, 0, 0
16:50:06, 1370.90, 29.32, 30.67, 29.133, 5, 5, 5, 9, 39, 70, 113, 122, 141, 11, 0, 0, 2, 1, 2, 3, 16, 33, 61, 68, 76, 6, 0, 0
16:50:07, 1367.20, 29.32, 30.63, 29.141, 5, 5, 5, 10, 46, 81, 130, 139, 167, 12, 0, 0, 2, 2, 2, 3, 16, 32, 61, 67, 75, 6, 0, 0
16:50:07, 1369.30, 29.32, 30.63, 29.141, 5, 5, 5, 11, 48, 83, 134, 143, 193, 14, 0, 0, 2, 1, 2, 3, 16, 32, 60, 66, 74, 6, 0, 0
16:50:08, 1367.40, 29.32, 30.63, 29.133, 5, 5, 5, 11, 46, 80, 129, 138, 192, 14, 0, 0, 2, 1, 2, 3, 15, 31, 59, 65, 74, 6, 0, 0
16:50:09, 1357.20, 29.32, 30.63, 29.141, 5, 4, 4, 9, 41, 72, 113, 121, 144, 11, 0, 0, 2, 1, 2, 3, 16, 33, 61, 66, 75, 6, 0, 0
16:50:09, 1357.30, 29.32, 30.63, 29.141, 5, 5, 5, 11, 52, 89, 140, 150, 185, 14, 0, 0, 2, 1, 2, 3, 16, 33, 60, 65, 74, 6, 0, 0
16:50:10, 1356.60, 29.32, 30.65, 29.133, 6, 6, 6, 12, 54, 91, 145, 154, 213, 16, 0, 0, 2, 1, 2, 3, 16, 31, 58, 63, 71, 6, 0, 0
16:50:11, 1354.30, 29.32, 30.63, 29.133, 6, 6, 6, 12, 53, 91, 143, 152, 204, 15, 0, 0, 2, 1, 2, 3, 15, 31, 56, 60, 69, 5, 0, 0
16:50:11, 1348.00, 29.32, 30.61, 29.133, 6, 5, 6, 12, 51, 87, 136, 146, 170, 13, 0, 0, 2, 1, 2, 3, 16, 32, 57, 61, 70, 5, 0, 0
16:50:12, 1345.80, 29.32, 30.61, 29.133, 6, 6, 7, 14, 60, 101, 158, 169, 227, 17, 0, 0, 2, 1, 2, 3, 16, 32, 56, 60, 70, 5, 0, 0
16:50:13, 1341.40, 29.32, 30.65, 29.133, 6, 6, 7, 14, 60, 102, 158, 168, 207, 15, 0, 0, 2, 1, 2, 3, 17, 32, 57, 60, 71, 5, 0, 0
16:50:13, 1338.30, 29.32, 30.61, 29.133, 7, 6, 7, 15, 64, 108, 168, 179, 244, 18, 0, 0, 2, 1, 2, 4, 17, 33, 58, 61, 72, 6, 0, 0
16:50:14, 1333.50, 29.32, 30.63, 29.133, 7, 6, 7, 15, 64, 108, 165, 177, 220, 16, 0, 0, 2, 1, 2, 4, 18, 34, 59, 62, 74, 6, 0, 0
16:50:15, 1332.00, 29.32, 30.65, 29.141, 8, 7, 8, 18, 74, 122, 189, 201, 271, 20, 0, 0, 2, 1, 2, 4, 18, 35, 60, 63, 75, 6, 0, 0
16:50:15, 1329.40, 29.32, 30.65, 29.141, 8, 7, 8, 18, 74, 123, 189, 201, 277, 20, 0, 0, 2, 1, 2, 4, 19, 35, 61, 64, 77, 6, 0, 0
16:50:16, 1322.90, 29.32, 30.63, 29.133, 8, 7, 8, 18, 74, 122, 186, 198, 242, 18, 0, 0, 2, 2, 2, 4, 20, 37, 63, 66, 79, 6, 0, 0
16:50:17, 1314.70, 29.32, 30.65, 29.141, 8, 8, 9, 21, 85, 139, 212, 224, 267, 19, 0, 0, 2, 2, 2, 5, 22, 40, 67, 69, 84, 6, 0, 0
16:50:17, 1308.20, 29.32, 30.67, 29.141, 10, 9, 11, 24, 94, 153, 233, 247, 304, 22, 0, 0, 2, 2, 3, 5, 23, 43, 70, 71, 88, 7, 0, 0
16:50:18, 1301.20, 29.32, 30.63, 29.133, 10, 10, 12, 27, 105, 168, 253, 269, 360, 26, 0, 0, 3, 2, 3, 5, 25, 46, 75, 75, 95, 7, 0, 0
16:50:19, 1294.20, 29.33, 30.63, 29.141, 11, 11, 13, 31, 119, 189, 285, 303, 412, 30, 0, 0, 3, 2, 3, 6, 28, 50, 79, 79, 101, 8, 0, 0
16:50:19, 1290.10, 29.33, 30.67, 29.141, 13, 12, 15, 36, 137, 216, 324, 345, 464, 34, 0, 0, 3, 2, 3, 7, 30, 52, 83, 83, 107, 9, 0, 0
16:50:20, 1284.90, 29.33, 30.63, 29.133, 14, 13, 17, 41, 147, 230, 348, 369, 540, 40, 0, 0, 3, 2, 3, 7, 32, 56, 88, 87, 112, 9, 0, 0
16:50:21, 1280.70, 29.33, 30.61, 29.141, 15, 14, 17, 42, 154, 240, 357, 381, 535, 39, 0, 0, 3, 3, 3, 8, 33, 56, 88, 87, 115, 9, 0, 0
16:50:21, 1273.30, 29.33, 30.63, 29.141, 15, 14, 18, 43, 151, 236, 348, 373, 513, 38, 0, 0, 4, 3, 4, 8, 36, 61, 94, 92, 123, 10, 0, 0
16:50:22, 1266.30, 29.33, 30.61, 29.133, 17, 16, 21, 52, 177, 273, 403, 429, 608, 44, 0, 0, 4, 3, 4, 9, 38, 64, 97, 94, 126, 10, 0, 0
16:50:23, 1250.60, 29.33, 30.63, 29.141, 18, 17, 23, 56, 196, 297, 433, 465, 602, 43, 0, 0, 4, 3, 5, 11, 46, 76, 112, 107, 144, 12, 0, 0
16:50:23, 1245.60, 29.33, 30.65, 29.141, 23, 21, 29, 75, 242, 359, 524, 554, 752, 54, 0, 0, 5, 4, 5, 12, 48, 78, 114, 109, 153, 12, 0, 0
16:50:24, 1237.60, 29.33, 30.67, 29.133, 23, 21, 29, 77, 238, 350, 507, 540, 743, 53, 0, 0, 5, 4, 6, 13, 53, 85, 124, 118, 166, 13, 0, 0
16:50:25, 1230.30, 29.33, 30.63, 29.141, 25, 23, 33, 88, 273, 397, 569, 606, 888, 64, 0, 0, 5, 4, 6, 15, 58, 92, 133, 126, 179, 14, 0, 0
16:50:25, 1226.00, 29.33, 30.63, 29.141, 28, 26, 38, 101, 308, 444, 633, 670, 996, 71, 0, 0, 6, 5, 6, 16, 61, 96, 136, 129, 185, 15, 0, 0
16:50:26, 1218.80, 29.34, 30.61, 29.133, 30, 27, 41, 111, 319, 459, 655, 691, 1021, 73, 0, 0, 6, 5, 7, 17, 66, 104, 146, 138, 196, 16, 0, 0
16:50:27, 1212.80, 29.34, 30.65, 29.141, 32, 30, 46, 125, 360, 510, 725, 765, 1163, 83, 0, 0, 7, 5, 8, 19, 72, 111, 155, 146, 214, 17, 0, 0
16:50:27, 1205.70, 29.34, 30.65, 29.141, 34, 32, 50, 134, 380, 535, 753, 799, 1219, 87, 0, 0, 7, 6, 8, 22, 79, 122, 168, 158, 235, 19, 0, 0
16:50:28, 1200.30, 29.34, 30.61, 29.141, 38, 35, 57, 153, 425, 591, 827, 877, 1400, 100, 0, 0, 8, 6, 9, 24, 85, 129, 178, 166, 252, 20, 0, 0
16:50:29, 1194.60, 29.34, 30.63, 29.141, 41, 38, 63, 171, 447, 619, 861, 915, 1453, 104, 0, 0, 8, 7, 10, 26, 92, 138, 189, 176, 268, 22, 0, 0
16:50:30, 1185.70, 29.34, 30.67, 29.141, 44, 41, 69, 185, 480, 657, 909, 971, 1549, 111, 0, 0, 9, 7, 11, 29, 102, 152, 206, 192, 292, 24, 0, 0
16:50:30, 1178.20, 29.34, 30.65, 29.141, 48, 46, 80, 212, 560, 755, 1038, 1110, 1715, 122, 0, 0, 10, 8, 12, 33, 113, 165, 222, 207, 313, 26, 0, 0
16:50:31, 1173.00, 29.34, 30.63, 29.148, 53, 51, 92, 245, 606, 811, 1110, 1185, 1859, 131, 0, 0, 10, 8, 13, 35, 119, 173, 232, 216, 325, 27, 0, 0
16:50:32, 1168.10, 29.34, 30.63, 29.148, 58, 56, 104, 272, 663, 880, 1200, 1281, 2015, 142, 0, 0, 11, 9, 14, 39, 127, 184, 245, 228, 353, 29, 0, 0
16:50:32, 1161.00, 29.34, 30.63, 29.141, 63, 61, 115, 301, 716, 946, 1288, 1370, 2218, 157, 0, 0, 13, 10, 16, 44, 143, 205, 271, 252, 396, 32, 0, 0
16:50:33, 1153.60, 29.35, 30.67, 29.148, 68, 66, 128, 331, 768, 1004, 1360, 1449, 2549, 182, 0, 0, 14, 11, 19, 50, 160, 226, 296, 275, 442, 36, 0, 0
16:50:34, 1148.10, 29.35, 30.65, 29.148, 72, 72, 142, 360, 850, 1100, 1481, 1577, 2900, 207, 0, 0, 15, 12, 20, 56, 170, 238, 311, 289, 467, 38, 0, 0
16:50:34, 1142.90, 29.35, 30.65, 29.141, 80, 81, 164, 412, 945, 1220, 1631, 1733, 3120, 221, 0, 0, 16, 13, 22, 61, 181, 252, 327, 304, 488, 40, 0, 0
16:50:35, 1138.40, 29.35, 30.65, 29.148, 89, 91, 190, 474, 1013, 1303, 1741, 1846, 3273, 230, 0, 0, 17, 14, 24, 65, 191, 263, 340, 316, 511, 42, 0, 0
16:50:36, 1129.50, 29.35, 30.65, 29.148, 96, 101, 214, 524, 1110, 1408, 1878, 2003, 3557, 250, 0, 0, 19, 16, 28, 76, 221, 300, 385, 356, 590, 48, 0, 0
16:50:36, 1118.60, 29.36, 30.61, 29.148, 108, 118, 254, 602, 1246, 1553, 2052, 2205, 4142, 294, 0, 0, 22, 18, 34, 92, 262, 349, 445, 412, 690, 56, 0, 0
16:50:37, 1112.60, 29.36, 30.65, 29.156, 129, 148, 328, 748, 1495, 1845, 2424, 2592, 5014, 357, 0, 0, 24, 20, 39, 106, 284, 374, 473, 438, 740, 60, 0, 0
16:50:38, 1109.00, 29.36, 30.65, 29.156, 145, 172, 384, 862, 1643, 2022, 2651, 2817, 5570, 396, 0, 0, 25, 21, 42, 111, 294, 385, 486, 450, 764, 62, 0, 0
16:50:38, 1101.60, 29.36, 30.63, 29.156, 152, 184, 412, 910, 1726, 2101, 2749, 2939, 5826, 416, 0, 0, 27, 24, 47, 125, 330, 427, 537, 497, 854, 69, 0, 0
16:50:39, 1090.10, 29.36, 30.65, 29.164, 174, 224, 500, 1050, 1935, 2308, 2985, 3251, 6603, 482, 0, 0, 32, 28, 60, 155, 391, 497, 618, 573, 1007, 82, 0, 0
16:50:40, 1081.10, 29.36, 30.67, 29.164, 212, 297, 653, 1276, 2282, 2646, 3359, 3738, 7456, 561, 0, 0, 37, 34, 74, 187, 438, 547, 673, 625, 1102, 89, 0, 0
16:50:40, 1076.70, 29.36, 30.63, 29.164, 258, 380, 840, 1600, 2678, 3120, 3985, 4288, 8486, 621, 0, 0, 39, 37, 81, 201, 457, 567, 696, 645, 1127, 92, 0, 0
16:50:41, 1070.70, 29.36, 30.65, 29.172, 281, 427, 937, 1751, 2890, 3369, 4300, 4592, 9313, 687, 0, 0, 41, 39, 88, 216, 496, 609, 744, 690, 1219, 99, 0, 0
16:50:42, 1059.80, 29.37, 30.65, 29.172, 329, 531, 1125, 1989, 3208, 3632, 4569, 5074, 11106, 893, 0, 0, 49, 50, 114, 270, 597, 718, 870, 809, 1518, 123, 0, 0
16:50:42, 1048.30, 29.37, 30.61, 29.187, 412, 715, 1422, 2317, 3670, 4036, 4983, 5688, 12992, 1182, 0, 0, 59, 66, 153, 344, 704, 828, 995, 925, 1777, 144, 0, 0
16:50:43, 1043.10, 29.37, 30.63, 29.211, 561, 1019, 1935, 2980, 4411, 4843, 6022, 6638, 15700, 1447, 0, 0, 62, 71, 167, 365, 717, 836, 1000, 928, 1759, 144, 0, 0
16:50:44, 1037.10, 29.38, 30.63, 29.211, 669, 1233, 2277, 3388, 4969, 5419, 6709, 7395, 17237, 1667, 0, 0, 68, 81, 189, 402, 775, 892, 1062, 985, 1891, 155, 0, 0
16:50:44, 1030.40, 29.38, 30.63, 29.250, 813, 1533, 2699, 3859, 5288, 5654, 6856, 7905, 19409, 2270, 0, 0, 77, 98, 225, 462, 869, 988, 1169, 1087, 2180, 180, 0, 0
16:50:45, 1018.00, 29.38, 30.67, 29.328, 1047, 1971, 3232, 4353, 5789, 6061, 7334, 8533, 21558, 3328, 0, 0, 97, 136, 302, 584, 1046, 1164, 1365, 1271, 2657, 226, 0, 0
16:50:46, 1009.70, 29.39, 30.65, 29.328, 1797, 3145, 4567, 5757, 7526, 7853, 9397, 10769, 27380, 6532, 0, 0, 118, 176, 373, 678, 1129, 1236, 1438, 1340, 2755, 245, 0, 0
16:50:46, 1009.60, 29.40, 30.65, 29.430, 2691, 4565, 6295, 7575, 9032, 9481, 11052, 12823, 35584, 10770, 0, 1, 121, 181, 380, 681, 1122, 1227, 1426, 1328, 2719, 245, 0, 0
16:50:47, 1003.10, 29.41, 30.63, 29.508, 2276, 3824, 5341, 6453, 8663, 9298, 10672, 12565, 34253, 9030, 0, 1, 122, 184, 383, 683, 1206, 1307, 1514, 1412, 2876, 271, 0, 0
16:50:48, 1003.80, 29.41, 30.61, 29.508, 2837, 4519, 6233, 7214, 8228, 8650, 9915, 11860, 27339, 9270, 0, 0, 596, 896, 1378, 1917, 2769, 2890, 3472, 3472, 7532, 1796, 0, 0
16:50:48, 1003.30, 29.41, 30.58, 29.523, 3026, 4909, 6714, 7740, 9675, 9949, 11447, 13609, 35987, 13190, 0, 1, 1835, 2641, 3994, 4957, 6250, 6400, 7657, 7746, 23141, 8566, 0, 0
16:50:49, 1003.60, 29.42, 30.63, 29.484, 2148, 3376, 4716, 5481, 7492, 7810, 9338, 10358, 36000, 14081, 1, 1, 2666, 4119, 5842, 7253, 9208, 9364, 11629, 12447, 36000, 29197, 1, 1
