Secchi Depth (cm) = 9999
Forel Ule Scale = 99
pH Colour Scale = 99
SensingSecchi S/N = A017
Latitude (degs N) = 34.25908
Longitude (degs E) = -77.98540
Date = 2026-07-28
Time (UTC), Pressure (mbar) MS5803, Temp (deg C) MS5803, Temp (deg C) 10KTHERM, Temp (deg C) TMP117, ED 415nm, ED 445nm, ED 480nm, ED 515nm, ED 555nm, ED 590nm, ED 630nm, ED 680nm, ED Clear, ED NIR, ED D-SAT, ED A-SAT, EU 415nm, EU 445nm, EU 480nm, EU 515nm, EU 555nm, EU 590nm, EU 630nm, EU 680nm, EU Clear, EU NIR, EU D-SAT, EU A-SAT
17:35:24, 1003.00, 28.73, 32.17, 27.234, 3260, 4733, 6886, 7787, 9031, 9344, 10834, 11879, 36000, 21318, 1, 1, 10249, 15322, 20365, 26666, 31235, 34796, 36000, 36000, 36000, 36000, 1, 1
17:35:24, 1002.40, 28.72, 32.15, 27.297, 2951, 4362, 6313, 7167, 8297, 8626, 10037, 10811, 36000, 18793, 1, 1, 11089, 15831, 21198, 27368, 31649, 35812, 36000, 36000, 36000, 36000, 1, 1
17:35:25, 1002.80, 28.73, 32.15, 27.336, 2999, 4437, 6393, 7279, 8249, 8570, 9953, 10751, 36000, 18717, 1, 1, 10693, 15618, 20831, 27082, 31546, 35515, 36000, 36000, 36000, 36000, 1, 1
17:35:26, 1002.60, 28.74, 32.19, 27.336, 3155, 4618, 6729, 7665, 8775, 9141, 10478, 11480, 36000, 20114, 1, 1, 10171, 15340, 20331, 26911, 30608, 34543, 36000, 36000, 36000, 36000, 1, 1
17:35:26, 1003.20, 28.75, 32.19, 27.422, 2803, 4147, 5968, 6794, 10033, 10515, 11947, 13370, 36000, 25659, 1, 1, 10533, 16189, 21723, 28537, 35667, 36000, 36000, 36000, 36000, 36000, 1, 1
17:35:27, 1002.90, 28.73, 32.15, 27.430, 6487, 8508, 11940, 16751, 16131, 20812, 26033, 24123, 36000, 24788, 1, 1, 12956, 19448, 27439, 33593, 36000, 36000, 36000, 36000, 36000, 36000, 1, 1
17:35:28, 1002.80, 28.76, 32.19, 27.430, 5006, 8353, 11896, 13488, 33422, 35944, 36000, 36000, 36000, 35847, 1, 1, 5063, 7375, 10893, 14550, 15023, 16490, 20189, 22026, 36000, 14991, 1, 1
17:35:28, 1003.50, 28.76, 32.15, 27.422, 6090, 9549, 12829, 15782, 32720, 35686, 36000, 36000, 36000, 32228, 1, 1, 9637, 15291, 21065, 27266, 21927, 24956, 28988, 32825, 36000, 28942, 1, 1
17:35:29, 1003.50, 28.77, 32.15, 27.406, 4668, 6632, 8537, 12088, 20452, 21829, 25762, 29805, 36000, 28270, 1, 1, 4418, 6248, 9553, 12034, 14173, 15743, 19074, 21140, 36000, 17647, 1, 1
17:35:30, 1003.60, 28.78, 32.19, 27.406, 8887, 14623, 20988, 25970, 30524, 30825, 36000, 36000, 36000, 36000, 1, 1, 3981, 5141, 8168, 9855, 12772, 14038, 17284, 19334, 36000, 19489, 1, 1
17:35:30, 1003.70, 28.78, 32.20, 27.383, 7781, 13803, 18591, 22061, 21870, 23265, 28571, 34800, 36000, 36000, 1, 1, 2859, 4414, 6670, 8662, 10475, 11536, 13949, 15932, 36000, 17916, 1, 1
17:35:31, 1005.30, 28.79, 32.17, 27.406, 7512, 15112, 18116, 25707, 28832, 33360, 35957, 36000, 36000, 36000, 1, 1, 472, 668, 1260, 2119, 3433, 4030, 5244, 5747, 11454, 1337, 0, 0
17:35:32, 1005.80, 28.80, 32.20, 27.406, 5562, 9809, 17757, 16555, 28789, 30186, 33264, 34762, 36000, 31839, 1, 1, 454, 633, 1203, 2083, 3039, 3601, 4792, 5187, 8887, 1010, 0, 0
17:35:32, 1005.00, 28.84, 32.17, 28.391, 5491, 9307, 12763, 14555, 21561, 22750, 25566, 26515, 36000, 13095, 1, 1, 406, 543, 1053, 1855, 3185, 3754, 4958, 5388, 9838, 1141, 0, 0
17:35:33, 1007.80, 28.90, 32.13, 28.992, 4883, 8120, 12209, 14245, 14735, 15857, 19022, 22264, 30136, 7125, 0, 0, 366, 487, 954, 1705, 3011, 3564, 4732, 5140, 8771, 969, 0, 0
17:35:34, 1005.60, 28.96, 32.15, 28.992, 3809, 7302, 10804, 12434, 17708, 19760, 21803, 26550, 34191, 7770, 0, 1, 431, 575, 1127, 2013, 3493, 4134, 5486, 5948, 9703, 1051, 0, 0
17:35:34, 1005.90, 29.02, 32.13, 29.312, 3322, 5835, 9017, 10101, 9204, 9498, 11880, 14379, 19387, 3728, 0, 0, 440, 578, 1130, 2028, 3290, 3918, 5225, 5659, 9175, 1010, 0, 0
17:35:35, 1005.80, 29.08, 32.11, 29.508, 3578, 5096, 7665, 9263, 21348, 22481, 24614, 26728, 34488, 9709, 0, 1, 395, 520, 1011, 1807, 3083, 3680, 4888, 5319, 9104, 1043, 0, 0
17:35:36, 1007.10, 29.13, 32.11, 29.508, 4725, 8240, 11753, 14816, 19131, 19258, 25358, 25941, 35591, 13074, 0, 1, 391, 519, 1009, 1804, 3158, 3769, 5029, 5442, 8646, 932, 0, 0
17:35:36, 1006.00, 29.16, 32.13, 29.617, 10633, 13356, 17581, 25723, 23531, 26670, 26906, 31758, 34958, 10440, 0, 1, 446, 597, 1164, 2072, 3570, 4223, 5608, 6050, 9366, 983, 0, 0
17:35:37, 1006.70, 29.20, 32.09, 29.687, 3466, 5122, 8297, 9125, 9600, 9836, 11698, 13328, 25039, 5180, 0, 0, 408, 536, 1054, 1897, 3270, 3889, 5157, 5554, 9103, 981, 0, 0
17:35:38, 1006.60, 29.23, 32.09, 29.687, 5059, 6550, 9996, 11481, 14818, 16057, 17747, 22987, 25732, 5901, 0, 0, 414, 548, 1074, 1916, 3171, 3781, 4986, 5416, 9472, 1078, 0, 0
17:35:38, 1006.20, 29.27, 32.13, 29.742, 3845, 7044, 9352, 12201, 9783, 10737, 11117, 15051, 19075, 4097, 0, 0, 405, 531, 1045, 1890, 3092, 3684, 4880, 5274, 8788, 945, 0, 0
17:35:39, 1007.20, 29.29, 32.11, 29.781, 3757, 6449, 10484, 10208, 8116, 8467, 9898, 11147, 23721, 5484, 0, 0, 418, 554, 1087, 1949, 3294, 3911, 5168, 5568, 9334, 1007, 0, 0
17:35:40, 1005.80, 29.32, 32.07, 29.781, 2602, 2826, 4557, 5469, 6364, 11040, 8475, 11273, 18926, 4776, 0, 0, 472, 638, 1239, 2176, 3609, 4258, 5598, 6047, 11316, 1301, 0, 0
17:35:40, 1005.80, 29.34, 32.11, 29.797, 4358, 6096, 8560, 10883, 11040, 12908, 15009, 17976, 31655, 7776, 0, 0, 422, 571, 1108, 1952, 3235, 3830, 5033, 5443, 10220, 1179, 0, 0
17:35:41, 1006.00, 29.36, 32.09, 29.805, 4564, 7519, 9707, 12524, 17493, 17723, 21320, 26544, 33609, 8966, 0, 1, 408, 549, 1074, 1906, 3274, 3869, 5113, 5487, 9105, 987, 0, 0
17:35:42, 1006.90, 29.38, 32.03, 29.805, 2332, 3789, 5570, 6640, 13133, 11876, 16741, 18161, 29505, 6518, 0, 0, 441, 590, 1157, 2064, 3274, 3870, 5124, 5527, 8911, 943, 0, 0
17:35:42, 1006.20, 29.40, 32.07, 29.812, 4512, 9000, 13315, 15112, 21409, 21886, 27051, 31079, 35202, 9708, 0, 1, 400, 536, 1048, 1876, 3101, 3677, 4878, 5274, 8684, 940, 0, 0
17:35:43, 1007.70, 29.41, 32.05, 29.820, 2588, 4170, 6038, 7146, 11056, 10804, 12901, 14548, 30025, 7096, 0, 0, 366, 481, 946, 1711, 2904, 3462, 4601, 4975, 8141, 884, 0, 0
17:35:44, 1009.60, 29.43, 32.07, 29.820, 4119, 8006, 10925, 15962, 10344, 10970, 12955, 15729, 22630, 4707, 0, 0, 369, 477, 947, 1727, 3022, 3613, 4816, 5213, 8476, 900, 0, 0
17:35:44, 1007.00, 29.44, 32.03, 29.828, 3426, 5778, 8385, 9741, 14200, 14364, 20661, 26153, 25463, 5906, 0, 0, 424, 560, 1098, 1979, 3430, 4080, 5414, 5857, 9278, 974, 0, 0
17:35:45, 1008.70, 29.46, 32.05, 29.844, 2999, 5055, 7484, 8828, 9131, 8884, 11480, 13197, 24904, 6034, 0, 0, 408, 534, 1053, 1907, 3197, 3823, 5089, 5495, 8677, 904, 0, 0
17:35:46, 1009.60, 29.47, 32.05, 29.844, 2452, 3372, 5247, 6277, 17033, 17968, 18882, 24641, 27653, 6411, 0, 0, 348, 451, 893, 1628, 2811, 3368, 4478, 4841, 8033, 859, 0, 0
17:35:46, 1011.00, 29.49, 32.03, 29.867, 1449, 2016, 3295, 3866, 7654, 7087, 9698, 10860, 12826, 2406, 0, 0, 389, 503, 1004, 1846, 3106, 3714, 4933, 5335, 8378, 852, 0, 0
17:35:47, 1007.60, 29.49, 32.03, 29.883, 1893, 3335, 4823, 6893, 14500, 13055, 22347, 16264, 27696, 5748, 0, 0, 411, 551, 1076, 1926, 3155, 3745, 4957, 5365, 9099, 999, 0, 0
17:35:48, 1011.50, 29.50, 32.03, 29.883, 2138, 3358, 5333, 6025, 6485, 6609, 7911, 8842, 18180, 3759, 0, 0, 367, 473, 943, 1737, 2840, 3401, 4525, 4868, 7780, 811, 0, 0
17:35:48, 1013.30, 29.51, 32.02, 29.891, 5682, 8276, 12369, 17232, 19885, 22282, 26161, 30032, 36000, 14079, 1, 1, 313, 397, 794, 1481, 2802, 3380, 4509, 4871, 7541, 759, 0, 0
17:35:49, 1008.00, 29.52, 32.03, 29.883, 1244, 2019, 3190, 4018, 12719, 8811, 16433, 15123, 17838, 3932, 0, 0, 411, 539, 1067, 1941, 3495, 4140, 5477, 5895, 9077, 936, 0, 0
17:35:50, 1009.90, 29.53, 32.03, 29.883, 2542, 4888, 6617, 9585, 13799, 10719, 15713, 16826, 24936, 6029, 0, 0, 381, 499, 988, 1797, 3090, 3684, 4885, 5248, 8105, 825, 0, 0
17:35:50, 1015.80, 29.54, 32.05, 29.859, 1350, 1898, 3161, 3751, 7042, 8003, 8726, 11045, 17069, 2909, 0, 0, 308, 393, 786, 1458, 2415, 2915, 3896, 4216, 7130, 751, 0, 0
17:35:51, 1011.20, 29.55, 32.00, 29.859, 1484, 2674, 4183, 6212, 5870, 5513, 7936, 8038, 12699, 2024, 0, 0, 386, 491, 985, 1824, 3131, 3746, 4978, 5375, 8184, 825, 0, 0
17:35:52, 1007.70, 29.55, 32.03, 29.859, 4274, 7098, 12714, 11408, 14064, 10665, 17406, 17674, 21866, 5571, 0, 0, 396, 525, 1032, 1861, 3128, 3717, 4923, 5304, 8479, 904, 0, 0
17:35:52, 1013.50, 29.56, 32.02, 29.844, 2324, 3235, 4902, 5633, 6615, 7084, 7792, 9411, 16331, 3337, 0, 0, 364, 467, 928, 1700, 2710, 3262, 4351, 4710, 7748, 824, 0, 0
17:35:53, 1014.20, 29.57, 32.03, 29.844, 5383, 9621, 15211, 20395, 18621, 21308, 27469, 27886, 35903, 12267, 0, 1, 309, 382, 760, 1431, 3042, 3676, 4939, 5375, 7979, 804, 0, 0
17:35:54, 1007.30, 29.57, 32.03, 29.828, 1935, 3180, 4983, 6027, 10195, 8476, 15974, 11742, 21719, 4506, 0, 0, 416, 552, 1073, 1920, 3290, 3909, 5193, 5647, 9096, 983, 0, 0
17:35:54, 1010.40, 29.58, 32.03, 29.820, 2603, 4580, 6583, 8445, 6651, 5676, 8432, 8079, 14289, 3177, 0, 0, 422, 547, 1075, 1952, 3053, 3675, 4926, 5362, 8279, 863, 0, 0
17:35:55, 1013.90, 29.58, 32.02, 29.820, 2731, 4103, 6364, 8005, 11129, 11537, 13200, 17215, 21680, 4197, 0, 0, 335, 423, 838, 1549, 2899, 3500, 4704, 5124, 8014, 835, 0, 0
17:35:56, 1009.80, 29.59, 31.98, 29.812, 1405, 2386, 3702, 4812, 10347, 9039, 13562, 15300, 18928, 3488, 0, 0, 354, 445, 883, 1636, 3040, 3664, 4908, 5366, 8191, 846, 0, 0
17:35:56, 1011.60, 29.59, 32.02, 29.805, 1889, 2836, 4251, 5222, 8311, 7948, 9762, 10606, 20017, 4677, 0, 0, 375, 481, 951, 1734, 2937, 3536, 4734, 5148, 8091, 848, 0, 0
17:35:57, 1016.30, 29.60, 31.98, 29.805, 3957, 6256, 9066, 11269, 13142, 13450, 17970, 22313, 24375, 4196, 0, 0, 296, 363, 726, 1372, 2568, 3130, 4220, 4607, 7153, 726, 0, 0
17:35:58, 1007.90, 29.61, 31.98, 29.828, 1535, 2333, 3947, 4654, 8492, 7351, 11079, 11193, 17698, 3179, 0, 0, 374, 486, 961, 1757, 3151, 3750, 4974, 5398, 8509, 878, 0, 0
17:35:58, 1011.10, 29.61, 31.98, 29.844, 2590, 4335, 6218, 8424, 9381, 8750, 14099, 11330, 26748, 6106, 0, 0, 387, 507, 995, 1807, 3202, 3838, 5138, 5596, 8465, 872, 0, 0
17:35:59, 1009.50, 29.62, 31.98, 29.844, 1145, 1860, 2883, 3645, 6120, 6876, 6747, 9505, 11773, 2919, 0, 0, 396, 509, 1004, 1821, 3114, 3731, 4987, 5444, 8700, 935, 0, 0
17:36:00, 1007.90, 29.63, 32.00, 29.852, 3390, 4543, 7040, 7900, 20534, 20301, 24031, 26582, 28846, 7606, 0, 0, 337, 441, 864, 1554, 2765, 3300, 4391, 4773, 8164, 913, 0, 0
17:36:00, 1015.20, 29.64, 31.98, 29.867, 3047, 3288, 5191, 6492, 13652, 16468, 16657, 21955, 26107, 5406, 0, 0, 290, 366, 723, 1337, 2367, 2872, 3848, 4220, 6963, 752, 0, 0
17:36:01, 1009.90, 29.64, 32.02, 29.867, 3452, 5999, 8943, 9977, 8004, 8268, 9901, 10711, 24554, 5038, 0, 0, 321, 411, 812, 1494, 2891, 3469, 4639, 5038, 7693, 790, 0, 0
17:36:02, 1010.30, 29.65, 31.94, 29.852, 3836, 5642, 10110, 9951, 16457, 18444, 23617, 33094, 24116, 6053, 0, 1, 354, 463, 913, 1663, 2942, 3518, 4690, 5077, 7807, 800, 0, 0
17:36:02, 1011.80, 29.66, 32.00, 29.852, 2587, 4757, 7175, 8705, 17899, 15851, 23172, 23988, 26658, 5129, 0, 0, 370, 471, 936, 1733, 3231, 3877, 5191, 5634, 8306, 833, 0, 0
17:36:03, 1008.10, 29.66, 32.00, 29.852, 2398, 4564, 6537, 7799, 10059, 9691, 13325, 17001, 18970, 4274, 0, 0, 386, 509, 999, 1804, 2864, 3425, 4563, 4947, 7812, 821, 0, 0
17:36:04, 1013.30, 29.67, 31.96, 29.859, 3737, 4073, 7023, 6701, 8725, 8872, 9132, 12778, 16213, 3734, 0, 0, 347, 441, 879, 1624, 2535, 3065, 4105, 4452, 7123, 745, 0, 0
17:36:04, 1009.80, 29.68, 31.98, 29.875, 7288, 13817, 19516, 30416, 18464, 21980, 24100, 26798, 23510, 5015, 0, 0, 334, 425, 848, 1572, 3103, 3702, 4924, 5318, 8080, 818, 0, 0
17:36:05, 1010.80, 29.68, 32.02, 29.875, 3845, 6769, 10807, 11539, 14018, 11186, 16563, 18022, 27328, 6404, 0, 0, 387, 517, 1019, 1841, 3210, 3812, 5054, 5472, 8669, 892, 0, 0
17:36:06, 1009.80, 29.69, 31.96, 29.898, 2352, 4044, 5913, 9480, 7943, 8598, 12616, 11280, 27730, 6278, 0, 0, 425, 567, 1117, 2010, 3280, 3902, 5174, 5601, 8842, 907, 0, 0
17:36:06, 1009.50, 29.70, 31.98, 29.922, 4822, 8911, 14005, 14570, 6279, 6607, 7867, 8481, 19921, 4693, 0, 0, 333, 433, 860, 1569, 2677, 3207, 4266, 4604, 7196, 741, 0, 0
17:36:07, 1015.40, 29.71, 31.98, 29.922, 4634, 5375, 8766, 11452, 15801, 17614, 20137, 24791, 32999, 6285, 0, 1, 267, 335, 670, 1252, 2231, 2715, 3636, 3963, 6376, 659, 0, 0
17:36:08, 1013.20, 29.72, 31.96, 29.930, 3252, 4631, 7179, 8704, 8123, 9310, 9455, 12891, 15913, 3278, 0, 0, 330, 420, 842, 1555, 2658, 3189, 4254, 4602, 7077, 712, 0, 0
17:36:08, 1017.60, 29.73, 31.98, 29.945, 1952, 3177, 4517, 5899, 7643, 7865, 10208, 13124, 15366, 2755, 0, 0, 275, 344, 692, 1306, 2317, 2805, 3754, 4088, 6531, 659, 0, 0
17:36:09, 1019.20, 29.74, 31.96, 29.945, 1679, 3024, 4769, 6201, 9481, 7373, 14070, 10940, 17126, 3121, 0, 0, 289, 359, 726, 1377, 2271, 2754, 3700, 4018, 6018, 583, 0, 0
17:36:10, 1020.30, 29.74, 32.03, 29.961, 1875, 3507, 5487, 7432, 6337, 6196, 8428, 8737, 16027, 2626, 0, 0, 244, 301, 609, 1165, 1927, 2345, 3156, 3413, 5307, 523, 0, 0
17:36:10, 1022.80, 29.75, 31.96, 29.969, 1827, 3196, 5407, 7108, 8389, 9173, 11512, 12983, 24304, 3374, 0, 0, 205, 241, 487, 949, 1767, 2187, 2972, 3252, 5048, 501, 0, 0
17:36:11, 1022.80, 29.76, 31.96, 29.969, 1381, 2434, 3697, 5221, 9524, 10641, 12759, 16008, 18772, 2768, 0, 0, 206, 242, 487, 942, 1739, 2148, 2923, 3219, 4980, 502, 0, 0
17:36:12, 1033.00, 29.76, 31.96, 29.961, 1586, 2813, 4933, 6545, 6704, 7374, 8769, 10011, 24679, 3311, 0, 0, 219, 262, 521, 1000, 1610, 2024, 2788, 3118, 5151, 520, 0, 0
17:36:12, 1035.80, 29.77, 31.98, 29.961, 918, 1571, 2611, 4022, 5210, 5952, 7310, 9040, 11855, 1331, 0, 0, 159, 170, 331, 676, 1356, 1747, 2463, 2780, 4071, 400, 0, 0
17:36:13, 1042.00, 29.77, 31.98, 29.961, 863, 1479, 2663, 4098, 5995, 6732, 8629, 9797, 18009, 1979, 0, 0, 155, 167, 323, 655, 1231, 1600, 2260, 2578, 4125, 411, 0, 0
17:36:14, 1050.10, 29.77, 31.94, 29.906, 679, 1148, 2039, 3603, 4784, 5738, 7662, 9043, 9999, 990, 0, 0, 121, 120, 221, 467, 936, 1260, 1838, 2128, 3028, 293, 0, 0
17:36:14, 1047.60, 29.77, 31.96, 29.859, 458, 546, 1083, 1747, 2054, 2554, 3059, 3683, 5499, 542, 0, 0, 138, 136, 252, 532, 1040, 1395, 2037, 2343, 3324, 322, 0, 0
17:36:15, 1050.20, 29.77, 31.98, 29.859, 504, 717, 1350, 2186, 3357, 3956, 5026, 6031, 7897, 758, 0, 0, 122, 120, 223, 473, 983, 1312, 1894, 2182, 3158, 303, 0, 0
17:36:16, 1058.90, 29.76, 31.96, 29.812, 556, 905, 1782, 2865, 4676, 5581, 7087, 8106, 13665, 1330, 0, 0, 109, 110, 205, 433, 918, 1225, 1763, 2034, 3272, 307, 0, 0
17:36:16, 1059.90, 29.76, 31.90, 29.797, 318, 432, 840, 1539, 1751, 2079, 2767, 3252, 4046, 345, 0, 0, 88, 82, 142, 308, 783, 1081, 1625, 1893, 2433, 228, 0, 0
17:36:17, 1071.50, 29.75, 31.96, 29.797, 206, 240, 484, 866, 2347, 2856, 3834, 4590, 6016, 509, 0, 0, 74, 69, 117, 253, 569, 800, 1210, 1445, 2129, 200, 0, 0
17:36:18, 1073.20, 29.75, 31.92, 29.773, 226, 286, 563, 1133, 1717, 2150, 2963, 3521, 4724, 382, 0, 0, 62, 56, 89, 193, 506, 731, 1141, 1373, 1723, 162, 0, 0
17:36:18, 1085.60, 29.75, 31.96, 29.766, 137, 152, 300, 587, 1313, 1665, 2247, 2717, 3721, 298, 0, 0, 50, 45, 70, 150, 377, 552, 867, 1064, 1495, 140, 0, 0
17:36:19, 1085.20, 29.75, 31.92, 29.766, 113, 123, 235, 477, 653, 851, 1162, 1413, 1721, 140, 0, 0, 50, 44, 67, 143, 344, 513, 829, 1016, 1220, 114, 0, 0
17:36:20, 1096.20, 29.75, 31.92, 29.742, 110, 118, 225, 454, 939, 1220, 1713, 2095, 2647, 208, 0, 0, 37, 33, 49, 104, 291, 437, 702, 878, 1220, 113, 0, 0
17:36:20, 1094.60, 29.74, 31.94, 29.734, 82, 86, 155, 330, 503, 673, 945, 1163, 1396, 111, 0, 0, 33, 29, 41, 86, 231, 357, 593, 744, 880, 82, 0, 0
17:36:21, 1104.30, 29.74, 31.96, 29.734, 87, 91, 167, 353, 785, 1037, 1506, 1830, 2465, 190, 0, 0, 28, 25, 35, 73, 201, 311, 516, 657, 877, 82, 0, 0
17:36:22, 1107.10, 29.74, 31.94, 29.727, 65, 67, 116, 265, 444, 613, 906, 1131, 1462, 112, 0, 0, 20, 18, 24, 47, 137, 220, 386, 502, 566, 53, 0, 0
17:36:22, 1118.90, 29.74, 31.94, 29.734, 43, 40, 67, 146, 320, 449, 659, 827, 977, 77, 0, 0, 17, 15, 19, 37, 92, 153, 276, 375, 448, 42, 0, 0
17:36:23, 1119.10, 29.74, 31.94, 29.734, 28, 27, 41, 88, 158, 234, 363, 477, 541, 43, 0, 0, 13, 11, 14, 26, 75, 127, 239, 327, 334, 31, 0, 0
17:36:24, 1131.60, 29.74, 31.92, 29.703, 25, 24, 37, 77, 187, 274, 439, 571, 802, 63, 0, 0, 9, 8, 10, 18, 42, 75, 144, 206, 238, 22, 0, 0
17:36:24, 1129.60, 29.73, 31.96, 29.680, 13, 13, 17, 36, 102, 157, 254, 341, 410, 32, 0, 0, 7, 6, 8, 13, 41, 72, 141, 201, 207, 19, 0, 0
17:36:25, 1134.90, 29.73, 31.94, 29.680, 17, 16, 22, 47, 127, 192, 309, 407, 504, 39, 0, 0, 7, 6, 7, 13, 40, 70, 134, 189, 214, 19, 0, 0
17:36:26, 1142.00, 29.73, 31.94, 29.664, 17, 17, 23, 50, 127, 192, 314, 413, 572, 45, 0, 0, 6, 5, 7, 12, 35, 61, 118, 167, 195, 17, 0, 0
17:36:26, 1140.50, 29.73, 31.92, 29.672, 14, 13, 18, 39, 97, 150, 241, 316, 374, 29, 0, 0, 5, 4, 6, 10, 32, 57, 112, 157, 167, 15, 0, 0
17:36:27, 1145.80, 29.72, 31.96, 29.672, 16, 15, 21, 46, 118, 180, 287, 375, 441, 34, 0, 0, 5, 4, 5, 10, 27, 49, 98, 139, 149, 13, 0, 0
17:36:28, 1148.40, 29.72, 31.94, 29.680, 12, 12, 16, 35, 93, 145, 240, 319, 412, 32, 0, 0, 4, 3, 4, 7, 21, 38, 79, 114, 111, 10, 0, 0
17:36:28, 1147.30, 29.73, 31.92, 29.687, 10, 10, 12, 25, 66, 105, 174, 237, 242, 19, 0, 0, 4, 3, 4, 7, 22, 40, 83, 121, 114, 10, 0, 0
17:36:29, 1147.50, 29.73, 31.94, 29.687, 8, 8, 10, 20, 57, 91, 154, 210, 224, 18, 0, 0, 4, 3, 4, 7, 21, 39, 80, 117, 115, 10, 0, 0
17:36:30, 1150.40, 29.72, 31.96, 29.680, 8, 9, 10, 21, 59, 94, 161, 223, 305, 24, 0, 0, 3, 3, 3, 6, 17, 32, 66, 99, 98, 9, 0, 0
17:36:30, 1148.80, 29.72, 31.94, 29.664, 7, 7, 9, 18, 51, 82, 139, 190, 202, 16, 0, 0, 4, 3, 4, 7, 22, 40, 84, 123, 111, 10, 0, 0
17:36:31, 1156.40, 29.72, 31.90, 29.664, 8, 9, 10, 22, 60, 95, 163, 220, 263, 20, 0, 0, 2, 2, 3, 4, 13, 24, 52, 79, 78, 6, 0, 0
17:36:32, 1156.60, 29.72, 31.94, 29.656, 7, 7, 8, 17, 43, 71, 121, 168, 185, 15, 0, 0, 2, 2, 2, 4, 14, 26, 55, 83, 82, 7, 0, 0
17:36:32, 1158.20, 29.72, 31.94, 29.672, 6, 6, 7, 14, 41, 68, 119, 166, 200, 16, 0, 0, 2, 1, 2, 3, 10, 19, 42, 66, 67, 5, 0, 0
17:36:33, 1154.00, 29.73, 31.94, 29.672, 5, 5, 6, 11, 33, 54, 97, 138, 151, 12, 0, 0, 2, 1, 2, 3, 12, 23, 50, 77, 67, 5, 0, 0
17:36:34, 1157.60, 29.72, 31.90, 29.656, 4, 5, 5, 9, 32, 54, 96, 138, 146, 12, 0, 0, 1, 1, 2, 3, 8, 16, 37, 58, 58, 5, 0, 0
17:36:34, 1160.40, 29.72, 31.92, 29.641, 4, 4, 4, 8, 20, 35, 63, 94, 94, 8, 0, 0, 1, 1, 1, 2, 6, 13, 31, 49, 45, 3, 0, 0
17:36:35, 1162.70, 29.72, 31.88, 29.641, 3, 3, 3, 5, 15, 27, 51, 77, 80, 7, 0, 0, 1, 0, 1, 2, 5, 10, 24, 39, 36, 3, 0, 0
17:36:36, 1163.70, 29.72, 31.94, 29.633, 2, 3, 2, 4, 14, 24, 46, 70, 70, 6, 0, 0, 0, 0, 0, 1, 4, 8, 21, 34, 29, 2, 0, 0
17:36:36, 1166.80, 29.72, 31.92, 29.633, 2, 2, 3, 3, 11, 21, 39, 61, 60, 5, 0, 0, 0, 0, 1, 1, 3, 6, 17, 29, 25, 1, 0, 0
17:36:37, 1166.00, 29.72, 31.90, 29.633, 2, 2, 2, 3, 8, 15, 31, 47, 43, 4, 0, 0, 0, 0, 0, 1, 3, 6, 15, 26, 23, 1, 0, 0
17:36:38, 1163.20, 29.72, 31.90, 29.633, 2, 2, 1, 3, 9, 17, 33, 52, 52, 4, 0, 0, 0, 0, 0, 1, 3, 6, 17, 28, 26, 2, 0, 0
17:36:38, 1159.60, 29.72, 31.88, 29.656, 2, 2, 2, 3, 11, 21, 40, 62, 72, 6, 0, 0, 0, 0, 1, 1, 3, 7, 19, 32, 30, 2, 0, 0
17:36:39, 1156.00, 29.72, 31.88, 29.656, 2, 3, 2, 4, 13, 24, 45, 69, 81, 7, 0, 0, 0, 0, 0, 1, 3, 7, 19, 32, 30, 2, 0, 0
17:36:40, 1147.70, 29.72, 31.92, 29.648, 3, 3, 3, 5, 18, 32, 59, 90, 93, 8, 0, 0, 1, 1, 1, 2, 6, 12, 29, 48, 45, 4, 0, 0
17:36:40, 1139.70, 29.73, 31.88, 29.633, 4, 4, 4, 8, 22, 38, 69, 104, 109, 9, 0, 0, 1, 1, 2, 3, 10, 19, 44, 71, 59, 5, 0, 0
17:36:41, 1137.40, 29.73, 31.88, 29.633, 3, 3, 4, 6, 19, 33, 59, 89, 85, 7, 0, 0, 3, 2, 3, 5, 13, 24, 55, 87, 75, 7, 0, 0
17:36:42, 1141.20, 29.72, 31.88, 29.602, 4, 4, 4, 9, 26, 44, 80, 118, 129, 11, 0, 0, 2, 1, 2, 3, 9, 17, 39, 63, 58, 5, 0, 0
17:36:42, 1145.90, 29.72, 31.90, 29.602, 4, 4, 6, 9, 24, 40, 73, 110, 122, 10, 0, 0, 1, 1, 1, 2, 6, 12, 29, 47, 44, 3, 0, 0
17:36:43, 1149.70, 29.72, 31.90, 29.602, 3, 3, 3, 5, 15, 26, 50, 75, 78, 7, 0, 0, 1, 0, 1, 2, 4, 9, 23, 38, 35, 3, 0, 0
17:36:44, 1153.00, 29.72, 31.86, 29.609, 2, 3, 3, 5, 15, 26, 48, 74, 81, 7, 0, 0, 0, 0, 1, 1, 4, 8, 21, 35, 29, 2, 0, 0
17:36:44, 1154.60, 29.72, 31.86, 29.633, 2, 2, 2, 3, 10, 19, 36, 55, 52, 4, 0, 0, 0, 0, 1, 1, 3, 7, 18, 30, 25, 2, 0, 0
17:36:45, 1159.00, 29.72, 31.88, 29.633, 2, 2, 2, 3, 11, 20, 38, 60, 70, 6, 0, 0, 0, 0, 0, 1, 3, 6, 15, 26, 27, 2, 0, 0
17:36:46, 1160.00, 29.72, 31.92, 29.641, 2, 2, 2, 3, 10, 19, 36, 57, 64, 5, 0, 0, 0, 0, 0, 1, 2, 4, 12, 22, 21, 1, 0, 0
17:36:46, 1163.10, 29.72, 31.92, 29.641, 1, 2, 1, 2, 8, 15, 29, 46, 52, 4, 0, 0, 0, 0, 0, 0, 2, 4, 11, 20, 19, 1, 0, 0
17:36:47, 1164.40, 29.72, 31.90, 29.641, 1, 2, 1, 2, 8, 14, 28, 45, 51, 4, 0, 0, 0, 0, 0, 0, 2, 4, 11, 19, 19, 1, 0, 0
17:36:48, 1165.50, 29.72, 31.88, 29.625, 1, 2, 1, 2, 8, 15, 30, 47, 55, 5, 0, 0, 0, 0, 0, 1, 2, 4, 11, 20, 18, 1, 0, 0
17:36:48, 1166.90, 29.72, 31.88, 29.625, 1, 2, 1, 3, 9, 17, 33, 52, 54, 4, 0, 0, 0, 0, 0, 0, 2, 4, 11, 20, 18, 1, 0, 0
17:36:49, 1166.90, 29.73, 31.90, 29.625, 1, 2, 1, 2, 7, 14, 27, 43, 40, 3, 0, 0, 0, 0, 0, 1, 2, 4, 12, 21, 19, 1, 0, 0
17:36:50, 1167.70, 29.73, 31.94, 29.633, 1, 1, 1, 2, 6, 11, 22, 36, 34, 3, 0, 0, 0, 0, 0, 0, 2, 4, 11, 19, 17, 1, 0, 0
17:36:50, 1168.60, 29.73, 31.86, 29.641, 1, 1, 1, 2, 6, 11, 22, 35, 33, 3, 0, 0, 0, 0, 0, 0, 1, 3, 10, 18, 16, 1, 0, 0
17:36:51, 1173.30, 29.73, 31.86, 29.641, 1, 1, 1, 2, 6, 11, 23, 38, 43, 4, 0, 0, 0, 0, 0, 0, 1, 3, 8, 15, 15, 0, 0, 0
17:36:52, 1175.70, 29.73, 31.88, 29.641, 1, 1, 0, 1, 4, 9, 17, 28, 32, 3, 0, 0, 0, 0, 0, 0, 1, 2, 7, 12, 11, 0, 0, 0
17:36:52, 1181.90, 29.73, 31.90, 29.648, 0, 1, 0, 1, 3, 6, 12, 21, 22, 2, 0, 0, 0, 0, 0, 0, 0, 1, 5, 9, 8, 0, 0, 0
17:36:53, 1182.50, 29.73, 31.88, 29.648, 0, 1, 0, 1, 3, 6, 11, 19, 21, 2, 0, 0, 0, 0, 0, 0, 0, 1, 4, 8, 7, 0, 0, 0
17:36:54, 1186.30, 29.73, 31.90, 29.625, 0, 1, 0, 0, 2, 4, 8, 15, 13, 1, 0, 0, 0, 0, 0, 0, 0, 0, 3, 6, 5, 0, 0, 0
17:36:54, 1193.70, 29.73, 31.90, 29.625, 0, 1, 0, 0, 2, 4, 8, 14, 13, 1, 0, 0, 0, 0, 0, 0, 0, 0, 3, 6, 6, 0, 0, 0
17:36:55, 1211.20, 29.73, 31.86, 29.625, 0, 0, 0, 0, 0, 2, 3, 7, 8, 1, 0, 0, 0, 0, 0, 0, 0, 0, 1, 2, 1, 0, 0, 0
17:36:56, 1227.30, 29.73, 31.88, 29.609, 0, 0, 0, 0, 0, 1, 1, 2, 2, 0, 0, 0, 0, 0, 0, 0, 0, 0, 0, 1, 0, 0, 0, 0
17:36:56, 1231.50, 29.73, 31.88, 29.586, 0, 0, 0, 0, 0, 0, 0, 1, 1, 0, 0, 0, 0, 0, 0, 0, 0, 0, 0, 0, 0, 0, 0, 0
17:36:57, 1235.80, 29.72, 31.88, 29.586, 0, 0, 0, 0, 0, 0, 0, 1, 0, 0, 0, 0, 0, 0, 0, 0, 0, 0, 0, 0, 0, 0, 0, 0
17:36:58, 1236.90, 29.72, 31.86, 29.555, 0, 0, 0, 0, 0, 0, 0, 1, 0, 0, 0, 0, 0, 0, 0, 0, 0, 0, 0, 0, 0, 0, 0, 0
17:36:59, 1244.90, 29.71, 31.88, 29.547, 0, 0, 0, 0, 0, 0, 0, 0, 0, 0, 0, 0, 0, 0, 0, 0, 0, 0, 0, 0, 0, 0, 0, 0
17:36:59, 1249.20, 29.71, 31.88, 29.547, 0, 0, 0, 0, 0, 0, 0, 0, 0, 0, 0, 0, 0, 0, 0, 0, 0, 0, 0, 0, 0, 0, 0, 0
17:37:00, 1249.40, 29.71, 31.88, 29.531, 0, 0, 0, 0, 0, 0, 0, 0, 0, 0, 0, 0, 0, 0, 0, 0, 0, 0, 0, 0, 0, 0, 0, 0
17:37:01, 1245.90, 29.70, 31.88, 29.539, 0, 0, 0, 0, 0, 0, 0, 0, 0, 0, 0, 0, 0, 0, 0, 0, 0, 0, 0, 0, 0, 0, 0, 0
17:37:01, 1242.10, 29.70, 31.86, 29.539, 0, 0, 0, 0, 0, 0, 1, 0, 0, 0, 0, 0, 0, 0, 0, 0, 0, 0, 0, 0, 0, 0, 0, 0
17:37:02, 1237.80, 29.70, 31.86, 29.539, 0, 0, 0, 0, 0, 0, 0, 0, 0, 0, 0, 0, 0, 0, 0, 0, 0, 0, 0, 0, 0, 0, 0, 0
17:37:03, 1237.50, 29.70, 31.86, 29.539, 0, 0, 0, 0, 0, 0, 0, 0, 0, 0, 0, 0, 0, 0, 0, 0, 0, 0, 0, 0, 0, 0, 0, 0
17:37:03, 1236.40, 29.70, 31.90, 29.539, 0, 0, 0, 0, 0, 0, 0, 0, 0, 0, 0, 0, 0, 0, 0, 0, 0, 0, 0, 0, 0, 0, 0, 0
17:37:04, 1237.70, 29.70, 31.83, 29.539, 0, 0, 0, 0, 0, 0, 0, 1, 0, 0, 0, 0, 0, 0, 0, 0, 0, 0, 0, 0, 0, 0, 0, 0
17:37:05, 1236.70, 29.70, 31.85, 29.555, 0, 0, 0, 0, 0, 0, 0, 1, 0, 0, 0, 0, 0, 0, 0, 0, 0, 0, 0, 0, 0, 0, 0, 0
17:37:05, 1234.60, 29.70, 31.85, 29.555, 0, 0, 0, 0, 0, 0, 0, 0, 0, 0, 0, 0, 0, 0, 0, 0, 0, 0, 0, 1, 0, 0, 0, 0
17:37:06, 1242.30, 29.70, 31.88, 29.555, 0, 0, 0, 0, 0, 0, 0, 0, 0, 0, 0, 0, 0, 0, 0, 0, 0, 0, 0, 0, 0, 0, 0, 0
17:37:07, 1245.70, 29.70, 31.86, 29.547, 0, 0, 0, 0, 0, 0, 0, 0, 0, 0, 0, 0, 0, 0, 0, 0, 0, 0, 0, 0, 0, 0, 0, 0
17:37:07, 1264.40, 29.70, 31.88, 29.547, 0, 0, 0, 0, 0, 0, 0, 0, 0, 0, 0, 0, 0, 0, 0, 0, 0, 0, 0, 0, 0, 0, 0, 0
17:37:08, 1275.70, 29.70, 31.88, 29.547, 0, 0, 0, 0, 0, 0, 0, 0, 0, 0, 0, 0, 0, 0, 0, 0, 0, 0, 0, 0, 0, 0, 0, 0
17:37:09, 1278.30, 29.70, 31.86, 29.539, 0, 0, 0, 0, 0, 0, 0, 0, 0, 0, 0, 0, 0, 0, 0, 0, 0, 0, 0, 0, 0, 0, 0, 0
17:37:09, 1278.90, 29.70, 31.85, 29.539, 0, 0, 0, 0, 0, 0, 0, 0, 0, 0, 0, 0, 0, 0, 0, 0, 0, 0, 0, 0, 0, 0, 0, 0
17:37:10, 1283.90, 29.70, 31.86, 29.523, 0, 0, 0, 0, 0, 0, 0, 0, 0, 0, 0, 0, 0, 0, 0, 0, 0, 0, 0, 0, 0, 0, 0, 0
17:37:11, 1283.00, 29.70, 31.86, 29.531, 0, 0, 0, 0, 0, 0, 0, 0, 0, 0, 0, 0, 0, 0, 0, 0, 0, 0, 0, 0, 0, 0, 0, 0
17:37:11, 1299.60, 29.69, 31.85, 29.531, 0, 0, 0, 0, 0, 0, 0, 0, 0, 0, 0, 0, 0, 0, 0, 0, 0, 0, 0, 0, 0, 0, 0, 0
17:37:12, 1305.90, 29.69, 31.90, 29.523, 0, 0, 0, 0, 0, 0, 0, 0, 0, 0, 0, 0, 0, 0, 0, 0, 0, 0, 0, 0, 0, 0, 0, 0
17:37:13, 1301.60, 29.69, 31.85, 29.531, 0, 0, 0, 0, 0, 0, 0, 0, 0, 0, 0, 0, 0, 0, 0, 0, 0, 0, 0, 0, 0, 0, 0, 0
17:37:13, 1294.40, 29.69, 31.83, 29.531, 0, 0, 0, 0, 0, 0, 0, 0, 0, 0, 0, 0, 0, 0, 0, 0, 0, 0, 0, 0, 0, 0, 0, 0
17:37:14, 1298.90, 29.69, 31.85, 29.523, 0, 0, 0, 0, 0, 0, 0, 0, 0, 0, 0, 0, 0, 0, 0, 0, 0, 0, 0, 0, 0, 0, 0, 0
17:37:15, 1305.30, 29.69, 31.85, 29.523, 0, 0, 0, 0, 0, 0, 0, 0, 0, 0, 0, 0, 0, 0, 0, 0, 0, 0, 0, 0, 0, 0, 0, 0
17:37:15, 1307.80, 29.69, 31.85, 29.523, 0, 0, 0, 0, 0, 0, 0, 0, 0, 0, 0, 0, 0, 0, 0, 0, 0, 0, 0, 0, 0, 0, 0, 0
17:37:16, 1307.40, 29.69, 31.86, 29.508, 0, 0, 0, 0, 0, 0, 0, 0, 0, 0, 0, 0, 0, 0, 0, 0, 0, 0, 0, 0, 0, 0, 0, 0
17:37:17, 1311.40, 29.69, 31.85, 29.500, 0, 0, 0, 0, 0, 0, 0, 0, 0, 0, 0, 0, 0, 0, 0, 0, 0, 0, 0, 0, 0, 0, 0, 0
17:37:17, 1314.20, 29.68, 31.85, 29.500, 0, 0, 0, 0, 0, 0, 0, 0, 0, 0, 0, 0, 0, 0, 0, 0, 0, 0, 0, 0, 0, 0, 0, 0
17:37:18, 1321.00, 29.68, 31.86, 29.500, 0, 0, 0, 0, 0, 0, 0, 0, 0, 0, 0, 0, 0, 0, 0, 0, 0, 0, 0, 0, 0, 0, 0, 0
17:37:19, 1328.00, 29.68, 31.86, 29.516, 0, 0, 0, 0, 0, 0, 0, 0, 0, 0, 0, 0, 0, 0, 0, 0, 0, 0, 0, 0, 0, 0, 0, 0
17:37:19, 1334.20, 29.68, 31.86, 29.516, 0, 0, 0, 0, 0, 0, 0, 0, 0, 0, 0, 0, 0, 0, 0, 0, 0, 0, 0, 0, 0, 0, 0, 0
17:37:20, 1336.80, 29.68, 31.86, 29.508, 0, 0, 0, 0, 0, 0, 0, 0, 0, 0, 0, 0, 0, 0, 0, 0, 0, 0, 0, 0, 0, 0, 0, 0
17:37:21, 1339.20, 29.68, 31.85, 29.500, 0, 0, 0, 0, 0, 0, 0, 0, 0, 0, 0, 0, 0, 0, 0, 0, 0, 0, 0, 0, 0, 0, 0, 0
17:37:21, 1343.40, 29.68, 31.85, 29.500, 0, 0, 0, 0, 0, 0, 0, 0, 0, 0, 0, 0, 0, 0, 0, 0, 0, 0, 0, 0, 0, 0, 0, 0
17:37:22, 1345.40, 29.68, 31.85, 29.484, 0, 0, 0, 0, 0, 0, 0, 0, 0, 0, 0, 0, 0, 0, 0, 0, 0, 0, 0, 0, 0, 0, 0, 0
17:37:23, 1345.10, 29.68, 31.86, 29.477, 0, 0, 0, 0, 0, 0, 0, 0, 0, 0, 0, 0, 0, 0, 0, 0, 0, 0, 0, 0, 0, 0, 0, 0
17:37:23, 1345.80, 29.67, 31.85, 29.477, 0, 0, 0, 0, 0, 0, 0, 0, 0, 0, 0, 0, 0, 0, 0, 0, 0, 0, 0, 0, 0, 0, 0, 0
17:37:24, 1353.00, 29.67, 31.85, 29.469, 0, 0, 0, 0, 0, 0, 0, 0, 0, 0, 0, 0, 0, 0, 0, 0, 0, 0, 0, 0, 0, 0, 0, 0
17:37:25, 1353.80, 29.67, 31.86, 29.461, 0, 0, 0, 0, 0, 0, 0, 0, 0, 0, 0, 0, 0, 0, 0, 0, 0, 0, 0, 0, 0, 0, 0, 0
17:37:25, 1358.70, 29.67, 31.86, 29.461, 0, 0, 0, 0, 0, 0, 0, 0, 0, 0, 0, 0, 0, 0, 0, 0, 0, 0, 0, 0, 0, 0, 0, 0
17:37:26, 1359.50, 29.67, 31.85, 29.453, 0, 0, 0, 0, 0, 0, 0, 0, 0, 0, 0, 0, 0, 0, 0, 0, 0, 0, 0, 0, 0, 0, 0, 0
17:37:27, 1361.90, 29.67, 31.88, 29.453, 0, 0, 0, 0, 0, 0, 0, 0, 0, 0, 0, 0, 0, 0, 0, 0, 0, 0, 0, 0, 0, 0, 0, 0
17:37:27, 1362.70, 29.67, 31.85, 29.453, 0, 0, 0, 0, 0, 0, 0, 0, 0, 0, 0, 0, 0, 0, 0, 0, 0, 0, 0, 0, 0, 0, 0, 0
17:37:28, 1360.60, 29.67, 31.83, 29.461, 0, 0, 0, 0, 0, 0, 0, 0, 0, 0, 0, 0, 0, 0, 0, 0, 0, 0, 0, 0, 0, 0, 0, 0
17:37:29, 1364.20, 29.67, 31.86, 29.461, 0, 0, 0, 0, 0, 0, 0, 0, 0, 0, 0, 0, 0, 0, 0, 0, 0, 0, 0, 0, 0, 0, 0, 0
17:37:29, 1362.60, 29.67, 31.85, 29.461, 0, 0, 0, 0, 0, 0, 0, 0, 0, 0, 0, 0, 0, 0, 0, 0, 0, 0, 0, 0, 0, 0, 0, 0
17:37:30, 1372.30, 29.66, 31.83, 29.453, 0, 0, 0, 0, 0, 0, 0, 0, 0, 0, 0, 0, 0, 0, 0, 0, 0, 0, 0, 0, 0, 0, 0, 0
17:37:31, 1375.30, 29.66, 31.83, 29.453, 0, 0, 0, 0, 0, 0, 0, 0, 0, 0, 0, 0, 0, 0, 0, 0, 0, 0, 0, 0, 0, 0, 0, 0
17:37:31, 1378.60, 29.66, 31.85, 29.445, 0, 0, 0, 0, 0, 0, 0, 0, 0, 0, 0, 0, 0, 0, 0, 0, 0, 0, 0, 0, 0, 0, 0, 0
17:37:32, 1383.50, 29.66, 31.83, 29.437, 0, 0, 0, 0, 0, 0, 0, 0, 0, 0, 0, 0, 0, 0, 0, 0, 0, 0, 0, 0, 0, 0, 0, 0
17:37:33, 1386.40, 29.65, 31.88, 29.437, 0, 0, 0, 0, 0, 0, 0, 0, 0, 0, 0, 0, 0, 0, 0, 0, 0, 0, 0, 0, 0, 0, 0, 0
17:37:33, 1393.50, 29.65, 31.86, 29.445, 0, 0, 0, 0, 0, 0, 0, 0, 0, 0, 0, 0, 0, 0, 0, 0, 0, 0, 0, 0, 0, 0, 0, 0
17:37:34, 1397.20, 29.65, 31.85, 29.437, 0, 0, 0, 0, 0, 0, 0, 0, 0, 0, 0, 0, 0, 0, 0, 0, 0, 0, 0, 0, 0, 0, 0, 0
17:37:35, 1399.90, 29.65, 31.83, 29.437, 0, 0, 0, 0, 0, 0, 0, 0, 0, 0, 0, 0, 0, 0, 0, 0, 0, 0, 0, 0, 0, 0, 0, 0
17:37:35, 1403.30, 29.65, 31.83, 29.445, 0, 0, 0, 0, 0, 0, 0, 0, 0, 0, 0, 0, 0, 0, 0, 0, 0, 0, 0, 0, 0, 0, 0, 0
17:37:36, 1407.00, 29.65, 31.86, 29.437, 0, 0, 0, 0, 0, 0, 0, 0, 0, 0, 0, 0, 0, 0, 0, 0, 0, 0, 0, 0, 0, 0, 0, 0
17:37:37, 1415.90, 29.65, 31.85, 29.437, 0, 0, 0, 0, 0, 0, 0, 0, 0, 0, 0, 0, 0, 0, 0, 0, 0, 0, 0, 0, 0, 0, 0, 0
17:37:37, 1414.70, 29.65, 31.85, 29.445, 0, 0, 0, 0, 0, 0, 0, 0, 0, 0, 0, 0, 0, 0, 0, 0, 0, 0, 0, 0, 0, 0, 0, 0
17:37:38, 1424.00, 29.65, 31.83, 29.453, 0, 0, 0, 0, 0, 0, 0, 0, 0, 0, 0, 0, 0, 0, 0, 0, 0, 0, 0, 0, 0, 0, 0, 0
17:37:39, 1424.20, 29.65, 31.83, 29.453, 0, 0, 0, 0, 0, 0, 0, 0, 0, 0, 0, 0, 0, 0, 0, 0, 0, 0, 0, 0, 0, 0, 0, 0
17:37:39, 1425.60, 29.65, 31.83, 29.430, 0, 0, 0, 0, 0, 0, 0, 0, 0, 0, 0, 0, 0, 0, 0, 0, 0, 0, 0, 0, 0, 0, 0, 0
17:37:40, 1424.70, 29.65, 31.85, 29.430, 0, 0, 0, 0, 0, 0, 0, 0, 0, 0, 0, 0, 0, 0, 0, 0, 0, 0, 0, 0, 0, 0, 0, 0
17:37:41, 1428.20, 29.65, 31.83, 29.430, 0, 0, 0, 0, 0, 0, 0, 0, 0, 0, 0, 0, 0, 0, 0, 0, 0, 0, 0, 0, 0, 0, 0, 0
17:37:41, 1429.60, 29.65, 31.83, 29.422, 0, 0, 0, 0, 0, 0, 0, 0, 0, 0, 0, 0, 0, 0, 0, 0, 0, 0, 0, 0, 0, 0, 0, 0
17:37:42, 1432.30, 29.65, 31.81, 29.437, 0, 0, 0, 0, 0, 0, 0, 0, 0, 0, 0, 0, 0, 0, 0, 0, 0, 0, 0, 0, 0, 0, 0, 0
17:37:43, 1434.10, 29.65, 31.85, 29.437, 0, 0, 0, 0, 0, 0, 0, 0, 0, 0, 0, 0, 0, 0, 0, 0, 0, 0, 0, 0, 0, 0, 0, 0
17:37:43, 1435.80, 29.65, 31.81, 29.437, 0, 0, 0, 0, 0, 0, 0, 0, 0, 0, 0, 0, 0, 0, 0, 0, 0, 0, 0, 0, 0, 0, 0, 0
17:37:44, 1442.50, 29.65, 31.81, 29.437, 0, 0, 0, 0, 0, 0, 0, 0, 0, 0, 0, 0, 0, 0, 0, 0, 0, 0, 0, 0, 0, 0, 0, 0
17:37:45, 1453.00, 29.65, 31.83, 29.437, 0, 0, 0, 0, 0, 0, 0, 0, 0, 0, 0, 0, 0, 0, 0, 0, 0, 0, 0, 0, 0, 0, 0, 0
17:37:45, 1459.50, 29.65, 31.83, 29.430, 0, 0, 0, 0, 0, 0, 0, 0, 0, 0, 0, 0, 0, 0, 0, 0, 0, 0, 0, 0, 0, 0, 0, 0
17:37:46, 1458.80, 29.65, 31.83, 29.430, 0, 0, 0, 0, 0, 0, 0, 0, 0, 0, 0, 0, 0, 0, 0, 0, 0, 0, 0, 0, 0, 0, 0, 0
17:37:47, 1461.50, 29.64, 31.81, 29.430, 0, 0, 0, 0, 0, 0, 0, 0, 0, 0, 0, 0, 0, 0, 0, 0, 0, 0, 0, 0, 0, 0, 0, 0
17:37:47, 1467.30, 29.64, 31.83, 29.430, 0, 0, 0, 0, 0, 0, 0, 0, 0, 0, 0, 0, 0, 0, 0, 0, 0, 0, 0, 0, 0, 0, 0, 0
17:37:48, 1469.10, 29.64, 31.83, 29.430, 0, 0, 0, 0, 0, 0, 0, 0, 0, 0, 0, 0, 0, 0, 0, 0, 0, 0, 0, 0, 0, 0, 0, 0
17:37:49, 1472.40, 29.64, 31.83, 29.430, 0, 0, 0, 0, 0, 0, 0, 0, 0, 0, 0, 0, 0, 0, 0, 0, 0, 0, 0, 0, 0, 0, 0, 0
17:37:49, 1474.70, 29.64, 31.83, 29.414, 0, 0, 0, 0, 0, 0, 0, 0, 0, 0, 0, 0, 0, 0, 0, 0, 0, 0, 0, 0, 0, 0, 0, 0
17:37:50, 1474.20, 29.64, 31.83, 29.406, 0, 0, 0, 0, 0, 0, 0, 0, 0, 0, 0, 0, 0, 0, 0, 0, 0, 0, 0, 0, 0, 0, 0, 0
17:37:51, 1488.70, 29.64, 31.81, 29.406, 0, 0, 0, 0, 0, 0, 0, 0, 0, 0, 0, 0, 0, 0, 0, 0, 0, 0, 0, 0, 0, 0, 0, 0
17:37:51, 1497.00, 29.63, 31.85, 29.406, 0, 0, 0, 0, 0, 0, 0, 0, 0, 0, 0, 0, 0, 0, 0, 0, 0, 0, 0, 0, 0, 0, 0, 0
17:37:52, 1502.00, 29.63, 31.81, 29.406, 0, 0, 0, 0, 0, 0, 0, 0, 0, 0, 0, 0, 0, 0, 0, 0, 0, 0, 0, 0, 0, 0, 0, 0
17:37:53, 1507.00, 29.63, 31.81, 29.406, 0, 0, 0, 0, 0, 0, 0, 0, 0, 0, 0, 0, 0, 0, 0, 0, 0, 0, 0, 0, 0, 0, 0, 0
17:37:53, 1507.10, 29.63, 31.85, 29.398, 0, 0, 0, 0, 0, 0, 0, 0, 0, 0, 0, 0, 0, 0, 0, 0, 0, 0, 0, 0, 0, 0, 0, 0
17:37:54, 1507.00, 29.63, 31.83, 29.398, 0, 0, 0, 0, 0, 0, 0, 0, 0, 0, 0, 0, 0, 0, 0, 0, 0, 0, 0, 0, 0, 0, 0, 0
17:37:55, 1505.70, 29.63, 31.85, 29.398, 0, 0, 0, 0, 0, 0, 0, 0, 0, 0, 0, 0, 0, 0, 0, 0, 0, 0, 0, 0, 0, 0, 0, 0
17:37:55, 1506.40, 29.63, 31.85, 29.398, 0, 0, 0, 0, 0, 0, 0, 0, 0, 0, 0, 0, 0, 0, 0, 0, 0, 0, 0, 0, 0, 0, 0, 0
17:37:56, 1505.00, 29.63, 31.83, 29.398, 0, 0, 0, 0, 0, 0, 0, 0, 0, 0, 0, 0, 0, 0, 0, 0, 0, 0, 0, 0, 0, 0, 0, 0
17:37:57, 1518.10, 29.63, 31.81, 29.398, 0, 0, 0, 0, 0, 0, 0, 0, 0, 0, 0, 0, 0, 0, 0, 0, 0, 0, 0, 0, 0, 0, 0, 0
17:37:57, 1516.40, 29.63, 31.83, 29.398, 0, 0, 0, 0, 0, 0, 0, 0, 0, 0, 0, 0, 0, 0, 0, 0, 0, 0, 0, 0, 0, 0, 0, 0
17:37:58, 1523.90, 29.63, 31.79, 29.398, 0, 0, 0, 0, 0, 0, 0, 0, 0, 0, 0, 0, 0, 0, 0, 0, 0, 0, 0, 0, 0, 0, 0, 0
17:37:59, 1525.00, 29.63, 31.83, 29.398, 0, 0, 0, 0, 0, 0, 0, 0, 0, 0, 0, 0, 0, 0, 0, 0, 0, 0, 0, 0, 0, 0, 0, 0
17:37:59, 1529.30, 29.63, 31.81, 29.383, 0, 0, 0, 0, 0, 0, 0, 0, 0, 0, 0, 0, 0, 0, 0, 0, 0, 0, 0, 0, 0, 0, 0, 0
17:38:00, 1531.70, 29.62, 31.81, 29.383, 0, 0, 0, 0, 0, 0, 0, 0, 0, 0, 0, 0, 0, 0, 0, 0, 0, 0, 0, 0, 0, 0, 0, 0
17:38:01, 1530.90, 29.62, 31.79, 29.383, 0, 0, 0, 0, 0, 0, 0, 0, 0, 0, 0, 0, 0, 0, 0, 0, 0, 0, 0, 0, 0, 0, 0, 0
17:38:01, 1530.40, 29.62, 31.85, 29.383, 0, 0, 0, 0, 0, 0, 0, 0, 0, 0, 0, 0, 0, 0, 0, 0, 0, 0, 0, 0, 0, 0, 0, 0
17:38:02, 1527.10, 29.62, 31.81, 29.383, 0, 0, 0, 0, 0, 0, 0, 0, 0, 0, 0, 0, 0, 0, 0, 0, 0, 0, 0, 0, 0, 0, 0, 0
17:38:03, 1533.60, 29.62, 31.77, 29.383, 0, 0, 0, 0, 0, 0, 0, 0, 0, 0, 0, 0, 0, 0, 0, 0, 0, 0, 0, 0, 0, 0, 0, 0
17:38:03, 1528.70, 29.61, 31.81, 29.367, 0, 0, 0, 0, 0, 0, 0, 0, 0, 0, 0, 0, 0, 0, 0, 0, 0, 0, 0, 0, 0, 0, 0, 0
17:38:04, 1533.40, 29.62, 31.85, 29.367, 0, 0, 0, 0, 0, 0, 0, 0, 0, 0, 0, 0, 0, 0, 0, 0, 0, 0, 0, 0, 0, 0, 0, 0
17:38:05, 1531.80, 29.61, 31.77, 29.367, 0, 0, 0, 0, 0, 0, 0, 0, 0, 0, 0, 0, 0, 0, 0, 0, 0, 0, 0, 0, 0, 0, 0, 0
17:38:05, 1530.40, 29.61, 31.81, 29.367, 0, 0, 0, 0, 0, 0, 0, 0, 0, 0, 0, 0, 0, 0, 0, 0, 0, 0, 0, 0, 0, 0, 0, 0
17:38:06, 1531.70, 29.61, 31.83, 29.367, 0, 0, 0, 0, 0, 0, 0, 0, 0, 0, 0, 0, 0, 0, 0, 0, 0, 0, 0, 0, 0, 0, 0, 0
17:38:07, 1534.00, 29.61, 31.77, 29.367, 0, 0, 0, 0, 0, 0, 0, 0, 0, 0, 0, 0, 0, 0, 0, 0, 0, 0, 0, 0, 0, 0, 0, 0
17:38:07, 1529.20, 29.61, 31.83, 29.359, 0, 0, 0, 0, 0, 0, 0, 0, 0, 0, 0, 0, 0, 0, 0, 0, 0, 0, 0, 0, 0, 0, 0, 0
17:38:08, 1523.00, 29.61, 31.77, 29.359, 0, 0, 0, 0, 0, 0, 0, 0, 0, 0, 0, 0, 0, 0, 0, 0, 0, 0, 0, 0, 0, 0, 0, 0
17:38:09, 1525.40, 29.61, 31.83, 29.359, 0, 0, 0, 0, 0, 0, 0, 0, 0, 0, 0, 0, 0, 0, 0, 0, 0, 0, 0, 0, 0, 0, 0, 0
17:38:09, 1527.80, 29.61, 31.81, 29.359, 0, 0, 0, 0, 0, 0, 0, 0, 0, 0, 0, 0, 0, 0, 0, 0, 0, 0, 0, 0, 0, 0, 0, 0
17:38:10, 1523.50, 29.61, 31.85, 29.367, 0, 0, 0, 0, 0, 0, 0, 0, 0, 0, 0, 0, 0, 0, 0, 0, 0, 0, 0, 0, 0, 0, 0, 0
17:38:11, 1520.50, 29.61, 31.77, 29.367, 0, 0, 0, 0, 0, 0, 0, 0, 0, 0, 0, 0, 0, 0, 0, 0, 0, 0, 0, 0, 0, 0, 0, 0
17:38:11, 1516.20, 29.61, 31.79, 29.367, 0, 0, 0, 0, 0, 0, 0, 0, 0, 0, 0, 0, 0, 0, 0, 0, 0, 0, 0, 0, 0, 0, 0, 0
17:38:12, 1516.20, 29.61, 31.81, 29.383, 0, 0, 0, 0, 0, 0, 0, 0, 0, 0, 0, 0, 0, 0, 0, 0, 0, 0, 0, 0, 0, 0, 0, 0
17:38:13, 1512.70, 29.61, 31.79, 29.383, 0, 0, 0, 0, 0, 0, 0, 0, 0, 0, 0, 0, 0, 0, 0, 0, 0, 0, 0, 0, 0, 0, 0, 0
17:38:13, 1511.60, 29.61, 31.81, 29.383, 0, 0, 0, 0, 0, 0, 0, 0, 0, 0, 0, 0, 0, 0, 0, 0, 0, 0, 0, 0, 0, 0, 0, 0
17:38:14, 1509.30, 29.61, 31.81, 29.383, 0, 0, 0, 0, 0, 0, 0, 0, 0, 0, 0, 0, 0, 0, 0, 0, 0, 0, 0, 0, 0, 0, 0, 0
17:38:15, 1508.40, 29.61, 31.79, 29.383, 0, 0, 0, 0, 0, 0, 0, 0, 0, 0, 0, 0, 0, 0, 0, 0, 0, 0, 0, 0, 0, 0, 0, 0
17:38:15, 1507.80, 29.62, 31.81, 29.391, 0, 0, 0, 0, 0, 0, 0, 0, 0, 0, 0, 0, 0, 0, 0, 0, 0, 0, 0, 0, 0, 0, 0, 0
17:38:16, 1505.10, 29.62, 31.81, 29.398, 0, 0, 0, 0, 0, 0, 0, 0, 0, 0, 0, 0, 0, 0, 0, 0, 0, 0, 0, 0, 0, 0, 0, 0
17:38:17, 1499.80, 29.62, 31.81, 29.398, 0, 0, 0, 0, 0, 0, 0, 0, 0, 0, 0, 0, 0, 0, 0, 0, 0, 0, 0, 0, 0, 0, 0, 0
17:38:17, 1496.60, 29.62, 31.83, 29.391, 0, 0, 0, 0, 0, 0, 0, 0, 0, 0, 0, 0, 0, 0, 0, 0, 0, 0, 0, 0, 0, 0, 0, 0
17:38:18, 1495.90, 29.62, 31.79, 29.406, 0, 0, 0, 0, 0, 0, 0, 0, 0, 0, 0, 0, 0, 0, 0, 0, 0, 0, 0, 0, 0, 0, 0, 0
17:38:19, 1494.70, 29.62, 31.77, 29.406, 0, 0, 0, 0, 0, 0, 0, 0, 0, 0, 0, 0, 0, 0, 0, 0, 0, 0, 0, 0, 0, 0, 0, 0
17:38:19, 1493.80, 29.63, 31.81, 29.414, 0, 0, 0, 0, 0, 0, 0, 0, 0, 0, 0, 0, 0, 0, 0, 0, 0, 0, 0, 0, 0, 0, 0, 0
17:38:20, 1488.80, 29.63, 31.79, 29.414, 0, 0, 0, 0, 0, 0, 0, 0, 0, 0, 0, 0, 0, 0, 0, 0, 0, 0, 0, 0, 0, 0, 0, 0
17:38:21, 1486.10, 29.63, 31.81, 29.414, 0, 0, 0, 0, 0, 0, 0, 0, 0, 0, 0, 0, 0, 0, 0, 0, 0, 0, 0, 0, 0, 0, 0, 0
17:38:21, 1486.20, 29.63, 31.75, 29.414, 0, 0, 0, 0, 0, 0, 0, 0, 0, 0, 0, 0, 0, 0, 0, 0, 0, 0, 0, 0, 0, 0, 0, 0
17:38:22, 1487.70, 29.63, 31.79, 29.422, 0, 0, 0, 0, 0, 0, 0, 0, 0, 0, 0, 0, 0, 0, 0, 0, 0, 0, 0, 0, 0, 0, 0, 0
17:38:23, 1488.60, 29.63, 31.81, 29.422, 0, 0, 0, 0, 0, 0, 0, 0, 0, 0, 0, 0, 0, 0, 0, 0, 0, 0, 0, 0, 0, 0, 0, 0
17:38:23, 1486.30, 29.63, 31.79, 29.422, 0, 0, 0, 0, 0, 0, 0, 0, 0, 0, 0, 0, 0, 0, 0, 0, 0, 0, 0, 0, 0, 0, 0, 0
17:38:24, 1485.00, 29.63, 31.81, 29.430, 0, 0, 0, 0, 0, 0, 0, 0, 0, 0, 0, 0, 0, 0, 0, 0, 0, 0, 0, 0, 0, 0, 0, 0
17:38:25, 1485.50, 29.63, 31.75, 29.430, 0, 0, 0, 0, 0, 0, 0, 0, 0, 0, 0, 0, 0, 0, 0, 0, 0, 0, 0, 0, 0, 0, 0, 0
17:38:25, 1485.40, 29.63, 31.83, 29.430, 0, 0, 0, 0, 0, 0, 0, 0, 0, 0, 0, 0, 0, 0, 0, 0, 0, 0, 0, 0, 0, 0, 0, 0
17:38:26, 1488.40, 29.64, 31.79, 29.437, 0, 0, 0, 0, 0, 0, 0, 0, 0, 0, 0, 0, 0, 0, 0, 0, 0, 0, 0, 0, 0, 0, 0, 0
17:38:27, 1488.70, 29.64, 31.81, 29.437, 0, 0, 0, 0, 0, 0, 0, 0, 0, 0, 0, 0, 0, 0, 0, 0, 0, 0, 0, 0, 0, 0, 0, 0
17:38:27, 1487.30, 29.64, 31.79, 29.430, 0, 0, 0, 0, 0, 0, 0, 0, 0, 0, 0, 0, 0, 0, 0, 0, 0, 0, 0, 0, 0, 0, 0, 0
17:38:28, 1488.30, 29.64, 31.79, 29.437, 0, 0, 0, 0, 0, 0, 0, 0, 0, 0, 0, 0, 0, 0, 0, 0, 0, 0, 0, 0, 0, 0, 0, 0
17:38:29, 1490.70, 29.64, 31.79, 29.437, 0, 0, 0, 0, 0, 0, 0, 0, 0, 0, 0, 0, 0, 0, 0, 0, 0, 0, 0, 0, 0, 0, 0, 0
17:38:29, 1492.20, 29.64, 31.81, 29.437, 0, 0, 0, 0, 0, 0, 0, 0, 0, 0, 0, 0, 0, 0, 0, 0, 0, 0, 0, 0, 0, 0, 0, 0
17:38:30, 1494.50, 29.64, 31.81, 29.437, 0, 0, 0, 0, 0, 0, 0, 0, 0, 0, 0, 0, 0, 0, 0, 0, 0, 0, 0, 0, 0, 0, 0, 0
17:38:31, 1496.90, 29.64, 31.75, 29.437, 0, 0, 0, 0, 0, 0, 0, 0, 0, 0, 0, 0, 0, 0, 0, 0, 0, 0, 0, 0, 0, 0, 0, 0
17:38:31, 1494.90, 29.64, 31.83, 29.430, 0, 0, 0, 0, 0, 0, 0, 0, 0, 0, 0, 0, 0, 0, 0, 0, 0, 0, 0, 0, 0, 0, 0, 0
17:38:32, 1494.10, 29.64, 31.79, 29.437, 0, 0, 0, 0, 0, 0, 0, 0, 0, 0, 0, 0, 0, 0, 0, 0, 0, 0, 0, 0, 0, 0, 0, 0
17:38:33, 1495.40, 29.64, 31.81, 29.437, 0, 0, 0, 0, 0, 0, 0, 0, 0, 0, 0, 0, 0, 0, 0, 0, 0, 0, 0, 0, 0, 0, 0, 0
17:38:34, 1495.00, 29.64, 31.75, 29.437, 0, 0, 0, 0, 0, 0, 0, 0, 0, 0, 0, 0, 0, 0, 0, 0, 0, 0, 0, 0, 0, 0, 0, 0
17:38:34, 1495.10, 29.64, 31.77, 29.445, 0, 0, 0, 0, 0, 0, 0, 0, 0, 0, 0, 0, 0, 0, 0, 0, 0, 0, 0, 0, 0, 0, 0, 0
17:38:35, 1490.60, 29.64, 31.81, 29.445, 0, 0, 0, 0, 0, 0, 0, 0, 0, 0, 0, 0, 0, 0, 0, 0, 0, 0, 0, 0, 0, 0, 0, 0
17:38:36, 1487.80, 29.65, 31.81, 29.437, 0, 0, 0, 0, 0, 0, 0, 0, 0, 0, 0, 0, 0, 0, 0, 0, 0, 0, 0, 0, 0, 0, 0, 0
17:38:36, 1488.00, 29.65, 31.79, 29.445, 0, 0, 0, 0, 0, 0, 0, 0, 0, 0, 0, 0, 0, 0, 0, 0, 0, 0, 0, 0, 0, 0, 0, 0
17:38:37, 1484.70, 29.65, 31.79, 29.445, 0, 0, 0, 0, 0, 0, 0, 0, 0, 0, 0, 0, 0, 0, 0, 0, 0, 0, 0, 0, 0, 0, 0, 0
17:38:38, 1483.20, 29.65, 31.75, 29.445, 0, 0, 0, 0, 0, 0, 0, 0, 0, 0, 0, 0, 0, 0, 0, 0, 0, 0, 0, 0, 0, 0, 0, 0
17:38:38, 1484.10, 29.65, 31.77, 29.453, 0, 0, 0, 0, 0, 0, 0, 0, 0, 0, 0, 0, 0, 0, 0, 0, 0, 0, 0, 0, 0, 0, 0, 0
17:38:39, 1480.00, 29.65, 31.79, 29.453, 0, 0, 0, 0, 0, 0, 0, 0, 0, 0, 0, 0, 0, 0, 0, 0, 0, 0, 0, 0, 0, 0, 0, 0
17:38:40, 1478.70, 29.65, 31.77, 29.453, 0, 0, 0, 0, 0, 0, 0, 0, 0, 0, 0, 0, 0, 0, 0, 0, 0, 0, 0, 0, 0, 0, 0, 0
17:38:40, 1479.90, 29.65, 31.79, 29.453, 0, 0, 0, 0, 0, 0, 0, 0, 0, 0, 0, 0, 0, 0, 0, 0, 0, 0, 0, 0, 0, 0, 0, 0
17:38:41, 1476.00, 29.65, 31.81, 29.453, 0, 0, 0, 0, 0, 0, 0, 0, 0, 0, 0, 0, 0, 0, 0, 0, 0, 0, 0, 0, 0, 0, 0, 0
17:38:42, 1471.20, 29.65, 31.83, 29.453, 0, 0, 0, 0, 0, 0, 0, 0, 0, 0, 0, 0, 0, 0, 0, 0, 0, 0, 0, 0, 0, 0, 0, 0
17:38:42, 1469.50, 29.65, 31.77, 29.461, 0, 0, 0, 0, 0, 0, 0, 0, 0, 0, 0, 0, 0, 0, 0, 0, 0, 0, 0, 0, 0, 0, 0, 0
17:38:43, 1463.90, 29.66, 31.83, 29.461, 0, 0, 0, 0, 0, 0, 0, 0, 0, 0, 0, 0, 0, 0, 0, 0, 0, 0, 0, 0, 0, 0, 0, 0
17:38:44, 1459.90, 29.66, 31.77, 29.461, 0, 0, 0, 0, 0, 0, 0, 0, 0, 0, 0, 0, 0, 0, 0, 0, 0, 0, 0, 0, 0, 0, 0, 0
17:38:44, 1459.30, 29.66, 31.75, 29.461, 0, 0, 0, 0, 0, 0, 0, 0, 0, 0, 0, 0, 0, 0, 0, 0, 0, 0, 0, 0, 0, 0, 0, 0
17:38:45, 1454.40, 29.66, 31.73, 29.461, 0, 0, 0, 0, 0, 0, 0, 0, 0, 0, 0, 0, 0, 0, 0, 0, 0, 0, 0, 0, 0, 0, 0, 0
17:38:46, 1451.60, 29.66, 31.83, 29.469, 0, 0, 0, 0, 0, 0, 0, 0, 0, 0, 0, 0, 0, 0, 0, 0, 0, 0, 0, 0, 0, 0, 0, 0
17:38:46, 1453.30, 29.67, 31.77, 29.484, 0, 0, 0, 0, 0, 0, 0, 0, 0, 0, 0, 0, 0, 0, 0, 0, 0, 0, 0, 0, 0, 0, 0, 0
17:38:47, 1451.10, 29.67, 31.81, 29.484, 0, 0, 0, 0, 0, 0, 0, 0, 0, 0, 0, 0, 0, 0, 0, 0, 0, 0, 0, 0, 0, 0, 0, 0
17:38:48, 1448.20, 29.67, 31.77, 29.484, 0, 0, 0, 0, 0, 0, 0, 0, 0, 0, 0, 0, 0, 0, 0, 0, 0, 0, 0, 0, 0, 0, 0, 0
17:38:48, 1446.90, 29.67, 31.75, 29.484, 0, 0, 0, 0, 0, 0, 0, 0, 0, 0, 0, 0, 0, 0, 0, 0, 0, 0, 0, 0, 0, 0, 0, 0
17:38:49, 1448.50, 29.67, 31.79, 29.484, 0, 0, 0, 0, 0, 0, 0, 0, 0, 0, 0, 0, 0, 0, 0, 0, 0, 0, 0, 0, 0, 0, 0, 0
17:38:50, 1443.00, 29.67, 31.75, 29.484, 0, 0, 0, 0, 0, 0, 0, 0, 0, 0, 0, 0, 0, 0, 0, 0, 0, 0, 0, 0, 0, 0, 0, 0
17:38:50, 1439.00, 29.67, 31.75, 29.492, 0, 0, 0, 0, 0, 0, 0, 0, 0, 0, 0, 0, 0, 0, 0, 0, 0, 0, 0, 0, 0, 0, 0, 0
17:38:51, 1436.80, 29.68, 31.77, 29.492, 0, 0, 0, 0, 0, 0, 0, 0, 0, 0, 0, 0, 0, 0, 0, 0, 0, 0, 0, 0, 0, 0, 0, 0
17:38:52, 1434.60, 29.68, 31.77, 29.492, 0, 0, 0, 0, 0, 0, 0, 0, 0, 0, 0, 0, 0, 0, 0, 0, 0, 0, 0, 0, 0, 0, 0, 0
17:38:52, 1429.50, 29.68, 31.77, 29.500, 0, 0, 0, 0, 0, 0, 0, 0, 0, 0, 0, 0, 0, 0, 0, 0, 0, 0, 0, 0, 0, 0, 0, 0
17:38:53, 1424.20, 29.68, 31.77, 29.500, 0, 0, 0, 0, 0, 0, 0, 0, 0, 0, 0, 0, 0, 0, 0, 0, 0, 0, 0, 0, 0, 0, 0, 0
17:38:54, 1422.20, 29.68, 31.77, 29.492, 0, 0, 0, 0, 0, 0, 0, 0, 0, 0, 0, 0, 0, 0, 0, 0, 0, 0, 0, 0, 0, 0, 0, 0
17:38:54, 1417.10, 29.68, 31.73, 29.500, 0, 0, 0, 0, 0, 0, 0, 0, 0, 0, 0, 0, 0, 0, 0, 0, 0, 0, 0, 0, 0, 0, 0, 0
17:38:55, 1415.60, 29.68, 31.77, 29.500, 0, 0, 0, 0, 0, 0, 0, 0, 0, 0, 0, 0, 0, 0, 0, 0, 0, 0, 0, 0, 0, 0, 0, 0
17:38:56, 1411.80, 29.68, 31.77, 29.500, 0, 0, 0, 0, 0, 0, 0, 0, 0, 0, 0, 0, 0, 0, 0, 0, 0, 0, 0, 0, 0, 0, 0, 0
17:38:56, 1406.40, 29.69, 31.73, 29.500, 0, 0, 0, 0, 0, 0, 0, 0, 0, 0, 0, 0, 0, 0, 0, 0, 0, 0, 0, 0, 0, 0, 0, 0
17:38:57, 1401.40, 29.69, 31.71, 29.500, 0, 0, 0, 0, 0, 0, 0, 0, 0, 0, 0, 0, 0, 0, 0, 0, 0, 0, 0, 0, 0, 0, 0, 0
17:38:58, 1397.10, 29.69, 31.75, 29.500, 0, 0, 0, 0, 0, 0, 0, 0, 0, 0, 0, 0, 0, 0, 0, 0, 0, 0, 0, 0, 0, 0, 0, 0
17:38:58, 1393.20, 29.69, 31.77, 29.508, 0, 0, 0, 0, 0, 0, 0, 0, 0, 0, 0, 0, 0, 0, 0, 0, 0, 0, 0, 0, 0, 0, 0, 0
17:38:59, 1380.80, 29.69, 31.75, 29.508, 0, 0, 0, 0, 0, 0, 0, 0, 0, 0, 0, 0, 0, 0, 0, 0, 0, 0, 0, 0, 0, 0, 0, 0
17:39:00, 1376.80, 29.69, 31.75, 29.508, 0, 0, 0, 0, 0, 0, 0, 0, 0, 0, 0, 0, 0, 0, 0, 0, 0, 0, 0, 0, 0, 0, 0, 0
17:39:00, 1374.80, 29.69, 31.77, 29.508, 0, 0, 0, 0, 0, 0, 0, 0, 0, 0, 0, 0, 0, 0, 0, 0, 0, 0, 0, 0, 0, 0, 0, 0
17:39:01, 1363.60, 29.70, 31.75, 29.508, 0, 0, 0, 0, 0, 0, 0, 0, 0, 0, 0, 0, 0, 0, 0, 0, 0, 0, 0, 0, 0, 0, 0, 0
17:39:02, 1356.80, 29.70, 31.77, 29.500, 0, 0, 0, 0, 0, 0, 0, 0, 0, 0, 0, 0, 0, 0, 0, 0, 0, 0, 0, 0, 0, 0, 0, 0
17:39:02, 1354.00, 29.70, 31.75, 29.500, 0, 0, 0, 0, 0, 0, 0, 0, 0, 0, 0, 0, 0, 0, 0, 0, 0, 0, 0, 0, 0, 0, 0, 0
17:39:03, 1340.30, 29.70, 31.75, 29.500, 0, 0, 0, 0, 0, 0, 0, 0, 0, 0, 0, 0, 0, 0, 0, 0, 0, 0, 0, 0, 0, 0, 0, 0
17:39:04, 1329.90, 29.70, 31.77, 29.500, 0, 0, 0, 0, 0, 0, 0, 0, 0, 0, 0, 0, 0, 0, 0, 0, 0, 0, 0, 0, 0, 0, 0, 0
17:39:04, 1323.50, 29.70, 31.75, 29.500, 0, 0, 0, 0, 0, 0, 0, 0, 0, 0, 0, 0, 0, 0, 0, 0, 0, 0, 0, 0, 0, 0, 0, 0
17:39:05, 1315.60, 29.70, 31.75, 29.500, 0, 0, 0, 0, 0, 0, 0, 0, 0, 0, 0, 0, 0, 0, 0, 0, 0, 0, 0, 0, 0, 0, 0, 0
17:39:06, 1311.70, 29.71, 31.75, 29.500, 0, 0, 0, 0, 0, 0, 0, 0, 0, 0, 0, 0, 0, 0, 0, 0, 0, 0, 0, 0, 0, 0, 0, 0
17:39:06, 1307.20, 29.71, 31.73, 29.500, 0, 0, 0, 0, 0, 0, 0, 0, 0, 0, 0, 0, 0, 0, 0, 0, 0, 0, 0, 0, 0, 0, 0, 0
17:39:07, 1292.30, 29.71, 31.75, 29.500, 0, 0, 0, 0, 0, 0, 0, 0, 0, 0, 0, 0, 0, 0, 0, 0, 0, 0, 0, 0, 0, 0, 0, 0
17:39:08, 1289.50, 29.71, 31.75, 29.500, 0, 0, 0, 0, 0, 0, 0, 0, 0, 0, 0, 0, 0, 0, 0, 0, 0, 0, 0, 0, 0, 0, 0, 0
17:39:08, 1284.20, 29.71, 31.73, 29.516, 0, 0, 0, 0, 0, 0, 0, 0, 0, 0, 0, 0, 0, 0, 0, 0, 0, 0, 0, 0, 0, 0, 0, 0
17:39:09, 1280.10, 29.71, 31.75, 29.516, 0, 0, 0, 0, 0, 0, 0, 0, 0, 0, 0, 0, 0, 0, 0, 0, 0, 0, 0, 0, 0, 0, 0, 0
17:39:10, 1279.20, 29.72, 31.71, 29.516, 0, 0, 0, 0, 0, 0, 0, 0, 0, 0, 0, 0, 0, 0, 0, 0, 0, 0, 0, 0, 0, 0, 0, 0
17:39:10, 1269.70, 29.72, 31.73, 29.531, 0, 0, 0, 0, 0, 0, 0, 0, 0, 0, 0, 0, 0, 0, 0, 0, 0, 0, 0, 0, 0, 0, 0, 0
17:39:11, 1254.60, 29.72, 31.73, 29.531, 0, 0, 0, 0, 0, 0, 0, 0, 0, 0, 0, 0, 0, 0, 0, 0, 0, 0, 0, 0, 0, 0, 0, 0
17:39:12, 1246.80, 29.72, 31.77, 29.531, 0, 0, 0, 0, 0, 0, 0, 0, 0, 0, 0, 0, 0, 0, 0, 0, 0, 0, 0, 0, 0, 0, 0, 0
17:39:12, 1239.40, 29.72, 31.73, 29.547, 0, 0, 0, 0, 0, 0, 0, 0, 0, 0, 0, 0, 0, 0, 0, 0, 0, 0, 0, 0, 0, 0, 0, 0
17:39:13, 1228.40, 29.73, 31.75, 29.547, 0, 0, 0, 0, 0, 0, 0, 0, 0, 0, 0, 0, 0, 0, 0, 0, 0, 0, 0, 0, 0, 0, 0, 0
17:39:14, 1215.70, 29.73, 31.73, 29.539, 0, 0, 0, 0, 0, 0, 0, 1, 1, 0, 0, 0, 0, 0, 0, 0, 0, 0, 0, 0, 0, 0, 0, 0
17:39:14, 1209.00, 29.73, 31.71, 29.555, 0, 0, 0, 0, 0, 1, 1, 2, 1, 0, 0, 0, 0, 0, 0, 0, 0, 0, 0, 1, 0, 0, 0, 0
17:39:15, 1194.80, 29.74, 31.73, 29.555, 0, 0, 0, 0, 0, 1, 1, 3, 2, 1, 0, 0, 0, 0, 0, 0, 0, 0, 0, 1, 1, 0, 0, 0
17:39:16, 1183.70, 29.74, 31.73, 29.555, 0, 0, 0, 0, 0, 2, 3, 5, 5, 1, 0, 0, 0, 0, 0, 0, 0, 0, 1, 2, 2, 0, 0, 0
17:39:16, 1175.10, 29.75, 31.77, 29.562, 0, 0, 0, 0, 1, 3, 5, 8, 8, 1, 0, 0, 0, 0, 0, 0, 0, 0, 2, 4, 3, 0, 0, 0
17:39:17, 1164.70, 29.75, 31.77, 29.562, 0, 1, 0, 0, 1, 3, 6, 11, 11, 1, 0, 0, 0, 0, 0, 0, 0, 0, 3, 6, 5, 0, 0, 0
17:39:18, 1144.90, 29.75, 31.71, 29.562, 0, 1, 0, 1, 4, 7, 14, 23, 23, 2, 0, 0, 0, 0, 0, 0, 1, 3, 8, 13, 12, 0, 0, 0
17:39:18, 1133.80, 29.76, 31.77, 29.570, 1, 2, 1, 3, 10, 18, 33, 50, 53, 4, 0, 0, 0, 0, 0, 1, 3, 6, 15, 24, 23, 1, 0, 0
17:39:19, 1122.90, 29.76, 31.73, 29.570, 2, 3, 3, 5, 16, 26, 46, 68, 74, 6, 0, 0, 0, 0, 1, 1, 5, 9, 21, 33, 32, 2, 0, 0
17:39:20, 1103.50, 29.76, 31.75, 29.570, 5, 5, 6, 13, 42, 64, 108, 151, 176, 15, 0, 0, 2, 2, 2, 4, 15, 27, 55, 83, 86, 8, 0, 0
17:39:20, 1095.70, 29.76, 31.73, 29.586, 10, 10, 14, 29, 73, 107, 172, 234, 276, 23, 0, 0, 4, 3, 4, 7, 23, 39, 77, 113, 118, 11, 0, 0
17:39:21, 1089.10, 29.77, 31.73, 29.586, 14, 14, 21, 43, 104, 148, 231, 309, 372, 31, 0, 0, 5, 5, 6, 11, 31, 52, 99, 143, 156, 15, 0, 0
17:39:22, 1074.20, 29.77, 31.73, 29.602, 19, 20, 32, 65, 145, 201, 306, 400, 470, 40, 0, 0, 8, 7, 10, 18, 57, 92, 166, 231, 267, 26, 0, 0
17:39:22, 1054.80, 29.78, 31.73, 29.633, 48, 56, 98, 187, 434, 556, 782, 978, 1242, 113, 0, 0, 23, 21, 32, 63, 172, 254, 421, 546, 683, 70, 0, 0
17:39:23, 1045.70, 29.79, 31.75, 29.633, 104, 134, 244, 427, 767, 936, 1263, 1555, 1933, 192, 0, 0, 37, 35, 55, 111, 267, 380, 606, 772, 959, 100, 0, 0
17:39:24, 1037.70, 29.80, 31.73, 29.672, 157, 228, 410, 678, 1061, 1247, 1683, 2013, 2521, 280, 0, 0, 53, 52, 87, 173, 376, 519, 804, 1003, 1292, 138, 0, 0
17:39:24, 1025.00, 29.81, 31.71, 29.711, 263, 420, 741, 1169, 1911, 2221, 2840, 3373, 4428, 537, 0, 0, 64, 66, 115, 226, 508, 675, 1014, 1235, 1646, 182, 0, 0
17:39:25, 1010.70, 29.82, 31.73, 29.711, 777, 1391, 2201, 3119, 4452, 4762, 5951, 6722, 10467, 1892, 0, 0, 120, 142, 262, 479, 934, 1161, 1648, 1934, 2913, 356, 0, 0
17:39:26, 1006.80, 29.83, 31.73, 29.766, 2158, 3575, 5158, 5995, 7664, 7981, 9367, 11948, 23226, 7687, 0, 0, 206, 265, 483, 805, 1376, 1647, 2241, 2626, 5655, 961, 0, 0
17:39:26, 1007.10, 29.84, 31.75, 29.812, 2774, 4699, 6835, 7371, 9357, 9744, 11958, 14176, 35917, 15456, 0, 1, 230, 306, 546, 900, 1490, 1779, 2391, 2785, 5915, 923, 0, 0
17:39:27, 1008.30, 29.85, 31.71, 29.812, 3386, 5600, 7842, 9652, 10894, 11829, 13783, 15531, 36000, 20568, 1, 1, 218, 292, 525, 886, 1417, 1703, 2329, 2708, 5721, 807, 0, 0
17:39:28, 1011.40, 29.86, 31.71, 29.836, 2545, 4324, 6079, 8338, 9446, 10613, 13059, 14440, 36000, 14613, 1, 1, 218, 286, 521, 892, 1383, 1688, 2317, 2721, 5672, 764, 0, 0
17:39:28, 1010.20, 29.87, 31.71, 29.859, 2245, 4051, 5237, 7800, 8827, 8577, 10508, 11799, 36000, 14589, 1, 1, 225, 300, 544, 924, 1511, 1827, 2493, 2909, 6192, 849, 0, 0
17:39:29, 1009.80, 29.88, 31.73, 29.859, 2335, 3962, 5497, 7719, 7899, 9412, 12334, 11820, 36000, 13771, 1, 1, 235, 317, 574, 970, 1596, 1918, 2609, 3031, 6549, 893, 0, 0
17:39:30, 1009.20, 29.88, 31.75, 29.859, 2654, 4400, 6026, 8538, 8660, 9721, 10942, 12719, 36000, 16009, 1, 1, 231, 313, 568, 964, 1483, 1790, 2445, 2840, 6114, 822, 0, 0
17:39:30, 1010.50, 29.89, 31.73, 29.875, 2537, 4400, 6140, 7416, 8220, 8786, 9318, 12388, 36000, 13745, 1, 1, 215, 289, 526, 898, 1340, 1627, 2224, 2591, 5541, 736, 0, 0
17:39:31, 1003.80, 29.88, 31.75, 29.875, 2552, 4330, 5929, 8654, 10005, 12411, 15397, 14434, 36000, 19480, 1, 1, 2557, 4073, 5943, 7711, 8813, 9281, 11868, 12489, 33887, 9590, 0, 1
17:39:32, 1003.80, 29.88, 31.73, 29.875, 2753, 3891, 5750, 6452, 8510, 8734, 11062, 11464, 36000, 23946, 1, 1, 6873, 11730, 16204, 20779, 35778, 35985, 36000, 36000, 36000, 29246, 1, 1
