Secchi Depth (cm) = 9999
Forel Ule Scale = 99
pH Colour Scale = 99
SensingSecchi S/N = A017
Latitude (degs N) = 34.33556
Longitude (degs E) = -78.05154
Date = 2026-07-28
Time (UTC), Pressure (mbar) MS5803, Temp (deg C) MS5803, Temp (deg C) 10KTHERM, Temp (deg C) TMP117, ED 415nm, ED 445nm, ED 480nm, ED 515nm, ED 555nm, ED 590nm, ED 630nm, ED 680nm, ED Clear, ED NIR, ED D-SAT, ED A-SAT, EU 415nm, EU 445nm, EU 480nm, EU 515nm, EU 555nm, EU 590nm, EU 630nm, EU 680nm, EU Clear, EU NIR, EU D-SAT, EU A-SAT
16:35:55, 1002.50, 28.46, 30.21, 26.594, 2113, 3249, 4518, 5287, 6148, 6229, 7616, 8088, 36000, 16300, 1, 1, 5657, 8344, 10950, 13876, 16353, 19169, 30196, 33676, 36000, 36000, 1, 1
16:35:55, 1002.60, 28.47, 30.19, 26.609, 2090, 3218, 4487, 5250, 6219, 6294, 7727, 8173, 36000, 16658, 1, 1, 6483, 9285, 13042, 15625, 22741, 24895, 29825, 35349, 36000, 36000, 1, 1
16:35:56, 1002.50, 28.48, 30.19, 26.609, 5479, 9082, 12694, 15466, 18932, 21043, 25148, 29534, 36000, 36000, 1, 1, 6800, 11182, 15516, 20189, 23045, 25459, 31418, 34550, 36000, 36000, 1, 1
16:35:57, 1003.30, 28.49, 30.21, 26.609, 4866, 8088, 11341, 12971, 9013, 8567, 11466, 12472, 22869, 8567, 0, 0, 4549, 5845, 8667, 10050, 15225, 14821, 17594, 18820, 35839, 12008, 0, 1
16:35:57, 1003.20, 28.51, 30.19, 26.609, 3584, 6095, 8331, 10225, 13528, 14246, 17279, 21299, 36000, 21248, 1, 1, 1848, 3209, 4465, 6462, 6660, 7423, 8733, 9832, 30646, 10027, 0, 0
16:35:58, 1003.30, 28.51, 30.22, 26.609, 4464, 6407, 9063, 10798, 20144, 23377, 27634, 32586, 36000, 36000, 1, 1, 1400, 2308, 3474, 4668, 6256, 6683, 8290, 8467, 20245, 5269, 0, 0
16:35:59, 1004.80, 28.51, 30.22, 26.594, 4713, 7408, 9927, 12799, 16236, 17798, 22662, 25086, 36000, 20982, 1, 1, 283, 397, 790, 1422, 2455, 2845, 3489, 3450, 6653, 660, 0, 0
16:35:59, 1008.90, 28.54, 30.21, 27.320, 3618, 6098, 8303, 9904, 13180, 14294, 16706, 21461, 36000, 31113, 1, 1, 292, 414, 824, 1483, 2556, 2955, 3650, 3596, 7669, 730, 0, 0
16:36:00, 1012.30, 28.57, 30.21, 27.320, 2924, 4841, 7013, 8012, 14566, 12838, 17390, 19478, 36000, 27796, 1, 1, 273, 377, 766, 1414, 2460, 2871, 3549, 3498, 7355, 685, 0, 0
16:36:01, 1013.20, 28.60, 30.21, 28.102, 2271, 3971, 5269, 7514, 9552, 10597, 13274, 16580, 36000, 16765, 1, 1, 272, 379, 771, 1419, 2318, 2689, 3314, 3247, 6897, 633, 0, 0
16:36:01, 1014.40, 28.64, 30.19, 28.102, 2890, 5128, 7642, 8986, 11261, 11957, 15269, 20060, 36000, 13225, 1, 1, 240, 326, 671, 1259, 2111, 2460, 3037, 2978, 6006, 559, 0, 0
16:36:02, 1014.50, 28.67, 30.19, 28.523, 2679, 5014, 7805, 9360, 13089, 12280, 16044, 19913, 35814, 6739, 0, 1, 215, 284, 587, 1116, 1965, 2307, 2843, 2803, 5320, 507, 0, 0
16:36:03, 1015.70, 28.69, 30.19, 28.734, 2488, 4470, 6972, 8641, 13019, 12559, 16475, 19977, 31312, 5464, 0, 0, 205, 268, 557, 1071, 1920, 2267, 2795, 2749, 4979, 470, 0, 0
16:36:03, 1016.10, 28.72, 30.21, 28.734, 2715, 5223, 7935, 10562, 12714, 13047, 17856, 19695, 31156, 4912, 0, 0, 201, 262, 545, 1050, 1935, 2276, 2798, 2744, 4961, 467, 0, 0
16:36:04, 1016.60, 28.74, 30.17, 28.875, 2633, 4988, 7622, 9705, 12534, 12957, 19044, 19034, 31130, 4624, 0, 0, 199, 259, 541, 1045, 1917, 2253, 2761, 2700, 4861, 454, 0, 0
16:36:05, 1018.60, 28.76, 30.19, 28.945, 2394, 4480, 6581, 8505, 11277, 11066, 14361, 17466, 28067, 4309, 0, 0, 195, 255, 536, 1038, 1898, 2229, 2728, 2657, 4820, 441, 0, 0
16:36:05, 1018.40, 28.77, 30.17, 28.945, 2325, 4422, 6674, 8705, 10672, 10488, 13442, 16385, 27088, 4143, 0, 0, 190, 247, 523, 1016, 1864, 2185, 2674, 2601, 4766, 437, 0, 0
16:36:06, 1017.80, 28.78, 30.15, 29.000, 2447, 4637, 7443, 9402, 12145, 12205, 15721, 18220, 32761, 5457, 0, 1, 191, 250, 527, 1018, 1856, 2172, 2655, 2584, 4801, 438, 0, 0
16:36:07, 1017.80, 28.80, 30.15, 29.047, 2369, 4493, 7007, 8856, 11392, 11590, 14505, 17222, 34180, 6520, 0, 1, 191, 253, 533, 1024, 1867, 2176, 2654, 2576, 4879, 442, 0, 0
16:36:07, 1016.80, 28.81, 30.19, 29.047, 2351, 4476, 7128, 8652, 12032, 11857, 15164, 17949, 32912, 5834, 0, 1, 192, 254, 537, 1034, 1879, 2186, 2659, 2574, 4832, 435, 0, 0
16:36:08, 1016.00, 28.82, 30.17, 29.086, 2508, 4703, 7442, 8970, 10900, 10746, 13709, 16110, 30879, 5640, 0, 0, 193, 259, 544, 1039, 1870, 2166, 2628, 2539, 4884, 439, 0, 0
16:36:09, 1016.70, 28.83, 30.15, 29.102, 2416, 4533, 6817, 8137, 10761, 10524, 12754, 16795, 35243, 6424, 0, 1, 191, 256, 541, 1034, 1847, 2143, 2601, 2512, 4794, 431, 0, 0
16:36:09, 1016.00, 28.83, 30.15, 29.102, 2464, 4727, 7343, 8937, 10806, 10733, 13214, 16475, 33578, 6261, 0, 1, 194, 261, 550, 1050, 1878, 2175, 2639, 2547, 4884, 436, 0, 0
16:36:10, 1015.50, 28.85, 30.15, 29.133, 2396, 4506, 6927, 8634, 11938, 11966, 14996, 17802, 35926, 7325, 0, 1, 191, 260, 547, 1039, 1853, 2138, 2588, 2493, 4779, 428, 0, 0
16:36:11, 1016.60, 28.85, 30.13, 29.148, 2340, 4342, 6502, 7946, 10847, 10786, 13062, 17912, 35872, 7699, 0, 1, 189, 257, 542, 1031, 1840, 2121, 2563, 2463, 4806, 425, 0, 0
16:36:11, 1017.20, 28.86, 30.15, 29.148, 2223, 4150, 6291, 7586, 10219, 10291, 12577, 16751, 34790, 6803, 0, 1, 184, 250, 529, 1009, 1802, 2076, 2505, 2400, 4716, 415, 0, 0
16:36:12, 1017.80, 28.87, 30.15, 29.164, 2168, 4058, 6180, 7540, 11030, 11140, 13976, 17480, 35768, 6914, 0, 1, 179, 242, 514, 986, 1765, 2034, 2454, 2346, 4494, 394, 0, 0
16:36:13, 1017.00, 28.88, 30.13, 29.187, 2294, 4329, 6485, 8364, 12433, 12547, 15636, 18984, 36000, 7617, 1, 1, 176, 240, 511, 973, 1752, 2011, 2412, 2300, 4467, 391, 0, 0
16:36:13, 1017.40, 28.89, 30.11, 29.187, 2399, 4563, 7041, 8861, 11475, 11373, 14567, 16842, 34350, 6217, 0, 1, 181, 248, 529, 1009, 1814, 2077, 2485, 2364, 4612, 404, 0, 0
16:36:14, 1018.70, 28.90, 30.13, 29.203, 2156, 3973, 6047, 7231, 11327, 10722, 13651, 16916, 33650, 5424, 0, 1, 180, 245, 525, 1008, 1794, 2055, 2456, 2332, 4459, 389, 0, 0
16:36:15, 1021.00, 28.91, 30.15, 29.227, 1961, 3652, 5563, 6936, 10309, 9903, 12543, 15491, 29355, 4331, 0, 0, 171, 228, 494, 963, 1726, 1987, 2377, 2253, 4123, 357, 0, 0
16:36:15, 1020.40, 28.92, 30.13, 29.227, 2073, 3932, 6317, 8073, 9489, 9542, 12109, 14200, 25819, 3749, 0, 0, 163, 216, 471, 919, 1656, 1899, 2261, 2137, 3987, 346, 0, 0
16:36:16, 1020.50, 28.93, 30.13, 29.234, 2111, 3994, 6332, 7976, 12355, 12530, 16171, 18634, 31322, 5254, 0, 0, 161, 218, 473, 915, 1639, 1870, 2216, 2090, 4064, 353, 0, 0
16:36:17, 1022.40, 28.94, 30.17, 29.250, 2004, 3877, 6014, 7934, 10327, 10468, 13176, 15939, 31484, 5152, 0, 0, 159, 213, 465, 905, 1639, 1873, 2220, 2091, 4103, 354, 0, 0
16:36:17, 1022.90, 28.95, 30.13, 29.250, 1876, 3635, 5888, 7448, 10514, 10654, 13355, 16256, 31795, 5005, 0, 0, 158, 211, 462, 905, 1642, 1876, 2222, 2092, 4090, 351, 0, 0
16:36:18, 1022.00, 28.96, 30.11, 29.258, 1688, 3187, 5109, 6497, 9294, 9278, 11401, 14231, 28681, 4322, 0, 0, 159, 212, 465, 912, 1657, 1891, 2238, 2104, 4088, 351, 0, 0
16:36:19, 1019.00, 28.96, 30.17, 29.266, 1993, 3703, 5940, 7599, 10520, 10663, 13289, 15851, 28959, 4371, 0, 0, 166, 225, 491, 948, 1705, 1932, 2279, 2142, 4259, 370, 0, 0
16:36:19, 1017.00, 28.97, 30.15, 29.266, 2146, 4011, 6350, 7815, 12493, 12316, 15843, 18556, 34577, 5912, 0, 1, 171, 236, 508, 972, 1724, 1948, 2292, 2153, 4269, 374, 0, 0
16:36:20, 1016.40, 28.98, 30.15, 29.273, 2245, 4176, 6395, 7738, 12077, 11807, 14708, 18259, 35583, 6737, 0, 1, 172, 240, 517, 981, 1718, 1936, 2275, 2132, 4255, 373, 0, 0
16:36:21, 1015.00, 28.98, 30.17, 29.273, 2373, 4518, 6835, 8402, 11636, 11322, 13909, 17937, 36000, 6817, 1, 1, 174, 244, 525, 994, 1742, 1960, 2301, 2156, 4285, 377, 0, 0
16:36:21, 1014.30, 28.99, 30.15, 29.273, 2717, 5037, 7633, 9434, 11703, 11660, 14439, 17838, 36000, 8466, 1, 1, 183, 262, 556, 1040, 1808, 2026, 2377, 2229, 4622, 409, 0, 0
16:36:22, 1013.70, 29.00, 30.15, 29.281, 2699, 5175, 7575, 9571, 11889, 11876, 14928, 18592, 36000, 9136, 1, 1, 185, 264, 560, 1048, 1818, 2036, 2391, 2239, 4639, 410, 0, 0
16:36:23, 1015.10, 29.00, 30.08, 29.281, 2701, 4991, 7425, 8846, 11645, 11761, 13570, 18036, 36000, 10405, 1, 1, 186, 268, 569, 1060, 1820, 2036, 2390, 2239, 4765, 418, 0, 0
16:36:23, 1014.10, 29.00, 30.17, 29.281, 2690, 5098, 7551, 9100, 11492, 11323, 14043, 18309, 36000, 9032, 1, 1, 183, 263, 559, 1044, 1815, 2028, 2378, 2224, 4685, 412, 0, 0
16:36:24, 1014.40, 29.01, 30.15, 29.281, 2681, 4995, 7512, 8637, 11759, 11511, 13955, 18126, 36000, 9103, 1, 1, 178, 254, 541, 1017, 1770, 1981, 2319, 2167, 4433, 389, 0, 0
16:36:25, 1015.20, 29.02, 30.15, 29.289, 2606, 4851, 7303, 8832, 11948, 11888, 14898, 18880, 36000, 9279, 1, 1, 176, 252, 538, 1006, 1743, 1949, 2276, 2128, 4435, 390, 0, 0
16:36:25, 1015.80, 29.02, 30.13, 29.289, 2625, 4819, 7479, 9162, 11295, 11256, 14310, 16576, 34350, 6707, 0, 1, 172, 244, 522, 985, 1722, 1926, 2248, 2100, 4319, 380, 0, 0
16:36:26, 1018.50, 29.03, 30.10, 29.289, 2318, 4363, 6486, 7862, 10075, 10020, 12360, 15508, 34546, 6793, 0, 1, 165, 230, 500, 955, 1674, 1882, 2199, 2051, 4077, 354, 0, 0
16:36:27, 1018.20, 29.03, 30.11, 29.297, 2224, 4263, 6484, 8159, 11011, 10896, 13379, 17918, 36000, 6894, 1, 1, 165, 231, 502, 955, 1675, 1879, 2194, 2046, 4183, 363, 0, 0
16:36:27, 1016.10, 29.04, 30.15, 29.297, 2446, 4617, 7278, 9140, 10707, 10788, 13512, 15940, 34250, 6494, 0, 1, 168, 236, 509, 965, 1700, 1900, 2216, 2066, 4255, 372, 0, 0
16:36:28, 1016.20, 29.05, 30.13, 29.297, 2531, 4789, 7113, 8553, 11303, 11072, 13697, 17748, 35961, 8314, 0, 1, 173, 247, 530, 997, 1729, 1929, 2249, 2096, 4406, 385, 0, 0
16:36:29, 1017.40, 29.05, 30.13, 29.305, 2453, 4616, 6924, 8483, 10434, 10427, 12849, 16748, 36000, 7444, 1, 1, 168, 239, 514, 970, 1684, 1881, 2194, 2042, 4308, 374, 0, 0
16:36:29, 1016.70, 29.06, 30.13, 29.305, 2251, 4224, 6394, 7800, 10188, 10209, 12638, 15993, 35204, 6401, 0, 1, 162, 227, 494, 940, 1652, 1847, 2153, 2002, 4113, 357, 0, 0
16:36:30, 1014.20, 29.07, 30.15, 29.305, 2374, 4469, 6741, 8267, 12349, 12014, 15349, 18444, 34635, 7267, 0, 1, 166, 237, 510, 961, 1668, 1860, 2164, 2013, 4172, 364, 0, 0
16:36:31, 1013.00, 29.07, 30.13, 29.312, 2712, 4949, 7461, 9109, 12182, 12055, 15480, 17830, 35986, 8265, 0, 1, 173, 250, 531, 986, 1701, 1890, 2194, 2045, 4294, 380, 0, 0
16:36:31, 1014.90, 29.08, 30.13, 29.312, 2552, 4658, 6784, 7864, 10567, 10447, 12988, 15580, 32077, 6721, 0, 0, 164, 234, 502, 943, 1617, 1806, 2096, 1954, 3999, 351, 0, 0
16:36:32, 1015.60, 29.08, 30.13, 29.312, 2553, 4787, 7140, 8677, 9928, 9885, 12481, 14580, 28736, 5371, 0, 0, 162, 229, 493, 931, 1618, 1809, 2101, 1958, 3944, 345, 0, 0
16:36:33, 1015.40, 29.09, 30.15, 29.312, 2274, 4236, 6406, 7753, 12642, 12324, 15475, 19300, 33738, 7139, 0, 1, 163, 230, 496, 935, 1631, 1823, 2119, 1975, 4000, 350, 0, 0
16:36:33, 1015.30, 29.09, 30.11, 29.312, 2481, 4658, 7075, 8729, 10239, 10165, 12473, 15608, 33338, 6791, 0, 1, 165, 234, 503, 949, 1646, 1839, 2140, 1993, 4103, 359, 0, 0
16:36:34, 1014.50, 29.09, 30.11, 29.312, 2388, 4520, 6831, 8335, 11184, 11104, 14193, 16447, 33564, 6488, 0, 1, 167, 238, 511, 961, 1672, 1864, 2169, 2020, 4137, 363, 0, 0
16:36:35, 1021.70, 29.10, 30.08, 29.312, 2257, 4200, 6112, 7443, 7875, 8165, 10560, 11827, 34141, 7299, 0, 1, 163, 233, 501, 949, 1588, 1787, 2088, 1944, 3979, 341, 0, 0
16:36:35, 1027.30, 29.11, 30.15, 29.312, 1663, 3170, 5157, 6644, 8518, 8609, 10596, 13472, 27454, 3934, 0, 0, 138, 185, 410, 813, 1463, 1665, 1948, 1811, 3574, 303, 0, 0
16:36:36, 1031.80, 29.11, 30.15, 29.312, 1432, 2752, 4588, 6000, 7063, 7338, 8982, 10871, 21143, 2572, 0, 0, 123, 157, 354, 722, 1337, 1535, 1799, 1668, 3171, 267, 0, 0
16:36:37, 1037.30, 29.11, 30.11, 29.320, 1040, 1943, 3265, 4548, 7803, 8005, 9785, 12788, 23774, 2677, 0, 0, 115, 144, 326, 675, 1265, 1463, 1724, 1600, 3115, 260, 0, 0
16:36:37, 1043.70, 29.12, 30.11, 29.320, 914, 1705, 3075, 4386, 5793, 6132, 7799, 8981, 14000, 1341, 0, 0, 101, 119, 271, 585, 1148, 1345, 1590, 1474, 2751, 229, 0, 0
16:36:38, 1048.00, 29.12, 30.17, 29.320, 788, 1452, 2617, 3893, 5497, 5751, 7385, 8721, 12751, 1136, 0, 0, 97, 110, 253, 557, 1116, 1316, 1563, 1447, 2682, 223, 0, 0
16:36:39, 1050.70, 29.12, 30.15, 29.328, 797, 1468, 2772, 4230, 5390, 5717, 7277, 8520, 13371, 1177, 0, 0, 95, 107, 245, 543, 1102, 1304, 1552, 1438, 2699, 223, 0, 0
16:36:39, 1057.30, 29.12, 30.13, 29.328, 660, 1184, 2229, 3476, 4742, 5167, 6492, 7797, 13829, 1190, 0, 0, 87, 95, 215, 489, 1006, 1205, 1441, 1334, 2413, 199, 0, 0
16:36:40, 1063.80, 29.13, 30.15, 29.297, 517, 904, 1777, 2888, 5047, 5414, 6850, 8696, 13837, 1157, 0, 0, 80, 84, 189, 438, 926, 1121, 1349, 1249, 2236, 185, 0, 0
16:36:41, 1074.10, 29.13, 30.17, 29.281, 440, 731, 1459, 2475, 3603, 4020, 5088, 6025, 9725, 744, 0, 0, 73, 72, 161, 384, 832, 1025, 1241, 1151, 2036, 169, 0, 0
16:36:41, 1083.30, 29.13, 30.11, 29.281, 336, 511, 1077, 1936, 3372, 3740, 4884, 5729, 7600, 540, 0, 0, 64, 60, 130, 321, 733, 920, 1123, 1044, 1789, 149, 0, 0
16:36:42, 1088.90, 29.13, 30.17, 29.266, 323, 470, 1013, 1908, 3100, 3532, 4635, 5257, 6838, 481, 0, 0, 60, 55, 115, 290, 687, 870, 1068, 995, 1696, 142, 0, 0
16:36:43, 1092.90, 29.13, 30.11, 29.266, 254, 355, 770, 1497, 3287, 3724, 5042, 5927, 6946, 487, 0, 0, 57, 52, 107, 272, 656, 837, 1033, 966, 1626, 135, 0, 0
16:36:43, 1096.40, 29.13, 30.15, 29.266, 241, 328, 710, 1395, 2836, 3206, 4263, 5101, 6551, 461, 0, 0, 55, 49, 100, 256, 623, 799, 988, 924, 1546, 128, 0, 0
16:36:44, 1098.90, 29.13, 30.15, 29.242, 217, 292, 631, 1262, 2445, 2826, 3679, 4403, 6267, 452, 0, 0, 53, 47, 95, 245, 611, 788, 977, 913, 1511, 125, 0, 0
16:36:45, 1106.00, 29.13, 30.13, 29.227, 210, 280, 608, 1233, 2071, 2464, 3297, 3744, 6573, 494, 0, 0, 51, 46, 91, 236, 575, 747, 934, 874, 1487, 122, 0, 0
16:36:45, 1113.80, 29.13, 30.19, 29.227, 213, 275, 589, 1200, 2002, 2388, 3094, 3568, 5758, 418, 0, 0, 46, 40, 78, 202, 520, 684, 861, 805, 1360, 112, 0, 0
16:36:46, 1121.90, 29.13, 30.15, 29.227, 172, 210, 446, 953, 1745, 2126, 2785, 3253, 5182, 378, 0, 0, 41, 35, 66, 174, 462, 617, 781, 730, 1206, 100, 0, 0
16:36:47, 1129.10, 29.13, 30.15, 29.211, 146, 169, 363, 808, 1636, 2014, 2656, 3165, 4841, 354, 0, 0, 38, 32, 59, 156, 423, 571, 728, 681, 1117, 93, 0, 0
16:36:47, 1136.10, 29.13, 30.11, 29.211, 132, 148, 311, 708, 1515, 1867, 2476, 2925, 4239, 304, 0, 0, 34, 29, 51, 135, 379, 518, 664, 623, 999, 83, 0, 0
16:36:48, 1142.80, 29.13, 30.17, 29.180, 117, 127, 262, 609, 1270, 1587, 2108, 2417, 3531, 252, 0, 0, 31, 26, 45, 119, 340, 470, 607, 569, 902, 75, 0, 0
16:36:49, 1148.30, 29.13, 30.13, 29.156, 104, 110, 222, 527, 1140, 1433, 1924, 2186, 2945, 207, 0, 0, 29, 24, 40, 107, 311, 433, 561, 525, 834, 70, 0, 0
16:36:49, 1156.30, 29.12, 30.15, 29.156, 94, 97, 193, 464, 1025, 1301, 1757, 2016, 2635, 186, 0, 0, 26, 21, 35, 93, 276, 388, 505, 472, 759, 64, 0, 0
16:36:50, 1160.70, 29.12, 30.13, 29.141, 84, 86, 165, 403, 918, 1180, 1606, 1790, 2250, 157, 0, 0, 23, 19, 31, 81, 253, 359, 470, 439, 696, 59, 0, 0
16:36:51, 1167.90, 29.12, 30.11, 29.141, 75, 75, 142, 354, 822, 1066, 1439, 1623, 2167, 154, 0, 0, 22, 18, 29, 77, 240, 344, 456, 429, 670, 56, 0, 0
16:36:51, 1175.90, 29.12, 30.15, 29.141, 66, 65, 119, 301, 719, 943, 1279, 1434, 1863, 132, 0, 0, 20, 16, 25, 66, 211, 308, 410, 386, 583, 49, 0, 0
16:36:52, 1182.30, 29.12, 30.15, 29.148, 60, 58, 103, 264, 629, 836, 1138, 1269, 1658, 118, 0, 0, 18, 15, 23, 58, 192, 283, 380, 359, 532, 45, 0, 0
16:36:53, 1189.30, 29.12, 30.11, 29.156, 54, 52, 91, 237, 565, 757, 1039, 1149, 1574, 113, 0, 0, 17, 13, 20, 51, 172, 257, 348, 330, 483, 40, 0, 0
16:36:53, 1192.90, 29.12, 30.15, 29.156, 51, 49, 85, 219, 546, 736, 1012, 1124, 1510, 108, 0, 0, 16, 13, 19, 47, 162, 243, 330, 314, 459, 39, 0, 0
16:36:54, 1197.70, 29.12, 30.13, 29.133, 45, 43, 74, 194, 500, 679, 935, 1036, 1446, 104, 0, 0, 15, 12, 17, 43, 150, 226, 307, 292, 430, 36, 0, 0
16:36:55, 1209.10, 29.11, 30.15, 29.125, 39, 37, 61, 162, 403, 555, 773, 837, 1276, 94, 0, 0, 13, 10, 15, 37, 127, 194, 267, 253, 369, 31, 0, 0
16:36:55, 1214.90, 29.11, 30.13, 29.125, 35, 32, 52, 135, 370, 515, 719, 796, 1081, 78, 0, 0, 11, 9, 13, 31, 114, 175, 242, 230, 329, 27, 0, 0
16:36:56, 1220.30, 29.11, 30.13, 29.117, 31, 29, 45, 119, 330, 465, 651, 718, 1002, 73, 0, 0, 10, 8, 12, 28, 104, 162, 224, 213, 307, 25, 0, 0
16:36:57, 1225.00, 29.11, 30.17, 29.125, 28, 26, 40, 105, 299, 424, 597, 652, 956, 70, 0, 0, 9, 7, 10, 25, 95, 149, 207, 196, 283, 24, 0, 0
16:36:57, 1230.70, 29.11, 30.17, 29.125, 26, 24, 36, 96, 274, 393, 557, 611, 924, 68, 0, 0, 9, 7, 10, 23, 86, 136, 189, 179, 261, 22, 0, 0
16:36:58, 1238.20, 29.11, 30.17, 29.117, 23, 21, 31, 82, 241, 347, 495, 538, 799, 59, 0, 0, 8, 6, 8, 20, 76, 121, 169, 160, 235, 19, 0, 0
16:36:59, 1245.70, 29.11, 30.13, 29.125, 20, 19, 27, 69, 208, 304, 434, 471, 669, 49, 0, 0, 7, 5, 7, 17, 66, 106, 150, 142, 208, 17, 0, 0
16:36:59, 1252.80, 29.11, 30.17, 29.125, 18, 16, 23, 59, 178, 263, 378, 411, 560, 41, 0, 0, 6, 4, 6, 15, 58, 94, 134, 126, 184, 15, 0, 0
16:37:00, 1258.10, 29.11, 30.15, 29.109, 16, 14, 19, 50, 155, 232, 333, 362, 482, 35, 0, 0, 5, 4, 6, 13, 53, 87, 123, 116, 169, 14, 0, 0
16:37:01, 1265.20, 29.11, 30.17, 29.109, 14, 13, 17, 44, 141, 213, 307, 332, 443, 33, 0, 0, 5, 4, 5, 12, 48, 79, 113, 107, 152, 12, 0, 0
16:37:01, 1270.80, 29.11, 30.15, 29.109, 13, 12, 15, 39, 127, 194, 282, 305, 393, 29, 0, 0, 4, 3, 5, 10, 44, 72, 104, 98, 137, 11, 0, 0
16:37:02, 1276.10, 29.11, 30.17, 29.117, 12, 11, 14, 35, 118, 181, 263, 284, 371, 27, 0, 0, 4, 3, 4, 9, 39, 66, 95, 89, 125, 10, 0, 0
16:37:03, 1281.30, 29.11, 30.17, 29.117, 11, 10, 13, 32, 107, 165, 240, 259, 333, 25, 0, 0, 3, 3, 4, 8, 36, 61, 88, 83, 116, 9, 0, 0
16:37:03, 1290.40, 29.11, 30.15, 29.117, 10, 9, 11, 27, 93, 145, 212, 229, 295, 22, 0, 0, 3, 2, 3, 7, 32, 54, 79, 74, 103, 8, 0, 0
16:37:04, 1297.40, 29.11, 30.13, 29.109, 9, 8, 10, 24, 82, 130, 191, 206, 257, 19, 0, 0, 3, 2, 3, 6, 29, 50, 73, 68, 94, 7, 0, 0
16:37:05, 1304.40, 29.11, 30.15, 29.133, 8, 7, 8, 20, 73, 117, 173, 186, 231, 17, 0, 0, 2, 2, 3, 6, 26, 45, 67, 63, 87, 7, 0, 0
16:37:05, 1310.30, 29.12, 30.15, 29.133, 7, 7, 7, 18, 66, 106, 157, 170, 208, 16, 0, 0, 2, 1, 2, 5, 24, 42, 62, 58, 79, 6, 0, 0
16:37:06, 1318.20, 29.12, 30.15, 29.156, 6, 6, 7, 16, 60, 97, 145, 156, 195, 15, 0, 0, 2, 1, 2, 5, 21, 37, 55, 52, 71, 5, 0, 0
16:37:07, 1324.70, 29.12, 30.15, 29.156, 6, 5, 6, 14, 52, 85, 128, 137, 169, 13, 0, 0, 2, 1, 2, 4, 19, 33, 49, 46, 63, 5, 0, 0
16:37:07, 1330.40, 29.12, 30.15, 29.156, 5, 5, 5, 13, 49, 80, 120, 129, 170, 13, 0, 0, 1, 1, 2, 3, 17, 30, 44, 41, 57, 4, 0, 0
16:37:08, 1335.90, 29.12, 30.15, 29.164, 5, 5, 5, 12, 46, 76, 115, 122, 166, 13, 0, 0, 1, 1, 1, 3, 15, 27, 41, 38, 52, 4, 0, 0
16:37:09, 1341.60, 29.13, 30.17, 29.187, 5, 4, 5, 11, 43, 72, 108, 115, 145, 11, 0, 0, 1, 1, 1, 3, 14, 25, 38, 36, 48, 4, 0, 0
16:37:09, 1346.90, 29.13, 30.13, 29.187, 4, 4, 4, 10, 39, 65, 98, 105, 129, 10, 0, 0, 1, 0, 1, 2, 13, 23, 35, 33, 45, 3, 0, 0
16:37:10, 1352.50, 29.13, 30.15, 29.203, 4, 4, 4, 9, 35, 60, 90, 96, 116, 9, 0, 0, 1, 0, 1, 2, 12, 22, 34, 32, 42, 3, 0, 0
16:37:11, 1357.50, 29.14, 30.15, 29.227, 3, 3, 3, 8, 33, 56, 84, 90, 113, 9, 0, 0, 1, 0, 1, 2, 11, 21, 32, 30, 40, 3, 0, 0
16:37:11, 1362.60, 29.14, 30.10, 29.227, 3, 3, 3, 7, 30, 52, 80, 84, 110, 9, 0, 0, 1, 0, 1, 2, 10, 19, 30, 28, 38, 3, 0, 0
16:37:12, 1366.20, 29.15, 30.19, 29.219, 3, 3, 3, 6, 27, 46, 70, 75, 100, 8, 0, 0, 1, 0, 1, 2, 10, 18, 28, 27, 37, 2, 0, 0
16:37:13, 1370.60, 29.15, 30.15, 29.219, 3, 3, 3, 6, 28, 48, 74, 78, 113, 9, 0, 0, 0, 0, 1, 2, 9, 17, 27, 25, 35, 2, 0, 0
16:37:13, 1374.80, 29.15, 30.15, 29.219, 3, 3, 3, 6, 26, 44, 68, 72, 100, 8, 0, 0, 0, 0, 1, 2, 8, 16, 25, 24, 32, 2, 0, 0
16:37:14, 1378.50, 29.15, 30.17, 29.211, 2, 3, 2, 5, 24, 42, 64, 68, 93, 7, 0, 0, 0, 0, 1, 1, 8, 15, 24, 23, 31, 2, 0, 0
16:37:15, 1382.80, 29.16, 30.19, 29.211, 2, 3, 2, 5, 23, 40, 62, 65, 91, 7, 0, 0, 0, 0, 0, 1, 7, 14, 23, 21, 29, 2, 0, 0
16:37:15, 1386.80, 29.15, 30.19, 29.211, 2, 2, 2, 5, 23, 39, 61, 64, 91, 7, 0, 0, 0, 0, 0, 1, 7, 14, 21, 20, 28, 2, 0, 0
16:37:16, 1391.90, 29.15, 30.17, 29.203, 2, 2, 2, 5, 21, 37, 57, 60, 88, 7, 0, 0, 0, 0, 0, 1, 7, 13, 20, 19, 26, 2, 0, 0
16:37:17, 1397.60, 29.16, 30.17, 29.219, 2, 2, 2, 4, 20, 36, 56, 59, 86, 7, 0, 0, 0, 0, 0, 1, 6, 12, 18, 17, 24, 1, 0, 0
16:37:17, 1400.80, 29.16, 30.15, 29.219, 2, 2, 2, 4, 20, 35, 54, 56, 81, 6, 0, 0, 0, 0, 0, 1, 6, 11, 17, 16, 22, 1, 0, 0
16:37:18, 1402.80, 29.16, 30.17, 29.219, 2, 2, 2, 4, 19, 34, 52, 55, 76, 6, 0, 0, 0, 0, 0, 1, 5, 11, 17, 16, 22, 1, 0, 0
16:37:19, 1406.30, 29.16, 30.17, 29.227, 2, 2, 2, 4, 18, 32, 50, 53, 72, 6, 0, 0, 0, 0, 0, 1, 5, 10, 17, 16, 21, 1, 0, 0
16:37:19, 1409.60, 29.17, 30.15, 29.227, 2, 2, 2, 4, 17, 31, 48, 50, 67, 5, 0, 0, 0, 0, 0, 1, 5, 10, 17, 15, 21, 1, 0, 0
16:37:20, 1413.70, 29.17, 30.17, 29.227, 2, 2, 1, 3, 16, 29, 46, 48, 67, 5, 0, 0, 0, 0, 0, 1, 5, 10, 16, 15, 20, 1, 0, 0
16:37:21, 1416.60, 29.17, 30.17, 29.234, 2, 2, 1, 3, 16, 28, 44, 46, 62, 5, 0, 0, 0, 0, 0, 1, 4, 9, 15, 14, 19, 1, 0, 0
16:37:21, 1420.20, 29.17, 30.11, 29.234, 1, 2, 1, 3, 15, 28, 43, 46, 62, 5, 0, 0, 0, 0, 0, 1, 4, 9, 14, 13, 18, 1, 0, 0
16:37:22, 1421.80, 29.17, 30.15, 29.219, 1, 2, 1, 3, 14, 26, 41, 43, 58, 5, 0, 0, 0, 0, 0, 1, 4, 9, 14, 13, 18, 1, 0, 0
16:37:23, 1425.00, 29.17, 30.11, 29.219, 1, 2, 1, 3, 14, 25, 40, 42, 56, 4, 0, 0, 0, 0, 0, 1, 4, 8, 13, 13, 17, 1, 0, 0
16:37:23, 1430.50, 29.17, 30.17, 29.219, 1, 2, 1, 3, 13, 24, 38, 40, 55, 5, 0, 0, 0, 0, 0, 1, 4, 7, 12, 12, 16, 1, 0, 0
16:37:24, 1435.10, 29.17, 30.15, 29.219, 1, 1, 1, 2, 12, 22, 35, 37, 50, 4, 0, 0, 0, 0, 0, 0, 3, 7, 12, 11, 15, 0, 0, 0
16:37:25, 1440.80, 29.17, 30.17, 29.227, 1, 1, 1, 2, 11, 21, 33, 35, 49, 4, 0, 0, 0, 0, 0, 0, 3, 6, 11, 10, 14, 0, 0, 0
16:37:25, 1445.80, 29.17, 30.17, 29.227, 1, 1, 1, 2, 11, 20, 31, 33, 46, 4, 0, 0, 0, 0, 0, 0, 3, 6, 10, 10, 13, 0, 0, 0
16:37:26, 1450.10, 29.17, 30.13, 29.227, 1, 1, 1, 2, 10, 18, 29, 30, 41, 3, 0, 0, 0, 0, 0, 0, 2, 6, 10, 9, 12, 0, 0, 0
16:37:27, 1452.50, 29.18, 30.15, 29.227, 1, 1, 1, 2, 9, 17, 27, 29, 39, 3, 0, 0, 0, 0, 0, 0, 2, 5, 9, 9, 11, 0, 0, 0
16:37:27, 1453.90, 29.17, 30.15, 29.227, 1, 1, 1, 2, 9, 18, 28, 29, 40, 3, 0, 0, 0, 0, 0, 0, 2, 5, 9, 8, 12, 0, 0, 0
16:37:28, 1457.60, 29.18, 30.17, 29.227, 1, 1, 1, 2, 9, 18, 28, 29, 40, 3, 0, 0, 0, 0, 0, 0, 2, 5, 9, 8, 11, 0, 0, 0
16:37:29, 1461.80, 29.18, 30.17, 29.227, 1, 1, 1, 1, 9, 17, 26, 28, 37, 3, 0, 0, 0, 0, 0, 0, 2, 5, 8, 8, 10, 0, 0, 0
16:37:29, 1463.80, 29.18, 30.17, 29.242, 1, 1, 1, 1, 8, 16, 25, 27, 34, 3, 0, 0, 0, 0, 0, 0, 2, 5, 8, 8, 10, 0, 0, 0
16:37:30, 1467.30, 29.18, 30.17, 29.250, 1, 1, 0, 1, 8, 16, 25, 26, 36, 3, 0, 0, 0, 0, 0, 0, 2, 4, 8, 7, 10, 0, 0, 0
16:37:31, 1471.30, 29.19, 30.17, 29.250, 1, 1, 0, 1, 8, 15, 24, 25, 33, 3, 0, 0, 0, 0, 0, 0, 2, 4, 7, 7, 9, 0, 0, 0
16:37:32, 1477.20, 29.19, 30.19, 29.250, 1, 1, 0, 1, 7, 14, 23, 24, 32, 3, 0, 0, 0, 0, 0, 0, 1, 4, 7, 6, 9, 0, 0, 0
16:37:32, 1479.60, 29.19, 30.15, 29.242, 1, 1, 0, 1, 6, 13, 20, 21, 26, 2, 0, 0, 0, 0, 0, 0, 1, 4, 7, 6, 8, 0, 0, 0
16:37:33, 1484.90, 29.19, 30.17, 29.242, 0, 1, 0, 1, 6, 13, 20, 21, 29, 2, 0, 0, 0, 0, 0, 0, 1, 3, 6, 6, 8, 0, 0, 0
16:37:34, 1489.80, 29.19, 30.17, 29.242, 0, 1, 0, 1, 6, 11, 18, 19, 24, 2, 0, 0, 0, 0, 0, 0, 1, 3, 6, 5, 7, 0, 0, 0
16:37:34, 1495.90, 29.19, 30.17, 29.227, 0, 1, 0, 1, 5, 11, 17, 17, 24, 2, 0, 0, 0, 0, 0, 0, 1, 3, 5, 5, 6, 0, 0, 0
16:37:35, 1496.70, 29.19, 30.17, 29.227, 0, 1, 0, 1, 5, 10, 15, 16, 22, 2, 0, 0, 0, 0, 0, 0, 1, 3, 5, 5, 6, 0, 0, 0
16:37:36, 1501.20, 29.19, 30.17, 29.227, 0, 1, 0, 1, 5, 10, 15, 16, 23, 2, 0, 0, 0, 0, 0, 0, 1, 3, 5, 5, 6, 0, 0, 0
16:37:36, 1506.50, 29.19, 30.15, 29.227, 0, 1, 0, 1, 4, 9, 14, 15, 20, 2, 0, 0, 0, 0, 0, 0, 1, 2, 5, 4, 6, 0, 0, 0
16:37:37, 1510.60, 29.19, 30.17, 29.227, 0, 1, 0, 0, 4, 8, 13, 14, 18, 2, 0, 0, 0, 0, 0, 0, 1, 2, 4, 4, 5, 0, 0, 0
16:37:38, 1512.70, 29.19, 30.17, 29.242, 0, 1, 0, 0, 4, 8, 13, 13, 18, 2, 0, 0, 0, 0, 0, 0, 1, 2, 4, 4, 5, 0, 0, 0
16:37:38, 1517.60, 29.19, 30.17, 29.234, 0, 1, 0, 0, 4, 8, 12, 13, 17, 2, 0, 0, 0, 0, 0, 0, 1, 2, 4, 4, 5, 0, 0, 0
16:37:39, 1522.20, 29.19, 30.15, 29.234, 0, 1, 0, 0, 3, 7, 11, 12, 16, 2, 0, 0, 0, 0, 0, 0, 0, 2, 4, 3, 5, 0, 0, 0
16:37:40, 1526.00, 29.20, 30.17, 29.242, 0, 1, 0, 0, 3, 7, 11, 11, 15, 1, 0, 0, 0, 0, 0, 0, 0, 2, 4, 3, 4, 0, 0, 0
16:37:40, 1529.90, 29.19, 30.19, 29.242, 0, 1, 0, 0, 3, 6, 10, 11, 14, 1, 0, 0, 0, 0, 0, 0, 0, 2, 3, 3, 4, 0, 0, 0
16:37:41, 1533.80, 29.20, 30.13, 29.242, 0, 1, 0, 0, 3, 6, 10, 10, 14, 1, 0, 0, 0, 0, 0, 0, 0, 1, 3, 3, 4, 0, 0, 0
16:37:42, 1536.30, 29.20, 30.22, 29.250, 0, 1, 0, 0, 3, 6, 9, 10, 13, 1, 0, 0, 0, 0, 0, 0, 0, 1, 3, 3, 4, 0, 0, 0
16:37:42, 1538.30, 29.20, 30.17, 29.234, 0, 1, 0, 0, 2, 6, 9, 9, 12, 1, 0, 0, 0, 0, 0, 0, 0, 1, 3, 3, 4, 0, 0, 0
16:37:43, 1539.20, 29.20, 30.17, 29.234, 0, 1, 0, 0, 2, 5, 9, 9, 12, 1, 0, 0, 0, 0, 0, 0, 0, 1, 3, 3, 4, 0, 0, 0
16:37:44, 1539.90, 29.20, 30.21, 29.227, 0, 0, 0, 0, 2, 5, 8, 9, 11, 1, 0, 0, 0, 0, 0, 0, 0, 1, 3, 3, 4, 0, 0, 0
16:37:44, 1543.80, 29.20, 30.21, 29.227, 0, 1, 0, 0, 2, 5, 8, 9, 12, 1, 0, 0, 0, 0, 0, 0, 0, 1, 3, 3, 4, 0, 0, 0
16:37:45, 1549.60, 29.20, 30.15, 29.227, 0, 0, 0, 0, 2, 5, 8, 8, 11, 1, 0, 0, 0, 0, 0, 0, 0, 1, 2, 2, 3, 0, 0, 0
16:37:46, 1554.60, 29.20, 30.19, 29.242, 0, 0, 1, 0, 2, 5, 7, 8, 10, 1, 0, 0, 0, 0, 0, 0, 0, 1, 2, 2, 3, 0, 0, 0
16:37:46, 1560.80, 29.20, 30.21, 29.266, 0, 0, 0, 0, 2, 4, 7, 7, 10, 1, 0, 0, 0, 0, 0, 0, 0, 1, 2, 2, 3, 0, 0, 0
16:37:47, 1565.80, 29.21, 30.21, 29.266, 0, 0, 0, 0, 2, 4, 6, 7, 9, 1, 0, 0, 0, 0, 0, 0, 0, 1, 2, 2, 2, 0, 0, 0
16:37:48, 1571.20, 29.21, 30.17, 29.273, 0, 0, 0, 0, 2, 4, 6, 6, 8, 1, 0, 0, 0, 0, 0, 0, 0, 1, 2, 2, 2, 0, 0, 0
16:37:48, 1578.90, 29.21, 30.17, 29.273, 0, 0, 0, 0, 1, 4, 5, 6, 8, 1, 0, 0, 0, 0, 0, 0, 0, 0, 2, 2, 2, 0, 0, 0
16:37:49, 1585.80, 29.21, 30.19, 29.273, 0, 0, 0, 0, 1, 3, 5, 5, 7, 1, 0, 0, 0, 0, 0, 0, 0, 0, 1, 1, 2, 0, 0, 0
16:37:50, 1590.90, 29.21, 30.17, 29.281, 0, 0, 0, 0, 1, 3, 4, 5, 6, 1, 0, 0, 0, 0, 0, 0, 0, 0, 1, 1, 2, 0, 0, 0
16:37:50, 1597.50, 29.21, 30.17, 29.281, 0, 0, 0, 0, 1, 3, 4, 4, 6, 1, 0, 0, 0, 0, 0, 0, 0, 0, 1, 1, 2, 0, 0, 0
16:37:51, 1603.50, 29.22, 30.15, 29.281, 0, 0, 0, 0, 1, 3, 4, 4, 6, 1, 0, 0, 0, 0, 0, 0, 0, 0, 1, 1, 1, 0, 0, 0
16:37:52, 1608.00, 29.22, 30.19, 29.281, 0, 0, 0, 0, 1, 3, 4, 4, 5, 1, 0, 0, 0, 0, 0, 0, 0, 0, 1, 1, 1, 0, 0, 0
16:37:52, 1611.70, 29.22, 30.21, 29.281, 0, 0, 0, 0, 1, 2, 3, 4, 5, 1, 0, 0, 0, 0, 0, 0, 0, 0, 1, 1, 1, 0, 0, 0
16:37:53, 1617.20, 29.22, 30.21, 29.281, 0, 0, 0, 0, 1, 2, 3, 3, 5, 1, 0, 0, 0, 0, 0, 0, 0, 0, 1, 1, 1, 0, 0, 0
16:37:54, 1620.90, 29.22, 30.19, 29.281, 0, 0, 0, 0, 1, 2, 3, 3, 5, 1, 0, 0, 0, 0, 0, 0, 0, 0, 1, 1, 1, 0, 0, 0
16:37:54, 1625.10, 29.22, 30.21, 29.281, 0, 0, 0, 0, 1, 2, 3, 3, 4, 1, 0, 0, 0, 0, 0, 0, 0, 0, 1, 1, 1, 0, 0, 0
16:37:55, 1629.60, 29.22, 30.17, 29.281, 0, 0, 0, 0, 1, 2, 3, 3, 4, 1, 0, 0, 0, 0, 0, 0, 0, 0, 1, 1, 1, 0, 0, 0
16:37:56, 1631.10, 29.22, 30.22, 29.281, 0, 0, 0, 0, 1, 2, 3, 3, 4, 1, 0, 0, 0, 0, 0, 0, 0, 0, 1, 1, 1, 0, 0, 0
16:37:56, 1634.50, 29.22, 30.17, 29.273, 0, 0, 0, 0, 1, 2, 3, 3, 4, 1, 0, 0, 0, 0, 0, 0, 0, 0, 1, 1, 1, 0, 0, 0
16:37:57, 1635.50, 29.22, 30.19, 29.273, 0, 0, 0, 0, 0, 2, 2, 3, 3, 1, 0, 0, 0, 0, 0, 0, 0, 0, 1, 1, 1, 0, 0, 0
16:37:58, 1634.40, 29.22, 30.19, 29.266, 0, 0, 0, 0, 0, 2, 2, 3, 3, 1, 0, 0, 0, 0, 0, 0, 0, 0, 1, 1, 1, 0, 0, 0
16:37:58, 1633.50, 29.22, 30.19, 29.273, 0, 0, 0, 0, 1, 2, 3, 3, 3, 1, 0, 0, 0, 0, 0, 0, 0, 0, 1, 1, 1, 0, 0, 0
16:37:59, 1631.50, 29.23, 30.17, 29.273, 0, 0, 0, 0, 0, 2, 3, 3, 4, 1, 0, 0, 0, 0, 0, 0, 0, 0, 1, 1, 1, 0, 0, 0
16:38:00, 1630.90, 29.23, 30.19, 29.273, 0, 0, 0, 0, 1, 2, 3, 3, 4, 1, 0, 0, 0, 0, 0, 0, 0, 0, 1, 1, 1, 0, 0, 0
16:38:00, 1631.30, 29.22, 30.19, 29.273, 0, 0, 0, 0, 1, 2, 3, 3, 4, 1, 0, 0, 0, 0, 0, 0, 0, 0, 0, 1, 1, 0, 0, 0
16:38:01, 1631.70, 29.23, 30.17, 29.273, 0, 0, 0, 0, 1, 2, 2, 3, 4, 1, 0, 0, 0, 0, 0, 0, 0, 0, 0, 1, 1, 0, 0, 0
16:38:02, 1629.70, 29.23, 30.19, 29.273, 0, 0, 0, 0, 1, 2, 3, 3, 4, 1, 0, 0, 0, 0, 0, 0, 0, 0, 1, 1, 1, 0, 0, 0
16:38:02, 1628.70, 29.23, 30.21, 29.266, 0, 0, 0, 0, 1, 2, 3, 3, 4, 1, 0, 0, 0, 0, 0, 0, 0, 0, 1, 1, 1, 0, 0, 0
16:38:03, 1626.30, 29.23, 30.24, 29.266, 0, 0, 0, 0, 1, 2, 3, 3, 4, 1, 0, 0, 0, 0, 0, 0, 0, 0, 1, 1, 1, 0, 0, 0
16:38:04, 1628.00, 29.23, 30.17, 29.266, 0, 0, 0, 0, 1, 2, 3, 3, 4, 1, 0, 0, 0, 0, 0, 0, 0, 0, 1, 1, 1, 0, 0, 0
16:38:04, 1626.30, 29.23, 30.19, 29.273, 0, 0, 0, 0, 1, 2, 3, 3, 4, 1, 0, 0, 0, 0, 0, 0, 0, 0, 1, 1, 1, 0, 0, 0
16:38:05, 1623.60, 29.23, 30.19, 29.273, 0, 0, 0, 0, 1, 2, 3, 3, 3, 1, 0, 0, 0, 0, 0, 0, 0, 0, 1, 1, 1, 0, 0, 0
16:38:06, 1624.30, 29.23, 30.21, 29.266, 0, 0, 0, 0, 1, 2, 3, 3, 4, 1, 0, 0, 0, 0, 0, 0, 0, 0, 1, 1, 1, 0, 0, 0
16:38:06, 1625.70, 29.23, 30.19, 29.266, 0, 0, 0, 0, 1, 2, 3, 3, 4, 1, 0, 0, 0, 0, 0, 0, 0, 0, 1, 1, 1, 0, 0, 0
16:38:07, 1627.00, 29.23, 30.21, 29.266, 0, 0, 0, 0, 1, 2, 3, 3, 4, 1, 0, 0, 0, 0, 0, 0, 0, 0, 1, 1, 1, 0, 0, 0
16:38:08, 1626.10, 29.23, 30.22, 29.266, 0, 0, 0, 0, 1, 2, 3, 3, 3, 1, 0, 0, 0, 0, 0, 0, 0, 0, 1, 1, 1, 0, 0, 0
16:38:08, 1627.10, 29.23, 30.19, 29.266, 0, 0, 0, 0, 1, 2, 3, 3, 4, 1, 0, 0, 0, 0, 0, 0, 0, 0, 1, 1, 1, 0, 0, 0
16:38:09, 1629.50, 29.23, 30.19, 29.266, 0, 0, 0, 0, 1, 2, 3, 3, 4, 1, 0, 0, 0, 0, 0, 0, 0, 0, 1, 1, 1, 0, 0, 0
16:38:10, 1631.60, 29.23, 30.19, 29.250, 0, 0, 0, 0, 1, 2, 2, 3, 3, 1, 0, 0, 0, 0, 0, 0, 0, 0, 1, 1, 1, 0, 0, 0
16:38:10, 1634.40, 29.23, 30.17, 29.250, 0, 0, 0, 0, 0, 2, 2, 3, 3, 1, 0, 0, 0, 0, 0, 0, 0, 0, 0, 1, 1, 0, 0, 0
16:38:11, 1637.20, 29.23, 30.17, 29.250, 0, 0, 0, 0, 0, 2, 2, 3, 3, 1, 0, 0, 0, 0, 0, 0, 0, 0, 0, 1, 1, 0, 0, 0
16:38:12, 1638.40, 29.23, 30.21, 29.227, 0, 0, 0, 0, 0, 2, 2, 2, 3, 1, 0, 0, 0, 0, 0, 0, 0, 0, 0, 1, 1, 0, 0, 0
16:38:12, 1641.00, 29.23, 30.21, 29.227, 0, 0, 0, 0, 0, 2, 2, 2, 3, 1, 0, 0, 0, 0, 0, 0, 0, 0, 0, 0, 1, 0, 0, 0
16:38:13, 1641.20, 29.22, 30.17, 29.227, 0, 0, 0, 0, 0, 2, 2, 2, 2, 0, 0, 0, 0, 0, 0, 0, 0, 0, 0, 1, 1, 0, 0, 0
16:38:14, 1640.30, 29.22, 30.21, 29.227, 0, 0, 0, 0, 0, 2, 2, 2, 2, 0, 0, 0, 0, 0, 0, 0, 0, 0, 0, 1, 1, 0, 0, 0
16:38:14, 1636.30, 29.22, 30.21, 29.227, 0, 0, 0, 0, 0, 2, 2, 2, 3, 1, 0, 0, 0, 0, 0, 0, 0, 0, 0, 0, 1, 0, 0, 0
16:38:15, 1636.20, 29.22, 30.21, 29.227, 0, 0, 0, 0, 0, 1, 2, 2, 2, 1, 0, 0, 0, 0, 0, 0, 0, 0, 0, 1, 1, 0, 0, 0
16:38:16, 1632.90, 29.22, 30.15, 29.219, 0, 0, 0, 0, 0, 2, 2, 2, 2, 1, 0, 0, 0, 0, 0, 0, 0, 0, 0, 1, 1, 0, 0, 0
16:38:16, 1627.70, 29.22, 30.22, 29.227, 0, 0, 0, 0, 0, 2, 2, 3, 3, 1, 0, 0, 0, 0, 0, 0, 0, 0, 1, 1, 1, 0, 0, 0
16:38:17, 1620.30, 29.22, 30.21, 29.227, 0, 0, 0, 0, 1, 2, 3, 3, 4, 1, 0, 0, 0, 0, 0, 0, 0, 0, 1, 1, 1, 0, 0, 0
16:38:18, 1614.00, 29.23, 30.17, 29.234, 0, 0, 0, 0, 1, 2, 3, 3, 4, 1, 0, 0, 0, 0, 0, 0, 0, 0, 1, 1, 1, 0, 0, 0
16:38:18, 1608.70, 29.23, 30.21, 29.250, 0, 0, 0, 0, 1, 2, 3, 4, 5, 1, 0, 0, 0, 0, 0, 0, 0, 0, 1, 1, 1, 0, 0, 0
16:38:19, 1605.60, 29.23, 30.17, 29.250, 0, 0, 0, 0, 1, 3, 4, 4, 5, 1, 0, 0, 0, 0, 0, 0, 0, 0, 1, 1, 1, 0, 0, 0
16:38:20, 1604.30, 29.23, 30.17, 29.242, 0, 0, 0, 0, 1, 3, 4, 4, 6, 1, 0, 0, 0, 0, 0, 0, 0, 0, 1, 1, 1, 0, 0, 0
16:38:20, 1602.40, 29.24, 30.22, 29.250, 0, 0, 0, 0, 1, 3, 4, 4, 5, 1, 0, 0, 0, 0, 0, 0, 0, 0, 1, 1, 1, 0, 0, 0
16:38:21, 1601.60, 29.24, 30.19, 29.250, 0, 0, 0, 0, 1, 3, 4, 4, 5, 1, 0, 0, 0, 0, 0, 0, 0, 0, 1, 1, 1, 0, 0, 0
16:38:22, 1599.20, 29.24, 30.21, 29.258, 0, 0, 0, 0, 1, 3, 4, 4, 6, 1, 0, 0, 0, 0, 0, 0, 0, 0, 1, 1, 1, 0, 0, 0
16:38:22, 1600.40, 29.24, 30.22, 29.258, 0, 0, 0, 0, 1, 2, 3, 3, 4, 1, 0, 0, 0, 0, 0, 0, 0, 0, 1, 1, 2, 0, 0, 0
16:38:23, 1594.40, 29.24, 30.24, 29.258, 0, 0, 0, 0, 1, 2, 3, 3, 3, 1, 0, 0, 0, 0, 0, 0, 0, 0, 1, 1, 2, 0, 0, 0
16:38:24, 1583.80, 29.25, 30.21, 29.250, 0, 0, 0, 0, 1, 3, 3, 4, 4, 1, 0, 0, 0, 0, 0, 0, 0, 0, 2, 2, 2, 0, 0, 0
16:38:24, 1575.00, 29.25, 30.19, 29.258, 0, 0, 0, 0, 1, 3, 4, 4, 4, 1, 0, 0, 0, 0, 0, 0, 0, 1, 2, 2, 3, 0, 0, 0
16:38:25, 1568.10, 29.25, 30.19, 29.258, 0, 0, 0, 0, 1, 3, 5, 5, 6, 1, 0, 0, 0, 0, 0, 0, 0, 1, 3, 2, 3, 0, 0, 0
16:38:26, 1566.20, 29.25, 30.22, 29.250, 0, 0, 0, 0, 1, 3, 5, 5, 6, 1, 0, 0, 0, 0, 0, 0, 0, 1, 3, 2, 3, 0, 0, 0
16:38:26, 1567.70, 29.25, 30.19, 29.250, 0, 0, 0, 0, 1, 3, 5, 5, 5, 1, 0, 0, 0, 0, 0, 0, 0, 1, 3, 2, 3, 0, 0, 0
16:38:27, 1569.00, 29.25, 30.21, 29.250, 0, 0, 0, 0, 1, 3, 5, 5, 6, 1, 0, 0, 0, 0, 0, 0, 0, 1, 3, 2, 3, 0, 0, 0
16:38:28, 1566.20, 29.25, 30.22, 29.242, 0, 0, 0, 0, 1, 4, 5, 6, 8, 1, 0, 0, 0, 0, 0, 0, 0, 1, 3, 3, 3, 0, 0, 0
16:38:28, 1563.20, 29.24, 30.22, 29.234, 0, 0, 0, 0, 2, 5, 7, 7, 9, 1, 0, 0, 0, 0, 0, 0, 0, 1, 3, 3, 3, 0, 0, 0
16:38:29, 1558.40, 29.24, 30.22, 29.234, 0, 0, 0, 0, 2, 5, 8, 9, 11, 1, 0, 0, 0, 0, 0, 0, 0, 1, 3, 3, 3, 0, 0, 0
16:38:30, 1546.60, 29.25, 30.21, 29.227, 0, 1, 0, 0, 3, 6, 9, 10, 12, 1, 0, 0, 0, 0, 0, 0, 0, 2, 4, 3, 4, 0, 0, 0
16:38:30, 1540.30, 29.25, 30.17, 29.227, 0, 1, 0, 0, 3, 7, 11, 11, 14, 1, 0, 0, 0, 0, 0, 0, 1, 2, 4, 4, 5, 0, 0, 0
16:38:31, 1535.80, 29.25, 30.21, 29.227, 0, 1, 0, 0, 3, 7, 10, 11, 14, 1, 0, 0, 0, 0, 0, 0, 1, 2, 4, 4, 5, 0, 0, 0
16:38:32, 1531.40, 29.24, 30.22, 29.219, 0, 1, 0, 0, 3, 7, 11, 11, 14, 1, 0, 0, 0, 0, 0, 0, 1, 2, 5, 4, 6, 0, 0, 0
16:38:32, 1526.30, 29.25, 30.22, 29.234, 0, 1, 0, 0, 4, 8, 13, 13, 17, 2, 0, 0, 0, 0, 0, 0, 1, 3, 5, 5, 6, 0, 0, 0
16:38:33, 1520.40, 29.25, 30.22, 29.234, 0, 1, 0, 0, 4, 9, 14, 15, 20, 2, 0, 0, 0, 0, 0, 0, 1, 3, 5, 5, 7, 0, 0, 0
16:38:34, 1515.40, 29.25, 30.22, 29.227, 0, 1, 0, 1, 4, 9, 14, 15, 19, 2, 0, 0, 0, 0, 0, 0, 1, 3, 6, 6, 7, 0, 0, 0
16:38:34, 1512.60, 29.25, 30.19, 29.227, 0, 1, 0, 1, 5, 10, 15, 16, 19, 2, 0, 0, 0, 0, 0, 0, 1, 3, 6, 6, 7, 0, 0, 0
16:38:35, 1510.30, 29.25, 30.22, 29.227, 0, 1, 0, 1, 5, 11, 17, 18, 23, 2, 0, 0, 0, 0, 0, 0, 1, 3, 6, 6, 8, 0, 0, 0
16:38:36, 1506.30, 29.25, 30.19, 29.219, 0, 1, 0, 1, 5, 11, 17, 17, 21, 2, 0, 0, 0, 0, 0, 0, 1, 4, 7, 6, 8, 0, 0, 0
16:38:36, 1502.00, 29.25, 30.21, 29.219, 0, 1, 0, 1, 6, 11, 18, 19, 24, 2, 0, 0, 0, 0, 0, 0, 2, 4, 7, 7, 9, 0, 0, 0
16:38:37, 1499.30, 29.25, 30.19, 29.219, 0, 1, 0, 1, 6, 13, 20, 21, 28, 2, 0, 0, 0, 0, 0, 0, 2, 4, 7, 7, 9, 0, 0, 0
16:38:38, 1496.60, 29.25, 30.24, 29.219, 0, 1, 0, 1, 6, 12, 18, 19, 25, 2, 0, 0, 0, 0, 0, 0, 2, 5, 8, 7, 10, 0, 0, 0
16:38:38, 1495.00, 29.25, 30.21, 29.219, 1, 1, 0, 1, 7, 13, 21, 22, 27, 2, 0, 0, 0, 0, 0, 0, 2, 5, 8, 8, 10, 0, 0, 0
16:38:39, 1492.20, 29.25, 30.26, 29.219, 1, 1, 0, 1, 6, 13, 19, 21, 25, 2, 0, 0, 0, 0, 0, 0, 2, 5, 9, 8, 11, 0, 0, 0
16:38:40, 1489.90, 29.25, 30.22, 29.219, 1, 1, 0, 1, 7, 13, 21, 22, 29, 3, 0, 0, 0, 0, 0, 0, 2, 5, 9, 8, 11, 0, 0, 0
16:38:40, 1487.40, 29.25, 30.24, 29.203, 1, 1, 0, 1, 7, 14, 22, 23, 31, 3, 0, 0, 0, 0, 0, 0, 2, 5, 9, 9, 12, 0, 0, 0
16:38:41, 1485.80, 29.25, 30.21, 29.203, 1, 1, 0, 1, 8, 15, 24, 25, 33, 3, 0, 0, 0, 0, 0, 0, 2, 6, 10, 9, 12, 0, 0, 0
16:38:42, 1485.70, 29.25, 30.24, 29.195, 1, 1, 0, 1, 8, 16, 25, 26, 33, 3, 0, 0, 0, 0, 0, 0, 2, 5, 9, 9, 12, 0, 0, 0
16:38:42, 1482.20, 29.24, 30.21, 29.180, 1, 1, 0, 1, 8, 16, 24, 26, 31, 3, 0, 0, 0, 0, 0, 0, 3, 6, 10, 9, 12, 0, 0, 0
16:38:43, 1477.90, 29.25, 30.21, 29.180, 1, 1, 1, 1, 9, 17, 26, 28, 33, 3, 0, 0, 0, 0, 0, 0, 3, 6, 11, 10, 13, 0, 0, 0
16:38:44, 1475.80, 29.24, 30.22, 29.172, 1, 1, 1, 1, 9, 18, 28, 30, 37, 3, 0, 0, 0, 0, 0, 0, 3, 7, 11, 11, 14, 1, 0, 0
16:38:44, 1473.70, 29.24, 30.26, 29.172, 1, 1, 1, 2, 10, 19, 30, 32, 43, 4, 0, 0, 0, 0, 0, 0, 3, 7, 12, 11, 15, 1, 0, 0
16:38:45, 1468.70, 29.24, 30.24, 29.172, 1, 1, 1, 2, 10, 20, 31, 33, 43, 4, 0, 0, 0, 0, 0, 0, 3, 7, 12, 12, 15, 1, 0, 0
16:38:46, 1463.50, 29.24, 30.24, 29.164, 1, 1, 1, 2, 12, 23, 36, 37, 49, 4, 0, 0, 0, 0, 0, 0, 4, 8, 13, 12, 16, 1, 0, 0
16:38:46, 1457.50, 29.24, 30.24, 29.164, 1, 1, 1, 2, 12, 23, 36, 38, 51, 4, 0, 0, 0, 0, 0, 1, 4, 9, 14, 13, 18, 1, 0, 0
16:38:47, 1453.40, 29.24, 30.22, 29.164, 1, 2, 1, 2, 13, 25, 40, 42, 52, 4, 0, 0, 0, 0, 0, 1, 5, 9, 16, 14, 19, 1, 0, 0
16:38:48, 1448.90, 29.24, 30.26, 29.164, 1, 2, 1, 3, 14, 26, 41, 43, 54, 4, 0, 0, 0, 0, 0, 1, 5, 10, 16, 15, 20, 1, 0, 0
16:38:48, 1445.30, 29.24, 30.22, 29.195, 1, 2, 1, 3, 14, 27, 42, 44, 51, 4, 0, 0, 0, 0, 0, 1, 5, 10, 17, 16, 20, 1, 0, 0
16:38:49, 1439.30, 29.24, 30.24, 29.195, 2, 2, 1, 3, 16, 29, 45, 47, 53, 4, 0, 0, 0, 0, 0, 1, 6, 12, 19, 18, 22, 1, 0, 0
16:38:50, 1436.00, 29.25, 30.21, 29.195, 2, 2, 2, 3, 17, 32, 49, 51, 60, 5, 0, 0, 0, 0, 0, 1, 6, 12, 19, 18, 24, 1, 0, 0
16:38:50, 1431.30, 29.25, 30.24, 29.203, 2, 2, 2, 4, 19, 34, 53, 56, 73, 6, 0, 0, 0, 0, 0, 1, 6, 13, 21, 19, 26, 1, 0, 0
16:38:51, 1423.80, 29.25, 30.19, 29.203, 2, 2, 2, 4, 20, 37, 57, 60, 80, 6, 0, 0, 0, 0, 0, 1, 7, 15, 23, 21, 28, 2, 0, 0
16:38:52, 1417.80, 29.25, 30.24, 29.187, 2, 3, 2, 4, 22, 40, 61, 65, 84, 7, 0, 0, 0, 0, 1, 1, 8, 16, 25, 23, 32, 2, 0, 0
16:38:52, 1415.30, 29.25, 30.22, 29.187, 3, 3, 3, 5, 26, 46, 72, 75, 102, 8, 0, 0, 0, 0, 1, 1, 9, 17, 26, 24, 33, 2, 0, 0
16:38:53, 1409.20, 29.25, 30.24, 29.187, 3, 3, 3, 5, 27, 48, 73, 77, 103, 8, 0, 0, 0, 0, 1, 2, 10, 19, 28, 26, 36, 2, 0, 0
16:38:54, 1402.60, 29.25, 30.22, 29.180, 3, 3, 3, 6, 31, 54, 83, 87, 120, 9, 0, 0, 1, 0, 1, 2, 11, 20, 31, 29, 40, 3, 0, 0
16:38:54, 1398.40, 29.25, 30.22, 29.195, 3, 3, 3, 7, 34, 59, 92, 96, 136, 11, 0, 0, 1, 0, 1, 2, 12, 22, 34, 31, 44, 3, 0, 0
16:38:55, 1398.10, 29.25, 30.24, 29.195, 3, 3, 3, 7, 35, 60, 92, 97, 140, 11, 0, 0, 1, 0, 1, 2, 12, 23, 34, 32, 45, 3, 0, 0
16:38:56, 1395.70, 29.25, 30.26, 29.203, 4, 4, 4, 8, 39, 67, 103, 108, 156, 12, 0, 0, 1, 0, 1, 2, 13, 24, 36, 33, 46, 3, 0, 0
16:38:56, 1390.90, 29.25, 30.22, 29.195, 4, 4, 4, 8, 37, 64, 97, 103, 137, 10, 0, 0, 1, 1, 1, 2, 14, 26, 39, 36, 49, 3, 0, 0
16:38:57, 1386.30, 29.26, 30.22, 29.195, 4, 4, 4, 8, 40, 68, 103, 109, 133, 10, 0, 0, 1, 1, 1, 3, 15, 28, 42, 39, 51, 4, 0, 0
16:38:58, 1383.20, 29.26, 30.21, 29.187, 5, 5, 5, 10, 45, 77, 116, 123, 154, 12, 0, 0, 1, 1, 1, 3, 16, 30, 45, 41, 56, 4, 0, 0
16:38:58, 1381.70, 29.26, 30.24, 29.187, 5, 5, 5, 12, 52, 88, 135, 142, 208, 16, 0, 0, 1, 1, 1, 3, 17, 30, 45, 41, 59, 4, 0, 0
16:38:59, 1378.50, 29.26, 30.22, 29.187, 5, 5, 6, 12, 54, 91, 138, 145, 215, 16, 0, 0, 1, 1, 2, 3, 17, 31, 47, 43, 61, 4, 0, 0
16:39:00, 1374.20, 29.26, 30.26, 29.187, 6, 5, 6, 12, 54, 91, 137, 145, 197, 15, 0, 0, 2, 1, 2, 4, 19, 34, 50, 46, 64, 5, 0, 0
16:39:01, 1372.40, 29.26, 30.22, 29.195, 6, 6, 6, 14, 59, 99, 149, 159, 222, 17, 0, 0, 2, 1, 2, 4, 19, 34, 51, 47, 65, 5, 0, 0
16:39:01, 1363.50, 29.26, 30.26, 29.195, 6, 5, 6, 12, 52, 88, 129, 138, 160, 12, 0, 0, 2, 1, 2, 4, 23, 41, 61, 56, 72, 5, 0, 0
16:39:02, 1358.80, 29.26, 30.22, 29.195, 6, 6, 6, 13, 59, 99, 149, 158, 175, 13, 0, 0, 2, 2, 2, 5, 25, 44, 64, 59, 76, 6, 0, 0
16:39:03, 1358.20, 29.26, 30.21, 29.203, 7, 6, 7, 15, 64, 106, 159, 169, 209, 16, 0, 0, 2, 2, 2, 5, 24, 42, 62, 57, 80, 6, 0, 0
16:39:03, 1356.90, 29.26, 30.21, 29.203, 7, 6, 7, 15, 66, 109, 163, 173, 245, 19, 0, 0, 2, 1, 2, 5, 24, 42, 62, 57, 81, 6, 0, 0
16:39:04, 1353.80, 29.27, 30.26, 29.211, 7, 6, 7, 15, 63, 105, 154, 163, 210, 16, 0, 0, 2, 2, 2, 5, 26, 46, 67, 62, 84, 6, 0, 0
16:39:05, 1346.90, 29.27, 30.19, 29.227, 6, 6, 6, 13, 58, 97, 140, 148, 162, 12, 0, 0, 3, 2, 3, 6, 31, 54, 80, 73, 92, 7, 0, 0
16:39:05, 1345.40, 29.27, 30.24, 29.227, 7, 6, 7, 15, 67, 111, 164, 175, 185, 14, 0, 0, 3, 2, 3, 6, 30, 53, 78, 71, 93, 7, 0, 0
16:39:06, 1344.90, 29.27, 30.21, 29.227, 7, 6, 7, 16, 63, 105, 154, 164, 205, 15, 0, 0, 3, 2, 3, 6, 31, 55, 80, 74, 104, 8, 0, 0
16:39:07, 1345.50, 29.27, 30.24, 29.219, 8, 7, 8, 18, 74, 122, 183, 192, 284, 22, 0, 0, 3, 2, 3, 6, 30, 52, 76, 70, 101, 8, 0, 0
16:39:07, 1347.40, 29.27, 30.24, 29.219, 8, 8, 9, 20, 80, 131, 196, 208, 292, 22, 0, 0, 3, 2, 3, 6, 29, 52, 76, 70, 97, 8, 0, 0
16:39:08, 1353.10, 29.27, 30.26, 29.219, 8, 8, 8, 19, 77, 126, 188, 201, 259, 19, 0, 0, 2, 2, 3, 5, 26, 47, 69, 63, 86, 7, 0, 0
16:39:09, 1355.20, 29.27, 30.19, 29.234, 8, 7, 8, 17, 67, 111, 163, 175, 197, 15, 0, 0, 2, 2, 3, 5, 27, 48, 70, 65, 84, 7, 0, 0
16:39:09, 1351.30, 29.28, 30.24, 29.234, 8, 7, 8, 18, 74, 122, 182, 193, 225, 17, 0, 0, 2, 2, 3, 5, 27, 48, 71, 66, 86, 7, 0, 0
16:39:10, 1342.00, 29.27, 30.22, 29.219, 8, 8, 9, 19, 75, 124, 182, 195, 227, 17, 0, 0, 3, 2, 3, 6, 31, 55, 80, 74, 100, 8, 0, 0
16:39:11, 1337.70, 29.28, 30.26, 29.234, 8, 8, 9, 19, 80, 132, 193, 206, 267, 20, 0, 0, 3, 2, 3, 7, 36, 63, 92, 85, 116, 9, 0, 0
16:39:11, 1335.40, 29.28, 30.24, 29.234, 8, 7, 8, 19, 76, 126, 183, 194, 251, 19, 0, 0, 4, 3, 4, 8, 39, 67, 98, 90, 122, 10, 0, 0
16:39:12, 1334.10, 29.28, 30.26, 29.227, 9, 8, 9, 20, 85, 139, 203, 217, 276, 20, 0, 0, 3, 3, 4, 8, 37, 64, 93, 86, 118, 10, 0, 0
16:39:13, 1331.40, 29.28, 30.22, 29.234, 10, 9, 10, 23, 94, 152, 225, 238, 347, 26, 0, 0, 4, 3, 4, 8, 39, 67, 98, 90, 129, 10, 0, 0
16:39:13, 1329.00, 29.28, 30.24, 29.234, 9, 8, 9, 20, 75, 123, 179, 185, 259, 20, 0, 0, 4, 3, 4, 9, 42, 72, 105, 97, 134, 11, 0, 0
16:39:14, 1328.70, 29.29, 30.24, 29.234, 9, 8, 9, 21, 86, 141, 204, 217, 275, 20, 0, 0, 4, 3, 4, 9, 42, 72, 105, 97, 132, 11, 0, 0
16:39:15, 1329.90, 29.29, 30.26, 29.242, 9, 8, 9, 20, 76, 125, 179, 190, 241, 18, 0, 0, 4, 3, 4, 9, 40, 69, 99, 91, 125, 10, 0, 0
16:39:15, 1327.80, 29.29, 30.19, 29.242, 9, 8, 9, 21, 81, 133, 192, 206, 256, 19, 0, 0, 4, 3, 4, 8, 38, 66, 96, 89, 121, 10, 0, 0
16:39:16, 1319.80, 29.29, 30.24, 29.234, 11, 10, 12, 29, 110, 175, 260, 278, 380, 28, 0, 0, 4, 3, 4, 8, 42, 72, 104, 96, 130, 11, 0, 0
16:39:17, 1310.60, 29.29, 30.22, 29.234, 12, 10, 13, 29, 112, 178, 261, 281, 378, 28, 0, 0, 4, 3, 5, 10, 47, 80, 115, 107, 152, 12, 0, 0
16:39:17, 1304.70, 29.29, 30.28, 29.234, 14, 13, 16, 37, 141, 221, 325, 348, 506, 37, 0, 0, 5, 3, 5, 10, 48, 81, 116, 108, 154, 13, 0, 0
16:39:18, 1296.30, 29.29, 30.24, 29.211, 14, 13, 16, 39, 143, 224, 325, 352, 503, 37, 0, 0, 5, 4, 6, 12, 56, 94, 133, 124, 174, 14, 0, 0
16:39:19, 1288.20, 29.29, 30.21, 29.211, 15, 13, 16, 40, 147, 229, 331, 357, 493, 36, 0, 0, 6, 5, 7, 14, 64, 106, 151, 139, 195, 16, 0, 0
16:39:19, 1282.30, 29.29, 30.24, 29.211, 15, 13, 17, 41, 147, 230, 326, 353, 456, 33, 0, 0, 7, 5, 7, 16, 72, 118, 166, 154, 213, 18, 0, 0
16:39:20, 1277.10, 29.29, 30.26, 29.195, 17, 14, 18, 45, 146, 228, 319, 344, 446, 33, 0, 0, 8, 6, 8, 18, 79, 129, 181, 167, 231, 19, 0, 0
16:39:21, 1275.80, 29.29, 30.24, 29.211, 18, 15, 19, 47, 175, 269, 385, 417, 533, 38, 0, 0, 7, 6, 8, 18, 74, 121, 169, 156, 223, 19, 0, 0
16:39:21, 1271.50, 29.29, 30.24, 29.211, 20, 18, 24, 60, 195, 296, 423, 461, 633, 46, 0, 0, 8, 6, 8, 18, 79, 128, 177, 163, 236, 20, 0, 0
16:39:22, 1269.30, 29.29, 30.22, 29.203, 19, 17, 22, 53, 169, 261, 364, 390, 507, 37, 0, 0, 8, 6, 9, 21, 84, 135, 188, 172, 243, 20, 0, 0
16:39:23, 1269.90, 29.29, 30.24, 29.219, 20, 17, 22, 55, 189, 288, 407, 440, 585, 42, 0, 0, 8, 6, 8, 19, 81, 130, 179, 165, 238, 20, 0, 0
16:39:23, 1270.40, 29.29, 30.24, 29.219, 19, 16, 21, 53, 188, 287, 406, 435, 621, 45, 0, 0, 8, 6, 8, 19, 80, 129, 177, 163, 241, 20, 0, 0
16:39:24, 1269.30, 29.29, 30.26, 29.211, 19, 16, 21, 54, 175, 268, 380, 399, 593, 44, 0, 0, 8, 6, 9, 20, 85, 137, 189, 174, 255, 21, 0, 0
16:39:25, 1268.20, 29.29, 30.24, 29.219, 19, 17, 22, 56, 185, 283, 397, 424, 591, 43, 0, 0, 8, 6, 9, 20, 85, 136, 187, 172, 245, 20, 0, 0
16:39:25, 1265.40, 29.29, 30.24, 29.219, 20, 17, 22, 56, 182, 279, 387, 415, 549, 40, 0, 0, 8, 7, 9, 21, 87, 140, 192, 176, 253, 21, 0, 0
16:39:26, 1264.70, 29.29, 30.26, 29.211, 21, 18, 24, 62, 211, 317, 448, 485, 658, 48, 0, 0, 8, 6, 9, 20, 88, 140, 193, 177, 256, 21, 0, 0
16:39:27, 1265.00, 29.30, 30.22, 29.227, 18, 15, 20, 51, 156, 241, 334, 352, 487, 36, 0, 0, 10, 8, 11, 25, 105, 166, 229, 210, 310, 26, 0, 0
16:39:27, 1265.00, 29.30, 30.28, 29.227, 18, 16, 20, 52, 186, 282, 398, 421, 615, 45, 0, 0, 9, 7, 10, 23, 97, 154, 212, 195, 283, 24, 0, 0
16:39:28, 1264.80, 29.30, 30.26, 29.219, 21, 19, 25, 62, 221, 333, 466, 505, 671, 48, 0, 0, 8, 6, 9, 20, 83, 132, 180, 165, 242, 20, 0, 0
16:39:29, 1259.40, 29.30, 30.24, 29.234, 25, 22, 31, 79, 272, 400, 572, 625, 870, 63, 0, 0, 9, 7, 9, 22, 93, 146, 198, 181, 264, 22, 0, 0
16:39:29, 1257.70, 29.30, 30.24, 29.234, 27, 25, 35, 89, 284, 416, 594, 651, 851, 61, 0, 0, 9, 7, 10, 23, 95, 150, 203, 185, 265, 22, 0, 0
16:39:30, 1254.00, 29.30, 30.24, 29.227, 26, 24, 33, 83, 258, 380, 539, 588, 722, 51, 0, 0, 10, 8, 11, 26, 110, 173, 235, 213, 302, 26, 0, 0
16:39:31, 1259.50, 29.30, 30.24, 29.234, 23, 19, 26, 68, 235, 350, 487, 527, 712, 51, 0, 0, 9, 7, 10, 24, 94, 148, 200, 182, 267, 22, 0, 0
16:39:31, 1263.90, 29.30, 30.26, 29.234, 23, 20, 27, 69, 232, 347, 482, 525, 687, 49, 0, 0, 8, 7, 9, 22, 89, 140, 191, 173, 250, 21, 0, 0
16:39:32, 1266.10, 29.30, 30.26, 29.234, 22, 19, 26, 65, 214, 320, 445, 483, 600, 43, 0, 0, 8, 7, 9, 22, 90, 142, 193, 175, 248, 21, 0, 0
16:39:33, 1267.40, 29.31, 30.26, 29.242, 22, 19, 25, 64, 220, 329, 465, 504, 617, 44, 0, 0, 8, 6, 9, 21, 87, 137, 187, 170, 244, 20, 0, 0
16:39:33, 1269.50, 29.31, 30.24, 29.242, 22, 19, 26, 66, 241, 357, 511, 546, 839, 62, 0, 0, 8, 6, 8, 20, 82, 130, 176, 161, 245, 20, 0, 0
16:39:34, 1272.10, 29.31, 30.28, 29.234, 24, 22, 31, 80, 270, 403, 572, 595, 988, 71, 0, 0, 7, 6, 8, 19, 78, 123, 167, 152, 228, 19, 0, 0
16:39:35, 1265.50, 29.31, 30.26, 29.242, 23, 21, 29, 74, 218, 328, 458, 490, 646, 47, 0, 0, 8, 6, 9, 21, 91, 143, 194, 176, 247, 21, 0, 0
16:39:35, 1262.90, 29.31, 30.26, 29.242, 23, 21, 28, 71, 229, 340, 477, 518, 579, 41, 0, 0, 9, 7, 10, 24, 99, 155, 211, 191, 258, 22, 0, 0
16:39:36, 1265.00, 29.31, 30.26, 29.234, 25, 22, 30, 76, 254, 374, 532, 575, 695, 49, 0, 0, 8, 6, 9, 22, 88, 138, 187, 171, 255, 21, 0, 0
16:39:37, 1260.70, 29.31, 30.24, 29.234, 26, 23, 33, 89, 275, 406, 571, 587, 1122, 83, 0, 0, 9, 7, 9, 22, 91, 143, 194, 177, 273, 22, 0, 0
16:39:37, 1252.70, 29.31, 30.24, 29.234, 19, 16, 22, 58, 170, 258, 354, 365, 522, 39, 0, 0, 12, 9, 13, 31, 117, 182, 246, 224, 329, 28, 0, 0
16:39:38, 1255.10, 29.31, 30.26, 29.234, 25, 22, 30, 78, 238, 355, 488, 520, 713, 52, 0, 0, 10, 8, 11, 27, 102, 159, 215, 197, 294, 24, 0, 0
16:39:39, 1255.70, 29.31, 30.24, 29.250, 31, 28, 41, 111, 338, 492, 696, 742, 1129, 81, 0, 0, 9, 7, 10, 25, 101, 157, 212, 194, 280, 23, 0, 0
16:39:39, 1250.30, 29.31, 30.21, 29.250, 28, 25, 35, 90, 241, 357, 486, 531, 591, 43, 0, 0, 11, 9, 12, 29, 116, 179, 242, 220, 299, 25, 0, 0
16:39:40, 1249.00, 29.31, 30.28, 29.242, 28, 25, 35, 89, 293, 426, 597, 652, 743, 53, 0, 0, 10, 8, 11, 28, 111, 172, 231, 210, 296, 25, 0, 0
16:39:41, 1250.90, 29.31, 30.24, 29.242, 28, 24, 34, 89, 270, 396, 545, 583, 819, 59, 0, 0, 10, 8, 11, 27, 104, 161, 216, 197, 301, 25, 0, 0
16:39:41, 1248.60, 29.31, 30.26, 29.242, 30, 27, 40, 105, 334, 481, 678, 731, 1087, 79, 0, 0, 9, 7, 10, 25, 106, 163, 219, 199, 293, 24, 0, 0
16:39:42, 1245.30, 29.31, 30.26, 29.242, 27, 22, 32, 84, 272, 400, 542, 584, 729, 52, 0, 0, 11, 8, 12, 29, 111, 171, 227, 206, 302, 25, 0, 0
16:39:43, 1239.80, 29.31, 30.28, 29.242, 28, 23, 34, 88, 261, 381, 510, 553, 657, 47, 0, 0, 12, 9, 13, 33, 126, 192, 256, 232, 334, 28, 0, 0
16:39:43, 1239.50, 29.32, 30.26, 29.242, 33, 29, 43, 114, 351, 499, 689, 748, 984, 69, 0, 0, 11, 9, 12, 31, 118, 179, 238, 217, 330, 27, 0, 0
16:39:44, 1232.80, 29.32, 30.26, 29.234, 36, 34, 51, 138, 376, 533, 736, 800, 1139, 81, 0, 0, 12, 9, 13, 34, 130, 197, 261, 237, 354, 29, 0, 0
16:39:45, 1227.50, 29.32, 30.26, 29.234, 36, 33, 49, 133, 403, 565, 776, 844, 1192, 85, 0, 0, 12, 10, 14, 36, 137, 206, 271, 245, 367, 31, 0, 0
16:39:45, 1222.00, 29.32, 30.28, 29.234, 38, 34, 52, 139, 408, 571, 777, 850, 1084, 76, 0, 0, 14, 10, 16, 40, 147, 219, 287, 260, 385, 32, 0, 0
16:39:46, 1213.90, 29.32, 30.22, 29.234, 43, 39, 62, 166, 463, 643, 890, 970, 1337, 95, 0, 0, 15, 11, 17, 44, 171, 253, 332, 301, 451, 38, 0, 0
16:39:47, 1205.60, 29.32, 30.26, 29.242, 41, 37, 58, 157, 455, 630, 855, 929, 1401, 100, 0, 0, 16, 13, 19, 50, 183, 267, 347, 314, 484, 40, 0, 0
16:39:47, 1203.60, 29.32, 30.26, 29.242, 51, 47, 79, 208, 605, 823, 1126, 1233, 1868, 133, 0, 0, 16, 12, 19, 50, 179, 260, 337, 306, 480, 40, 0, 0
16:39:48, 1199.30, 29.32, 30.26, 29.242, 54, 50, 86, 228, 576, 784, 1068, 1178, 1741, 124, 0, 0, 17, 14, 21, 55, 202, 292, 379, 343, 516, 43, 0, 0
16:39:49, 1194.00, 29.33, 30.24, 29.258, 51, 46, 77, 204, 569, 769, 1041, 1150, 1485, 103, 0, 0, 19, 15, 23, 61, 210, 302, 391, 354, 523, 44, 0, 0
16:39:49, 1186.40, 29.33, 30.26, 29.258, 59, 55, 96, 252, 642, 860, 1171, 1294, 1527, 106, 0, 0, 20, 15, 24, 65, 224, 320, 411, 371, 554, 46, 0, 0
16:39:50, 1180.40, 29.33, 30.26, 29.258, 66, 62, 111, 289, 750, 990, 1338, 1490, 2084, 144, 0, 0, 21, 16, 26, 72, 237, 333, 424, 383, 599, 50, 0, 0
16:39:51, 1178.00, 29.33, 30.28, 29.273, 68, 68, 125, 326, 814, 1065, 1444, 1571, 3097, 227, 0, 0, 20, 16, 26, 72, 240, 336, 426, 384, 624, 51, 0, 0
16:39:51, 1171.60, 29.33, 30.22, 29.273, 67, 64, 116, 305, 846, 1109, 1486, 1667, 2592, 184, 0, 0, 22, 18, 29, 80, 262, 365, 461, 414, 653, 54, 0, 0
16:39:52, 1162.50, 29.34, 30.26, 29.273, 78, 74, 139, 352, 877, 1137, 1517, 1710, 2219, 152, 0, 0, 25, 20, 34, 92, 294, 404, 507, 456, 706, 59, 0, 0
16:39:53, 1159.60, 29.34, 30.24, 29.289, 94, 95, 188, 471, 1112, 1430, 1925, 2125, 3175, 220, 0, 0, 25, 20, 34, 94, 290, 399, 502, 453, 730, 61, 0, 0
16:39:53, 1155.30, 29.34, 30.26, 29.289, 93, 94, 187, 467, 1094, 1415, 1877, 2092, 3495, 247, 0, 0, 26, 21, 36, 97, 303, 418, 528, 482, 798, 66, 0, 0
16:39:54, 1146.70, 29.35, 30.24, 29.289, 88, 89, 173, 431, 1063, 1372, 1814, 2071, 3472, 249, 0, 0, 29, 24, 41, 112, 337, 460, 581, 533, 887, 73, 0, 0
16:39:55, 1133.20, 29.35, 30.28, 29.289, 105, 111, 226, 546, 1081, 1390, 1844, 2086, 3537, 248, 0, 0, 36, 30, 54, 144, 420, 565, 712, 655, 1086, 90, 0, 0
16:39:55, 1125.50, 29.35, 30.26, 29.289, 132, 148, 312, 722, 1644, 2064, 2670, 3105, 5215, 378, 0, 0, 37, 30, 56, 151, 433, 578, 725, 670, 1119, 92, 0, 0
16:39:56, 1115.30, 29.35, 30.26, 29.281, 146, 168, 355, 798, 1710, 2104, 2759, 3222, 5388, 386, 0, 0, 43, 36, 70, 185, 500, 658, 822, 761, 1282, 105, 0, 0
16:39:57, 1108.80, 29.35, 30.28, 29.281, 171, 207, 439, 943, 1974, 2376, 3117, 3700, 5863, 417, 0, 0, 45, 38, 75, 198, 533, 696, 867, 801, 1321, 109, 0, 0
16:39:57, 1096.90, 29.35, 30.24, 29.281, 183, 207, 434, 906, 1951, 2336, 3010, 3628, 4383, 302, 0, 0, 53, 46, 93, 240, 624, 801, 991, 916, 1465, 122, 0, 0
16:39:58, 1088.60, 29.35, 30.30, 29.273, 252, 343, 738, 1460, 2812, 3278, 4307, 5099, 6161, 428, 0, 0, 57, 51, 106, 268, 671, 851, 1049, 972, 1588, 133, 0, 0
16:39:59, 1086.90, 29.36, 30.26, 29.281, 294, 433, 937, 1773, 3057, 3563, 4540, 5526, 9824, 763, 0, 0, 59, 55, 116, 288, 685, 864, 1063, 991, 1769, 144, 0, 0
16:39:59, 1086.40, 29.36, 30.28, 29.281, 282, 401, 859, 1619, 2947, 3456, 4371, 5285, 9472, 718, 0, 0, 58, 54, 114, 285, 683, 862, 1060, 985, 1756, 143, 0, 0
16:40:00, 1077.10, 29.36, 30.26, 29.266, 267, 363, 746, 1426, 2295, 2721, 3456, 4116, 7141, 512, 0, 0, 68, 64, 138, 340, 799, 995, 1221, 1131, 1978, 163, 0, 0
16:40:01, 1065.10, 29.36, 30.28, 29.273, 346, 538, 1119, 1960, 3757, 4193, 5409, 6550, 9893, 748, 0, 0, 72, 70, 154, 368, 849, 1042, 1269, 1178, 2042, 169, 0, 0
16:40:01, 1057.10, 29.36, 30.26, 29.273, 488, 842, 1702, 2845, 4707, 5166, 6779, 7849, 12088, 956, 0, 0, 78, 81, 180, 416, 905, 1097, 1326, 1237, 2222, 183, 0, 0
16:40:02, 1044.80, 29.36, 30.26, 29.273, 512, 880, 1674, 2624, 4756, 4879, 6301, 7803, 11519, 946, 0, 0, 91, 100, 226, 503, 1063, 1263, 1518, 1415, 2603, 216, 0, 0
16:40:03, 1034.80, 29.36, 30.28, 29.273, 760, 1413, 2547, 3628, 6084, 6363, 7935, 9801, 15675, 1563, 0, 0, 101, 118, 267, 567, 1133, 1329, 1580, 1477, 2623, 222, 0, 0
16:40:03, 1023.50, 29.37, 30.28, 29.273, 1171, 2230, 3781, 5184, 7548, 8077, 11475, 12051, 20264, 1898, 0, 0, 110, 137, 303, 620, 1216, 1409, 1666, 1562, 2733, 238, 0, 0
16:40:04, 1007.30, 29.37, 30.26, 29.273, 2073, 3759, 5782, 7332, 11108, 12071, 15170, 17606, 36000, 5957, 1, 1, 134, 185, 390, 744, 1388, 1574, 1851, 1742, 3158, 287, 0, 0
16:40:05, 1003.80, 29.37, 30.28, 29.281, 3414, 5939, 8334, 10050, 12645, 12744, 15786, 18251, 36000, 15127, 1, 1, 195, 282, 546, 947, 1959, 2183, 2523, 2463, 5933, 1319, 0, 0
16:40:06, 1003.80, 29.36, 30.28, 29.281, 3778, 6065, 8384, 10953, 13123, 13861, 14923, 16346, 30665, 10258, 0, 0, 2661, 3571, 5188, 6926, 9489, 10673, 11950, 14015, 36000, 12369, 1, 1
16:40:06, 1004.00, 29.36, 30.28, 29.250, 3968, 6950, 10454, 10994, 13576, 12961, 15930, 22259, 36000, 26418, 1, 1, 5396, 9128, 12740, 16858, 19811, 21632, 25531, 29430, 36000, 16699, 1, 1
