Secchi Depth (cm) = 9999
Forel Ule Scale = 99
pH Colour Scale = 99
SensingSecchi S/N = A017
Latitude (degs N) = 34.25895
Longitude (degs E) = -77.98547
Date = 2026-07-28
Time (UTC), Pressure (mbar) MS5803, Temp (deg C) MS5803, Temp (deg C) 10KTHERM, Temp (deg C) TMP117, ED 415nm, ED 445nm, ED 480nm, ED 515nm, ED 555nm, ED 590nm, ED 630nm, ED 680nm, ED Clear, ED NIR, ED D-SAT, ED A-SAT, EU 415nm, EU 445nm, EU 480nm, EU 515nm, EU 555nm, EU 590nm, EU 630nm, EU 680nm, EU Clear, EU NIR, EU D-SAT, EU A-SAT
17:29:30, 1003.10, 29.09, 31.25, 34.047, 1828, 2851, 3999, 4722, 5523, 5634, 6755, 7271, 33895, 11796, 0, 1, 7548, 9820, 12372, 15757, 18081, 18657, 27304, 36000, 36000, 36000, 1, 1
17:29:30, 1003.40, 29.10, 31.26, 34.063, 1562, 2432, 3407, 4077, 6486, 6966, 7984, 8608, 34932, 12545, 0, 1, 24068, 35399, 36000, 36000, 36000, 36000, 36000, 36000, 36000, 36000, 1, 1
17:29:31, 1003.50, 29.12, 31.30, 34.102, 3807, 6259, 8534, 11143, 9680, 9553, 12589, 12522, 32447, 10934, 0, 1, 10425, 17677, 25002, 30523, 35883, 36000, 36000, 36000, 36000, 36000, 1, 1
17:29:32, 1003.40, 29.13, 31.26, 34.102, 6846, 11402, 15544, 19430, 28373, 32922, 35763, 35874, 36000, 36000, 1, 1, 6527, 9238, 14288, 18139, 12753, 14284, 16953, 19470, 36000, 18522, 1, 1
17:29:32, 1004.00, 29.14, 31.28, 34.023, 3992, 6031, 7779, 11266, 23274, 25644, 28860, 33554, 36000, 33772, 1, 1, 2431, 3668, 5816, 7382, 5563, 6108, 8069, 8284, 21359, 4458, 0, 0
17:29:33, 1007.30, 29.19, 31.25, 33.570, 7617, 13328, 18736, 22374, 24165, 24144, 30780, 36000, 36000, 22379, 1, 1, 446, 608, 1185, 2073, 3393, 3997, 5213, 5676, 10508, 1210, 0, 0
17:29:34, 1011.50, 29.22, 31.28, 33.570, 9110, 13684, 19045, 25038, 28493, 33556, 35864, 35962, 36000, 30023, 1, 1, 384, 512, 1005, 1805, 3003, 3563, 4721, 5135, 9053, 1013, 0, 0
17:29:34, 1015.50, 29.25, 31.30, 32.219, 7937, 11785, 17206, 22300, 26433, 28627, 30192, 30645, 36000, 25075, 1, 1, 387, 507, 999, 1806, 3119, 3745, 4972, 5476, 10341, 1118, 0, 0
17:29:35, 1013.90, 29.27, 31.23, 31.328, 4535, 8992, 12140, 19751, 25384, 27293, 29609, 30505, 36000, 29574, 1, 1, 463, 623, 1212, 2149, 3550, 4244, 5570, 6128, 12482, 1348, 0, 0
17:29:36, 1012.90, 29.29, 31.28, 31.328, 4613, 8351, 12333, 22117, 12090, 13459, 14740, 18231, 36000, 13801, 1, 1, 450, 603, 1178, 2115, 3662, 4378, 5791, 6332, 12746, 1357, 0, 0
17:29:36, 1014.70, 29.32, 31.21, 30.789, 4453, 8020, 11316, 14441, 20213, 20048, 24938, 34355, 36000, 25628, 1, 1, 410, 546, 1074, 1939, 3128, 3731, 4948, 5398, 10603, 1150, 0, 0
17:29:37, 1015.80, 29.34, 31.26, 30.484, 4622, 9412, 14101, 17458, 21778, 19610, 25071, 30305, 36000, 12262, 1, 1, 361, 462, 921, 1700, 2875, 3464, 4611, 5039, 9037, 959, 0, 0
17:29:38, 1016.60, 29.36, 31.21, 30.484, 5008, 9285, 14023, 17299, 23462, 24212, 35456, 35575, 36000, 8310, 1, 1, 341, 430, 861, 1604, 2763, 3340, 4447, 4857, 8272, 861, 0, 0
17:29:38, 1018.20, 29.38, 31.23, 30.328, 4717, 8815, 13471, 16789, 23935, 24715, 31396, 33481, 36000, 9863, 1, 1, 324, 405, 816, 1531, 2676, 3249, 4332, 4724, 8061, 828, 0, 0
17:29:39, 1016.20, 29.39, 31.21, 30.219, 4070, 8041, 12625, 19498, 21030, 21508, 35188, 34125, 36000, 6870, 1, 1, 332, 417, 840, 1572, 2798, 3380, 4494, 4885, 8337, 859, 0, 0
17:29:40, 1019.20, 29.41, 31.19, 30.219, 4229, 8621, 13001, 16656, 21569, 22693, 34663, 32925, 36000, 8628, 1, 1, 319, 399, 804, 1508, 2633, 3195, 4255, 4644, 7865, 810, 0, 0
17:29:40, 1019.90, 29.42, 31.19, 30.148, 3146, 5535, 8299, 11687, 26594, 26649, 30956, 32845, 33351, 6161, 0, 1, 307, 379, 763, 1443, 2544, 3102, 4150, 4547, 7614, 787, 0, 0
17:29:41, 1018.30, 29.44, 31.17, 30.094, 3664, 6554, 9911, 14511, 20697, 21740, 25677, 26178, 32193, 5522, 0, 0, 305, 374, 750, 1421, 2560, 3118, 4172, 4579, 7685, 801, 0, 0
17:29:42, 1016.20, 29.45, 31.19, 30.094, 5425, 8657, 12828, 18828, 26340, 31802, 33269, 34675, 36000, 11465, 1, 1, 336, 424, 845, 1567, 2761, 3345, 4461, 4892, 8508, 910, 0, 0
17:29:42, 1016.00, 29.46, 31.21, 30.039, 4441, 8960, 13706, 19165, 23716, 24992, 36000, 35906, 36000, 9099, 1, 1, 341, 429, 854, 1586, 2824, 3423, 4576, 5023, 8705, 932, 0, 0
17:29:43, 1016.00, 29.47, 31.17, 30.000, 4500, 9269, 13718, 17745, 22341, 23169, 34871, 34788, 36000, 8223, 1, 1, 346, 434, 863, 1602, 2829, 3430, 4588, 5042, 8839, 948, 0, 0
17:29:44, 1017.60, 29.48, 31.13, 30.000, 4092, 8072, 12771, 15257, 24991, 25308, 31414, 34580, 36000, 11049, 1, 1, 333, 415, 826, 1545, 2720, 3310, 4440, 4879, 8412, 885, 0, 0
17:29:44, 1017.20, 29.49, 31.17, 29.969, 4137, 8220, 12994, 15855, 20313, 20994, 26814, 31071, 36000, 8521, 1, 1, 330, 412, 823, 1537, 2725, 3308, 4428, 4852, 8499, 893, 0, 0
17:29:45, 1016.60, 29.49, 31.13, 29.945, 4005, 7990, 12433, 15763, 22030, 22737, 28723, 35330, 36000, 8591, 1, 1, 331, 415, 831, 1553, 2754, 3336, 4456, 4872, 8586, 902, 0, 0
17:29:46, 1017.00, 29.50, 31.10, 29.945, 4231, 8569, 13164, 16669, 22530, 22388, 29042, 35798, 36000, 8511, 1, 1, 332, 418, 836, 1558, 2733, 3307, 4413, 4821, 8564, 903, 0, 0
17:29:46, 1017.60, 29.51, 31.15, 29.930, 3986, 7914, 12299, 15637, 21343, 22560, 32109, 34188, 36000, 7583, 1, 1, 323, 403, 808, 1515, 2676, 3241, 4330, 4727, 8140, 850, 0, 0
17:29:47, 1019.40, 29.52, 31.10, 29.922, 3706, 7424, 11498, 14562, 20513, 20998, 33665, 32396, 36000, 6959, 1, 1, 304, 375, 754, 1427, 2528, 3077, 4114, 4491, 7647, 787, 0, 0
17:29:48, 1020.00, 29.53, 31.15, 29.922, 3493, 6904, 10932, 14011, 18204, 18565, 24671, 29408, 36000, 6450, 1, 1, 294, 361, 729, 1383, 2468, 3004, 4019, 4379, 7605, 784, 0, 0
17:29:48, 1021.80, 29.53, 31.12, 29.906, 3091, 6118, 9715, 12649, 19959, 20740, 26440, 31046, 36000, 6985, 1, 1, 288, 351, 707, 1350, 2386, 2917, 3912, 4267, 7374, 756, 0, 0
17:29:49, 1023.50, 29.54, 31.15, 29.906, 2914, 5844, 9323, 12569, 16627, 17732, 26329, 27526, 35962, 5025, 0, 1, 264, 314, 635, 1232, 2226, 2741, 3687, 4033, 6805, 688, 0, 0
17:29:50, 1023.60, 29.55, 31.13, 29.906, 2553, 4984, 8114, 11730, 15835, 16755, 28107, 26509, 34584, 5014, 0, 1, 255, 302, 610, 1185, 2175, 2679, 3600, 3941, 6592, 666, 0, 0
17:29:50, 1022.40, 29.56, 31.13, 29.906, 2524, 4705, 7685, 11172, 16681, 18145, 25565, 27688, 33177, 5491, 0, 1, 263, 316, 639, 1232, 2253, 2764, 3709, 4054, 6807, 692, 0, 0
17:29:51, 1022.10, 29.56, 31.12, 29.898, 3239, 6277, 10252, 15358, 17342, 18053, 31265, 28966, 36000, 5480, 1, 1, 276, 332, 670, 1290, 2357, 2890, 3880, 4244, 7172, 730, 0, 0
17:29:52, 1022.20, 29.57, 31.10, 29.898, 2870, 5676, 9065, 13675, 16482, 17481, 25849, 26805, 35732, 5271, 0, 1, 285, 344, 693, 1331, 2439, 2993, 4026, 4409, 7661, 787, 0, 0
17:29:52, 1021.30, 29.58, 31.13, 29.883, 2751, 5446, 8647, 11746, 23950, 24202, 28189, 31194, 36000, 7302, 1, 1, 291, 351, 704, 1353, 2492, 3056, 4119, 4517, 7910, 815, 0, 0
17:29:53, 1022.80, 29.58, 31.08, 29.891, 3120, 6236, 10256, 13267, 19969, 20403, 25953, 32113, 36000, 7598, 1, 1, 302, 367, 735, 1403, 2512, 3083, 4163, 4573, 8245, 852, 0, 0
17:29:54, 1023.10, 29.59, 31.08, 29.891, 2611, 5092, 8374, 11157, 17241, 17131, 22689, 28236, 36000, 6043, 1, 1, 294, 350, 702, 1356, 2488, 3070, 4164, 4583, 7970, 813, 0, 0
17:29:54, 1022.70, 29.60, 31.10, 29.875, 3499, 6849, 11400, 15079, 16283, 16654, 21254, 26429, 36000, 6176, 1, 1, 300, 360, 721, 1385, 2521, 3105, 4209, 4632, 8133, 835, 0, 0
17:29:55, 1024.20, 29.60, 31.08, 29.883, 3062, 6125, 9816, 13576, 17781, 18054, 24488, 28188, 36000, 7832, 1, 1, 292, 348, 697, 1348, 2452, 3033, 4123, 4550, 7873, 801, 0, 0
17:29:56, 1025.10, 29.61, 31.10, 29.883, 2776, 5517, 9170, 12277, 16470, 17244, 23141, 26831, 36000, 6325, 1, 1, 288, 341, 681, 1320, 2401, 2979, 4059, 4487, 7681, 785, 0, 0
17:29:56, 1023.10, 29.62, 31.10, 29.883, 2877, 5765, 9401, 12875, 17964, 18624, 24844, 30700, 36000, 5509, 1, 1, 296, 348, 696, 1350, 2503, 3097, 4217, 4657, 7874, 807, 0, 0
17:29:57, 1022.50, 29.62, 31.10, 29.898, 3543, 7077, 11530, 15744, 15841, 16315, 21378, 24999, 36000, 6180, 1, 1, 310, 371, 742, 1424, 2589, 3191, 4330, 4777, 8295, 854, 0, 0
17:29:58, 1024.90, 29.63, 31.08, 29.898, 2667, 5274, 8511, 11344, 14760, 15134, 19150, 22889, 36000, 8024, 1, 1, 297, 357, 713, 1370, 2435, 3015, 4105, 4524, 7934, 803, 0, 0
17:29:58, 1024.60, 29.64, 31.10, 29.898, 2910, 5623, 9383, 12427, 17575, 17364, 23307, 28336, 36000, 7007, 1, 1, 282, 333, 667, 1299, 2433, 3017, 4110, 4530, 7790, 783, 0, 0
17:29:59, 1023.80, 29.64, 31.10, 29.898, 2910, 5579, 9200, 12149, 20226, 19956, 26116, 31371, 36000, 6846, 1, 1, 291, 344, 690, 1340, 2474, 3059, 4160, 4581, 7767, 781, 0, 0
17:30:00, 1032.10, 29.65, 31.08, 29.898, 3158, 6339, 10467, 13805, 15644, 16173, 21412, 24994, 36000, 7680, 1, 1, 294, 356, 712, 1367, 2371, 2946, 4008, 4451, 8312, 826, 0, 0
17:30:00, 1048.40, 29.66, 31.10, 29.891, 1543, 2539, 4124, 6303, 8615, 9538, 12181, 16232, 20588, 2153, 0, 0, 201, 207, 397, 828, 1593, 2104, 3008, 3422, 5411, 521, 0, 0
17:30:01, 1060.90, 29.66, 31.06, 29.891, 827, 1283, 2324, 3903, 6229, 7029, 9541, 12212, 18213, 1624, 0, 0, 149, 144, 259, 557, 1141, 1567, 2314, 2678, 3999, 377, 0, 0
17:30:02, 1073.10, 29.67, 31.08, 29.891, 542, 734, 1365, 2484, 3913, 4701, 6412, 8056, 11472, 964, 0, 0, 109, 101, 173, 376, 829, 1174, 1772, 2078, 3068, 284, 0, 0
17:30:02, 1083.80, 29.67, 31.08, 29.828, 356, 456, 875, 1675, 2773, 3460, 4837, 6077, 8901, 709, 0, 0, 80, 71, 114, 250, 596, 871, 1356, 1608, 2193, 202, 0, 0
17:30:03, 1094.40, 29.67, 31.04, 29.789, 260, 307, 582, 1201, 2168, 2831, 4035, 4975, 8193, 652, 0, 0, 58, 51, 77, 168, 424, 639, 1017, 1223, 1633, 148, 0, 0
17:30:04, 1108.30, 29.67, 31.02, 29.789, 174, 193, 348, 734, 1517, 2031, 2962, 3725, 6077, 477, 0, 0, 43, 37, 54, 116, 287, 446, 727, 889, 1184, 106, 0, 0
17:30:04, 1118.60, 29.67, 31.08, 29.758, 104, 105, 176, 385, 828, 1151, 1712, 2176, 3251, 250, 0, 0, 31, 27, 37, 78, 214, 342, 573, 710, 917, 82, 0, 0
17:30:05, 1129.50, 29.67, 31.06, 29.742, 79, 82, 132, 293, 642, 908, 1390, 1764, 2885, 226, 0, 0, 25, 21, 29, 58, 161, 264, 453, 568, 720, 64, 0, 0
17:30:06, 1142.60, 29.67, 31.06, 29.742, 61, 60, 92, 209, 466, 688, 1072, 1367, 2044, 156, 0, 0, 17, 15, 19, 36, 106, 179, 319, 407, 493, 44, 0, 0
17:30:06, 1155.50, 29.67, 31.04, 29.727, 42, 40, 58, 128, 307, 467, 751, 964, 1336, 101, 0, 0, 11, 10, 12, 23, 70, 123, 227, 296, 350, 31, 0, 0
17:30:07, 1167.40, 29.67, 31.04, 29.711, 28, 27, 37, 79, 208, 322, 530, 694, 983, 75, 0, 0, 9, 8, 9, 17, 52, 92, 175, 232, 271, 24, 0, 0
17:30:08, 1176.20, 29.67, 31.06, 29.711, 19, 19, 24, 50, 134, 215, 360, 479, 616, 47, 0, 0, 6, 5, 7, 12, 37, 68, 134, 180, 202, 17, 0, 0
17:30:08, 1185.70, 29.67, 31.08, 29.687, 16, 15, 19, 39, 111, 181, 311, 413, 561, 43, 0, 0, 5, 4, 5, 9, 28, 53, 105, 143, 158, 14, 0, 0
17:30:09, 1196.00, 29.66, 31.04, 29.680, 12, 11, 13, 27, 78, 131, 230, 309, 388, 30, 0, 0, 3, 3, 4, 6, 19, 37, 76, 105, 110, 9, 0, 0
17:30:10, 1199.20, 29.66, 31.06, 29.680, 9, 8, 9, 19, 61, 103, 181, 247, 290, 22, 0, 0, 3, 2, 3, 5, 17, 33, 69, 96, 99, 8, 0, 0
17:30:10, 1206.00, 29.66, 31.06, 29.664, 8, 8, 9, 18, 57, 96, 172, 234, 297, 23, 0, 0, 2, 2, 3, 4, 15, 29, 61, 85, 92, 8, 0, 0
17:30:11, 1212.90, 29.66, 31.02, 29.664, 6, 6, 7, 13, 43, 74, 134, 184, 226, 18, 0, 0, 2, 1, 2, 3, 11, 22, 47, 68, 69, 5, 0, 0
17:30:12, 1224.20, 29.66, 31.06, 29.664, 5, 5, 5, 10, 32, 58, 106, 145, 182, 14, 0, 0, 1, 1, 1, 2, 7, 14, 32, 47, 47, 3, 0, 0
17:30:12, 1229.60, 29.66, 31.06, 29.641, 3, 3, 3, 6, 20, 36, 68, 96, 106, 8, 0, 0, 1, 0, 1, 1, 5, 10, 25, 38, 36, 2, 0, 0
17:30:13, 1237.50, 29.65, 31.02, 29.617, 3, 3, 3, 5, 19, 36, 68, 95, 112, 9, 0, 0, 0, 0, 1, 1, 4, 9, 21, 32, 32, 2, 0, 0
17:30:14, 1244.40, 29.65, 31.04, 29.617, 2, 2, 2, 4, 12, 23, 45, 66, 70, 6, 0, 0, 0, 0, 0, 1, 2, 5, 14, 22, 20, 1, 0, 0
17:30:14, 1250.40, 29.65, 31.04, 29.586, 1, 2, 1, 2, 8, 15, 30, 45, 47, 4, 0, 0, 0, 0, 0, 0, 1, 4, 11, 18, 16, 1, 0, 0
17:30:15, 1255.40, 29.65, 31.06, 29.570, 1, 1, 1, 2, 6, 12, 23, 36, 36, 3, 0, 0, 0, 0, 0, 0, 1, 3, 9, 15, 13, 0, 0, 0
17:30:16, 1259.20, 29.65, 31.02, 29.570, 1, 1, 0, 1, 4, 9, 18, 28, 28, 2, 0, 0, 0, 0, 0, 0, 1, 2, 7, 12, 11, 0, 0, 0
17:30:16, 1263.20, 29.64, 31.08, 29.547, 0, 1, 0, 1, 3, 7, 14, 21, 22, 2, 0, 0, 0, 0, 0, 0, 0, 2, 6, 10, 9, 0, 0, 0
17:30:17, 1269.60, 29.64, 31.06, 29.531, 0, 1, 0, 0, 2, 5, 10, 17, 16, 2, 0, 0, 0, 0, 0, 0, 0, 1, 5, 8, 7, 0, 0, 0
17:30:18, 1274.20, 29.63, 31.00, 29.531, 0, 1, 0, 0, 2, 5, 9, 15, 16, 2, 0, 0, 0, 0, 0, 0, 0, 1, 4, 7, 6, 0, 0, 0
17:30:18, 1278.00, 29.63, 31.06, 29.516, 0, 1, 0, 0, 1, 4, 7, 12, 11, 1, 0, 0, 0, 0, 0, 0, 0, 0, 3, 6, 4, 0, 0, 0
17:30:19, 1282.80, 29.63, 31.04, 29.508, 0, 0, 0, 0, 1, 3, 6, 10, 8, 1, 0, 0, 0, 0, 0, 0, 0, 0, 3, 5, 4, 0, 0, 0
17:30:20, 1290.40, 29.62, 31.02, 29.508, 0, 0, 0, 0, 1, 3, 5, 9, 9, 1, 0, 0, 0, 0, 0, 0, 0, 0, 2, 4, 3, 0, 0, 0
17:30:20, 1292.10, 29.62, 31.06, 29.492, 0, 0, 1, 0, 1, 2, 5, 8, 8, 1, 0, 0, 0, 0, 0, 0, 0, 0, 2, 3, 3, 0, 0, 0
17:30:21, 1293.70, 29.62, 31.02, 29.500, 0, 0, 0, 0, 1, 2, 4, 7, 6, 1, 0, 0, 0, 0, 0, 0, 0, 0, 2, 3, 3, 0, 0, 0
17:30:22, 1300.00, 29.62, 31.04, 29.500, 0, 0, 0, 0, 0, 2, 3, 6, 6, 1, 0, 0, 0, 0, 0, 0, 0, 0, 1, 2, 2, 0, 0, 0
17:30:22, 1305.70, 29.62, 31.04, 29.500, 0, 0, 0, 0, 0, 2, 3, 5, 4, 1, 0, 0, 0, 0, 0, 0, 0, 0, 1, 2, 2, 0, 0, 0
17:30:23, 1322.70, 29.61, 31.02, 29.508, 0, 0, 0, 0, 0, 1, 1, 3, 2, 1, 0, 0, 0, 0, 0, 0, 0, 0, 0, 1, 1, 0, 0, 0
17:30:24, 1323.90, 29.61, 31.04, 29.508, 0, 0, 0, 0, 0, 1, 1, 2, 2, 0, 0, 0, 0, 0, 0, 0, 0, 0, 0, 1, 0, 0, 0, 0
17:30:24, 1325.00, 29.61, 31.04, 29.508, 0, 0, 0, 0, 0, 1, 1, 2, 1, 0, 0, 0, 0, 0, 0, 0, 0, 0, 0, 1, 0, 0, 0, 0
17:30:25, 1327.10, 29.61, 31.04, 29.508, 0, 0, 0, 0, 0, 1, 1, 2, 1, 0, 0, 0, 0, 0, 0, 0, 0, 0, 0, 1, 0, 0, 0, 0
17:30:26, 1319.90, 29.61, 31.02, 29.508, 0, 0, 0, 0, 0, 1, 0, 1, 1, 0, 0, 0, 0, 0, 0, 0, 0, 0, 0, 1, 1, 0, 0, 0
17:30:26, 1320.90, 29.61, 31.04, 29.516, 0, 0, 0, 0, 0, 1, 0, 1, 1, 0, 0, 0, 0, 0, 0, 0, 0, 0, 0, 1, 1, 0, 0, 0
17:30:27, 1329.60, 29.61, 30.98, 29.516, 0, 0, 0, 0, 0, 1, 1, 2, 1, 0, 0, 0, 0, 0, 0, 0, 0, 0, 0, 1, 0, 0, 0, 0
17:30:28, 1332.80, 29.61, 31.02, 29.516, 0, 0, 0, 0, 0, 1, 1, 2, 1, 0, 0, 0, 0, 0, 0, 0, 0, 0, 0, 1, 0, 0, 0, 0
17:30:28, 1335.80, 29.61, 31.02, 29.523, 0, 0, 0, 0, 0, 1, 1, 2, 1, 0, 0, 0, 0, 0, 0, 0, 0, 0, 0, 1, 0, 0, 0, 0
17:30:29, 1336.40, 29.61, 31.02, 29.523, 0, 0, 0, 0, 0, 1, 0, 1, 1, 0, 0, 0, 0, 0, 0, 0, 0, 0, 0, 1, 0, 0, 0, 0
17:30:30, 1338.10, 29.61, 31.00, 29.516, 0, 0, 0, 0, 0, 0, 0, 1, 0, 0, 0, 0, 0, 0, 0, 0, 0, 0, 0, 0, 0, 0, 0, 0
17:30:30, 1340.90, 29.61, 31.04, 29.508, 0, 0, 0, 0, 0, 0, 0, 1, 0, 0, 0, 0, 0, 0, 0, 0, 0, 0, 0, 0, 0, 0, 0, 0
17:30:31, 1344.20, 29.61, 31.02, 29.508, 0, 0, 0, 0, 0, 0, 0, 1, 0, 0, 0, 0, 0, 0, 0, 0, 0, 0, 0, 0, 0, 0, 0, 0
17:30:32, 1350.80, 29.61, 31.00, 29.484, 0, 0, 0, 0, 0, 0, 0, 0, 0, 0, 0, 0, 0, 0, 0, 0, 0, 0, 0, 0, 0, 0, 0, 0
17:30:32, 1353.50, 29.61, 31.06, 29.477, 0, 0, 0, 0, 0, 0, 0, 0, 0, 0, 0, 0, 0, 0, 0, 0, 0, 0, 0, 0, 0, 0, 0, 0
17:30:33, 1353.30, 29.61, 31.02, 29.477, 0, 0, 0, 0, 0, 0, 0, 0, 0, 0, 0, 0, 0, 0, 0, 0, 0, 0, 0, 0, 0, 0, 0, 0
17:30:34, 1354.20, 29.61, 31.04, 29.477, 0, 0, 0, 0, 0, 0, 0, 0, 0, 0, 0, 0, 0, 0, 0, 0, 0, 0, 0, 0, 0, 0, 0, 0
17:30:34, 1351.70, 29.61, 31.02, 29.469, 0, 0, 0, 0, 0, 0, 0, 0, 0, 0, 0, 0, 0, 0, 0, 0, 0, 0, 0, 0, 0, 0, 0, 0
17:30:35, 1351.60, 29.61, 31.04, 29.469, 0, 0, 0, 0, 0, 0, 0, 0, 0, 0, 0, 0, 0, 0, 0, 0, 0, 0, 0, 0, 0, 0, 0, 0
17:30:36, 1350.40, 29.61, 31.04, 29.469, 0, 0, 0, 0, 0, 0, 0, 0, 0, 0, 0, 0, 0, 0, 0, 0, 0, 0, 0, 0, 0, 0, 0, 0
17:30:36, 1355.60, 29.60, 31.06, 29.469, 0, 0, 0, 0, 0, 0, 1, 0, 0, 0, 0, 0, 0, 0, 0, 0, 0, 0, 0, 0, 0, 0, 0, 0
17:30:37, 1361.70, 29.60, 31.02, 29.469, 0, 0, 0, 0, 0, 0, 0, 0, 0, 0, 0, 0, 0, 0, 0, 0, 0, 0, 0, 0, 0, 0, 0, 0
17:30:38, 1358.90, 29.60, 31.04, 29.469, 0, 0, 0, 0, 0, 0, 0, 0, 0, 0, 0, 0, 0, 0, 0, 0, 0, 0, 0, 0, 0, 0, 0, 0
17:30:38, 1358.30, 29.60, 31.02, 29.469, 0, 0, 0, 0, 0, 0, 0, 0, 0, 0, 0, 0, 0, 0, 0, 0, 0, 0, 0, 0, 0, 0, 0, 0
17:30:39, 1353.10, 29.60, 31.06, 29.469, 0, 0, 0, 0, 0, 0, 1, 0, 0, 0, 0, 0, 0, 0, 0, 0, 0, 0, 0, 0, 0, 0, 0, 0
17:30:40, 1348.10, 29.60, 31.08, 29.461, 0, 0, 0, 0, 0, 0, 0, 0, 0, 0, 0, 0, 0, 0, 0, 0, 0, 0, 0, 0, 0, 0, 0, 0
17:30:40, 1343.40, 29.60, 31.06, 29.461, 0, 0, 0, 0, 0, 0, 0, 0, 0, 0, 0, 0, 0, 0, 0, 0, 0, 0, 0, 0, 0, 0, 0, 0
17:30:41, 1337.90, 29.60, 31.04, 29.461, 0, 0, 0, 0, 0, 0, 0, 0, 0, 0, 0, 0, 0, 0, 0, 0, 0, 0, 0, 0, 0, 0, 0, 0
17:30:42, 1331.20, 29.60, 31.04, 29.453, 0, 0, 0, 0, 0, 0, 0, 0, 0, 0, 0, 0, 0, 0, 0, 0, 0, 0, 0, 1, 0, 0, 0, 0
17:30:42, 1325.70, 29.60, 31.02, 29.453, 0, 0, 0, 0, 0, 0, 0, 0, 0, 0, 0, 0, 0, 0, 0, 0, 0, 0, 0, 1, 0, 0, 0, 0
17:30:43, 1324.20, 29.60, 31.04, 29.453, 0, 0, 0, 0, 0, 0, 1, 1, 0, 0, 0, 0, 0, 0, 0, 0, 0, 0, 0, 1, 1, 0, 0, 0
17:30:44, 1325.20, 29.60, 31.02, 29.453, 0, 0, 0, 0, 0, 0, 0, 1, 0, 0, 0, 0, 0, 0, 0, 0, 0, 0, 0, 1, 0, 0, 0, 0
17:30:44, 1322.40, 29.60, 31.02, 29.453, 0, 0, 0, 0, 0, 0, 0, 1, 0, 0, 0, 0, 0, 0, 0, 0, 0, 0, 0, 1, 0, 0, 0, 0
17:30:45, 1316.00, 29.60, 31.04, 29.453, 0, 0, 0, 0, 0, 0, 0, 1, 1, 0, 0, 0, 0, 0, 0, 0, 0, 0, 0, 1, 1, 0, 0, 0
17:30:46, 1304.40, 29.60, 31.02, 29.453, 0, 0, 0, 0, 0, 0, 0, 1, 1, 0, 0, 0, 0, 0, 0, 0, 0, 0, 1, 2, 1, 0, 0, 0
17:30:46, 1299.30, 29.60, 31.04, 29.453, 0, 0, 0, 0, 0, 1, 0, 1, 1, 0, 0, 0, 0, 0, 0, 0, 0, 0, 1, 2, 1, 0, 0, 0
17:30:47, 1298.20, 29.60, 31.02, 29.453, 0, 0, 0, 0, 0, 1, 0, 1, 1, 0, 0, 0, 0, 0, 0, 0, 0, 0, 1, 2, 1, 0, 0, 0
17:30:48, 1294.30, 29.60, 31.08, 29.461, 0, 0, 0, 0, 0, 1, 1, 2, 1, 0, 0, 0, 0, 0, 0, 0, 0, 0, 1, 2, 1, 0, 0, 0
17:30:48, 1289.50, 29.60, 31.04, 29.453, 0, 0, 0, 0, 0, 1, 1, 2, 1, 0, 0, 0, 0, 0, 0, 0, 0, 0, 2, 3, 2, 0, 0, 0
17:30:49, 1290.10, 29.60, 30.97, 29.453, 0, 0, 0, 0, 0, 1, 1, 2, 2, 0, 0, 0, 0, 0, 0, 0, 0, 0, 2, 4, 3, 0, 0, 0
17:30:50, 1291.00, 29.60, 31.06, 29.461, 0, 0, 0, 0, 0, 1, 1, 2, 2, 0, 0, 0, 0, 0, 0, 0, 0, 0, 1, 3, 2, 0, 0, 0
17:30:50, 1290.00, 29.60, 31.04, 29.469, 0, 0, 0, 0, 0, 1, 1, 3, 2, 0, 0, 0, 0, 0, 0, 0, 0, 0, 2, 3, 2, 0, 0, 0
17:30:51, 1285.20, 29.60, 31.04, 29.469, 0, 0, 0, 0, 0, 1, 1, 2, 2, 0, 0, 0, 0, 0, 0, 0, 0, 0, 2, 4, 3, 0, 0, 0
17:30:52, 1283.40, 29.60, 31.04, 29.469, 0, 0, 0, 0, 0, 1, 1, 2, 2, 0, 0, 0, 0, 0, 0, 0, 0, 0, 2, 4, 3, 0, 0, 0
17:30:52, 1284.30, 29.60, 31.04, 29.477, 0, 0, 0, 0, 0, 1, 2, 3, 2, 1, 0, 0, 0, 0, 0, 0, 0, 0, 2, 4, 3, 0, 0, 0
17:30:53, 1277.40, 29.61, 31.06, 29.477, 0, 0, 0, 0, 0, 1, 2, 4, 3, 1, 0, 0, 0, 0, 0, 0, 0, 0, 3, 5, 4, 0, 0, 0
17:30:54, 1273.90, 29.61, 31.06, 29.484, 0, 0, 0, 0, 0, 1, 2, 4, 4, 1, 0, 0, 0, 0, 0, 0, 0, 0, 3, 6, 5, 0, 0, 0
17:30:54, 1270.90, 29.61, 31.02, 29.492, 0, 0, 0, 0, 0, 2, 3, 5, 4, 1, 0, 0, 0, 0, 0, 0, 0, 0, 3, 5, 4, 0, 0, 0
17:30:55, 1268.20, 29.61, 31.04, 29.492, 0, 0, 0, 0, 1, 2, 5, 6, 5, 1, 0, 0, 0, 0, 0, 0, 0, 1, 3, 6, 4, 0, 0, 0
17:30:56, 1264.80, 29.61, 31.02, 29.492, 0, 0, 0, 0, 1, 2, 4, 7, 6, 1, 0, 0, 0, 0, 0, 0, 0, 1, 4, 6, 4, 0, 0, 0
17:30:56, 1261.80, 29.61, 31.06, 29.500, 0, 0, 0, 0, 0, 2, 3, 5, 4, 1, 0, 0, 0, 0, 0, 0, 0, 1, 5, 9, 7, 0, 0, 0
17:30:57, 1266.90, 29.61, 31.04, 29.500, 0, 0, 0, 0, 0, 2, 3, 6, 5, 1, 0, 0, 0, 0, 0, 0, 0, 1, 3, 6, 5, 0, 0, 0
17:30:58, 1267.00, 29.62, 31.08, 29.492, 0, 0, 0, 0, 1, 2, 4, 6, 5, 1, 0, 0, 0, 0, 0, 0, 0, 0, 3, 6, 4, 0, 0, 0
17:30:58, 1269.90, 29.61, 31.04, 29.500, 0, 0, 0, 0, 1, 2, 4, 8, 7, 1, 0, 0, 0, 0, 0, 0, 0, 0, 2, 4, 3, 0, 0, 0
17:30:59, 1266.50, 29.62, 31.04, 29.500, 0, 0, 0, 0, 1, 2, 4, 6, 6, 1, 0, 0, 0, 0, 0, 0, 0, 0, 3, 5, 4, 0, 0, 0
17:31:00, 1267.80, 29.62, 31.02, 29.492, 0, 0, 0, 0, 0, 1, 2, 5, 4, 1, 0, 0, 0, 0, 0, 0, 0, 1, 3, 5, 4, 0, 0, 0
17:31:00, 1272.10, 29.62, 31.00, 29.492, 0, 0, 0, 0, 0, 1, 2, 4, 3, 1, 0, 0, 0, 0, 0, 0, 0, 0, 2, 4, 3, 0, 0, 0
17:31:01, 1268.80, 29.62, 31.04, 29.492, 0, 0, 0, 0, 0, 1, 2, 4, 4, 1, 0, 0, 0, 0, 0, 0, 0, 0, 2, 5, 3, 0, 0, 0
17:31:02, 1262.60, 29.62, 31.04, 29.492, 0, 0, 0, 0, 0, 1, 2, 4, 3, 1, 0, 0, 0, 0, 0, 0, 0, 0, 3, 5, 4, 0, 0, 0
17:31:02, 1253.40, 29.62, 31.02, 29.500, 0, 0, 0, 0, 0, 2, 3, 6, 4, 1, 0, 0, 0, 0, 0, 0, 0, 1, 4, 8, 6, 0, 0, 0
17:31:03, 1247.70, 29.62, 31.04, 29.500, 0, 0, 0, 0, 1, 2, 4, 7, 5, 1, 0, 0, 0, 0, 0, 0, 1, 2, 7, 11, 9, 0, 0, 0
17:31:04, 1248.90, 29.62, 31.06, 29.492, 0, 0, 0, 0, 1, 2, 4, 8, 6, 1, 0, 0, 0, 0, 0, 0, 0, 1, 5, 9, 7, 0, 0, 0
17:31:04, 1242.30, 29.62, 31.08, 29.500, 0, 0, 0, 0, 1, 3, 5, 9, 7, 1, 0, 0, 0, 0, 0, 0, 1, 3, 8, 14, 11, 0, 0, 0
17:31:05, 1243.40, 29.62, 31.04, 29.500, 0, 0, 1, 0, 1, 2, 4, 7, 7, 1, 0, 0, 0, 0, 0, 0, 1, 3, 10, 16, 14, 0, 0, 0
17:31:06, 1243.30, 29.62, 31.08, 29.508, 0, 0, 0, 0, 1, 3, 5, 8, 6, 1, 0, 0, 0, 0, 0, 0, 1, 3, 9, 15, 11, 0, 0, 0
17:31:06, 1246.50, 29.62, 31.08, 29.508, 0, 1, 0, 0, 1, 3, 6, 10, 8, 1, 0, 0, 0, 0, 0, 0, 1, 2, 6, 10, 8, 0, 0, 0
17:31:07, 1242.50, 29.63, 31.08, 29.508, 0, 1, 0, 0, 2, 5, 10, 16, 15, 1, 0, 0, 0, 0, 0, 0, 1, 2, 7, 11, 10, 0, 0, 0
17:31:08, 1239.40, 29.62, 31.10, 29.508, 0, 1, 0, 0, 2, 4, 8, 13, 13, 1, 0, 0, 0, 0, 0, 0, 1, 3, 10, 17, 14, 1, 0, 0
17:31:08, 1243.10, 29.62, 31.04, 29.508, 0, 1, 0, 0, 1, 4, 7, 12, 9, 1, 0, 0, 0, 0, 0, 0, 1, 3, 9, 15, 11, 0, 0, 0
17:31:09, 1244.10, 29.63, 31.06, 29.508, 0, 1, 0, 0, 2, 4, 8, 13, 10, 1, 0, 0, 0, 0, 0, 0, 1, 3, 9, 14, 11, 0, 0, 0
17:31:10, 1245.00, 29.63, 31.02, 29.508, 0, 1, 0, 0, 2, 4, 8, 14, 13, 1, 0, 0, 0, 0, 0, 0, 1, 3, 9, 14, 13, 0, 0, 0
17:31:10, 1249.30, 29.63, 31.06, 29.516, 0, 1, 0, 0, 1, 3, 7, 11, 11, 1, 0, 0, 0, 0, 0, 0, 1, 2, 8, 13, 11, 0, 0, 0
17:31:11, 1249.30, 29.63, 31.02, 29.516, 0, 1, 0, 0, 2, 4, 9, 14, 13, 1, 0, 0, 0, 0, 0, 0, 0, 2, 6, 11, 9, 0, 0, 0
17:31:12, 1250.30, 29.63, 31.04, 29.516, 0, 1, 0, 0, 2, 4, 8, 13, 11, 1, 0, 0, 0, 0, 0, 0, 0, 2, 6, 11, 9, 0, 0, 0
17:31:12, 1251.10, 29.63, 31.06, 29.523, 0, 1, 1, 0, 1, 4, 7, 11, 11, 1, 0, 0, 0, 0, 0, 0, 1, 2, 8, 13, 12, 0, 0, 0
17:31:13, 1254.80, 29.63, 31.02, 29.523, 0, 1, 0, 0, 2, 4, 8, 13, 13, 1, 0, 0, 0, 0, 0, 0, 0, 2, 6, 11, 9, 0, 0, 0
17:31:14, 1256.60, 29.63, 31.06, 29.508, 0, 1, 0, 0, 2, 5, 10, 16, 14, 1, 0, 0, 0, 0, 0, 0, 0, 2, 6, 11, 9, 0, 0, 0
17:31:14, 1260.50, 29.63, 31.06, 29.523, 0, 1, 0, 0, 2, 5, 11, 17, 17, 2, 0, 0, 0, 0, 0, 0, 0, 2, 6, 9, 8, 0, 0, 0
17:31:15, 1264.80, 29.63, 31.08, 29.523, 0, 1, 0, 0, 3, 6, 13, 20, 21, 2, 0, 0, 0, 0, 0, 0, 0, 1, 5, 8, 7, 0, 0, 0
17:31:16, 1267.60, 29.63, 31.02, 29.531, 0, 1, 0, 0, 2, 5, 10, 16, 15, 2, 0, 0, 0, 0, 0, 0, 0, 1, 5, 8, 7, 0, 0, 0
17:31:16, 1270.00, 29.64, 31.06, 29.547, 0, 1, 0, 0, 2, 4, 9, 14, 13, 1, 0, 0, 0, 0, 0, 0, 0, 1, 4, 8, 6, 0, 0, 0
17:31:17, 1272.30, 29.64, 31.06, 29.547, 0, 1, 0, 0, 2, 5, 9, 15, 12, 1, 0, 0, 0, 0, 0, 0, 0, 1, 4, 7, 6, 0, 0, 0
17:31:18, 1268.40, 29.64, 31.04, 29.547, 0, 1, 0, 0, 2, 4, 8, 13, 11, 1, 0, 0, 0, 0, 0, 0, 0, 2, 6, 9, 8, 0, 0, 0
17:31:19, 1269.20, 29.64, 31.06, 29.555, 0, 1, 0, 0, 2, 4, 9, 14, 14, 1, 0, 0, 0, 0, 0, 0, 0, 2, 6, 10, 9, 0, 0, 0
17:31:19, 1272.50, 29.64, 31.04, 29.555, 0, 1, 0, 0, 2, 5, 10, 16, 16, 2, 0, 0, 0, 0, 0, 0, 0, 1, 5, 9, 8, 0, 0, 0
17:31:20, 1271.90, 29.64, 31.08, 29.547, 0, 1, 0, 0, 2, 5, 9, 15, 15, 1, 0, 0, 0, 0, 0, 0, 0, 1, 5, 9, 8, 0, 0, 0
17:31:21, 1268.50, 29.64, 31.06, 29.547, 0, 1, 0, 0, 2, 4, 8, 14, 13, 1, 0, 0, 0, 0, 0, 0, 0, 2, 6, 10, 9, 0, 0, 0
17:31:21, 1264.90, 29.64, 31.08, 29.547, 0, 1, 0, 0, 2, 5, 10, 16, 16, 2, 0, 0, 0, 0, 0, 0, 1, 2, 6, 10, 9, 0, 0, 0
17:31:22, 1258.30, 29.65, 31.06, 29.547, 0, 1, 0, 1, 3, 7, 14, 21, 22, 2, 0, 0, 0, 0, 0, 0, 1, 3, 9, 14, 13, 0, 0, 0
17:31:23, 1258.80, 29.65, 31.04, 29.555, 0, 1, 0, 0, 2, 4, 8, 13, 14, 1, 0, 0, 0, 0, 0, 0, 1, 4, 10, 16, 15, 0, 0, 0
17:31:23, 1263.90, 29.65, 31.04, 29.555, 0, 1, 0, 1, 3, 7, 13, 21, 23, 2, 0, 0, 0, 0, 0, 0, 1, 2, 7, 12, 11, 0, 0, 0
17:31:24, 1265.60, 29.65, 31.04, 29.547, 0, 1, 0, 0, 2, 5, 10, 16, 15, 2, 0, 0, 0, 0, 0, 0, 1, 2, 7, 11, 9, 0, 0, 0
17:31:25, 1269.40, 29.65, 31.04, 29.555, 0, 1, 0, 0, 2, 4, 8, 13, 12, 1, 0, 0, 0, 0, 0, 0, 1, 2, 7, 11, 10, 0, 0, 0
17:31:25, 1274.40, 29.65, 31.02, 29.555, 0, 1, 0, 0, 2, 4, 8, 12, 13, 1, 0, 0, 0, 0, 0, 0, 0, 2, 6, 9, 8, 0, 0, 0
17:31:26, 1278.60, 29.65, 31.06, 29.547, 0, 1, 0, 0, 2, 4, 8, 13, 13, 1, 0, 0, 0, 0, 0, 0, 0, 1, 5, 8, 7, 0, 0, 0
17:31:27, 1283.70, 29.65, 31.04, 29.562, 0, 1, 0, 0, 1, 3, 7, 11, 10, 1, 0, 0, 0, 0, 0, 0, 0, 1, 4, 7, 6, 0, 0, 0
17:31:27, 1290.10, 29.65, 31.06, 29.562, 0, 1, 0, 0, 1, 3, 6, 10, 9, 1, 0, 0, 0, 0, 0, 0, 0, 1, 3, 6, 5, 0, 0, 0
17:31:28, 1295.90, 29.65, 31.06, 29.555, 0, 0, 0, 0, 1, 3, 5, 8, 8, 1, 0, 0, 0, 0, 0, 0, 0, 1, 3, 6, 5, 0, 0, 0
17:31:29, 1301.80, 29.65, 31.08, 29.570, 0, 0, 0, 0, 1, 3, 6, 9, 10, 1, 0, 0, 0, 0, 0, 0, 0, 0, 3, 5, 4, 0, 0, 0
17:31:29, 1306.50, 29.65, 31.04, 29.570, 0, 0, 0, 0, 1, 3, 5, 9, 9, 1, 0, 0, 0, 0, 0, 0, 0, 0, 2, 4, 3, 0, 0, 0
17:31:30, 1308.90, 29.66, 31.06, 29.570, 0, 0, 0, 0, 1, 3, 5, 8, 8, 1, 0, 0, 0, 0, 0, 0, 0, 0, 2, 3, 3, 0, 0, 0
17:31:31, 1305.60, 29.66, 31.02, 29.578, 0, 0, 0, 0, 1, 2, 5, 8, 7, 1, 0, 0, 0, 0, 0, 0, 0, 0, 2, 4, 4, 0, 0, 0
17:31:31, 1310.30, 29.66, 31.06, 29.578, 0, 0, 0, 0, 1, 2, 4, 7, 8, 1, 0, 0, 0, 0, 0, 0, 0, 0, 2, 4, 3, 0, 0, 0
17:31:32, 1317.10, 29.66, 31.08, 29.586, 0, 0, 0, 0, 1, 3, 5, 8, 9, 1, 0, 0, 0, 0, 0, 0, 0, 0, 2, 3, 3, 0, 0, 0
17:31:33, 1319.80, 29.66, 31.02, 29.602, 0, 0, 0, 0, 1, 2, 4, 7, 7, 1, 0, 0, 0, 0, 0, 0, 0, 0, 1, 3, 2, 0, 0, 0
17:31:33, 1319.70, 29.66, 31.02, 29.602, 0, 0, 0, 0, 1, 2, 4, 6, 6, 1, 0, 0, 0, 0, 0, 0, 0, 0, 1, 3, 2, 0, 0, 0
17:31:34, 1328.00, 29.66, 31.04, 29.602, 0, 0, 0, 0, 0, 2, 4, 6, 6, 1, 0, 0, 0, 0, 0, 0, 0, 0, 1, 2, 2, 0, 0, 0
17:31:35, 1327.20, 29.67, 31.08, 29.617, 0, 0, 0, 0, 0, 2, 3, 5, 4, 1, 0, 0, 0, 0, 0, 0, 0, 0, 1, 2, 2, 0, 0, 0
17:31:35, 1319.80, 29.67, 31.10, 29.617, 0, 0, 0, 0, 0, 2, 3, 5, 5, 1, 0, 0, 0, 0, 0, 0, 0, 0, 2, 3, 3, 0, 0, 0
17:31:36, 1325.80, 29.67, 31.04, 29.609, 0, 0, 0, 0, 0, 2, 3, 6, 6, 1, 0, 0, 0, 0, 0, 0, 0, 0, 2, 3, 3, 0, 0, 0
17:31:37, 1322.90, 29.68, 31.04, 29.609, 0, 0, 0, 0, 0, 2, 3, 5, 5, 1, 0, 0, 0, 0, 0, 0, 0, 0, 2, 3, 3, 0, 0, 0
17:31:37, 1318.90, 29.68, 31.06, 29.609, 0, 0, 0, 0, 1, 2, 4, 7, 6, 1, 0, 0, 0, 0, 0, 0, 0, 0, 2, 4, 3, 0, 0, 0
17:31:38, 1321.80, 29.67, 31.10, 29.594, 0, 0, 0, 0, 1, 3, 5, 9, 8, 1, 0, 0, 0, 0, 0, 0, 0, 0, 2, 4, 3, 0, 0, 0
17:31:39, 1318.80, 29.68, 31.04, 29.594, 0, 0, 0, 0, 1, 2, 5, 8, 8, 1, 0, 0, 0, 0, 0, 0, 0, 0, 3, 5, 4, 0, 0, 0
17:31:39, 1314.60, 29.68, 31.02, 29.594, 0, 0, 0, 0, 1, 3, 5, 8, 8, 1, 0, 0, 0, 0, 0, 0, 0, 1, 3, 5, 5, 0, 0, 0
17:31:40, 1319.70, 29.68, 31.08, 29.594, 0, 0, 0, 0, 1, 4, 7, 11, 12, 1, 0, 0, 0, 0, 0, 0, 0, 0, 3, 4, 4, 0, 0, 0
17:31:41, 1318.60, 29.68, 31.08, 29.594, 0, 0, 0, 0, 1, 3, 5, 8, 7, 1, 0, 0, 0, 0, 0, 0, 0, 1, 3, 5, 4, 0, 0, 0
17:31:41, 1315.40, 29.68, 31.04, 29.594, 0, 0, 0, 0, 1, 3, 6, 9, 9, 1, 0, 0, 0, 0, 0, 0, 0, 1, 4, 6, 5, 0, 0, 0
17:31:42, 1322.00, 29.68, 31.10, 29.602, 0, 1, 0, 0, 1, 4, 7, 11, 12, 1, 0, 0, 0, 0, 0, 0, 0, 1, 3, 5, 5, 0, 0, 0
17:31:43, 1320.40, 29.68, 31.10, 29.609, 0, 0, 0, 0, 1, 3, 5, 9, 9, 1, 0, 0, 0, 0, 0, 0, 0, 1, 3, 5, 5, 0, 0, 0
17:31:43, 1312.10, 29.68, 31.04, 29.609, 0, 0, 0, 0, 1, 3, 7, 10, 10, 1, 0, 0, 0, 0, 0, 0, 0, 1, 4, 7, 6, 0, 0, 0
17:31:44, 1314.30, 29.68, 31.04, 29.617, 0, 1, 0, 0, 2, 5, 9, 14, 13, 1, 0, 0, 0, 0, 0, 0, 0, 1, 4, 6, 5, 0, 0, 0
17:31:45, 1314.10, 29.69, 31.08, 29.617, 0, 1, 0, 0, 2, 4, 9, 13, 13, 1, 0, 0, 0, 0, 0, 0, 0, 1, 4, 6, 6, 0, 0, 0
17:31:45, 1308.10, 29.69, 31.10, 29.617, 0, 1, 0, 0, 2, 4, 9, 13, 14, 1, 0, 0, 0, 0, 0, 0, 0, 2, 5, 8, 8, 0, 0, 0
17:31:46, 1307.90, 29.69, 31.00, 29.633, 0, 1, 0, 0, 3, 6, 12, 18, 20, 2, 0, 0, 0, 0, 0, 0, 0, 2, 5, 7, 7, 0, 0, 0
17:31:47, 1302.50, 29.70, 31.10, 29.664, 0, 1, 0, 0, 3, 7, 14, 20, 22, 2, 0, 0, 0, 0, 0, 0, 1, 2, 7, 10, 9, 0, 0, 0
17:31:47, 1302.40, 29.70, 31.08, 29.664, 0, 1, 0, 1, 4, 9, 18, 25, 27, 2, 0, 0, 0, 0, 0, 0, 0, 2, 6, 9, 8, 0, 0, 0
17:31:48, 1298.60, 29.70, 31.04, 29.687, 0, 1, 0, 1, 4, 9, 17, 24, 25, 2, 0, 0, 0, 0, 0, 0, 1, 3, 7, 10, 9, 0, 0, 0
17:31:49, 1285.90, 29.71, 31.06, 29.711, 0, 1, 0, 1, 3, 8, 14, 21, 20, 2, 0, 0, 0, 0, 0, 0, 2, 5, 12, 17, 15, 1, 0, 0
17:31:49, 1289.90, 29.71, 31.12, 29.711, 1, 1, 0, 1, 6, 12, 24, 33, 37, 3, 0, 0, 0, 0, 0, 0, 1, 3, 9, 13, 13, 0, 0, 0
17:31:50, 1285.50, 29.72, 31.06, 29.695, 1, 1, 1, 1, 6, 12, 23, 32, 38, 3, 0, 0, 0, 0, 0, 0, 2, 5, 12, 17, 17, 1, 0, 0
17:31:51, 1277.40, 29.72, 31.06, 29.703, 0, 1, 0, 1, 3, 7, 14, 20, 21, 2, 0, 0, 0, 0, 0, 1, 3, 7, 16, 23, 20, 1, 0, 0
17:31:51, 1283.30, 29.72, 31.06, 29.703, 1, 1, 0, 1, 5, 11, 21, 30, 27, 2, 0, 0, 0, 0, 0, 0, 2, 4, 11, 16, 14, 1, 0, 0
17:31:52, 1284.10, 29.73, 31.04, 29.695, 1, 1, 0, 1, 4, 8, 16, 23, 22, 2, 0, 0, 0, 0, 0, 0, 2, 4, 11, 16, 15, 1, 0, 0
17:31:53, 1270.70, 29.73, 31.06, 29.703, 1, 1, 0, 1, 4, 10, 18, 27, 30, 3, 0, 0, 0, 0, 0, 1, 3, 7, 17, 24, 23, 1, 0, 0
17:31:53, 1269.20, 29.73, 31.04, 29.703, 1, 1, 1, 2, 9, 19, 36, 51, 56, 5, 0, 0, 0, 0, 0, 1, 2, 6, 14, 20, 21, 1, 0, 0
17:31:54, 1264.60, 29.74, 31.04, 29.703, 1, 2, 1, 2, 7, 15, 28, 41, 45, 4, 0, 0, 0, 0, 0, 1, 3, 7, 17, 24, 23, 1, 0, 0
17:31:55, 1254.90, 29.74, 31.08, 29.703, 1, 1, 1, 2, 7, 15, 28, 41, 45, 4, 0, 0, 0, 0, 1, 1, 4, 10, 22, 31, 30, 2, 0, 0
17:31:55, 1254.60, 29.74, 31.06, 29.703, 2, 2, 1, 2, 11, 21, 41, 58, 69, 6, 0, 0, 0, 0, 0, 1, 3, 8, 19, 27, 27, 2, 0, 0
17:31:56, 1247.10, 29.74, 31.06, 29.703, 2, 2, 1, 3, 10, 19, 37, 53, 57, 5, 0, 0, 0, 0, 1, 1, 5, 11, 25, 34, 32, 2, 0, 0
17:31:57, 1234.30, 29.74, 31.10, 29.703, 2, 2, 1, 3, 11, 21, 39, 56, 54, 4, 0, 0, 1, 1, 1, 2, 8, 17, 38, 51, 44, 3, 0, 0
17:31:57, 1237.40, 29.75, 31.08, 29.711, 2, 2, 2, 4, 16, 30, 56, 80, 86, 7, 0, 0, 1, 0, 1, 1, 6, 12, 27, 37, 37, 2, 0, 0
17:31:58, 1234.60, 29.75, 31.08, 29.711, 2, 3, 2, 4, 16, 29, 54, 77, 92, 7, 0, 0, 1, 0, 1, 2, 6, 13, 29, 40, 41, 3, 0, 0
17:31:59, 1225.30, 29.75, 31.12, 29.711, 2, 2, 2, 4, 15, 28, 51, 71, 82, 7, 0, 0, 1, 1, 2, 2, 11, 22, 47, 62, 58, 4, 0, 0
17:31:59, 1228.60, 29.75, 31.08, 29.719, 3, 3, 3, 6, 23, 41, 76, 105, 115, 9, 0, 0, 1, 1, 1, 2, 7, 15, 33, 44, 47, 3, 0, 0
17:32:00, 1219.00, 29.76, 31.10, 29.719, 4, 4, 4, 7, 26, 47, 87, 119, 163, 13, 0, 0, 1, 1, 1, 2, 10, 21, 44, 58, 63, 5, 0, 0
17:32:01, 1219.20, 29.76, 31.06, 29.719, 2, 3, 2, 5, 14, 25, 47, 62, 81, 7, 0, 0, 2, 2, 3, 4, 12, 23, 49, 64, 71, 6, 0, 0
17:32:01, 1218.90, 29.76, 31.06, 29.719, 5, 5, 5, 10, 32, 57, 102, 140, 203, 16, 0, 0, 2, 1, 2, 3, 11, 22, 46, 61, 70, 5, 0, 0
17:32:02, 1220.40, 29.76, 31.08, 29.719, 4, 5, 5, 9, 28, 51, 92, 125, 152, 12, 0, 0, 2, 1, 2, 3, 11, 23, 48, 64, 68, 5, 0, 0
17:32:03, 1224.50, 29.76, 31.06, 29.719, 4, 4, 4, 9, 29, 52, 95, 129, 163, 13, 0, 0, 1, 1, 2, 2, 10, 20, 42, 56, 58, 4, 0, 0
17:32:03, 1221.70, 29.76, 31.06, 29.719, 5, 5, 5, 9, 33, 59, 105, 141, 164, 13, 0, 0, 2, 2, 2, 4, 12, 25, 51, 67, 67, 5, 0, 0
17:32:04, 1220.60, 29.77, 31.08, 29.727, 6, 6, 6, 11, 41, 72, 129, 175, 206, 16, 0, 0, 2, 1, 2, 3, 13, 25, 52, 68, 72, 6, 0, 0
17:32:05, 1204.00, 29.77, 31.08, 29.727, 7, 7, 7, 14, 50, 86, 150, 203, 237, 18, 0, 0, 3, 3, 3, 6, 24, 46, 91, 117, 126, 11, 0, 0
17:32:05, 1203.30, 29.77, 31.06, 29.734, 10, 9, 10, 21, 82, 138, 238, 317, 370, 28, 0, 0, 3, 3, 4, 6, 23, 43, 85, 110, 118, 10, 0, 0
17:32:06, 1187.10, 29.78, 31.08, 29.750, 11, 11, 12, 24, 79, 133, 225, 300, 337, 26, 0, 0, 5, 4, 6, 10, 40, 73, 139, 175, 190, 17, 0, 0
17:32:07, 1187.50, 29.78, 31.06, 29.750, 11, 10, 12, 24, 107, 175, 291, 384, 429, 33, 0, 0, 5, 5, 6, 10, 36, 66, 125, 159, 176, 15, 0, 0
17:32:07, 1181.40, 29.78, 31.06, 29.766, 17, 15, 19, 39, 118, 192, 317, 422, 465, 35, 0, 0, 6, 5, 7, 12, 43, 78, 147, 187, 203, 18, 0, 0
17:32:08, 1169.90, 29.79, 31.13, 29.781, 19, 16, 21, 43, 141, 225, 362, 477, 516, 40, 0, 0, 11, 9, 11, 20, 68, 120, 221, 277, 297, 26, 0, 0
17:32:09, 1172.60, 29.79, 31.08, 29.781, 25, 24, 32, 67, 196, 307, 515, 672, 793, 60, 0, 0, 8, 7, 9, 16, 55, 98, 181, 229, 257, 22, 0, 0
17:32:09, 1165.60, 29.80, 31.04, 29.789, 23, 21, 27, 57, 168, 266, 443, 585, 727, 55, 0, 0, 9, 7, 9, 17, 69, 122, 225, 283, 307, 27, 0, 0
17:32:10, 1154.90, 29.80, 31.08, 29.773, 22, 20, 26, 55, 152, 242, 384, 498, 612, 48, 0, 0, 15, 13, 16, 30, 91, 157, 283, 351, 393, 35, 0, 0
17:32:11, 1156.80, 29.80, 31.13, 29.773, 33, 31, 43, 93, 254, 390, 634, 829, 1008, 76, 0, 0, 11, 9, 12, 23, 77, 133, 236, 294, 360, 32, 0, 0
17:32:11, 1157.20, 29.80, 31.12, 29.766, 33, 32, 43, 96, 257, 397, 647, 827, 1322, 103, 0, 0, 11, 9, 12, 23, 73, 126, 224, 280, 348, 30, 0, 0
17:32:12, 1146.10, 29.80, 31.06, 29.766, 25, 23, 31, 68, 164, 256, 412, 518, 783, 62, 0, 0, 15, 13, 17, 32, 113, 192, 336, 413, 510, 46, 0, 0
17:32:13, 1149.40, 29.80, 31.04, 29.766, 28, 25, 35, 79, 273, 414, 658, 852, 1201, 92, 0, 0, 12, 10, 13, 26, 83, 141, 246, 304, 384, 34, 0, 0
17:32:13, 1144.00, 29.80, 31.10, 29.766, 40, 38, 54, 122, 315, 475, 761, 972, 1452, 111, 0, 0, 12, 10, 13, 26, 88, 150, 262, 322, 394, 35, 0, 0
17:32:14, 1133.10, 29.81, 31.12, 29.773, 33, 29, 42, 93, 264, 400, 599, 770, 1009, 78, 0, 0, 21, 18, 24, 48, 153, 252, 431, 520, 605, 55, 0, 0
17:32:15, 1134.30, 29.81, 31.10, 29.773, 55, 54, 82, 185, 475, 709, 1110, 1376, 2104, 158, 0, 0, 15, 12, 17, 34, 111, 183, 310, 374, 481, 42, 0, 0
17:32:15, 1121.10, 29.81, 31.08, 29.766, 51, 47, 71, 158, 384, 567, 844, 1094, 1366, 104, 0, 0, 21, 17, 24, 49, 163, 263, 441, 526, 641, 58, 0, 0
17:32:16, 1122.90, 29.81, 31.06, 29.758, 57, 51, 83, 187, 424, 615, 894, 1112, 1559, 122, 0, 0, 24, 21, 29, 61, 166, 265, 435, 519, 717, 63, 0, 0
17:32:17, 1116.90, 29.81, 31.06, 29.758, 87, 88, 145, 328, 694, 970, 1481, 1900, 2972, 227, 0, 0, 24, 20, 29, 60, 188, 298, 489, 583, 773, 69, 0, 0
17:32:17, 1111.00, 29.81, 31.08, 29.758, 75, 68, 114, 258, 604, 865, 1230, 1508, 2334, 185, 0, 0, 36, 31, 45, 97, 256, 397, 637, 753, 1029, 92, 0, 0
17:32:18, 1111.50, 29.81, 31.06, 29.758, 129, 135, 233, 523, 1108, 1535, 2276, 2831, 4687, 356, 0, 0, 31, 27, 39, 84, 241, 375, 602, 714, 989, 88, 0, 0
17:32:19, 1099.00, 29.81, 31.08, 29.758, 109, 104, 177, 385, 742, 1058, 1481, 1877, 2594, 201, 0, 0, 39, 33, 49, 106, 325, 495, 787, 923, 1212, 110, 0, 0
17:32:19, 1097.00, 29.81, 31.06, 29.773, 123, 113, 206, 435, 852, 1176, 1591, 1982, 2682, 216, 0, 0, 48, 41, 63, 141, 338, 506, 794, 925, 1232, 111, 0, 0
17:32:20, 1095.50, 29.82, 31.08, 29.789, 179, 196, 354, 737, 1371, 1817, 2566, 3308, 4266, 331, 0, 0, 46, 40, 61, 134, 357, 535, 836, 974, 1313, 119, 0, 0
17:32:21, 1081.10, 29.82, 31.08, 29.789, 190, 204, 369, 763, 1387, 1847, 2514, 3200, 4288, 337, 0, 0, 60, 53, 84, 188, 555, 805, 1230, 1416, 1954, 179, 0, 0
17:32:21, 1079.40, 29.83, 31.08, 29.797, 205, 202, 385, 785, 1626, 2172, 2843, 3512, 5399, 444, 0, 0, 73, 65, 108, 241, 577, 827, 1249, 1438, 2106, 192, 0, 0
17:32:22, 1080.60, 29.83, 31.08, 29.789, 327, 417, 807, 1572, 2783, 3479, 4858, 6090, 10783, 897, 0, 0, 75, 68, 114, 254, 618, 883, 1325, 1531, 2403, 216, 0, 0
17:32:23, 1066.00, 29.83, 31.08, 29.789, 323, 405, 773, 1516, 2484, 3165, 4368, 5442, 9163, 734, 0, 0, 85, 78, 132, 294, 843, 1180, 1750, 2003, 3032, 282, 0, 0
17:32:23, 1066.20, 29.83, 31.08, 29.773, 216, 256, 497, 968, 1743, 2239, 2917, 3350, 6487, 601, 0, 0, 103, 96, 171, 377, 783, 1088, 1594, 1821, 2839, 261, 0, 0
17:32:24, 1062.80, 29.83, 31.12, 29.773, 449, 583, 1079, 2049, 3454, 4460, 6097, 7449, 14720, 1257, 0, 0, 105, 98, 175, 386, 870, 1202, 1759, 2004, 3174, 291, 0, 0
17:32:25, 1051.70, 29.83, 31.10, 29.773, 539, 594, 1151, 2101, 3548, 4831, 5587, 6849, 11423, 1106, 0, 0, 167, 166, 315, 675, 1551, 2057, 2953, 3304, 5044, 482, 0, 0
17:32:25, 1051.00, 29.83, 31.08, 29.773, 825, 1250, 2267, 3913, 6684, 7766, 10607, 12897, 18537, 1695, 0, 0, 141, 138, 261, 562, 1249, 1666, 2388, 2678, 4232, 399, 0, 0
17:32:26, 1035.20, 29.84, 31.08, 29.781, 820, 938, 1843, 2932, 3893, 4967, 5570, 7013, 11097, 1152, 0, 0, 205, 214, 419, 874, 1881, 2410, 3364, 3719, 5857, 567, 0, 0
17:32:27, 1038.40, 29.84, 31.06, 29.781, 1098, 1219, 2327, 3288, 5851, 7164, 7640, 10387, 14242, 1672, 0, 0, 203, 217, 430, 886, 1671, 2138, 2970, 3290, 5426, 524, 0, 0
17:32:27, 1037.00, 29.84, 31.04, 29.789, 1252, 2042, 3493, 5402, 7355, 8183, 10307, 13268, 17128, 1869, 0, 0, 203, 214, 424, 880, 1823, 2340, 3259, 3603, 5806, 560, 0, 0
17:32:28, 1024.40, 29.84, 31.10, 29.820, 1549, 1529, 2969, 4094, 4789, 5937, 6352, 7813, 14588, 1961, 0, 0, 322, 376, 760, 1483, 2935, 3612, 4905, 5350, 8653, 869, 0, 0
17:32:29, 1018.80, 29.85, 31.12, 29.820, 2619, 4616, 6725, 10085, 15072, 17952, 20643, 24358, 22098, 3417, 0, 0, 297, 352, 712, 1384, 2719, 3330, 4499, 4899, 7981, 803, 0, 0
17:32:29, 1006.30, 29.86, 31.06, 29.844, 5152, 7103, 11093, 12239, 14394, 14997, 14850, 22148, 27184, 5563, 0, 0, 465, 623, 1226, 2182, 3694, 4335, 5675, 6113, 11561, 1298, 0, 0
17:32:30, 1010.60, 29.87, 31.08, 29.875, 7097, 13582, 16465, 21765, 23183, 20718, 28709, 32840, 33765, 9383, 0, 1, 423, 554, 1102, 1998, 3361, 4005, 5296, 5715, 10159, 1077, 0, 0
17:32:31, 1008.20, 29.88, 31.06, 29.875, 4843, 9196, 11565, 14146, 10260, 13380, 12370, 17606, 28374, 6438, 0, 0, 457, 606, 1201, 2156, 3513, 4160, 5502, 5939, 11041, 1214, 0, 0
17:32:31, 1004.20, 29.89, 31.10, 29.906, 6362, 12066, 14818, 19126, 28794, 23828, 35751, 36000, 34855, 11448, 1, 1, 442, 599, 1163, 2028, 4140, 4788, 6123, 6614, 12507, 1739, 0, 0
17:32:32, 1004.20, 29.89, 31.10, 29.906, 8890, 16030, 25120, 30314, 33914, 33467, 36000, 36000, 36000, 36000, 1, 1, 1991, 2899, 4573, 6089, 9591, 10757, 12725, 14850, 27681, 6024, 0, 0
17:32:33, 1004.20, 29.90, 31.13, 29.906, 9130, 15859, 30026, 25058, 29398, 32211, 36000, 36000, 36000, 36000, 1, 1, 4248, 6621, 10018, 12769, 18097, 18927, 24285, 26689, 36000, 33370, 1, 1
