Secchi Depth (cm) = 9999
Forel Ule Scale = 99
pH Colour Scale = 99
SensingSecchi S/N = A017
Latitude (degs N) = 34.30177
Longitude (degs E) = -78.01364
Date = 2026-07-28
Time (UTC), Pressure (mbar) MS5803, Temp (deg C) MS5803, Temp (deg C) 10KTHERM, Temp (deg C) TMP117, ED 415nm, ED 445nm, ED 480nm, ED 515nm, ED 555nm, ED 590nm, ED 630nm, ED 680nm, ED Clear, ED NIR, ED D-SAT, ED A-SAT, EU 415nm, EU 445nm, EU 480nm, EU 515nm, EU 555nm, EU 590nm, EU 630nm, EU 680nm, EU Clear, EU NIR, EU D-SAT, EU A-SAT
17:12:00, 1003.60, 29.04, 31.15, 27.016, 1784, 2732, 3782, 4485, 5149, 5307, 6358, 6848, 28918, 10923, 0, 0, 5575, 8063, 10425, 12744, 15078, 17924, 22918, 29988, 36000, 36000, 1, 1
17:12:00, 1003.70, 29.05, 31.19, 27.016, 1805, 2750, 3837, 4547, 4716, 4899, 5964, 6271, 28251, 10533, 0, 0, 5782, 8592, 11267, 13987, 18908, 20998, 26698, 31576, 36000, 36000, 1, 1
17:12:01, 1003.50, 29.06, 31.17, 27.016, 2020, 3051, 4121, 5048, 6352, 6888, 8018, 8803, 31266, 10625, 0, 0, 1749, 2190, 3244, 4201, 6506, 6940, 8798, 9197, 33275, 18477, 0, 1
17:12:02, 1003.80, 29.06, 31.15, 26.922, 2304, 3351, 4787, 5543, 6511, 6730, 7865, 8850, 31605, 12186, 0, 0, 1034, 1537, 2213, 3111, 3248, 3316, 4060, 4078, 11236, 3378, 0, 0
17:12:02, 1003.70, 29.07, 31.19, 26.922, 2155, 3328, 4764, 5453, 6496, 7044, 8177, 8886, 32466, 11568, 0, 1, 459, 683, 1072, 1437, 1899, 1976, 2332, 2377, 9115, 2592, 0, 0
17:12:03, 1006.40, 29.12, 31.19, 26.914, 2205, 3255, 4634, 5416, 6131, 6672, 7611, 8301, 30063, 10657, 0, 0, 116, 175, 354, 622, 1015, 1106, 1291, 1212, 2498, 228, 0, 0
17:12:04, 1011.50, 29.21, 31.25, 28.203, 1691, 2745, 3847, 4639, 5419, 5700, 6557, 7457, 21315, 4688, 0, 0, 108, 155, 328, 607, 1030, 1136, 1336, 1246, 2346, 208, 0, 0
17:12:04, 1009.00, 29.25, 31.19, 28.203, 904, 1463, 2208, 2708, 3434, 3613, 4221, 4678, 9014, 1385, 0, 0, 134, 192, 406, 749, 1285, 1407, 1659, 1541, 2826, 255, 0, 0
17:12:05, 1009.90, 29.27, 31.19, 28.945, 1222, 1948, 2852, 3544, 4304, 4586, 5314, 5994, 10632, 1829, 0, 0, 140, 200, 420, 770, 1305, 1433, 1694, 1574, 2928, 267, 0, 0
17:12:06, 1019.10, 29.30, 31.19, 29.367, 1072, 1764, 2653, 3373, 3749, 4113, 4822, 5430, 10856, 1627, 0, 0, 93, 127, 277, 534, 893, 1004, 1190, 1120, 2130, 187, 0, 0
17:12:06, 1019.00, 29.34, 31.17, 29.367, 847, 1421, 2222, 2902, 2623, 2854, 3270, 3761, 4811, 633, 0, 0, 122, 165, 358, 692, 1199, 1341, 1608, 1495, 2655, 234, 0, 0
17:12:07, 1017.80, 29.37, 31.15, 29.602, 752, 1270, 2082, 2735, 3667, 3939, 4612, 5115, 9647, 1126, 0, 0, 114, 151, 330, 646, 1189, 1335, 1595, 1499, 2590, 224, 0, 0
17:12:08, 1009.30, 29.40, 31.17, 29.727, 986, 1728, 2643, 3494, 4185, 4432, 5202, 5832, 12018, 1791, 0, 0, 159, 229, 477, 872, 1439, 1586, 1883, 1779, 3151, 281, 0, 0
17:12:08, 1011.30, 29.42, 31.15, 29.727, 1230, 1970, 2878, 3647, 4200, 4509, 5171, 5848, 10499, 1746, 0, 0, 138, 192, 407, 763, 1274, 1422, 1709, 1617, 2917, 263, 0, 0
17:12:09, 1011.40, 29.44, 31.19, 29.797, 1078, 1732, 2595, 3242, 3472, 3822, 4401, 4966, 10072, 1658, 0, 0, 128, 183, 381, 704, 1132, 1264, 1509, 1422, 2684, 243, 0, 0
17:12:10, 1011.00, 29.46, 31.17, 29.844, 1011, 1631, 2389, 3025, 3468, 3692, 4359, 4809, 10187, 1722, 0, 0, 111, 158, 331, 615, 1023, 1138, 1351, 1262, 2468, 223, 0, 0
17:12:10, 1010.80, 29.48, 31.15, 29.844, 966, 1531, 2251, 2788, 3062, 3357, 3800, 4285, 9279, 1721, 0, 0, 83, 118, 250, 468, 770, 859, 1015, 944, 1740, 153, 0, 0
17:12:11, 1010.40, 29.49, 31.10, 29.867, 681, 1081, 1555, 1869, 2867, 3015, 3571, 3955, 7741, 1451, 0, 0, 87, 122, 256, 484, 787, 882, 1049, 975, 1719, 152, 0, 0
17:12:12, 1010.60, 29.50, 31.15, 29.875, 686, 1040, 1488, 1765, 2666, 2890, 3270, 3706, 10151, 2648, 0, 0, 95, 133, 279, 518, 960, 1071, 1273, 1206, 2223, 199, 0, 0
17:12:12, 1009.60, 29.51, 31.12, 29.875, 1429, 2386, 3474, 4149, 5375, 5489, 6479, 7297, 24537, 5168, 0, 0, 95, 135, 282, 523, 942, 1049, 1244, 1181, 2299, 206, 0, 0
17:12:13, 1010.30, 29.52, 31.13, 29.875, 1649, 2820, 3922, 4821, 5747, 5866, 7058, 7809, 22851, 5110, 0, 0, 113, 164, 341, 622, 1106, 1222, 1440, 1367, 2631, 236, 0, 0
17:12:14, 1008.50, 29.53, 31.13, 29.867, 1709, 2841, 4029, 5046, 6102, 6505, 7652, 8343, 27496, 6408, 0, 0, 126, 184, 380, 685, 1173, 1285, 1508, 1421, 2759, 250, 0, 0
17:12:14, 1007.50, 29.54, 31.10, 29.867, 1818, 2871, 4062, 4986, 5285, 5606, 6361, 7220, 18651, 4176, 0, 0, 128, 186, 389, 709, 1160, 1273, 1505, 1400, 2529, 227, 0, 0
17:12:15, 1006.70, 29.54, 31.13, 29.852, 1729, 2796, 3921, 4655, 5357, 5861, 6706, 7482, 19518, 4690, 0, 0, 110, 160, 332, 606, 1004, 1109, 1307, 1218, 2335, 213, 0, 0
17:12:16, 1007.40, 29.55, 31.13, 29.836, 1616, 2584, 3594, 4336, 4263, 4589, 5287, 5873, 13058, 3120, 0, 0, 99, 143, 301, 555, 992, 1095, 1293, 1200, 2286, 208, 0, 0
17:12:16, 1007.90, 29.55, 31.12, 29.836, 1489, 2442, 3439, 3983, 4700, 5067, 5727, 6694, 16004, 3843, 0, 0, 92, 131, 276, 513, 903, 998, 1181, 1091, 1958, 176, 0, 0
17:12:17, 1009.60, 29.56, 31.10, 29.828, 1679, 2676, 3870, 4542, 4897, 5229, 5841, 6949, 18276, 4156, 0, 0, 97, 139, 293, 539, 913, 1004, 1183, 1104, 2090, 188, 0, 0
17:12:18, 1007.90, 29.56, 31.06, 29.812, 1650, 2709, 3808, 4810, 5770, 6080, 7167, 7873, 25817, 5630, 0, 0, 120, 177, 368, 664, 1135, 1241, 1449, 1371, 2850, 262, 0, 0
17:12:18, 1008.40, 29.57, 31.10, 29.812, 2103, 3333, 4715, 5718, 6023, 6344, 7489, 8197, 26156, 6381, 0, 0, 127, 187, 387, 696, 1172, 1288, 1517, 1431, 2708, 246, 0, 0
17:12:19, 1010.00, 29.56, 31.12, 29.781, 1810, 2879, 4104, 4954, 5784, 6158, 7105, 8044, 24064, 5267, 0, 0, 109, 156, 328, 604, 1031, 1146, 1367, 1286, 2308, 207, 0, 0
17:12:20, 1010.80, 29.57, 31.10, 29.758, 1316, 2192, 3167, 3807, 5247, 5642, 6437, 7400, 18395, 3241, 0, 0, 94, 131, 278, 520, 917, 1028, 1232, 1159, 2066, 185, 0, 0
17:12:20, 1012.00, 29.57, 31.10, 29.758, 1289, 2128, 3144, 3919, 5068, 5397, 6171, 7170, 17603, 3020, 0, 0, 104, 145, 309, 581, 1057, 1181, 1417, 1338, 2349, 209, 0, 0
17:12:21, 1010.00, 29.57, 31.12, 29.727, 1594, 2609, 3804, 4726, 5790, 6110, 7067, 7923, 22897, 4453, 0, 0, 115, 161, 340, 629, 1143, 1274, 1523, 1448, 2653, 240, 0, 0
17:12:22, 1009.40, 29.57, 31.10, 29.727, 1769, 2769, 3973, 5017, 5808, 6296, 7276, 7961, 23253, 5181, 0, 0, 112, 157, 329, 608, 1038, 1162, 1396, 1325, 2356, 212, 0, 0
17:12:22, 1009.60, 29.58, 31.12, 29.703, 1604, 2606, 3792, 4529, 4975, 5219, 6017, 6982, 15785, 2926, 0, 0, 102, 142, 300, 562, 922, 1035, 1247, 1177, 2047, 183, 0, 0
17:12:23, 1009.20, 29.57, 31.12, 29.687, 1522, 2534, 3589, 4433, 5165, 5538, 6344, 7239, 18408, 3513, 0, 0, 101, 141, 296, 548, 968, 1081, 1298, 1230, 2215, 200, 0, 0
17:12:24, 1008.40, 29.58, 31.12, 29.687, 1722, 2839, 3970, 4978, 6257, 6635, 7784, 8441, 28584, 6965, 0, 0, 127, 183, 377, 681, 1162, 1290, 1534, 1472, 2932, 271, 0, 0
17:12:24, 1008.90, 29.58, 31.13, 29.664, 1614, 2687, 3677, 4722, 5131, 5506, 6437, 7086, 17379, 3325, 0, 0, 123, 175, 365, 671, 1117, 1247, 1498, 1426, 2572, 233, 0, 0
17:12:25, 1008.60, 29.58, 31.08, 29.656, 1596, 2537, 3717, 4383, 5023, 5217, 5998, 6930, 14499, 2916, 0, 0, 126, 178, 371, 683, 1063, 1191, 1438, 1363, 2388, 217, 0, 0
17:12:26, 1009.20, 29.58, 31.10, 29.656, 1468, 2350, 3383, 4092, 4857, 5250, 5978, 6832, 14052, 2838, 0, 0, 102, 143, 299, 556, 924, 1037, 1251, 1186, 2169, 200, 0, 0
17:12:26, 1010.10, 29.58, 31.12, 29.633, 1527, 2464, 3488, 4250, 5146, 5589, 6363, 7156, 17455, 3507, 0, 0, 99, 139, 292, 541, 938, 1057, 1274, 1212, 2169, 197, 0, 0
17:12:27, 1012.00, 29.58, 31.08, 29.625, 1593, 2635, 3822, 4607, 5777, 6213, 7049, 8252, 23192, 4367, 0, 0, 108, 151, 316, 583, 1074, 1212, 1468, 1414, 2580, 237, 0, 0
17:12:28, 1010.90, 29.58, 31.10, 29.625, 1597, 2567, 3742, 4723, 6182, 6526, 7593, 8440, 25176, 4805, 0, 0, 128, 181, 377, 691, 1220, 1374, 1660, 1615, 3026, 280, 0, 0
17:12:28, 1010.60, 29.58, 31.15, 29.609, 1740, 2730, 4048, 4915, 5717, 6173, 7131, 7866, 23657, 4913, 0, 0, 133, 186, 387, 709, 1195, 1346, 1635, 1578, 2765, 253, 0, 0
17:12:29, 1011.20, 29.58, 31.10, 29.594, 1632, 2685, 3941, 4782, 5737, 6144, 6973, 8047, 21429, 4130, 0, 0, 107, 148, 310, 578, 996, 1131, 1379, 1327, 2315, 213, 0, 0
17:12:30, 1012.50, 29.58, 31.13, 29.578, 1476, 2459, 3449, 4278, 5094, 5612, 6585, 7241, 20978, 4024, 0, 0, 98, 138, 285, 518, 887, 1006, 1215, 1174, 2063, 191, 0, 0
17:12:30, 1012.40, 29.58, 31.08, 29.578, 1103, 1812, 2699, 3257, 4383, 4559, 5452, 6125, 12904, 2374, 0, 0, 86, 119, 249, 464, 806, 915, 1102, 1058, 1851, 170, 0, 0
17:12:31, 1012.20, 29.58, 31.10, 29.555, 1162, 1939, 2820, 3452, 4621, 4978, 5841, 6406, 13910, 2433, 0, 0, 89, 122, 258, 487, 838, 949, 1147, 1096, 1952, 176, 0, 0
17:12:32, 1012.30, 29.58, 31.06, 29.555, 1533, 2553, 3745, 4513, 5391, 5635, 6646, 7452, 21217, 3941, 0, 0, 101, 140, 296, 552, 975, 1098, 1325, 1269, 2334, 209, 0, 0
17:12:32, 1011.40, 29.58, 31.06, 29.555, 1700, 2901, 4167, 5184, 5941, 6350, 7512, 8125, 27633, 5660, 0, 0, 123, 177, 365, 662, 1144, 1280, 1528, 1476, 2940, 268, 0, 0
17:12:33, 1011.80, 29.58, 31.10, 29.555, 1817, 2944, 4233, 5265, 5883, 6285, 7433, 8028, 27484, 6025, 0, 0, 121, 175, 363, 659, 1092, 1221, 1464, 1405, 2644, 239, 0, 0
17:12:34, 1013.00, 29.58, 31.08, 29.555, 1547, 2542, 3670, 4595, 5571, 5861, 6780, 7687, 19504, 3688, 0, 0, 99, 139, 294, 549, 898, 1005, 1202, 1139, 2066, 185, 0, 0
17:12:34, 1014.10, 29.58, 31.06, 29.570, 1398, 2253, 3232, 4081, 4158, 4403, 5281, 5686, 12503, 2226, 0, 0, 87, 122, 260, 488, 816, 913, 1084, 1021, 1846, 166, 0, 0
17:12:35, 1013.30, 29.58, 31.12, 29.609, 1153, 1878, 2680, 3625, 3782, 4169, 5010, 5225, 11654, 1914, 0, 0, 87, 121, 259, 493, 862, 969, 1156, 1085, 1905, 168, 0, 0
17:12:36, 1012.20, 29.59, 31.06, 29.609, 1392, 2370, 3510, 4331, 4815, 5158, 6039, 6902, 14998, 2438, 0, 0, 94, 129, 277, 527, 925, 1037, 1243, 1167, 2054, 181, 0, 0
17:12:36, 1012.70, 29.60, 31.10, 29.656, 1645, 2735, 4038, 4895, 5490, 5766, 6754, 7561, 19132, 3596, 0, 0, 110, 155, 328, 610, 1021, 1141, 1365, 1299, 2393, 216, 0, 0
17:12:37, 1013.10, 29.60, 31.08, 29.687, 1604, 2674, 3926, 4651, 5747, 5906, 6942, 7942, 25658, 4788, 0, 0, 107, 149, 315, 587, 1068, 1200, 1442, 1377, 2499, 226, 0, 0
17:12:38, 1009.80, 29.61, 31.10, 29.687, 1740, 2833, 4147, 5098, 5829, 6160, 7195, 7940, 21990, 4198, 0, 0, 127, 180, 377, 693, 1166, 1301, 1559, 1490, 2730, 250, 0, 0
17:12:38, 1009.90, 29.61, 31.06, 29.695, 1873, 2889, 4107, 5066, 5664, 6118, 6987, 7716, 19175, 4265, 0, 0, 129, 184, 382, 698, 1131, 1266, 1522, 1452, 2606, 239, 0, 0
17:12:39, 1013.20, 29.62, 31.08, 29.664, 1609, 2602, 3778, 4560, 4663, 4958, 5815, 6409, 13192, 2461, 0, 0, 101, 141, 297, 553, 887, 999, 1196, 1145, 2050, 188, 0, 0
17:12:40, 1014.20, 29.62, 31.10, 29.664, 855, 1351, 1860, 2447, 2513, 2540, 3103, 3448, 5046, 1004, 0, 0, 86, 117, 249, 476, 812, 923, 1119, 1065, 1854, 165, 0, 0
17:12:40, 1015.50, 29.62, 31.13, 29.625, 653, 1037, 1605, 1959, 2450, 2601, 3061, 3338, 4107, 766, 0, 0, 77, 101, 216, 422, 775, 888, 1079, 1026, 1706, 149, 0, 0
17:12:41, 1024.50, 29.62, 31.08, 29.625, 383, 558, 852, 1233, 1379, 1472, 1850, 1868, 2738, 470, 0, 0, 71, 92, 198, 388, 672, 782, 955, 914, 1536, 133, 0, 0
17:12:42, 1034.00, 29.62, 31.08, 29.625, 587, 1046, 1767, 2394, 3068, 3385, 3971, 4478, 8916, 1008, 0, 0, 75, 92, 202, 411, 786, 920, 1129, 1088, 1897, 164, 0, 0
17:12:42, 1046.40, 29.62, 31.08, 29.625, 587, 1048, 1852, 2722, 3644, 3994, 4817, 5363, 13781, 1393, 0, 0, 67, 77, 171, 364, 691, 824, 1022, 989, 1787, 152, 0, 0
17:12:43, 1056.60, 29.62, 31.12, 29.617, 423, 726, 1408, 2222, 3091, 3421, 4126, 4642, 10569, 905, 0, 0, 58, 61, 134, 302, 601, 734, 920, 891, 1546, 131, 0, 0
17:12:44, 1063.90, 29.62, 31.06, 29.617, 329, 534, 1088, 1835, 2631, 2982, 3665, 4042, 8533, 675, 0, 0, 53, 53, 115, 267, 559, 692, 872, 845, 1450, 123, 0, 0
17:12:44, 1073.00, 29.62, 31.10, 29.547, 270, 428, 900, 1567, 2337, 2668, 3306, 3668, 6892, 516, 0, 0, 47, 45, 97, 230, 497, 625, 794, 769, 1290, 110, 0, 0
17:12:45, 1080.70, 29.61, 31.08, 29.469, 210, 315, 678, 1249, 1848, 2140, 2696, 2975, 4933, 355, 0, 0, 43, 40, 82, 201, 454, 581, 747, 722, 1161, 99, 0, 0
17:12:46, 1086.50, 29.60, 31.10, 29.469, 180, 254, 538, 1088, 1722, 2049, 2610, 2794, 5364, 391, 0, 0, 37, 34, 68, 170, 399, 515, 663, 641, 1044, 88, 0, 0
17:12:46, 1095.60, 29.59, 31.04, 29.430, 146, 202, 442, 886, 1592, 1865, 2396, 2573, 4528, 332, 0, 0, 33, 30, 60, 150, 359, 467, 601, 583, 987, 83, 0, 0
17:12:47, 1103.70, 29.59, 31.08, 29.398, 138, 180, 400, 840, 1328, 1576, 2030, 2185, 4220, 314, 0, 0, 31, 27, 53, 134, 329, 438, 573, 557, 953, 80, 0, 0
17:12:48, 1106.80, 29.58, 31.08, 29.398, 122, 150, 335, 722, 1271, 1519, 1963, 2103, 4261, 316, 0, 0, 30, 26, 49, 125, 314, 420, 551, 535, 903, 76, 0, 0
17:12:48, 1110.40, 29.57, 31.06, 29.383, 122, 148, 329, 712, 1304, 1570, 2028, 2207, 3933, 288, 0, 0, 27, 23, 43, 111, 289, 387, 509, 491, 787, 66, 0, 0
17:12:49, 1118.10, 29.57, 31.08, 29.359, 111, 133, 291, 650, 1179, 1440, 1869, 2013, 3651, 261, 0, 0, 25, 21, 39, 101, 260, 353, 466, 451, 726, 61, 0, 0
17:12:50, 1125.20, 29.56, 31.08, 29.359, 88, 100, 216, 501, 951, 1183, 1552, 1653, 2697, 189, 0, 0, 22, 18, 32, 84, 229, 316, 420, 406, 635, 54, 0, 0
17:12:50, 1127.70, 29.56, 31.10, 29.344, 78, 86, 182, 429, 854, 1072, 1399, 1508, 2334, 162, 0, 0, 21, 18, 31, 80, 222, 307, 409, 395, 610, 52, 0, 0
17:12:51, 1133.30, 29.56, 31.12, 29.336, 79, 86, 182, 431, 868, 1095, 1434, 1547, 2682, 186, 0, 0, 20, 17, 29, 75, 210, 292, 390, 378, 593, 50, 0, 0
17:12:52, 1142.60, 29.55, 31.10, 29.336, 66, 69, 142, 345, 734, 935, 1238, 1335, 2313, 163, 0, 0, 17, 14, 24, 61, 177, 252, 342, 330, 495, 42, 0, 0
17:12:52, 1146.20, 29.55, 31.06, 29.320, 58, 59, 119, 295, 633, 815, 1086, 1164, 1880, 133, 0, 0, 16, 13, 21, 55, 166, 237, 323, 315, 473, 40, 0, 0
17:12:53, 1151.60, 29.55, 31.06, 29.312, 55, 56, 111, 279, 626, 807, 1078, 1154, 1912, 136, 0, 0, 15, 12, 20, 52, 158, 227, 310, 303, 459, 39, 0, 0
17:12:54, 1160.30, 29.54, 31.06, 29.312, 52, 51, 99, 253, 556, 728, 970, 1033, 1841, 132, 0, 0, 13, 11, 17, 44, 133, 194, 268, 262, 394, 33, 0, 0
17:12:54, 1165.80, 29.54, 31.08, 29.312, 44, 43, 81, 210, 479, 633, 858, 911, 1473, 105, 0, 0, 12, 10, 15, 38, 120, 178, 248, 243, 359, 30, 0, 0
17:12:55, 1171.60, 29.54, 31.06, 29.305, 41, 40, 73, 191, 451, 600, 814, 864, 1391, 100, 0, 0, 11, 9, 14, 35, 112, 167, 234, 230, 341, 29, 0, 0
17:12:56, 1180.60, 29.53, 31.04, 29.305, 37, 35, 63, 166, 392, 526, 720, 765, 1211, 87, 0, 0, 10, 8, 12, 30, 95, 144, 204, 201, 293, 25, 0, 0
17:12:56, 1187.80, 29.53, 31.06, 29.297, 31, 29, 50, 134, 326, 445, 614, 653, 1007, 73, 0, 0, 8, 7, 10, 24, 82, 126, 180, 178, 254, 21, 0, 0
17:12:57, 1192.20, 29.53, 31.06, 29.297, 28, 26, 44, 116, 300, 412, 570, 607, 923, 66, 0, 0, 8, 6, 9, 22, 77, 118, 170, 168, 241, 20, 0, 0
17:12:58, 1198.10, 29.53, 31.06, 29.297, 26, 24, 40, 107, 277, 383, 533, 567, 904, 65, 0, 0, 7, 6, 8, 20, 68, 107, 154, 153, 218, 18, 0, 0
17:12:58, 1208.20, 29.53, 31.06, 29.281, 22, 21, 33, 89, 235, 329, 461, 490, 773, 56, 0, 0, 6, 5, 7, 16, 56, 88, 129, 128, 179, 15, 0, 0
17:12:59, 1211.60, 29.52, 31.02, 29.281, 19, 17, 27, 71, 199, 283, 398, 424, 629, 45, 0, 0, 5, 4, 6, 14, 51, 81, 120, 118, 164, 13, 0, 0
17:13:00, 1214.80, 29.52, 31.04, 29.281, 18, 17, 25, 67, 189, 271, 382, 408, 605, 44, 0, 0, 5, 4, 5, 13, 48, 78, 114, 114, 159, 13, 0, 0
17:13:00, 1221.30, 29.52, 31.10, 29.281, 16, 15, 22, 59, 168, 243, 341, 362, 589, 43, 0, 0, 4, 3, 5, 11, 42, 69, 102, 102, 141, 12, 0, 0
17:13:01, 1224.60, 29.52, 31.06, 29.281, 14, 13, 19, 49, 147, 215, 306, 328, 495, 36, 0, 0, 4, 3, 4, 10, 39, 65, 97, 96, 133, 11, 0, 0
17:13:02, 1227.90, 29.52, 31.04, 29.281, 14, 13, 18, 47, 142, 208, 297, 318, 489, 36, 0, 0, 4, 3, 4, 10, 38, 62, 93, 93, 130, 10, 0, 0
17:13:02, 1232.60, 29.52, 31.02, 29.273, 13, 12, 17, 45, 135, 198, 284, 303, 473, 35, 0, 0, 4, 3, 4, 9, 35, 58, 87, 87, 121, 10, 0, 0
17:13:03, 1239.00, 29.51, 31.08, 29.266, 12, 11, 15, 40, 119, 177, 255, 271, 417, 31, 0, 0, 3, 2, 3, 8, 30, 51, 77, 78, 106, 8, 0, 0
17:13:04, 1242.60, 29.51, 31.06, 29.266, 10, 10, 13, 34, 108, 162, 234, 250, 367, 27, 0, 0, 3, 2, 3, 7, 28, 47, 73, 73, 100, 8, 0, 0
17:13:04, 1247.40, 29.51, 31.06, 29.258, 10, 9, 12, 32, 99, 150, 217, 233, 352, 26, 0, 0, 2, 2, 3, 6, 26, 43, 67, 67, 92, 7, 0, 0
17:13:05, 1253.60, 29.51, 31.02, 29.258, 9, 9, 11, 29, 92, 140, 204, 218, 326, 24, 0, 0, 2, 2, 2, 6, 23, 40, 62, 63, 85, 7, 0, 0
17:13:06, 1260.80, 29.51, 31.06, 29.258, 8, 8, 10, 25, 80, 123, 181, 193, 286, 21, 0, 0, 2, 1, 2, 5, 20, 35, 55, 55, 73, 6, 0, 0
17:13:06, 1266.90, 29.50, 31.02, 29.258, 7, 7, 8, 21, 71, 110, 163, 174, 255, 19, 0, 0, 2, 1, 2, 4, 18, 31, 49, 50, 66, 5, 0, 0
17:13:07, 1270.40, 29.51, 31.10, 29.258, 6, 6, 8, 19, 66, 102, 151, 161, 234, 17, 0, 0, 1, 1, 2, 4, 17, 30, 47, 47, 64, 5, 0, 0
17:13:08, 1278.10, 29.50, 31.06, 29.258, 6, 6, 7, 18, 62, 97, 145, 154, 229, 17, 0, 0, 1, 1, 2, 4, 15, 26, 42, 42, 57, 4, 0, 0
17:13:08, 1284.70, 29.50, 31.04, 29.250, 5, 5, 6, 15, 51, 82, 122, 130, 181, 14, 0, 0, 1, 1, 1, 3, 13, 23, 37, 37, 49, 4, 0, 0
17:13:09, 1289.40, 29.50, 31.04, 29.258, 5, 5, 5, 13, 47, 75, 112, 120, 168, 13, 0, 0, 1, 1, 1, 3, 12, 21, 34, 35, 46, 3, 0, 0
17:13:10, 1293.10, 29.50, 31.02, 29.258, 4, 4, 5, 12, 43, 70, 105, 112, 157, 12, 0, 0, 1, 0, 1, 2, 11, 20, 32, 33, 42, 3, 0, 0
17:13:10, 1302.00, 29.50, 31.04, 29.250, 4, 4, 4, 10, 38, 62, 93, 100, 151, 12, 0, 0, 0, 0, 1, 2, 9, 17, 27, 28, 36, 2, 0, 0
17:13:11, 1308.40, 29.50, 31.00, 29.266, 3, 3, 4, 9, 33, 54, 82, 88, 125, 10, 0, 0, 0, 0, 1, 2, 8, 15, 25, 25, 33, 2, 0, 0
17:13:12, 1313.40, 29.50, 31.06, 29.266, 3, 3, 3, 7, 29, 48, 73, 78, 111, 9, 0, 0, 0, 0, 0, 1, 7, 14, 23, 23, 30, 2, 0, 0
17:13:12, 1323.30, 29.49, 31.08, 29.266, 3, 3, 3, 7, 26, 43, 67, 71, 103, 8, 0, 0, 0, 0, 0, 1, 6, 11, 20, 20, 26, 1, 0, 0
17:13:13, 1334.10, 29.49, 31.00, 29.258, 2, 2, 2, 5, 20, 34, 52, 56, 77, 6, 0, 0, 0, 0, 0, 1, 4, 9, 16, 17, 21, 1, 0, 0
17:13:14, 1340.60, 29.49, 31.02, 29.258, 2, 2, 2, 4, 17, 29, 46, 49, 67, 5, 0, 0, 0, 0, 0, 1, 4, 8, 14, 15, 19, 1, 0, 0
17:13:14, 1349.70, 29.49, 31.00, 29.258, 1, 2, 1, 3, 15, 26, 41, 44, 62, 5, 0, 0, 0, 0, 0, 1, 3, 7, 13, 13, 16, 1, 0, 0
17:13:15, 1358.30, 29.49, 31.06, 29.258, 1, 2, 1, 3, 12, 21, 33, 36, 50, 4, 0, 0, 0, 0, 0, 0, 3, 6, 11, 11, 14, 1, 0, 0
17:13:16, 1364.50, 29.49, 31.02, 29.258, 1, 1, 1, 2, 10, 18, 29, 31, 43, 4, 0, 0, 0, 0, 0, 0, 2, 5, 9, 10, 12, 0, 0, 0
17:13:16, 1372.10, 29.49, 31.08, 29.250, 1, 1, 1, 2, 9, 17, 26, 29, 40, 3, 0, 0, 0, 0, 0, 0, 2, 4, 8, 9, 11, 0, 0, 0
17:13:17, 1381.80, 29.49, 31.04, 29.258, 1, 1, 0, 1, 7, 14, 22, 24, 32, 3, 0, 0, 0, 0, 0, 0, 1, 3, 7, 7, 9, 0, 0, 0
17:13:18, 1385.60, 29.49, 31.04, 29.258, 1, 1, 0, 1, 6, 12, 19, 21, 27, 2, 0, 0, 0, 0, 0, 0, 1, 3, 6, 7, 8, 0, 0, 0
17:13:18, 1392.20, 29.50, 31.06, 29.250, 0, 1, 0, 1, 6, 11, 18, 19, 25, 2, 0, 0, 0, 0, 0, 0, 1, 3, 6, 6, 7, 0, 0, 0
17:13:19, 1399.70, 29.50, 31.08, 29.250, 0, 1, 0, 1, 5, 9, 15, 17, 22, 2, 0, 0, 0, 0, 0, 0, 1, 2, 5, 5, 6, 0, 0, 0
17:13:20, 1404.60, 29.49, 31.02, 29.250, 0, 1, 0, 1, 4, 8, 14, 15, 20, 2, 0, 0, 0, 0, 0, 0, 1, 2, 4, 5, 6, 0, 0, 0
17:13:20, 1409.80, 29.49, 31.02, 29.250, 0, 1, 0, 0, 4, 8, 12, 13, 18, 2, 0, 0, 0, 0, 0, 0, 0, 2, 4, 4, 5, 0, 0, 0
17:13:21, 1415.70, 29.49, 31.08, 29.242, 0, 1, 0, 0, 3, 7, 11, 12, 16, 2, 0, 0, 0, 0, 0, 0, 0, 1, 4, 4, 5, 0, 0, 0
17:13:22, 1423.40, 29.49, 31.04, 29.242, 0, 1, 0, 0, 3, 6, 10, 11, 14, 1, 0, 0, 0, 0, 0, 0, 0, 1, 3, 3, 4, 0, 0, 0
17:13:22, 1427.10, 29.49, 31.02, 29.234, 0, 1, 0, 0, 2, 5, 8, 9, 12, 1, 0, 0, 0, 0, 0, 0, 0, 1, 3, 3, 3, 0, 0, 0
17:13:23, 1432.30, 29.49, 31.00, 29.242, 0, 0, 0, 0, 2, 5, 8, 9, 11, 1, 0, 0, 0, 0, 0, 0, 0, 1, 2, 3, 3, 0, 0, 0
17:13:24, 1437.90, 29.49, 31.04, 29.242, 0, 0, 0, 0, 2, 4, 7, 8, 10, 1, 0, 0, 0, 0, 0, 0, 0, 1, 2, 3, 3, 0, 0, 0
17:13:24, 1445.90, 29.48, 31.02, 29.242, 0, 0, 0, 0, 2, 4, 6, 7, 8, 1, 0, 0, 0, 0, 0, 0, 0, 0, 2, 2, 2, 0, 0, 0
17:13:25, 1449.90, 29.48, 31.04, 29.242, 0, 0, 0, 0, 1, 3, 5, 6, 7, 1, 0, 0, 0, 0, 0, 0, 0, 0, 2, 2, 2, 0, 0, 0
17:13:26, 1454.90, 29.48, 31.04, 29.242, 0, 0, 0, 0, 1, 3, 5, 5, 7, 1, 0, 0, 0, 0, 0, 0, 0, 0, 2, 2, 2, 0, 0, 0
17:13:26, 1462.30, 29.48, 31.02, 29.242, 0, 0, 0, 0, 1, 3, 4, 5, 6, 1, 0, 0, 0, 0, 0, 0, 0, 0, 1, 2, 2, 0, 0, 0
17:13:27, 1471.20, 29.48, 31.04, 29.242, 0, 0, 0, 0, 1, 2, 3, 4, 5, 1, 0, 0, 0, 0, 0, 0, 0, 0, 1, 1, 1, 0, 0, 0
17:13:28, 1476.70, 29.48, 31.00, 29.242, 0, 0, 0, 0, 1, 2, 3, 3, 4, 1, 0, 0, 0, 0, 0, 0, 0, 0, 1, 1, 1, 0, 0, 0
17:13:28, 1484.30, 29.48, 31.02, 29.242, 0, 0, 0, 0, 0, 2, 2, 3, 4, 1, 0, 0, 0, 0, 0, 0, 0, 0, 1, 1, 1, 0, 0, 0
17:13:29, 1492.10, 29.48, 31.08, 29.250, 0, 0, 0, 0, 0, 2, 2, 2, 3, 1, 0, 0, 0, 0, 0, 0, 0, 0, 1, 1, 1, 0, 0, 0
17:13:30, 1498.00, 29.48, 31.06, 29.250, 0, 0, 0, 0, 0, 1, 2, 2, 2, 0, 0, 0, 0, 0, 0, 0, 0, 0, 1, 1, 1, 0, 0, 0
17:13:30, 1504.10, 29.48, 31.04, 29.250, 0, 0, 0, 0, 0, 1, 1, 2, 2, 0, 0, 0, 0, 0, 0, 0, 0, 0, 0, 1, 1, 0, 0, 0
17:13:31, 1512.80, 29.48, 31.04, 29.242, 0, 0, 0, 0, 0, 1, 1, 1, 2, 0, 0, 0, 0, 0, 0, 0, 0, 0, 0, 1, 1, 0, 0, 0
17:13:32, 1521.50, 29.48, 31.02, 29.242, 0, 0, 0, 0, 0, 1, 1, 1, 1, 0, 0, 0, 0, 0, 0, 0, 0, 0, 0, 1, 1, 0, 0, 0
17:13:32, 1529.40, 29.48, 31.02, 29.242, 0, 0, 0, 0, 0, 1, 1, 1, 1, 0, 0, 0, 0, 0, 0, 0, 0, 0, 0, 1, 0, 0, 0, 0
17:13:33, 1536.20, 29.48, 31.02, 29.250, 0, 0, 0, 0, 0, 1, 0, 1, 1, 0, 0, 0, 0, 0, 0, 0, 0, 0, 0, 0, 0, 0, 0, 0
17:13:34, 1541.20, 29.48, 31.04, 29.250, 0, 0, 0, 0, 0, 1, 0, 1, 1, 0, 0, 0, 0, 0, 0, 0, 0, 0, 0, 0, 0, 0, 0, 0
17:13:35, 1546.50, 29.48, 31.02, 29.242, 0, 0, 0, 0, 0, 1, 0, 0, 1, 0, 0, 0, 0, 0, 0, 0, 0, 0, 0, 0, 0, 0, 0, 0
17:13:35, 1546.90, 29.48, 31.06, 29.250, 0, 0, 0, 0, 0, 0, 0, 0, 0, 0, 0, 0, 0, 0, 0, 0, 0, 0, 0, 0, 0, 0, 0, 0
17:13:36, 1548.40, 29.48, 31.02, 29.250, 0, 0, 0, 0, 0, 0, 0, 0, 0, 0, 0, 0, 0, 0, 0, 0, 0, 0, 0, 0, 0, 0, 0, 0
17:13:37, 1547.70, 29.48, 31.02, 29.242, 0, 0, 0, 0, 0, 0, 0, 0, 0, 0, 0, 0, 0, 0, 0, 0, 0, 0, 0, 0, 0, 0, 0, 0
17:13:37, 1543.80, 29.48, 31.02, 29.250, 0, 0, 0, 0, 0, 0, 0, 0, 0, 0, 0, 0, 0, 0, 0, 0, 0, 0, 0, 0, 0, 0, 0, 0
17:13:38, 1544.10, 29.48, 31.04, 29.250, 0, 0, 0, 0, 0, 0, 0, 0, 0, 0, 0, 0, 0, 0, 0, 0, 0, 0, 0, 0, 0, 0, 0, 0
17:13:39, 1541.40, 29.48, 31.04, 29.242, 0, 0, 0, 0, 0, 0, 0, 0, 0, 0, 0, 0, 0, 0, 0, 0, 0, 0, 0, 0, 1, 0, 0, 0
17:13:39, 1541.10, 29.48, 31.02, 29.242, 0, 0, 0, 0, 0, 0, 0, 0, 0, 0, 0, 0, 0, 0, 0, 0, 0, 0, 0, 0, 0, 0, 0, 0
17:13:40, 1542.60, 29.48, 31.04, 29.242, 0, 0, 0, 0, 0, 0, 0, 0, 0, 0, 0, 0, 0, 0, 0, 0, 0, 0, 0, 1, 1, 0, 0, 0
17:13:41, 1540.00, 29.48, 31.02, 29.250, 0, 0, 0, 0, 0, 0, 0, 0, 0, 0, 0, 0, 0, 0, 0, 0, 0, 0, 1, 1, 1, 0, 0, 0
17:13:41, 1544.00, 29.48, 31.04, 29.250, 0, 0, 0, 0, 0, 0, 0, 0, 0, 0, 0, 0, 0, 0, 0, 0, 2, 5, 12, 13, 16, 1, 0, 0
17:13:42, 1545.30, 29.48, 31.06, 29.250, 0, 0, 0, 0, 0, 0, 0, 0, 0, 0, 0, 0, 0, 0, 0, 0, 2, 6, 13, 15, 16, 1, 0, 0
17:13:43, 1545.90, 29.47, 31.04, 29.242, 0, 0, 0, 0, 0, 0, 0, 0, 0, 0, 0, 0, 0, 0, 0, 0, 2, 6, 13, 15, 16, 1, 0, 0
17:13:43, 1545.30, 29.48, 31.04, 29.250, 0, 0, 0, 0, 0, 0, 0, 0, 0, 0, 0, 0, 0, 0, 0, 0, 2, 6, 14, 15, 17, 1, 0, 0
17:13:44, 1545.10, 29.48, 31.00, 29.250, 0, 0, 0, 0, 0, 0, 0, 0, 0, 0, 0, 0, 0, 0, 0, 0, 2, 6, 14, 15, 17, 1, 0, 0
17:13:45, 1544.80, 29.48, 31.02, 29.242, 0, 0, 0, 0, 0, 0, 0, 0, 0, 0, 0, 0, 0, 0, 0, 0, 2, 6, 14, 15, 17, 1, 0, 0
17:13:45, 1544.70, 29.48, 31.02, 29.250, 0, 0, 0, 0, 0, 0, 0, 0, 0, 0, 0, 0, 0, 0, 0, 0, 3, 6, 14, 16, 17, 1, 0, 0
17:13:46, 1544.80, 29.48, 31.00, 29.250, 0, 0, 0, 0, 0, 0, 0, 0, 0, 0, 0, 0, 0, 0, 0, 0, 2, 6, 14, 16, 17, 1, 0, 0
17:13:47, 1544.50, 29.48, 31.00, 29.242, 0, 0, 0, 0, 0, 0, 0, 0, 0, 0, 0, 0, 0, 0, 0, 0, 2, 6, 14, 16, 17, 1, 0, 0
17:13:47, 1544.90, 29.48, 31.02, 29.250, 0, 0, 0, 0, 0, 0, 0, 0, 0, 0, 0, 0, 0, 0, 0, 0, 2, 6, 14, 16, 17, 1, 0, 0
17:13:48, 1544.10, 29.48, 31.02, 29.250, 0, 0, 0, 0, 0, 0, 0, 0, 0, 0, 0, 0, 0, 0, 0, 0, 2, 6, 14, 16, 17, 1, 0, 0
17:13:49, 1544.10, 29.48, 31.02, 29.242, 0, 0, 0, 0, 0, 0, 0, 0, 0, 0, 0, 0, 0, 0, 0, 0, 3, 6, 14, 16, 17, 1, 0, 0
17:13:49, 1543.90, 29.48, 31.02, 29.242, 0, 0, 0, 0, 0, 0, 0, 0, 0, 0, 0, 0, 0, 0, 0, 0, 3, 6, 15, 16, 17, 1, 0, 0
17:13:50, 1544.10, 29.48, 31.02, 29.242, 0, 0, 0, 0, 0, 0, 0, 0, 0, 0, 0, 0, 0, 0, 0, 0, 3, 7, 15, 16, 17, 1, 0, 0
17:13:51, 1543.90, 29.48, 31.02, 29.242, 0, 0, 0, 0, 0, 0, 0, 0, 0, 0, 0, 0, 0, 0, 0, 0, 3, 7, 15, 17, 18, 1, 0, 0
17:13:51, 1544.00, 29.48, 30.98, 29.242, 0, 0, 0, 0, 0, 0, 0, 0, 0, 0, 0, 0, 0, 0, 0, 0, 3, 7, 15, 17, 18, 1, 0, 0
17:13:52, 1544.40, 29.48, 31.04, 29.250, 0, 0, 0, 0, 0, 0, 0, 0, 0, 0, 0, 0, 0, 0, 0, 0, 3, 7, 15, 16, 18, 1, 0, 0
17:13:53, 1544.10, 29.48, 31.02, 29.242, 0, 0, 0, 0, 0, 0, 0, 0, 0, 0, 0, 0, 0, 0, 0, 0, 3, 7, 15, 16, 17, 1, 0, 0
17:13:53, 1544.20, 29.48, 31.02, 29.242, 0, 0, 0, 0, 0, 0, 0, 0, 0, 0, 0, 0, 0, 0, 0, 0, 3, 6, 14, 16, 16, 0, 0, 0
17:13:54, 1544.00, 29.48, 31.00, 29.250, 0, 0, 0, 0, 0, 0, 0, 0, 0, 0, 0, 0, 0, 0, 0, 0, 3, 6, 14, 16, 16, 0, 0, 0
17:13:55, 1544.20, 29.48, 31.00, 29.242, 0, 0, 0, 0, 0, 0, 0, 0, 0, 0, 0, 0, 0, 0, 0, 0, 2, 6, 14, 15, 15, 1, 0, 0
17:13:55, 1544.20, 29.48, 31.04, 29.242, 0, 0, 0, 0, 0, 0, 0, 0, 0, 0, 0, 0, 0, 0, 0, 0, 2, 6, 13, 15, 15, 0, 0, 0
17:13:56, 1543.60, 29.48, 31.02, 29.242, 0, 0, 0, 0, 0, 0, 0, 0, 0, 0, 0, 0, 0, 0, 0, 0, 2, 6, 13, 15, 16, 1, 0, 0
17:13:57, 1541.90, 29.48, 31.06, 29.242, 0, 0, 0, 0, 0, 0, 0, 0, 0, 0, 0, 0, 0, 0, 0, 0, 2, 6, 13, 14, 16, 1, 0, 0
17:13:57, 1543.80, 29.48, 31.04, 29.242, 0, 0, 0, 0, 0, 0, 0, 0, 0, 0, 0, 0, 0, 0, 0, 0, 2, 6, 14, 15, 17, 1, 0, 0
17:13:58, 1543.50, 29.48, 31.02, 29.242, 0, 0, 0, 0, 0, 0, 0, 0, 0, 0, 0, 0, 0, 0, 0, 0, 3, 6, 14, 16, 18, 1, 0, 0
17:13:59, 1542.40, 29.47, 31.00, 29.242, 0, 0, 0, 0, 0, 0, 0, 0, 0, 0, 0, 0, 0, 0, 0, 0, 2, 6, 14, 15, 19, 1, 0, 0
17:13:59, 1545.50, 29.48, 31.00, 29.242, 0, 0, 0, 0, 0, 0, 0, 0, 0, 0, 0, 0, 0, 0, 0, 0, 3, 7, 15, 17, 18, 1, 0, 0
17:14:00, 1542.00, 29.48, 31.00, 29.242, 0, 0, 0, 0, 0, 0, 0, 0, 0, 0, 0, 0, 0, 0, 0, 0, 2, 6, 13, 15, 19, 1, 0, 0
17:14:01, 1544.40, 29.47, 31.02, 29.242, 0, 0, 0, 0, 0, 0, 0, 0, 0, 0, 0, 0, 0, 0, 0, 0, 2, 6, 14, 16, 21, 1, 0, 0
17:14:01, 1543.30, 29.47, 30.97, 29.242, 0, 0, 0, 0, 0, 0, 0, 0, 0, 0, 0, 0, 0, 0, 0, 0, 3, 7, 16, 17, 21, 1, 0, 0
17:14:02, 1542.50, 29.47, 31.02, 29.234, 0, 0, 0, 0, 0, 0, 0, 0, 0, 0, 0, 0, 0, 0, 0, 0, 2, 5, 11, 13, 18, 1, 0, 0
17:14:03, 1545.80, 29.47, 31.00, 29.242, 0, 0, 0, 0, 0, 0, 0, 0, 0, 0, 0, 0, 0, 0, 0, 0, 3, 7, 16, 18, 20, 1, 0, 0
17:14:03, 1544.00, 29.47, 31.02, 29.242, 0, 0, 0, 0, 0, 0, 0, 0, 0, 0, 0, 0, 0, 0, 0, 0, 3, 7, 16, 18, 21, 1, 0, 0
17:14:04, 1543.50, 29.47, 31.02, 29.242, 0, 0, 0, 0, 0, 0, 0, 0, 0, 0, 0, 0, 0, 0, 0, 0, 3, 7, 16, 18, 23, 1, 0, 0
17:14:05, 1544.60, 29.47, 31.02, 29.234, 0, 0, 0, 0, 0, 0, 0, 0, 0, 0, 0, 0, 0, 0, 0, 0, 3, 8, 17, 19, 22, 1, 0, 0
17:14:05, 1541.40, 29.47, 31.06, 29.234, 0, 0, 0, 0, 0, 0, 0, 0, 0, 0, 0, 0, 0, 0, 0, 1, 3, 7, 15, 17, 23, 1, 0, 0
17:14:06, 1542.60, 29.47, 31.02, 29.234, 0, 0, 0, 0, 0, 0, 0, 0, 0, 0, 0, 0, 0, 0, 0, 0, 2, 6, 13, 15, 21, 1, 0, 0
17:14:07, 1544.00, 29.47, 31.02, 29.242, 0, 0, 0, 0, 0, 0, 0, 0, 0, 0, 0, 0, 0, 0, 0, 1, 4, 9, 19, 21, 24, 1, 0, 0
17:14:07, 1545.30, 29.47, 30.98, 29.242, 0, 0, 0, 0, 0, 0, 0, 0, 0, 0, 0, 0, 0, 0, 0, 1, 3, 7, 16, 17, 19, 1, 0, 0
17:14:08, 1543.60, 29.47, 31.00, 29.242, 0, 0, 0, 0, 0, 0, 0, 0, 0, 0, 0, 0, 0, 0, 0, 0, 4, 8, 18, 20, 17, 1, 0, 0
17:14:09, 1541.80, 29.47, 31.00, 29.234, 0, 0, 0, 0, 0, 0, 0, 0, 0, 0, 0, 0, 0, 0, 0, 0, 0, 1, 4, 4, 3, 0, 0, 0
17:14:09, 1537.90, 29.47, 31.02, 29.234, 0, 0, 0, 0, 0, 0, 0, 0, 0, 0, 0, 0, 0, 0, 0, 0, 0, 0, 1, 2, 2, 0, 0, 0
17:14:10, 1542.10, 29.47, 31.02, 29.242, 0, 0, 0, 0, 0, 0, 0, 0, 0, 0, 0, 0, 0, 0, 0, 0, 0, 0, 2, 3, 4, 0, 0, 0
17:14:11, 1537.70, 29.47, 31.04, 29.242, 0, 0, 0, 0, 0, 0, 0, 0, 0, 0, 0, 0, 0, 0, 0, 0, 0, 0, 2, 3, 4, 0, 0, 0
17:14:11, 1538.10, 29.47, 31.02, 29.242, 0, 0, 0, 0, 0, 0, 0, 0, 0, 0, 0, 0, 0, 0, 0, 0, 0, 0, 2, 2, 2, 0, 0, 0
17:14:12, 1539.20, 29.47, 30.98, 29.234, 0, 0, 0, 0, 0, 0, 0, 0, 0, 0, 0, 0, 0, 0, 0, 0, 0, 0, 1, 2, 2, 0, 0, 0
17:14:13, 1544.30, 29.47, 31.00, 29.242, 0, 0, 0, 0, 0, 0, 0, 0, 0, 0, 0, 0, 0, 0, 0, 0, 0, 0, 0, 1, 1, 0, 0, 0
17:14:13, 1546.40, 29.47, 31.00, 29.242, 0, 0, 0, 0, 0, 1, 0, 0, 1, 0, 0, 0, 0, 0, 0, 0, 0, 0, 1, 1, 1, 0, 0, 0
17:14:14, 1549.10, 29.47, 31.00, 29.234, 0, 0, 0, 0, 0, 1, 0, 0, 1, 0, 0, 0, 0, 0, 0, 0, 0, 0, 1, 1, 1, 0, 0, 0
17:14:15, 1546.30, 29.47, 31.00, 29.242, 0, 0, 0, 0, 0, 0, 0, 0, 0, 0, 0, 0, 0, 0, 0, 0, 2, 5, 12, 14, 13, 0, 0, 0
17:14:15, 1547.30, 29.47, 30.98, 29.242, 0, 0, 0, 0, 0, 0, 0, 0, 0, 0, 0, 0, 0, 0, 0, 0, 2, 5, 12, 15, 15, 1, 0, 0
17:14:16, 1546.80, 29.47, 31.02, 29.234, 0, 0, 0, 0, 0, 0, 0, 0, 0, 0, 0, 0, 0, 0, 0, 0, 2, 5, 12, 13, 13, 0, 0, 0
17:14:17, 1550.80, 29.47, 31.02, 29.242, 0, 0, 0, 0, 0, 0, 0, 0, 0, 0, 0, 0, 0, 0, 0, 0, 0, 0, 2, 2, 2, 0, 0, 0
17:14:17, 1552.00, 29.47, 31.02, 29.242, 0, 0, 0, 0, 0, 0, 0, 0, 0, 0, 0, 0, 0, 0, 0, 0, 0, 0, 2, 3, 3, 0, 0, 0
17:14:18, 1553.50, 29.47, 31.00, 29.234, 0, 0, 0, 0, 0, 0, 0, 0, 0, 0, 0, 0, 0, 0, 0, 0, 0, 0, 1, 1, 1, 0, 0, 0
17:14:19, 1555.20, 29.47, 31.00, 29.242, 0, 0, 0, 0, 0, 1, 0, 0, 1, 0, 0, 0, 0, 0, 0, 0, 0, 0, 0, 0, 0, 0, 0, 0
17:14:19, 1556.80, 29.47, 31.00, 29.242, 0, 0, 0, 0, 0, 1, 0, 0, 1, 0, 0, 0, 0, 0, 0, 0, 0, 0, 0, 1, 1, 0, 0, 0
17:14:20, 1556.50, 29.47, 31.04, 29.234, 0, 0, 0, 0, 0, 1, 0, 0, 1, 0, 0, 0, 0, 0, 0, 0, 0, 0, 0, 1, 1, 0, 0, 0
17:14:21, 1556.20, 29.47, 31.02, 29.234, 0, 0, 0, 0, 0, 1, 0, 1, 1, 0, 0, 0, 0, 0, 0, 0, 0, 0, 1, 1, 1, 0, 0, 0
17:14:21, 1557.90, 29.47, 30.98, 29.234, 0, 0, 0, 0, 0, 1, 1, 1, 1, 0, 0, 0, 0, 0, 0, 0, 0, 0, 1, 1, 1, 0, 0, 0
17:14:22, 1555.60, 29.47, 31.04, 29.234, 0, 0, 0, 0, 0, 1, 1, 1, 1, 0, 0, 0, 0, 0, 0, 0, 0, 0, 1, 1, 1, 0, 0, 0
17:14:23, 1554.60, 29.47, 31.04, 29.242, 0, 0, 0, 0, 0, 1, 1, 1, 1, 0, 0, 0, 0, 0, 0, 0, 0, 0, 1, 1, 1, 0, 0, 0
17:14:23, 1553.90, 29.46, 30.98, 29.242, 0, 0, 0, 0, 0, 1, 1, 1, 1, 0, 0, 0, 0, 0, 0, 0, 0, 0, 0, 0, 0, 0, 0, 0
17:14:24, 1550.00, 29.46, 31.04, 29.234, 0, 0, 0, 0, 0, 1, 1, 1, 1, 0, 0, 0, 0, 0, 0, 0, 0, 0, 0, 1, 0, 0, 0, 0
17:14:25, 1546.50, 29.47, 31.04, 29.242, 0, 0, 0, 0, 0, 1, 0, 0, 1, 0, 0, 0, 0, 0, 0, 0, 0, 0, 0, 1, 1, 0, 0, 0
17:14:25, 1549.50, 29.46, 31.00, 29.242, 0, 0, 0, 0, 0, 1, 1, 1, 1, 0, 0, 0, 0, 0, 0, 0, 0, 0, 0, 1, 1, 0, 0, 0
17:14:26, 1545.00, 29.47, 31.00, 29.234, 0, 0, 0, 0, 0, 1, 1, 1, 1, 0, 0, 0, 0, 0, 0, 0, 0, 0, 0, 1, 1, 0, 0, 0
17:14:27, 1545.40, 29.47, 31.02, 29.242, 0, 0, 0, 0, 0, 1, 1, 1, 1, 0, 0, 0, 0, 0, 0, 0, 0, 0, 0, 0, 0, 0, 0, 0
17:14:27, 1542.70, 29.47, 31.00, 29.242, 0, 0, 0, 0, 0, 1, 1, 1, 1, 0, 0, 0, 0, 0, 0, 0, 0, 0, 0, 1, 1, 0, 0, 0
17:14:28, 1539.70, 29.46, 31.00, 29.234, 0, 0, 0, 0, 0, 1, 1, 1, 1, 0, 0, 0, 0, 0, 0, 0, 0, 0, 0, 1, 1, 0, 0, 0
17:14:29, 1532.80, 29.47, 30.98, 29.242, 0, 0, 0, 0, 0, 1, 1, 1, 1, 0, 0, 0, 0, 0, 0, 0, 0, 0, 1, 1, 1, 0, 0, 0
17:14:29, 1527.70, 29.47, 31.02, 29.242, 0, 0, 0, 0, 0, 1, 1, 2, 2, 0, 0, 0, 0, 0, 0, 0, 0, 0, 1, 1, 1, 0, 0, 0
17:14:30, 1521.90, 29.47, 31.00, 29.234, 0, 0, 0, 0, 0, 1, 2, 2, 2, 0, 0, 0, 0, 0, 0, 0, 0, 0, 1, 1, 1, 0, 0, 0
17:14:31, 1514.20, 29.47, 31.00, 29.242, 0, 0, 0, 0, 0, 2, 2, 3, 3, 1, 0, 0, 0, 0, 0, 0, 0, 0, 1, 1, 1, 0, 0, 0
17:14:31, 1506.00, 29.47, 31.04, 29.242, 0, 0, 0, 0, 1, 2, 3, 3, 3, 1, 0, 0, 0, 0, 0, 0, 0, 0, 1, 1, 1, 0, 0, 0
17:14:32, 1500.70, 29.47, 31.02, 29.234, 0, 0, 0, 0, 1, 2, 3, 4, 4, 1, 0, 0, 0, 0, 0, 0, 0, 0, 1, 1, 1, 0, 0, 0
17:14:33, 1494.60, 29.48, 30.98, 29.242, 0, 0, 0, 0, 1, 2, 3, 4, 4, 1, 0, 0, 0, 0, 0, 0, 0, 0, 1, 1, 1, 0, 0, 0
17:14:33, 1485.20, 29.48, 31.04, 29.242, 0, 0, 0, 0, 1, 3, 4, 5, 5, 1, 0, 0, 0, 0, 0, 0, 0, 0, 1, 1, 2, 0, 0, 0
17:14:34, 1478.80, 29.48, 30.98, 29.242, 0, 0, 0, 0, 1, 3, 5, 5, 6, 1, 0, 0, 0, 0, 0, 0, 0, 0, 1, 2, 2, 0, 0, 0
17:14:35, 1471.40, 29.48, 30.98, 29.242, 0, 0, 0, 0, 1, 3, 5, 6, 6, 1, 0, 0, 0, 0, 0, 0, 0, 0, 1, 2, 2, 0, 0, 0
17:14:35, 1462.00, 29.48, 31.02, 29.242, 0, 0, 0, 0, 1, 4, 6, 6, 7, 1, 0, 0, 0, 0, 0, 0, 0, 0, 2, 2, 2, 0, 0, 0
17:14:36, 1453.20, 29.48, 31.02, 29.242, 0, 0, 0, 0, 2, 4, 7, 7, 8, 1, 0, 0, 0, 0, 0, 0, 0, 1, 2, 2, 3, 0, 0, 0
17:14:37, 1441.10, 29.48, 31.02, 29.242, 0, 0, 0, 0, 2, 5, 8, 9, 10, 1, 0, 0, 0, 0, 0, 0, 0, 1, 2, 3, 3, 0, 0, 0
17:14:37, 1430.10, 29.49, 30.98, 29.242, 0, 1, 0, 0, 3, 6, 10, 11, 13, 1, 0, 0, 0, 0, 0, 0, 0, 1, 3, 3, 4, 0, 0, 0
17:14:38, 1419.90, 29.49, 31.00, 29.242, 0, 1, 0, 0, 4, 8, 12, 14, 16, 2, 0, 0, 0, 0, 0, 0, 0, 2, 4, 4, 5, 0, 0, 0
17:14:39, 1410.00, 29.49, 31.00, 29.242, 0, 1, 0, 1, 5, 9, 15, 16, 19, 2, 0, 0, 0, 0, 0, 0, 1, 2, 5, 5, 6, 0, 0, 0
17:14:39, 1401.50, 29.49, 31.02, 29.242, 0, 1, 0, 1, 5, 11, 17, 18, 21, 2, 0, 0, 0, 0, 0, 0, 1, 2, 5, 6, 7, 0, 0, 0
17:14:40, 1391.10, 29.49, 31.00, 29.242, 0, 1, 0, 1, 6, 12, 18, 20, 23, 2, 0, 0, 0, 0, 0, 0, 1, 3, 6, 6, 8, 0, 0, 0
17:14:41, 1379.40, 29.49, 31.02, 29.258, 1, 1, 0, 1, 7, 14, 22, 23, 28, 2, 0, 0, 0, 0, 0, 0, 2, 4, 8, 8, 9, 0, 0, 0
17:14:41, 1369.60, 29.50, 31.02, 29.258, 1, 1, 1, 2, 9, 17, 27, 29, 34, 3, 0, 0, 0, 0, 0, 0, 2, 5, 9, 9, 11, 0, 0, 0
17:14:42, 1358.70, 29.50, 31.00, 29.250, 1, 1, 1, 2, 12, 21, 32, 34, 42, 3, 0, 0, 0, 0, 0, 0, 3, 6, 11, 11, 13, 0, 0, 0
17:14:43, 1346.90, 29.49, 30.98, 29.258, 1, 2, 1, 3, 14, 26, 39, 42, 53, 4, 0, 0, 0, 0, 0, 0, 4, 7, 13, 13, 16, 1, 0, 0
17:14:43, 1334.50, 29.49, 31.00, 29.258, 2, 2, 2, 4, 19, 32, 49, 52, 66, 5, 0, 0, 0, 0, 0, 1, 5, 9, 16, 16, 20, 1, 0, 0
17:14:44, 1325.40, 29.49, 31.00, 29.258, 2, 2, 2, 5, 23, 39, 59, 63, 80, 6, 0, 0, 0, 0, 0, 1, 6, 11, 19, 19, 24, 1, 0, 0
17:14:45, 1313.60, 29.49, 31.00, 29.258, 3, 3, 3, 7, 29, 48, 71, 76, 101, 8, 0, 0, 0, 0, 0, 1, 8, 14, 23, 23, 29, 2, 0, 0
17:14:45, 1300.50, 29.50, 31.00, 29.258, 3, 3, 4, 9, 36, 59, 89, 94, 128, 10, 0, 0, 1, 0, 1, 2, 10, 18, 28, 28, 36, 2, 0, 0
17:14:46, 1289.10, 29.50, 30.98, 29.266, 4, 4, 5, 12, 46, 73, 108, 115, 153, 11, 0, 0, 1, 0, 1, 2, 12, 21, 33, 32, 42, 3, 0, 0
17:14:47, 1276.80, 29.50, 31.00, 29.266, 5, 5, 6, 14, 53, 85, 124, 132, 167, 12, 0, 0, 1, 1, 1, 3, 15, 25, 40, 39, 51, 4, 0, 0
17:14:47, 1262.90, 29.51, 31.00, 29.266, 6, 6, 7, 18, 65, 102, 148, 158, 192, 14, 0, 0, 2, 1, 2, 4, 19, 33, 50, 49, 64, 5, 0, 0
17:14:48, 1249.90, 29.51, 31.00, 29.273, 8, 7, 9, 24, 82, 125, 179, 192, 229, 17, 0, 0, 2, 1, 2, 5, 24, 40, 61, 59, 79, 6, 0, 0
17:14:49, 1238.20, 29.51, 31.00, 29.289, 9, 9, 12, 30, 99, 148, 212, 227, 272, 20, 0, 0, 3, 2, 3, 7, 30, 49, 73, 70, 95, 8, 0, 0
17:14:49, 1225.00, 29.51, 31.02, 29.289, 11, 11, 15, 39, 123, 181, 255, 274, 328, 23, 0, 0, 3, 2, 4, 9, 37, 60, 87, 85, 116, 10, 0, 0
17:14:50, 1214.00, 29.52, 30.98, 29.289, 14, 13, 19, 51, 154, 223, 312, 334, 401, 28, 0, 0, 4, 3, 5, 11, 45, 72, 104, 100, 138, 11, 0, 0
17:14:51, 1202.90, 29.52, 30.98, 29.289, 17, 16, 24, 64, 186, 264, 367, 393, 474, 33, 0, 0, 5, 4, 6, 14, 54, 85, 122, 118, 163, 13, 0, 0
17:14:51, 1191.20, 29.52, 30.98, 29.289, 21, 19, 31, 82, 229, 319, 440, 471, 567, 40, 0, 0, 6, 5, 7, 18, 66, 102, 145, 140, 198, 17, 0, 0
17:14:52, 1179.90, 29.52, 31.00, 29.289, 25, 24, 40, 106, 285, 389, 530, 568, 686, 48, 0, 0, 7, 6, 9, 23, 81, 123, 172, 166, 236, 20, 0, 0
17:14:53, 1171.00, 29.53, 31.00, 29.297, 31, 29, 52, 136, 345, 463, 624, 672, 828, 57, 0, 0, 9, 7, 11, 28, 95, 141, 196, 188, 273, 23, 0, 0
17:14:53, 1163.50, 29.53, 31.00, 29.297, 37, 35, 65, 169, 413, 550, 735, 794, 980, 67, 0, 0, 10, 8, 12, 32, 107, 157, 215, 207, 298, 25, 0, 0
17:14:54, 1155.30, 29.53, 31.00, 29.297, 43, 42, 80, 203, 481, 633, 841, 911, 1123, 77, 0, 0, 11, 9, 15, 38, 124, 180, 246, 237, 340, 29, 0, 0
17:14:55, 1147.60, 29.53, 31.00, 29.305, 49, 48, 95, 238, 541, 703, 934, 1007, 1238, 85, 0, 0, 13, 11, 17, 45, 142, 203, 275, 264, 382, 33, 0, 0
17:14:55, 1138.50, 29.54, 31.00, 29.305, 55, 56, 114, 278, 623, 799, 1052, 1140, 1374, 94, 0, 0, 15, 12, 21, 55, 167, 236, 317, 304, 450, 38, 0, 0
17:14:56, 1129.00, 29.54, 31.02, 29.312, 66, 69, 144, 344, 733, 929, 1200, 1319, 1639, 112, 0, 0, 18, 14, 25, 65, 196, 273, 365, 349, 522, 45, 0, 0
17:14:57, 1121.50, 29.54, 31.02, 29.336, 78, 84, 179, 414, 871, 1089, 1397, 1536, 1931, 133, 0, 0, 21, 17, 31, 80, 227, 312, 412, 394, 587, 50, 0, 0
17:14:57, 1114.40, 29.54, 31.00, 29.336, 91, 103, 224, 506, 1009, 1253, 1604, 1762, 2347, 161, 0, 0, 23, 19, 35, 91, 254, 345, 454, 434, 651, 56, 0, 0
17:14:58, 1105.80, 29.55, 31.02, 29.328, 109, 128, 284, 622, 1211, 1482, 1889, 2081, 2892, 199, 0, 0, 27, 23, 44, 112, 302, 403, 525, 504, 767, 66, 0, 0
17:14:59, 1096.80, 29.55, 31.00, 29.336, 131, 162, 365, 770, 1410, 1711, 2169, 2390, 3375, 231, 0, 0, 30, 26, 50, 129, 345, 455, 589, 565, 859, 74, 0, 0
17:14:59, 1087.10, 29.55, 31.00, 29.336, 159, 210, 471, 940, 1695, 1998, 2499, 2740, 3551, 245, 0, 0, 36, 33, 66, 165, 412, 532, 682, 652, 1023, 87, 0, 0
17:15:00, 1078.20, 29.55, 31.00, 29.336, 196, 273, 604, 1163, 1980, 2298, 2849, 3153, 4087, 286, 0, 0, 42, 38, 79, 197, 479, 609, 775, 740, 1161, 99, 0, 0
17:15:01, 1070.00, 29.56, 31.00, 29.336, 250, 373, 802, 1471, 2427, 2796, 3473, 3875, 5117, 366, 0, 0, 49, 47, 101, 244, 559, 696, 876, 835, 1313, 111, 0, 0
17:15:01, 1061.80, 29.56, 30.98, 29.336, 297, 474, 1004, 1729, 2638, 2995, 3747, 4170, 5597, 415, 0, 0, 56, 55, 122, 286, 639, 783, 975, 927, 1481, 126, 0, 0
17:15:02, 1054.60, 29.56, 30.98, 29.352, 346, 578, 1178, 1948, 3065, 3429, 4254, 4692, 6515, 500, 0, 0, 60, 62, 138, 316, 683, 828, 1022, 968, 1592, 135, 0, 0
17:15:03, 1048.00, 29.57, 31.02, 29.383, 394, 664, 1293, 2097, 3308, 3606, 4561, 5106, 6336, 527, 0, 0, 66, 71, 159, 358, 744, 892, 1095, 1039, 1782, 152, 0, 0
17:15:03, 1040.80, 29.58, 30.97, 29.383, 503, 869, 1600, 2433, 3673, 3914, 4880, 5729, 6964, 642, 0, 0, 76, 86, 194, 422, 840, 994, 1214, 1152, 2012, 171, 0, 0
17:15:04, 1032.60, 29.58, 31.00, 29.461, 641, 1160, 2048, 3013, 4356, 4537, 5856, 6730, 7529, 747, 0, 0, 85, 100, 224, 475, 945, 1106, 1347, 1281, 2202, 189, 0, 0
17:15:05, 1024.90, 29.59, 30.95, 29.500, 909, 1659, 2745, 3926, 5166, 5424, 6924, 7726, 8951, 1031, 0, 0, 99, 124, 274, 555, 1042, 1206, 1463, 1397, 2398, 212, 0, 0
17:15:05, 1018.40, 29.60, 30.95, 29.500, 1103, 1966, 3118, 4196, 5101, 5393, 6506, 7196, 10323, 1328, 0, 0, 109, 143, 312, 613, 1105, 1268, 1531, 1464, 2541, 226, 0, 0
17:15:06, 1012.10, 29.61, 31.02, 29.500, 1529, 2603, 3831, 4822, 5891, 6134, 7143, 8068, 12779, 2324, 0, 0, 121, 167, 354, 669, 1170, 1327, 1593, 1523, 2652, 237, 0, 0
17:15:07, 1012.50, 29.61, 31.00, 29.508, 1712, 2804, 4076, 4943, 6735, 7071, 7943, 8996, 16618, 3952, 0, 0, 118, 164, 346, 649, 1144, 1291, 1551, 1478, 2666, 242, 0, 0
17:15:07, 1005.70, 29.62, 31.02, 29.508, 2500, 3836, 5374, 7604, 10346, 11771, 13870, 14234, 33357, 6367, 0, 1, 118, 163, 346, 650, 1182, 1327, 1591, 1522, 3002, 278, 0, 0
17:15:08, 1003.70, 29.62, 31.00, 29.500, 3845, 5995, 8902, 10074, 11243, 12031, 13973, 16827, 36000, 15965, 1, 1, 3425, 4380, 6307, 8954, 9920, 12604, 14099, 14040, 36000, 13512, 1, 1
17:15:09, 1003.80, 29.62, 30.98, 29.484, 3690, 6229, 8304, 9286, 11047, 11036, 12984, 14765, 36000, 17235, 1, 1, 4094, 5049, 7506, 10221, 13745, 15676, 18230, 19022, 36000, 25767, 1, 1
