Secchi Depth (cm) = 9999
Forel Ule Scale = 99
pH Colour Scale = 99
SensingSecchi S/N = A017
Latitude (degs N) = 34.35586
Longitude (degs E) = -78.17497
Date = 2026-07-28
Time (UTC), Pressure (mbar) MS5803, Temp (deg C) MS5803, Temp (deg C) 10KTHERM, Temp (deg C) TMP117, ED 415nm, ED 445nm, ED 480nm, ED 515nm, ED 555nm, ED 590nm, ED 630nm, ED 680nm, ED Clear, ED NIR, ED D-SAT, ED A-SAT, EU 415nm, EU 445nm, EU 480nm, EU 515nm, EU 555nm, EU 590nm, EU 630nm, EU 680nm, EU Clear, EU NIR, EU D-SAT, EU A-SAT
16:17:01, 1003.20, 28.20, 31.04, 26.727, 916, 1376, 1896, 2199, 2505, 2557, 3010, 3358, 21349, 8715, 0, 0, 2661, 3028, 3457, 4126, 4654, 6402, 8613, 13160, 36000, 36000, 1, 1
16:17:01, 1002.90, 28.21, 31.04, 26.758, 901, 1352, 1864, 2159, 2452, 2501, 2954, 3290, 21093, 8665, 0, 0, 2676, 3062, 3484, 4157, 4935, 6724, 9059, 13856, 36000, 36000, 1, 1
16:17:02, 1003.20, 28.22, 31.08, 26.758, 1063, 1618, 2196, 2586, 3360, 3550, 4020, 4600, 23759, 9442, 0, 0, 2870, 3839, 4605, 5825, 7244, 8638, 11113, 13878, 36000, 30349, 1, 1
16:17:03, 1003.20, 28.22, 31.08, 26.781, 2783, 4066, 5691, 6388, 6602, 8702, 8961, 11063, 19731, 8281, 0, 0, 1368, 2066, 3072, 3998, 7005, 7449, 8800, 9836, 28409, 11222, 0, 0
16:17:03, 1010.90, 28.22, 31.06, 26.906, 5017, 8748, 11867, 14311, 3485, 3962, 4110, 4806, 8069, 2250, 0, 0, 266, 360, 739, 1370, 2209, 2609, 3251, 3204, 5728, 537, 0, 0
16:17:04, 1012.40, 28.22, 31.10, 26.906, 2380, 4398, 5934, 7758, 9158, 9342, 10398, 14395, 16251, 3169, 0, 0, 239, 316, 654, 1238, 2122, 2519, 3152, 3108, 5321, 491, 0, 0
16:17:05, 1008.00, 28.23, 31.00, 27.469, 2964, 5781, 8541, 10599, 12849, 12964, 16547, 19853, 30121, 7182, 0, 0, 232, 310, 638, 1197, 2136, 2511, 3141, 3098, 5587, 524, 0, 0
16:17:05, 1009.70, 28.24, 31.00, 27.789, 4161, 6768, 10326, 11827, 16177, 16364, 18607, 24007, 36000, 18722, 1, 1, 235, 325, 661, 1221, 2144, 2508, 3142, 3093, 6242, 586, 0, 0
16:17:06, 1011.00, 28.26, 31.02, 27.789, 3735, 6342, 9972, 12157, 13006, 13740, 14747, 19618, 36000, 15686, 1, 1, 247, 346, 703, 1294, 2280, 2672, 3333, 3294, 6971, 643, 0, 0
16:17:07, 1012.10, 28.27, 31.00, 27.977, 3202, 6587, 8467, 11612, 10542, 12841, 12649, 18890, 36000, 16556, 1, 1, 249, 350, 707, 1294, 2198, 2582, 3229, 3199, 6852, 631, 0, 0
16:17:07, 1011.20, 28.28, 30.98, 28.094, 3477, 6270, 9501, 11349, 14100, 16561, 16405, 23323, 36000, 18892, 1, 1, 227, 315, 638, 1186, 2045, 2410, 3039, 3010, 6195, 574, 0, 0
16:17:08, 1010.30, 28.30, 31.00, 28.094, 3410, 5957, 8728, 10809, 15408, 16516, 16848, 24800, 36000, 17355, 1, 1, 197, 265, 540, 1014, 1768, 2094, 2651, 2620, 5035, 481, 0, 0
16:17:09, 1009.20, 28.31, 30.98, 28.141, 3411, 6492, 9187, 11224, 13558, 14850, 18346, 22168, 36000, 15188, 1, 1, 190, 255, 520, 976, 1772, 2097, 2657, 2624, 5111, 490, 0, 0
16:17:09, 1009.80, 28.32, 30.98, 28.180, 3782, 6880, 9675, 12166, 15005, 16079, 18544, 25147, 36000, 18241, 1, 1, 218, 304, 614, 1131, 2055, 2409, 3033, 2996, 6446, 609, 0, 0
16:17:10, 1009.90, 28.33, 31.00, 28.180, 3621, 6602, 9477, 11550, 14880, 16794, 18600, 23054, 36000, 22646, 1, 1, 256, 363, 726, 1316, 2308, 2699, 3348, 3325, 7281, 681, 0, 0
16:17:11, 1009.30, 28.34, 30.97, 28.203, 3053, 5574, 7432, 13976, 11490, 15200, 25510, 20728, 36000, 22882, 1, 1, 257, 366, 733, 1326, 2303, 2691, 3336, 3305, 7256, 678, 0, 0
16:17:11, 1010.50, 28.35, 30.97, 28.227, 3829, 7469, 10336, 12512, 14943, 16291, 17128, 24113, 36000, 22209, 1, 1, 231, 326, 659, 1206, 2067, 2416, 3015, 2972, 6414, 595, 0, 0
16:17:12, 1011.90, 28.36, 30.91, 28.227, 3373, 5953, 8821, 10026, 13918, 13864, 15930, 20664, 36000, 16406, 1, 1, 205, 286, 582, 1078, 1886, 2212, 2778, 2729, 5690, 526, 0, 0
16:17:13, 1012.50, 28.36, 30.97, 28.250, 3193, 5692, 8384, 11371, 13566, 14759, 17241, 22391, 36000, 12363, 1, 1, 183, 250, 514, 963, 1736, 2039, 2565, 2516, 5202, 482, 0, 0
16:17:13, 1012.80, 28.37, 30.97, 28.258, 3105, 5052, 7928, 10014, 12507, 14301, 16972, 21136, 36000, 12086, 1, 1, 189, 257, 530, 998, 1804, 2123, 2666, 2617, 5364, 492, 0, 0
16:17:14, 1011.10, 28.38, 30.95, 28.258, 2852, 4940, 7337, 9699, 12261, 13681, 14162, 20067, 36000, 13234, 1, 1, 203, 279, 573, 1071, 1893, 2215, 2770, 2715, 5511, 510, 0, 0
16:17:15, 1010.90, 28.39, 30.93, 28.258, 3254, 5608, 8164, 10198, 12973, 14472, 14679, 21470, 36000, 14990, 1, 1, 196, 271, 555, 1034, 1796, 2099, 2620, 2566, 5100, 475, 0, 0
16:17:15, 1011.80, 28.40, 30.93, 28.273, 3334, 5563, 8149, 10380, 12518, 14133, 15786, 21385, 36000, 13046, 1, 1, 182, 249, 513, 962, 1712, 2004, 2504, 2448, 4759, 441, 0, 0
16:17:16, 1013.00, 28.40, 30.87, 28.273, 2819, 4975, 7349, 9414, 11944, 13052, 14940, 19574, 36000, 10935, 1, 1, 179, 246, 508, 953, 1726, 2020, 2520, 2460, 5087, 465, 0, 0
16:17:17, 1011.60, 28.41, 30.91, 28.266, 2541, 4494, 6739, 8941, 11274, 11692, 13282, 16877, 36000, 10902, 1, 1, 191, 267, 549, 1022, 1818, 2118, 2626, 2564, 5460, 501, 0, 0
16:17:17, 1011.60, 28.41, 30.91, 28.281, 2821, 5040, 7734, 9450, 12188, 12550, 14560, 18518, 36000, 12950, 1, 1, 186, 261, 535, 989, 1736, 2016, 2498, 2435, 5208, 477, 0, 0
16:17:18, 1010.50, 28.42, 30.87, 28.281, 2787, 4853, 7024, 9474, 11329, 12851, 15083, 18350, 36000, 11325, 1, 1, 177, 245, 507, 947, 1709, 1990, 2471, 2406, 4775, 441, 0, 0
16:17:19, 1009.40, 28.43, 30.91, 28.281, 2354, 4564, 6730, 8157, 12510, 12895, 15884, 18271, 35120, 11828, 0, 1, 179, 248, 509, 938, 1656, 1923, 2374, 2316, 4381, 413, 0, 0
16:17:19, 1013.10, 28.43, 30.91, 28.297, 2652, 4645, 7019, 8229, 10191, 11045, 11875, 17123, 35981, 12717, 0, 1, 168, 230, 477, 894, 1671, 1949, 2421, 2353, 4344, 400, 0, 0
16:17:20, 1019.40, 28.44, 30.89, 28.297, 2072, 3671, 5691, 6993, 9919, 11513, 12067, 17185, 36000, 11223, 1, 1, 171, 233, 487, 920, 1628, 1906, 2358, 2306, 4905, 436, 0, 0
16:17:21, 1024.10, 28.45, 30.91, 28.305, 1271, 1903, 3298, 3882, 6668, 6771, 7395, 9246, 35756, 9908, 0, 1, 153, 200, 425, 828, 1510, 1795, 2236, 2186, 4509, 396, 0, 0
16:17:21, 1027.90, 28.45, 30.89, 28.297, 1203, 2329, 3756, 5313, 6872, 8036, 8864, 11727, 35836, 5208, 0, 1, 142, 180, 386, 770, 1388, 1664, 2079, 2037, 4147, 358, 0, 0
16:17:22, 1032.30, 28.45, 30.89, 28.297, 1128, 1694, 3429, 4052, 4637, 5080, 5933, 6861, 27473, 4922, 0, 0, 139, 175, 376, 745, 1312, 1585, 1986, 1955, 3924, 334, 0, 0
16:17:23, 1037.80, 28.46, 30.89, 28.281, 995, 1769, 3173, 4712, 7414, 8548, 9531, 13323, 31369, 3787, 0, 0, 119, 137, 297, 627, 1213, 1488, 1887, 1853, 3546, 298, 0, 0
16:17:23, 1039.90, 28.46, 30.87, 28.273, 882, 1684, 2812, 4650, 5656, 6645, 7586, 10079, 27746, 3080, 0, 0, 113, 127, 274, 587, 1183, 1463, 1868, 1832, 3324, 285, 0, 0
16:17:24, 1040.70, 28.46, 30.87, 28.273, 769, 1180, 2282, 3455, 4268, 4585, 5782, 6495, 29800, 4216, 0, 0, 106, 116, 250, 542, 1199, 1493, 1916, 1878, 3272, 282, 0, 0
16:17:25, 1051.70, 28.46, 30.85, 28.258, 423, 608, 1113, 1829, 3407, 4002, 5089, 6415, 9006, 732, 0, 0, 104, 109, 233, 516, 999, 1257, 1615, 1600, 2922, 242, 0, 0
16:17:25, 1056.50, 28.46, 30.91, 28.258, 477, 712, 1420, 2391, 5184, 6159, 7506, 9667, 17441, 1582, 0, 0, 94, 92, 192, 442, 980, 1261, 1647, 1622, 2700, 230, 0, 0
16:17:26, 1061.90, 28.47, 30.84, 28.258, 409, 637, 1305, 2255, 4085, 4924, 5947, 7586, 16861, 1394, 0, 0, 81, 79, 162, 375, 857, 1115, 1462, 1456, 2514, 207, 0, 0
16:17:27, 1064.10, 28.47, 30.87, 28.258, 399, 629, 1218, 2260, 3720, 4502, 5511, 7146, 14250, 1216, 0, 0, 81, 78, 157, 368, 819, 1072, 1414, 1406, 2371, 197, 0, 0
16:17:27, 1073.50, 28.47, 30.85, 28.250, 353, 490, 1003, 1878, 2713, 3262, 4245, 4676, 15887, 1442, 0, 0, 75, 71, 143, 334, 730, 971, 1289, 1293, 2176, 178, 0, 0
16:17:28, 1078.30, 28.47, 30.82, 28.250, 264, 351, 693, 1332, 2219, 2733, 3629, 4571, 7998, 644, 0, 0, 70, 63, 119, 290, 688, 932, 1254, 1252, 1985, 166, 0, 0
16:17:29, 1081.00, 28.47, 30.85, 28.203, 297, 395, 802, 1656, 2723, 3491, 4466, 5479, 12247, 887, 0, 0, 62, 56, 106, 257, 638, 867, 1163, 1165, 1880, 156, 0, 0
16:17:29, 1087.40, 28.47, 30.82, 28.187, 279, 351, 692, 1503, 2440, 3141, 4145, 4936, 12034, 886, 0, 0, 61, 54, 101, 247, 615, 840, 1130, 1134, 1844, 152, 0, 0
16:17:30, 1092.10, 28.47, 30.85, 28.187, 217, 257, 520, 1112, 2025, 2644, 3416, 4308, 8915, 690, 0, 0, 58, 51, 91, 225, 584, 814, 1111, 1112, 1749, 146, 0, 0
16:17:31, 1095.00, 28.47, 30.85, 28.164, 201, 241, 482, 1090, 2070, 2737, 3728, 4173, 8782, 607, 0, 0, 52, 45, 79, 197, 527, 739, 1008, 1010, 1555, 129, 0, 0
16:17:31, 1098.80, 28.47, 30.82, 28.172, 203, 243, 493, 1056, 2074, 2624, 3525, 4216, 7736, 552, 0, 0, 52, 44, 77, 192, 511, 719, 982, 985, 1513, 126, 0, 0
16:17:32, 1101.80, 28.47, 30.84, 28.172, 166, 186, 368, 800, 1796, 2308, 3083, 3755, 6906, 508, 0, 0, 49, 41, 70, 174, 485, 691, 953, 955, 1421, 120, 0, 0
16:17:33, 1104.40, 28.47, 30.82, 28.172, 159, 181, 353, 783, 1577, 2054, 2759, 3343, 6634, 501, 0, 0, 47, 39, 66, 166, 463, 663, 916, 920, 1390, 116, 0, 0
16:17:33, 1107.10, 28.47, 30.82, 28.164, 159, 179, 348, 779, 1609, 2112, 2814, 3486, 6622, 492, 0, 0, 46, 39, 65, 162, 453, 649, 897, 901, 1341, 113, 0, 0
16:17:34, 1111.80, 28.47, 30.82, 28.164, 146, 148, 291, 668, 1286, 1706, 2373, 2633, 6783, 499, 0, 0, 43, 36, 60, 148, 411, 597, 831, 836, 1239, 104, 0, 0
16:17:35, 1115.90, 28.47, 30.82, 28.148, 133, 142, 270, 614, 1314, 1738, 2372, 2911, 4780, 358, 0, 0, 39, 33, 53, 131, 378, 552, 771, 776, 1148, 96, 0, 0
16:17:35, 1117.80, 28.47, 30.84, 28.148, 124, 132, 250, 578, 1254, 1679, 2293, 2806, 4756, 351, 0, 0, 37, 31, 49, 122, 359, 527, 737, 742, 1093, 92, 0, 0
16:17:36, 1123.10, 28.47, 30.80, 28.148, 118, 124, 231, 553, 1091, 1478, 2087, 2349, 5184, 374, 0, 0, 37, 31, 49, 121, 348, 513, 718, 727, 1088, 91, 0, 0
16:17:37, 1126.70, 28.47, 30.84, 28.148, 107, 110, 198, 467, 1036, 1396, 1937, 2378, 3432, 255, 0, 0, 34, 28, 43, 106, 318, 475, 673, 678, 975, 82, 0, 0
16:17:37, 1128.10, 28.47, 30.82, 28.141, 105, 107, 194, 460, 1052, 1426, 1988, 2417, 3598, 266, 0, 0, 33, 27, 42, 102, 317, 477, 679, 685, 960, 82, 0, 0
16:17:38, 1135.30, 28.47, 30.82, 28.141, 99, 102, 180, 431, 898, 1220, 1732, 2014, 4160, 316, 0, 0, 33, 27, 42, 102, 305, 462, 658, 670, 991, 82, 0, 0
16:17:39, 1138.70, 28.47, 30.78, 28.141, 94, 94, 161, 391, 926, 1290, 1833, 2219, 3586, 264, 0, 0, 31, 25, 37, 89, 286, 439, 634, 645, 919, 77, 0, 0
16:17:39, 1141.00, 28.47, 30.80, 28.156, 95, 94, 156, 394, 968, 1371, 1948, 2304, 3920, 278, 0, 0, 30, 24, 36, 85, 279, 431, 626, 638, 899, 75, 0, 0
16:17:40, 1146.90, 28.47, 30.80, 28.156, 90, 89, 149, 365, 818, 1171, 1715, 1934, 3820, 275, 0, 0, 30, 24, 35, 84, 263, 409, 595, 611, 857, 72, 0, 0
16:17:41, 1152.50, 28.47, 30.82, 28.164, 82, 81, 130, 315, 795, 1128, 1625, 1989, 3242, 239, 0, 0, 26, 22, 31, 71, 236, 372, 547, 561, 779, 65, 0, 0
16:17:41, 1155.10, 28.48, 30.80, 28.164, 77, 75, 119, 289, 730, 1050, 1525, 1860, 2713, 201, 0, 0, 26, 21, 30, 69, 230, 364, 539, 552, 749, 63, 0, 0
16:17:42, 1161.10, 28.48, 30.82, 28.172, 67, 59, 96, 232, 609, 887, 1291, 1483, 2907, 226, 0, 0, 23, 19, 26, 59, 202, 325, 486, 498, 672, 57, 0, 0
16:17:43, 1165.60, 28.48, 30.80, 28.172, 66, 63, 94, 228, 656, 963, 1426, 1728, 2600, 189, 0, 0, 22, 18, 24, 54, 190, 308, 462, 476, 643, 54, 0, 0
16:17:43, 1167.30, 28.48, 30.78, 28.172, 65, 62, 94, 226, 621, 913, 1347, 1651, 2310, 171, 0, 0, 22, 17, 24, 53, 187, 304, 458, 472, 626, 53, 0, 0
16:17:44, 1171.30, 28.48, 30.78, 28.180, 62, 60, 89, 214, 590, 865, 1289, 1574, 2476, 183, 0, 0, 21, 17, 23, 51, 179, 292, 443, 459, 619, 52, 0, 0
16:17:45, 1176.00, 28.48, 30.80, 28.172, 57, 55, 80, 193, 543, 804, 1202, 1477, 2307, 172, 0, 0, 19, 16, 21, 46, 165, 273, 418, 435, 581, 49, 0, 0
16:17:45, 1179.60, 28.48, 30.78, 28.172, 52, 50, 72, 170, 509, 765, 1153, 1429, 2198, 162, 0, 0, 18, 15, 20, 42, 154, 258, 400, 416, 536, 46, 0, 0
16:17:46, 1182.40, 28.48, 30.80, 28.180, 52, 49, 69, 165, 477, 721, 1092, 1348, 2059, 152, 0, 0, 18, 15, 19, 40, 148, 250, 389, 408, 535, 45, 0, 0
16:17:47, 1187.70, 28.48, 30.80, 28.180, 47, 45, 62, 149, 407, 616, 951, 1123, 2031, 151, 0, 0, 18, 14, 19, 39, 140, 238, 373, 394, 522, 44, 0, 0
16:17:47, 1191.50, 28.49, 30.78, 28.180, 45, 42, 57, 135, 391, 605, 927, 1144, 1585, 117, 0, 0, 16, 13, 16, 33, 124, 213, 337, 357, 463, 39, 0, 0
16:17:48, 1195.80, 28.48, 30.78, 28.156, 40, 36, 49, 119, 343, 535, 840, 964, 1685, 124, 0, 0, 14, 11, 15, 30, 113, 195, 311, 329, 424, 36, 0, 0
16:17:49, 1201.20, 28.49, 30.80, 28.141, 37, 34, 45, 107, 318, 499, 796, 918, 1497, 112, 0, 0, 13, 11, 13, 27, 101, 177, 285, 302, 387, 33, 0, 0
16:17:49, 1206.10, 28.48, 30.82, 28.141, 33, 31, 40, 92, 284, 455, 721, 855, 1340, 98, 0, 0, 12, 10, 12, 24, 92, 162, 262, 279, 356, 30, 0, 0
16:17:50, 1212.70, 28.48, 30.78, 28.133, 29, 28, 35, 80, 251, 400, 637, 781, 1125, 84, 0, 0, 11, 8, 11, 21, 82, 146, 237, 252, 322, 27, 0, 0
16:17:51, 1221.70, 28.48, 30.80, 28.125, 27, 25, 31, 70, 226, 365, 585, 716, 1021, 76, 0, 0, 9, 7, 9, 18, 71, 128, 210, 224, 284, 24, 0, 0
16:17:51, 1227.60, 28.48, 30.78, 28.125, 24, 22, 27, 61, 199, 326, 528, 643, 896, 67, 0, 0, 8, 6, 8, 15, 63, 114, 189, 201, 250, 21, 0, 0
16:17:52, 1233.20, 28.48, 30.76, 28.125, 22, 20, 24, 53, 179, 297, 482, 581, 852, 64, 0, 0, 7, 6, 7, 14, 57, 104, 174, 185, 231, 19, 0, 0
16:17:53, 1238.40, 28.48, 30.78, 28.133, 19, 18, 22, 46, 158, 265, 432, 519, 785, 59, 0, 0, 7, 5, 7, 12, 51, 95, 160, 171, 211, 17, 0, 0
16:17:53, 1240.10, 28.48, 30.78, 28.133, 18, 17, 20, 41, 147, 248, 404, 497, 604, 45, 0, 0, 7, 5, 7, 12, 50, 93, 157, 168, 200, 17, 0, 0
16:17:54, 1245.00, 28.48, 30.78, 28.133, 18, 17, 20, 41, 147, 244, 404, 493, 684, 51, 0, 0, 6, 5, 6, 11, 47, 87, 148, 159, 196, 16, 0, 0
16:17:55, 1250.30, 28.48, 30.76, 28.141, 16, 16, 18, 37, 134, 225, 374, 456, 649, 49, 0, 0, 6, 4, 6, 10, 43, 81, 138, 148, 183, 15, 0, 0
16:17:55, 1254.10, 28.48, 30.76, 28.141, 15, 15, 17, 35, 126, 215, 360, 437, 583, 43, 0, 0, 5, 4, 5, 9, 40, 75, 129, 139, 168, 14, 0, 0
16:17:56, 1259.70, 28.48, 30.78, 28.141, 14, 13, 15, 31, 112, 194, 323, 380, 574, 43, 0, 0, 5, 4, 5, 9, 36, 69, 119, 129, 156, 13, 0, 0
16:17:57, 1263.90, 28.48, 30.78, 28.148, 13, 12, 14, 28, 105, 182, 308, 372, 502, 37, 0, 0, 4, 3, 4, 8, 33, 64, 112, 122, 146, 12, 0, 0
16:17:57, 1265.30, 28.48, 30.78, 28.148, 12, 12, 13, 26, 98, 171, 292, 354, 460, 34, 0, 0, 4, 3, 4, 7, 32, 63, 110, 119, 141, 12, 0, 0
16:17:58, 1272.80, 28.48, 30.76, 28.133, 12, 11, 12, 24, 89, 158, 266, 315, 467, 35, 0, 0, 4, 3, 4, 7, 30, 58, 104, 114, 137, 11, 0, 0
16:17:59, 1276.80, 28.48, 30.78, 28.133, 10, 10, 11, 21, 80, 143, 247, 299, 392, 29, 0, 0, 3, 3, 3, 6, 26, 52, 93, 102, 118, 10, 0, 0
16:17:59, 1280.20, 28.48, 30.82, 28.133, 10, 9, 10, 19, 78, 139, 240, 292, 377, 28, 0, 0, 3, 3, 3, 6, 25, 50, 91, 100, 117, 10, 0, 0
16:18:00, 1287.90, 28.48, 30.76, 28.133, 9, 8, 9, 18, 67, 121, 206, 243, 368, 28, 0, 0, 3, 2, 3, 5, 23, 46, 83, 92, 107, 8, 0, 0
16:18:01, 1295.70, 28.48, 30.78, 28.133, 8, 8, 8, 15, 60, 111, 195, 233, 314, 24, 0, 0, 3, 2, 3, 4, 19, 39, 73, 82, 93, 7, 0, 0
16:18:01, 1297.70, 28.48, 30.74, 28.133, 7, 7, 7, 13, 53, 98, 173, 214, 263, 20, 0, 0, 3, 2, 3, 4, 19, 39, 73, 82, 92, 7, 0, 0
16:18:02, 1306.00, 28.48, 30.80, 28.133, 7, 7, 7, 13, 50, 93, 161, 195, 276, 22, 0, 0, 3, 2, 3, 4, 19, 38, 72, 81, 94, 8, 0, 0
16:18:03, 1313.00, 28.48, 30.78, 28.133, 6, 6, 6, 11, 43, 81, 147, 182, 221, 17, 0, 0, 2, 1, 2, 3, 14, 31, 60, 68, 75, 6, 0, 0
16:18:03, 1318.60, 28.48, 30.76, 28.133, 5, 5, 5, 8, 37, 70, 126, 157, 179, 14, 0, 0, 2, 1, 2, 3, 14, 29, 57, 65, 72, 6, 0, 0
16:18:04, 1329.80, 28.48, 30.76, 28.133, 5, 5, 5, 8, 32, 62, 110, 131, 197, 16, 0, 0, 2, 1, 2, 3, 12, 26, 52, 60, 67, 5, 0, 0
16:18:05, 1331.80, 28.48, 30.76, 28.141, 4, 4, 4, 6, 28, 54, 99, 124, 133, 10, 0, 0, 1, 1, 2, 2, 11, 24, 50, 58, 60, 5, 0, 0
16:18:05, 1338.00, 28.48, 30.76, 28.141, 4, 4, 4, 6, 28, 55, 101, 127, 146, 11, 0, 0, 1, 1, 2, 2, 10, 23, 48, 57, 60, 5, 0, 0
16:18:06, 1344.00, 28.48, 30.78, 28.133, 3, 4, 3, 5, 24, 47, 87, 108, 147, 12, 0, 0, 1, 1, 1, 2, 9, 21, 45, 54, 56, 4, 0, 0
16:18:07, 1344.80, 28.48, 30.74, 28.141, 3, 3, 3, 5, 23, 46, 85, 106, 115, 9, 0, 0, 1, 1, 1, 2, 9, 21, 46, 54, 56, 4, 0, 0
16:18:07, 1346.20, 28.48, 30.76, 28.141, 3, 3, 3, 5, 21, 42, 79, 98, 107, 8, 0, 0, 1, 1, 1, 2, 9, 22, 46, 55, 57, 4, 0, 0
16:18:08, 1353.70, 28.48, 30.74, 28.133, 3, 3, 3, 5, 22, 43, 81, 100, 114, 9, 0, 0, 1, 1, 1, 2, 8, 19, 40, 48, 49, 4, 0, 0
16:18:09, 1359.30, 28.48, 30.71, 28.141, 3, 3, 3, 4, 19, 38, 71, 88, 102, 8, 0, 0, 1, 1, 1, 2, 7, 17, 36, 44, 44, 3, 0, 0
16:18:09, 1363.60, 28.48, 30.72, 28.141, 2, 3, 2, 4, 17, 34, 64, 80, 87, 7, 0, 0, 1, 0, 1, 1, 6, 15, 33, 39, 39, 3, 0, 0
16:18:10, 1365.80, 28.48, 30.78, 28.141, 2, 3, 2, 3, 16, 32, 61, 77, 88, 7, 0, 0, 0, 0, 1, 1, 5, 13, 28, 33, 34, 2, 0, 0
16:18:11, 1367.20, 28.49, 30.74, 28.141, 2, 2, 2, 3, 15, 31, 59, 74, 83, 7, 0, 0, 0, 0, 1, 1, 5, 12, 26, 30, 32, 2, 0, 0
16:18:11, 1371.20, 28.48, 30.76, 28.141, 2, 2, 2, 3, 15, 31, 59, 74, 89, 7, 0, 0, 0, 0, 0, 1, 5, 12, 24, 28, 31, 2, 0, 0
16:18:12, 1375.00, 28.48, 30.74, 28.141, 2, 2, 2, 3, 14, 28, 54, 68, 82, 7, 0, 0, 0, 0, 1, 1, 4, 11, 23, 26, 28, 2, 0, 0
16:18:13, 1377.30, 28.48, 30.72, 28.141, 2, 2, 2, 3, 13, 26, 50, 63, 69, 5, 0, 0, 0, 0, 0, 1, 4, 10, 22, 25, 27, 2, 0, 0
16:18:13, 1381.20, 28.49, 30.76, 28.141, 2, 2, 2, 2, 12, 25, 49, 62, 74, 6, 0, 0, 0, 0, 0, 1, 4, 10, 21, 25, 27, 2, 0, 0
16:18:14, 1386.40, 28.48, 30.74, 28.125, 2, 2, 1, 2, 11, 24, 46, 57, 74, 6, 0, 0, 0, 0, 0, 1, 4, 9, 19, 23, 24, 1, 0, 0
16:18:15, 1390.20, 28.48, 30.74, 28.125, 1, 2, 1, 2, 10, 22, 43, 54, 60, 5, 0, 0, 0, 0, 0, 1, 3, 9, 19, 22, 22, 1, 0, 0
16:18:15, 1390.60, 28.48, 30.76, 28.125, 1, 2, 1, 2, 9, 19, 37, 46, 44, 4, 0, 0, 0, 0, 0, 1, 3, 9, 19, 22, 22, 1, 0, 0
16:18:16, 1385.90, 28.48, 30.76, 28.133, 2, 2, 1, 2, 11, 23, 44, 55, 53, 4, 0, 0, 0, 0, 0, 1, 4, 9, 20, 23, 23, 1, 0, 0
16:18:17, 1380.30, 28.48, 30.74, 28.141, 2, 2, 1, 2, 12, 25, 49, 61, 61, 5, 0, 0, 0, 0, 0, 1, 4, 10, 22, 25, 25, 1, 0, 0
16:18:17, 1370.00, 28.49, 30.72, 28.141, 2, 2, 2, 2, 12, 25, 48, 61, 57, 5, 0, 0, 0, 0, 0, 1, 5, 12, 26, 29, 29, 2, 0, 0
16:18:18, 1359.50, 28.49, 30.76, 28.141, 2, 2, 2, 3, 14, 29, 56, 70, 63, 5, 0, 0, 0, 0, 1, 1, 6, 15, 30, 34, 35, 2, 0, 0
16:18:19, 1351.40, 28.49, 30.72, 28.148, 3, 3, 2, 4, 17, 35, 65, 82, 85, 7, 0, 0, 1, 0, 1, 1, 8, 17, 35, 39, 43, 3, 0, 0
16:18:19, 1347.60, 28.49, 30.74, 28.148, 3, 3, 3, 4, 21, 43, 80, 99, 118, 9, 0, 0, 1, 1, 1, 2, 8, 18, 36, 40, 45, 3, 0, 0
16:18:20, 1340.20, 28.49, 30.72, 28.148, 3, 3, 3, 5, 22, 44, 81, 101, 108, 9, 0, 0, 1, 1, 1, 2, 9, 20, 40, 44, 48, 4, 0, 0
16:18:21, 1332.60, 28.49, 30.72, 28.148, 4, 4, 3, 6, 24, 48, 87, 109, 112, 9, 0, 0, 1, 1, 1, 2, 11, 24, 46, 51, 54, 4, 0, 0
16:18:21, 1327.30, 28.49, 30.74, 28.148, 4, 4, 4, 6, 29, 57, 104, 129, 139, 11, 0, 0, 1, 1, 2, 2, 12, 25, 49, 54, 59, 4, 0, 0
16:18:22, 1320.30, 28.50, 30.72, 28.148, 4, 4, 4, 7, 30, 58, 104, 129, 137, 11, 0, 0, 2, 1, 2, 3, 13, 28, 54, 59, 65, 5, 0, 0
16:18:23, 1315.50, 28.49, 30.74, 28.148, 5, 5, 5, 8, 33, 64, 115, 143, 152, 12, 0, 0, 2, 1, 2, 3, 14, 30, 56, 61, 69, 5, 0, 0
16:18:23, 1310.60, 28.49, 30.71, 28.148, 5, 5, 5, 9, 38, 72, 131, 162, 194, 15, 0, 0, 2, 1, 2, 3, 16, 33, 62, 68, 76, 6, 0, 0
16:18:24, 1301.90, 28.50, 30.74, 28.141, 5, 5, 5, 8, 35, 67, 118, 148, 158, 12, 0, 0, 2, 2, 2, 4, 18, 37, 69, 76, 82, 7, 0, 0
16:18:25, 1298.00, 28.50, 30.72, 28.141, 5, 5, 5, 9, 40, 75, 133, 166, 166, 13, 0, 0, 2, 2, 2, 4, 18, 36, 68, 75, 82, 7, 0, 0
16:18:25, 1291.20, 28.50, 30.69, 28.141, 6, 5, 5, 9, 37, 71, 124, 154, 169, 13, 0, 0, 3, 2, 3, 5, 21, 42, 78, 86, 97, 8, 0, 0
16:18:26, 1287.00, 28.50, 30.71, 28.133, 6, 6, 6, 10, 43, 80, 140, 174, 205, 16, 0, 0, 3, 2, 3, 5, 22, 44, 80, 88, 99, 8, 0, 0
16:18:27, 1283.50, 28.50, 30.71, 28.133, 6, 6, 6, 11, 49, 90, 155, 193, 215, 16, 0, 0, 3, 2, 3, 5, 22, 44, 81, 88, 99, 8, 0, 0
16:18:27, 1277.40, 28.50, 30.72, 28.133, 8, 7, 8, 14, 55, 101, 175, 217, 242, 18, 0, 0, 3, 2, 3, 5, 24, 48, 87, 95, 107, 9, 0, 0
16:18:28, 1269.10, 28.50, 30.71, 28.125, 8, 7, 8, 14, 56, 102, 175, 216, 249, 19, 0, 0, 4, 3, 4, 6, 29, 56, 100, 109, 125, 10, 0, 0
16:18:29, 1266.30, 28.50, 30.74, 28.133, 9, 8, 9, 17, 71, 126, 217, 266, 319, 24, 0, 0, 4, 3, 4, 7, 30, 58, 103, 111, 130, 11, 0, 0
16:18:29, 1262.10, 28.50, 30.69, 28.133, 11, 10, 11, 22, 84, 147, 252, 306, 386, 29, 0, 0, 4, 3, 4, 7, 34, 66, 116, 124, 145, 12, 0, 0
16:18:30, 1258.90, 28.50, 30.71, 28.125, 10, 9, 10, 19, 75, 133, 222, 273, 294, 22, 0, 0, 5, 4, 5, 8, 36, 69, 120, 129, 145, 12, 0, 0
16:18:31, 1255.50, 28.50, 30.72, 28.141, 11, 10, 11, 21, 83, 146, 244, 299, 309, 23, 0, 0, 5, 4, 5, 9, 38, 72, 126, 135, 152, 13, 0, 0
16:18:31, 1254.90, 28.50, 30.71, 28.141, 12, 11, 13, 25, 89, 154, 258, 315, 367, 28, 0, 0, 5, 4, 5, 9, 40, 76, 131, 140, 168, 14, 0, 0
16:18:32, 1253.60, 28.50, 30.72, 28.125, 12, 12, 13, 26, 92, 159, 265, 323, 402, 31, 0, 0, 5, 4, 5, 9, 41, 78, 135, 145, 171, 14, 0, 0
16:18:33, 1253.10, 28.50, 30.74, 28.133, 11, 10, 11, 21, 75, 133, 217, 264, 281, 21, 0, 0, 6, 4, 6, 10, 40, 76, 130, 139, 160, 14, 0, 0
16:18:33, 1247.50, 28.51, 30.72, 28.133, 12, 11, 13, 25, 92, 160, 265, 325, 354, 26, 0, 0, 5, 4, 5, 10, 44, 82, 141, 151, 171, 15, 0, 0
16:18:34, 1245.70, 28.50, 30.69, 28.125, 12, 11, 12, 23, 91, 157, 258, 316, 356, 27, 0, 0, 6, 5, 6, 11, 45, 85, 144, 153, 184, 15, 0, 0
16:18:35, 1248.40, 28.50, 30.72, 28.133, 14, 13, 15, 31, 113, 193, 321, 390, 512, 39, 0, 0, 5, 4, 5, 10, 42, 78, 133, 142, 173, 14, 0, 0
16:18:35, 1245.50, 28.50, 30.69, 28.133, 14, 13, 15, 31, 112, 192, 322, 388, 482, 36, 0, 0, 5, 4, 5, 9, 44, 83, 142, 151, 173, 15, 0, 0
16:18:36, 1239.40, 28.50, 30.69, 28.125, 13, 11, 13, 26, 100, 171, 280, 345, 356, 26, 0, 0, 6, 5, 6, 11, 49, 91, 154, 164, 183, 16, 0, 0
16:18:37, 1238.20, 28.50, 30.67, 28.141, 14, 13, 15, 30, 113, 192, 318, 387, 420, 31, 0, 0, 6, 5, 6, 11, 46, 86, 146, 156, 183, 15, 0, 0
16:18:37, 1228.70, 28.51, 30.71, 28.141, 14, 13, 14, 29, 107, 182, 295, 360, 412, 31, 0, 0, 7, 6, 7, 13, 58, 107, 178, 190, 227, 19, 0, 0
16:18:38, 1227.90, 28.51, 30.72, 28.117, 17, 16, 19, 39, 144, 240, 393, 474, 571, 42, 0, 0, 7, 6, 7, 14, 57, 105, 174, 186, 225, 19, 0, 0
16:18:39, 1225.80, 28.51, 30.71, 28.125, 18, 17, 20, 44, 157, 261, 423, 499, 698, 52, 0, 0, 7, 6, 7, 13, 59, 107, 179, 189, 230, 19, 0, 0
16:18:39, 1219.90, 28.51, 30.72, 28.125, 18, 16, 19, 40, 147, 243, 389, 475, 552, 41, 0, 0, 8, 6, 8, 15, 66, 120, 198, 209, 245, 21, 0, 0
16:18:40, 1217.70, 28.51, 30.71, 28.125, 19, 17, 21, 44, 166, 271, 438, 531, 570, 42, 0, 0, 8, 7, 9, 16, 68, 123, 201, 212, 251, 21, 0, 0
16:18:41, 1213.70, 28.51, 30.69, 28.125, 22, 20, 25, 54, 192, 311, 499, 603, 765, 57, 0, 0, 9, 7, 9, 17, 76, 136, 221, 232, 279, 24, 0, 0
16:18:41, 1210.20, 28.52, 30.69, 28.125, 22, 21, 25, 56, 194, 312, 491, 599, 709, 52, 0, 0, 10, 8, 10, 20, 82, 145, 235, 245, 295, 25, 0, 0
16:18:42, 1209.10, 28.51, 30.71, 28.125, 25, 23, 28, 62, 226, 360, 574, 690, 800, 58, 0, 0, 10, 8, 10, 20, 82, 143, 230, 240, 295, 25, 0, 0
16:18:43, 1204.90, 28.52, 30.72, 28.141, 28, 26, 33, 79, 255, 408, 641, 743, 1111, 81, 0, 0, 10, 8, 10, 21, 90, 157, 251, 261, 324, 28, 0, 0
16:18:44, 1201.00, 28.52, 30.71, 28.141, 26, 23, 29, 65, 219, 347, 539, 655, 700, 51, 0, 0, 12, 10, 12, 25, 100, 173, 274, 284, 337, 29, 0, 0
16:18:44, 1200.20, 28.52, 30.69, 28.141, 29, 27, 35, 78, 265, 414, 659, 787, 880, 63, 0, 0, 12, 9, 12, 25, 96, 166, 263, 274, 336, 29, 0, 0
16:18:45, 1197.10, 28.52, 30.71, 28.148, 31, 28, 37, 85, 273, 427, 666, 805, 1086, 81, 0, 0, 12, 9, 12, 25, 100, 173, 274, 285, 368, 31, 0, 0
16:18:46, 1189.40, 28.52, 30.72, 28.148, 26, 24, 30, 70, 238, 374, 576, 688, 893, 67, 0, 0, 14, 11, 15, 31, 120, 204, 320, 333, 418, 36, 0, 0
16:18:46, 1189.50, 28.52, 30.65, 28.141, 32, 29, 38, 86, 289, 445, 683, 832, 946, 69, 0, 0, 14, 11, 15, 31, 116, 197, 308, 320, 400, 34, 0, 0
16:18:47, 1186.10, 28.52, 30.65, 28.148, 35, 33, 44, 104, 328, 504, 778, 935, 1191, 87, 0, 0, 14, 11, 15, 31, 123, 208, 325, 338, 418, 36, 0, 0
16:18:48, 1176.60, 28.52, 30.65, 28.148, 36, 33, 44, 104, 315, 480, 728, 885, 1004, 73, 0, 0, 16, 13, 17, 37, 145, 242, 375, 386, 471, 41, 0, 0
16:18:48, 1174.00, 28.52, 30.67, 28.141, 40, 37, 51, 119, 380, 568, 871, 1039, 1185, 86, 0, 0, 17, 14, 19, 41, 146, 241, 370, 381, 495, 42, 0, 0
16:18:49, 1173.70, 28.52, 30.71, 28.148, 47, 43, 62, 157, 449, 675, 1027, 1161, 1875, 136, 0, 0, 17, 13, 18, 39, 143, 237, 363, 375, 502, 43, 0, 0
16:18:50, 1168.00, 28.52, 30.69, 28.148, 41, 38, 54, 131, 355, 536, 804, 959, 1198, 87, 0, 0, 19, 15, 20, 45, 165, 271, 413, 424, 526, 45, 0, 0
16:18:50, 1161.90, 28.53, 30.65, 28.141, 43, 39, 56, 133, 398, 585, 878, 1047, 1086, 78, 0, 0, 21, 17, 23, 51, 180, 292, 442, 453, 569, 49, 0, 0
16:18:51, 1162.20, 28.53, 30.69, 28.148, 52, 49, 74, 181, 488, 711, 1050, 1259, 1656, 121, 0, 0, 20, 17, 23, 51, 176, 284, 428, 440, 591, 50, 0, 0
16:18:52, 1158.60, 28.53, 30.67, 28.148, 55, 52, 79, 194, 487, 712, 1044, 1260, 1770, 131, 0, 0, 21, 17, 24, 54, 196, 316, 475, 486, 638, 55, 0, 0
16:18:52, 1151.30, 28.53, 30.71, 28.141, 51, 47, 70, 169, 479, 692, 1014, 1238, 1434, 103, 0, 0, 24, 19, 27, 61, 216, 343, 512, 522, 662, 58, 0, 0
16:18:53, 1147.90, 28.53, 30.67, 28.148, 58, 54, 84, 203, 560, 798, 1180, 1397, 1656, 119, 0, 0, 25, 20, 28, 66, 221, 349, 517, 527, 704, 61, 0, 0
16:18:54, 1141.10, 28.53, 30.65, 28.148, 64, 61, 98, 239, 588, 838, 1203, 1458, 2062, 155, 0, 0, 28, 22, 32, 76, 254, 395, 578, 590, 823, 71, 0, 0
16:18:54, 1134.10, 28.53, 30.65, 28.141, 68, 65, 106, 256, 639, 897, 1276, 1541, 2004, 147, 0, 0, 31, 25, 36, 86, 281, 433, 629, 640, 855, 74, 0, 0
16:18:55, 1130.90, 28.53, 30.67, 28.141, 82, 80, 135, 324, 841, 1166, 1667, 1971, 2771, 197, 0, 0, 29, 24, 35, 85, 287, 439, 636, 647, 878, 75, 0, 0
16:18:56, 1118.50, 28.54, 30.67, 28.141, 83, 80, 134, 318, 828, 1122, 1567, 1920, 2454, 176, 0, 0, 40, 32, 50, 121, 382, 569, 813, 822, 1127, 97, 0, 0
16:18:56, 1115.80, 28.53, 30.65, 28.141, 99, 97, 169, 390, 922, 1236, 1708, 2094, 2804, 201, 0, 0, 42, 35, 54, 133, 381, 563, 796, 806, 1155, 98, 0, 0
16:18:57, 1111.20, 28.53, 30.67, 28.148, 138, 145, 270, 653, 1378, 1835, 2572, 3037, 5095, 354, 0, 0, 42, 35, 55, 137, 414, 607, 856, 865, 1246, 106, 0, 0
16:18:58, 1103.60, 28.54, 30.67, 28.148, 131, 139, 260, 587, 1251, 1615, 2246, 2831, 3579, 260, 0, 0, 49, 41, 66, 163, 483, 698, 977, 985, 1342, 116, 0, 0
16:18:58, 1100.50, 28.54, 30.67, 28.141, 144, 158, 296, 655, 1483, 1898, 2795, 3197, 3639, 254, 0, 0, 52, 44, 73, 180, 501, 720, 1001, 1009, 1375, 119, 0, 0
16:18:59, 1100.30, 28.54, 30.65, 28.141, 162, 183, 352, 780, 1536, 1950, 2711, 3312, 4380, 323, 0, 0, 51, 43, 72, 179, 492, 704, 977, 984, 1435, 122, 0, 0
16:19:00, 1099.80, 28.54, 30.67, 28.141, 170, 202, 382, 843, 1707, 2252, 3002, 3755, 7019, 525, 0, 0, 48, 41, 69, 171, 475, 678, 939, 945, 1401, 118, 0, 0
16:19:00, 1096.00, 28.54, 30.65, 28.141, 173, 196, 380, 828, 1654, 2098, 2879, 3541, 4682, 351, 0, 0, 51, 43, 73, 180, 503, 715, 986, 989, 1372, 118, 0, 0
16:19:01, 1090.90, 28.54, 30.72, 28.141, 177, 206, 412, 886, 1842, 2312, 3329, 3873, 4543, 315, 0, 0, 54, 46, 80, 199, 538, 755, 1033, 1034, 1422, 123, 0, 0
16:19:02, 1087.20, 28.54, 30.67, 28.148, 191, 230, 464, 967, 1833, 2287, 3227, 3797, 4418, 311, 0, 0, 55, 47, 83, 206, 545, 759, 1035, 1032, 1464, 126, 0, 0
16:19:02, 1086.80, 28.54, 30.67, 28.148, 198, 235, 479, 983, 2041, 2590, 3373, 4194, 6601, 503, 0, 0, 51, 45, 81, 199, 516, 714, 969, 969, 1533, 128, 0, 0
16:19:03, 1082.40, 28.55, 30.65, 28.148, 211, 270, 548, 1218, 2289, 2972, 3933, 4803, 10174, 699, 0, 0, 53, 46, 84, 206, 572, 787, 1069, 1063, 1657, 141, 0, 0
16:19:04, 1079.60, 28.55, 30.67, 28.164, 183, 230, 453, 899, 2093, 2671, 3461, 4355, 6310, 495, 0, 0, 54, 47, 87, 212, 555, 762, 1033, 1024, 1497, 128, 0, 0
16:19:04, 1082.90, 28.55, 30.63, 28.164, 213, 267, 556, 1098, 2067, 2754, 3785, 4084, 8136, 531, 0, 0, 42, 37, 69, 168, 442, 608, 817, 814, 1352, 112, 0, 0
16:19:05, 1071.90, 28.56, 30.63, 28.164, 188, 233, 464, 942, 1754, 2212, 2751, 3725, 5447, 478, 0, 0, 59, 53, 101, 245, 620, 836, 1123, 1113, 1812, 154, 0, 0
16:19:06, 1058.60, 28.56, 30.65, 28.180, 239, 330, 655, 1219, 2166, 2668, 3350, 4512, 8069, 759, 0, 0, 72, 69, 137, 324, 763, 998, 1319, 1302, 2227, 189, 0, 0
16:19:06, 1050.40, 28.56, 30.63, 28.180, 363, 564, 1128, 1949, 3602, 4282, 5408, 6707, 14617, 1096, 0, 0, 72, 71, 147, 338, 792, 1019, 1333, 1310, 2271, 194, 0, 0
16:19:07, 1043.20, 28.56, 30.63, 28.180, 434, 704, 1380, 2239, 4330, 4901, 5897, 7888, 16807, 1521, 0, 0, 78, 80, 168, 376, 852, 1081, 1402, 1376, 2437, 209, 0, 0
16:19:08, 1030.60, 28.56, 30.65, 28.187, 561, 955, 1708, 2672, 4212, 4920, 5527, 7684, 12271, 1641, 0, 0, 99, 112, 238, 505, 1027, 1266, 1617, 1581, 2873, 251, 0, 0
16:19:08, 1016.80, 28.57, 30.65, 28.187, 1036, 1805, 3177, 4225, 6058, 6857, 7310, 10758, 21367, 3844, 0, 0, 123, 156, 327, 643, 1202, 1435, 1798, 1754, 3337, 300, 0, 0
16:19:09, 1013.90, 28.57, 30.67, 28.187, 1579, 2794, 4328, 5058, 4524, 4785, 5376, 6919, 13375, 2689, 0, 0, 124, 159, 332, 644, 1164, 1390, 1736, 1689, 3047, 272, 0, 0
16:19:10, 1008.00, 28.57, 30.65, 28.195, 1237, 2092, 3165, 3650, 4236, 4458, 5072, 6039, 11437, 2278, 0, 0, 126, 166, 341, 654, 1183, 1411, 1759, 1714, 2974, 265, 0, 0
16:19:10, 1003.40, 28.56, 30.69, 28.203, 1966, 3256, 4461, 5264, 9701, 9640, 12756, 14247, 35986, 23356, 0, 1, 731, 1101, 1656, 2252, 7294, 6794, 9419, 9067, 35223, 24193, 0, 1
16:19:11, 1002.40, 28.55, 30.65, 28.203, 3447, 5331, 7562, 8938, 7774, 8294, 9408, 10877, 28911, 10309, 0, 0, 2876, 4769, 6794, 8655, 14858, 15520, 19552, 20655, 36000, 36000, 1, 1
16:19:12, 1002.80, 28.54, 30.63, 28.195, 2705, 4323, 5932, 7197, 8867, 9288, 10836, 12195, 36000, 13634, 1, 1, 7079, 11947, 16582, 21276, 30487, 32456, 34240, 35508, 36000, 32834, 1, 1
16:19:12, 1003.60, 28.56, 30.69, 28.141, 2601, 4079, 5584, 6773, 6858, 7113, 8237, 9217, 36000, 14307, 1, 1, 6222, 10427, 14127, 19312, 21739, 22762, 29308, 29163, 34299, 13718, 0, 1
