Secchi Depth (cm) = 9999
Forel Ule Scale = 99
pH Colour Scale = 99
SensingSecchi S/N = A016
Latitude (degs N) = 34.03492
Longitude (degs E) = -77.93875
Date = 2026-08-14
Time (UTC), Pressure (mbar) MS5803, Temp (deg C) MS5803, Temp (deg C) 10KTHERM, Temp (deg C) TMP117, ED 415nm, ED 445nm, ED 480nm, ED 515nm, ED 555nm, ED 590nm, ED 630nm, ED 680nm, ED Clear, ED NIR, ED D-SAT, ED A-SAT, EU 415nm, EU 445nm, EU 480nm, EU 515nm, EU 555nm, EU 590nm, EU 630nm, EU 680nm, EU Clear, EU NIR, EU D-SAT, EU A-SAT
15:58:24, 1013.40, 31.92, 32.15, 32.148, 860, 1209, 1628, 1950, 2301, 2589, 3321, 3989, 13960, 5463, 0, 0, 11444, 17122, 23336, 25558, 28983, 28379, 33532, 34696, 36000, 36000, 1, 1
15:58:24, 1013.70, 31.92, 32.15, 32.180, 921, 1323, 1791, 2141, 2214, 2551, 3359, 4099, 14010, 5881, 0, 0, 12580, 18796, 25517, 27767, 30492, 29819, 34853, 35990, 36000, 36000, 1, 1
15:58:25, 1013.70, 31.94, 32.17, 32.156, 902, 1293, 1741, 2081, 2193, 2515, 3269, 3977, 14285, 5928, 0, 0, 12037, 18098, 24501, 26910, 29595, 29041, 34221, 35486, 36000, 36000, 1, 1
15:58:26, 1014.00, 31.93, 32.13, 32.156, 1092, 1585, 2181, 2557, 3021, 3204, 3725, 4225, 17073, 5887, 0, 0, 11042, 17043, 23014, 26367, 29934, 29742, 35090, 36000, 36000, 36000, 1, 1
15:58:26, 1013.80, 31.93, 32.15, 32.203, 560, 789, 1135, 1383, 1522, 1575, 1838, 1811, 6840, 2058, 0, 0, 10308, 14692, 18217, 21058, 19551, 24158, 31493, 36000, 36000, 36000, 1, 1
15:58:27, 1013.80, 31.94, 32.15, 32.313, 3060, 5622, 7064, 10747, 13185, 11619, 19867, 15881, 22168, 6159, 0, 0, 5635, 7904, 9261, 11543, 12806, 16751, 22693, 32633, 36000, 36000, 1, 1
15:58:28, 1014.10, 31.97, 32.15, 32.313, 5367, 9242, 12493, 15347, 25766, 30584, 31154, 35946, 29088, 8894, 0, 1, 6198, 9170, 13639, 15027, 21498, 24972, 27920, 34573, 36000, 30574, 1, 1
15:58:28, 1013.90, 31.99, 32.13, 32.313, 10698, 16994, 24848, 30985, 14117, 12762, 20412, 17816, 36000, 36000, 1, 1, 1331, 2165, 3309, 4330, 7885, 8392, 8945, 9758, 28796, 8604, 0, 0
15:58:29, 1020.70, 31.99, 32.15, 32.070, 5636, 7075, 9983, 11647, 3073, 4013, 3478, 4398, 8309, 2638, 0, 0, 509, 810, 1658, 2847, 4345, 4580, 4582, 4146, 10137, 884, 0, 0
15:58:30, 1021.40, 31.96, 32.15, 32.070, 5680, 10896, 14251, 16013, 33047, 33349, 33012, 36000, 36000, 26722, 1, 1, 541, 849, 1700, 2889, 4889, 5155, 5169, 4744, 13311, 1224, 0, 0
15:58:30, 1031.00, 31.95, 32.13, 31.367, 5778, 9881, 13992, 17910, 21489, 21365, 24399, 27855, 36000, 28397, 1, 1, 490, 758, 1562, 2721, 4405, 4666, 4655, 4206, 11828, 994, 0, 0
15:58:31, 1033.30, 31.94, 32.17, 31.078, 1171, 1833, 3107, 3560, 3189, 2804, 3877, 3589, 21591, 5301, 0, 0, 553, 880, 1796, 3136, 5092, 5335, 5392, 4852, 13355, 1137, 0, 0
15:58:32, 1033.40, 31.94, 32.13, 31.078, 838, 1367, 2033, 2934, 2604, 2725, 3420, 3147, 12605, 2097, 0, 0, 415, 635, 1359, 2441, 3870, 4095, 4064, 3629, 9047, 749, 0, 0
15:58:32, 1039.80, 31.94, 32.13, 30.945, 4146, 6050, 9098, 12630, 15182, 14064, 18229, 21465, 34762, 4689, 0, 1, 321, 490, 1047, 1918, 3225, 3420, 3386, 3017, 7684, 630, 0, 0
15:58:33, 1042.50, 31.93, 32.15, 30.875, 5264, 9894, 16499, 22239, 9764, 10085, 12439, 14491, 17119, 1864, 0, 0, 346, 507, 1115, 2115, 4399, 4726, 4672, 4126, 9490, 802, 0, 0
15:58:34, 1038.40, 31.93, 32.13, 30.875, 1064, 1843, 2954, 4044, 5907, 4848, 9638, 6245, 8758, 1300, 0, 0, 453, 688, 1472, 2676, 4542, 4850, 4839, 4345, 11086, 982, 0, 0
15:58:34, 1037.50, 31.92, 32.15, 30.844, 2266, 4430, 5515, 10016, 13756, 15444, 19906, 21716, 29325, 3231, 0, 0, 418, 641, 1357, 2436, 4011, 4269, 4258, 3818, 10176, 874, 0, 0
15:58:35, 1038.70, 31.91, 32.15, 30.820, 9144, 15612, 23765, 26981, 35800, 35877, 35986, 35994, 36000, 9879, 1, 1, 315, 476, 1029, 1916, 3345, 3575, 3521, 3132, 7552, 627, 0, 0
15:58:35, 1040.20, 31.90, 32.13, 30.820, 6608, 11210, 18980, 22975, 9580, 13020, 13480, 16113, 34438, 7568, 0, 1, 541, 827, 1737, 3071, 5040, 5333, 5363, 4904, 13979, 1193, 0, 0
15:58:36, 1035.00, 31.89, 32.15, 30.820, 2798, 3068, 4894, 7886, 6561, 10466, 11199, 10600, 32064, 4367, 0, 0, 504, 779, 1612, 2816, 4515, 4800, 4806, 4354, 11579, 1043, 0, 0
15:58:37, 1037.80, 31.88, 32.13, 30.812, 1500, 2800, 4036, 6738, 7804, 5334, 12850, 7153, 9768, 1631, 0, 0, 408, 613, 1321, 2450, 3968, 4247, 4203, 3699, 9155, 781, 0, 0
15:58:37, 1041.80, 31.87, 32.13, 30.812, 3602, 6339, 9636, 12867, 22212, 23976, 28682, 30944, 35299, 4827, 0, 1, 335, 507, 1094, 2017, 4748, 5052, 5062, 4582, 12680, 1120, 0, 0
15:58:38, 1030.50, 31.87, 32.11, 30.781, 1891, 1789, 3190, 3736, 4787, 7636, 5521, 7099, 33734, 8257, 0, 1, 556, 856, 1761, 3055, 5185, 5485, 5515, 5078, 14345, 1289, 0, 0
15:58:39, 1034.90, 31.86, 32.11, 30.781, 1079, 1506, 2236, 2849, 4006, 6119, 5433, 5810, 25170, 4804, 0, 0, 534, 818, 1694, 2967, 4135, 4403, 4379, 3925, 10228, 875, 0, 0
15:58:39, 1040.40, 31.85, 32.11, 30.758, 2890, 5057, 7108, 10041, 26940, 28017, 32712, 33011, 31556, 4859, 0, 1, 345, 524, 1122, 2053, 3944, 4186, 4180, 3759, 10351, 865, 0, 0
15:58:40, 1035.20, 31.84, 32.13, 30.758, 3081, 4945, 7555, 9971, 4799, 5732, 5202, 6455, 32138, 7250, 0, 0, 568, 876, 1815, 3185, 5094, 5401, 5429, 4973, 14103, 1239, 0, 0
15:58:41, 1036.60, 31.84, 32.13, 30.758, 4042, 3822, 5584, 11094, 12385, 14243, 15234, 20906, 34941, 5290, 0, 1, 403, 616, 1311, 2379, 3736, 3975, 3953, 3521, 8805, 745, 0, 0
15:58:41, 1044.90, 31.83, 32.13, 30.750, 4458, 8389, 13541, 18414, 21095, 23475, 24686, 29172, 21911, 2911, 0, 0, 376, 558, 1224, 2297, 4180, 4485, 4441, 3923, 9642, 826, 0, 0
15:58:42, 1041.60, 31.83, 32.11, 30.766, 1346, 2821, 4163, 6569, 5568, 5369, 9599, 6376, 10274, 1370, 0, 0, 460, 694, 1493, 2725, 4511, 4811, 4804, 4304, 11336, 994, 0, 0
15:58:43, 1037.80, 31.82, 32.13, 30.766, 4445, 8044, 13908, 16074, 26940, 27985, 30129, 34810, 36000, 7423, 1, 1, 342, 519, 1115, 2058, 3381, 3606, 3571, 3173, 7821, 656, 0, 0
15:58:43, 1040.30, 31.81, 32.09, 30.742, 4199, 8264, 12880, 16949, 28145, 29875, 32714, 32257, 35982, 9388, 0, 1, 377, 565, 1227, 2271, 4432, 4723, 4710, 4271, 11566, 983, 0, 0
15:58:44, 1037.70, 31.80, 32.11, 30.742, 1827, 1878, 3363, 3854, 4750, 6392, 5206, 6599, 35351, 10475, 0, 1, 459, 694, 1474, 2633, 4307, 4574, 4571, 4115, 11432, 985, 0, 0
15:58:45, 1043.70, 31.80, 32.11, 30.742, 2781, 5189, 8109, 10479, 10343, 6700, 12460, 9471, 10042, 1494, 0, 0, 378, 567, 1236, 2302, 3686, 3955, 3889, 3432, 8353, 695, 0, 0
15:58:45, 1038.70, 31.79, 32.13, 30.750, 1171, 1477, 2396, 3383, 2722, 3144, 3392, 3562, 11386, 1653, 0, 0, 518, 779, 1661, 2987, 4589, 4877, 4877, 4396, 11916, 1035, 0, 0
15:58:46, 1036.30, 31.79, 32.09, 30.734, 2366, 2687, 3792, 8004, 5497, 10369, 10252, 8763, 28528, 4147, 0, 0, 493, 756, 1573, 2763, 4198, 4461, 4456, 4025, 10844, 942, 0, 0
15:58:47, 1043.10, 31.78, 32.09, 30.734, 5668, 11218, 18138, 24294, 12916, 13888, 16722, 19671, 15549, 1795, 0, 0, 328, 487, 1069, 2024, 3912, 4186, 4143, 3677, 9598, 821, 0, 0
15:58:47, 1038.00, 31.77, 32.09, 30.719, 1114, 1640, 2575, 3618, 7673, 11383, 12553, 12657, 35990, 4904, 0, 1, 474, 714, 1525, 2753, 5006, 5325, 5343, 4848, 13322, 1177, 0, 0
15:58:48, 1037.90, 31.77, 32.13, 30.734, 2264, 2632, 3774, 7248, 8706, 11472, 14801, 12207, 28508, 3382, 0, 0, 433, 661, 1399, 2518, 3926, 4192, 4168, 3716, 9476, 812, 0, 0
15:58:49, 1040.90, 31.76, 32.11, 30.734, 4117, 4790, 9177, 8682, 11343, 12275, 13601, 17087, 13446, 1614, 0, 0, 331, 494, 1077, 2027, 3826, 4089, 4049, 3590, 9289, 787, 0, 0
15:58:49, 1044.70, 31.76, 32.09, 30.734, 2263, 3247, 4763, 7842, 13589, 17447, 19735, 22489, 35564, 4665, 0, 1, 343, 508, 1107, 2066, 3408, 3649, 3606, 3185, 8283, 692, 0, 0
15:58:50, 1037.10, 31.76, 32.07, 30.758, 3686, 6842, 10951, 13419, 7641, 15600, 17136, 14410, 33288, 4073, 0, 1, 488, 738, 1565, 2796, 4543, 4840, 4848, 4400, 11850, 1038, 0, 0
15:58:51, 1039.50, 31.76, 32.11, 30.758, 2402, 4395, 6756, 8024, 16498, 17436, 22784, 26882, 22499, 2886, 0, 0, 380, 577, 1226, 2247, 3459, 3697, 3658, 3233, 7934, 668, 0, 0
15:58:51, 1049.30, 31.75, 32.09, 30.773, 3401, 6483, 9347, 12524, 28080, 29396, 34636, 34103, 29748, 3325, 0, 1, 380, 558, 1230, 2320, 4384, 4702, 4686, 4170, 10792, 946, 0, 0
15:58:52, 1034.60, 31.76, 32.11, 30.773, 1578, 3057, 3971, 8210, 10303, 11449, 17866, 11417, 14431, 1884, 0, 0, 439, 664, 1408, 2557, 4426, 4730, 4723, 4254, 11045, 984, 0, 0
15:58:53, 1038.70, 31.75, 32.09, 30.773, 5793, 12297, 18656, 18655, 22948, 23836, 27811, 28335, 35958, 9680, 0, 1, 330, 503, 1085, 2010, 3496, 3740, 3692, 3264, 7555, 620, 0, 0
15:58:53, 1044.90, 31.75, 32.09, 30.773, 2402, 4506, 6826, 9392, 12386, 13459, 17469, 21598, 17852, 1856, 0, 0, 377, 560, 1217, 2261, 3916, 4199, 4169, 3699, 9763, 832, 0, 0
15:58:54, 1046.40, 31.74, 32.09, 30.773, 3228, 5421, 7832, 11331, 12011, 12359, 14888, 19316, 29004, 2893, 0, 0, 329, 486, 1066, 2021, 3357, 3604, 3560, 3121, 7702, 636, 0, 0
15:58:55, 1037.80, 31.75, 32.09, 30.781, 3067, 5619, 9076, 11968, 10209, 11418, 15322, 15007, 15515, 1673, 0, 0, 441, 665, 1427, 2590, 4337, 4634, 4633, 4162, 10784, 944, 0, 0
15:58:55, 1040.70, 31.74, 32.05, 30.766, 2585, 6167, 8161, 14336, 10144, 9043, 14726, 13149, 10106, 1600, 0, 0, 375, 569, 1222, 2254, 3469, 3706, 3673, 3252, 7979, 666, 0, 0
15:58:56, 1047.40, 31.74, 32.11, 30.766, 3496, 6602, 11249, 14904, 15277, 17756, 20717, 24752, 23463, 2309, 0, 0, 423, 626, 1361, 2512, 4356, 4659, 4648, 4166, 11342, 973, 0, 0
15:58:57, 1033.60, 31.74, 32.13, 30.766, 3410, 5120, 7729, 10844, 13896, 17742, 21119, 23523, 35534, 9629, 0, 1, 472, 702, 1487, 2667, 4647, 4957, 5022, 4539, 12476, 1101, 0, 0
15:58:57, 1037.00, 31.73, 32.05, 30.766, 5778, 10011, 14936, 15711, 20561, 22386, 22968, 30077, 35256, 7857, 0, 1, 389, 596, 1276, 2334, 3863, 4126, 4084, 3634, 8831, 747, 0, 0
15:58:58, 1043.10, 31.73, 32.09, 30.766, 3465, 6280, 9307, 12649, 17970, 21281, 23127, 30160, 22611, 2619, 0, 0, 352, 524, 1142, 2138, 3786, 4045, 4020, 3584, 9564, 801, 0, 0
15:58:59, 1042.70, 31.73, 32.09, 30.750, 1858, 2961, 4532, 6418, 5111, 8205, 7941, 7920, 27140, 3356, 0, 0, 453, 679, 1445, 2614, 4338, 4636, 4631, 4159, 11326, 972, 0, 0
15:58:59, 1039.30, 31.73, 32.05, 30.727, 2521, 4647, 7193, 9529, 16566, 20750, 22322, 27918, 17567, 2161, 0, 0, 355, 529, 1166, 2194, 3760, 4023, 3984, 3511, 8488, 711, 0, 0
15:59:00, 1044.30, 31.72, 32.07, 30.727, 3097, 6127, 9281, 11931, 13696, 14444, 18581, 24087, 20046, 2231, 0, 0, 358, 545, 1169, 2148, 3355, 3598, 3556, 3118, 7620, 640, 0, 0
15:59:01, 1050.70, 31.71, 32.13, 30.703, 2419, 2410, 4782, 5841, 17843, 18301, 24220, 25895, 21044, 1918, 0, 0, 286, 408, 927, 1822, 3766, 4067, 4010, 3504, 8799, 733, 0, 0
15:59:01, 1032.20, 31.71, 32.09, 30.734, 2506, 3782, 5576, 9264, 6752, 9798, 11890, 10576, 26739, 2766, 0, 0, 425, 643, 1368, 2454, 4075, 4349, 4347, 3978, 10426, 919, 0, 0
15:59:02, 1039.00, 31.70, 32.09, 30.734, 6032, 11255, 16758, 18544, 30543, 31226, 31774, 33262, 35009, 13804, 0, 1, 362, 549, 1178, 2179, 3980, 4258, 4203, 3709, 8490, 698, 0, 0
15:59:03, 1046.00, 31.69, 32.03, 30.719, 3525, 6509, 10345, 14157, 14157, 15433, 18695, 22743, 30549, 2901, 0, 0, 451, 664, 1451, 2686, 5330, 5699, 5723, 5155, 14223, 1253, 0, 0
15:59:03, 1035.80, 31.69, 32.09, 30.727, 1607, 1646, 2888, 3658, 6897, 12262, 9709, 12707, 36000, 8605, 1, 1, 493, 747, 1561, 2765, 4454, 4742, 4761, 4330, 11773, 1047, 0, 0
15:59:04, 1036.60, 31.68, 32.05, 30.727, 5310, 10118, 14302, 16685, 28102, 29763, 32341, 35969, 35828, 6338, 0, 1, 377, 577, 1239, 2274, 3750, 4005, 3954, 3519, 8165, 673, 0, 0
15:59:05, 1050.80, 31.67, 32.11, 30.711, 4766, 8269, 13655, 17034, 19588, 19518, 23449, 28471, 36000, 8463, 1, 1, 329, 486, 1062, 1986, 3290, 3531, 3485, 3065, 8059, 665, 0, 0
15:59:05, 1041.20, 31.66, 32.07, 30.727, 2508, 4558, 7707, 10074, 9436, 11403, 14450, 13719, 26453, 2202, 0, 0, 377, 556, 1211, 2260, 4038, 4333, 4305, 3849, 10115, 858, 0, 0
15:59:06, 1038.60, 31.66, 32.07, 30.727, 3448, 5234, 6982, 12638, 7242, 7729, 9702, 10912, 14495, 1790, 0, 0, 378, 577, 1241, 2278, 3703, 3942, 3920, 3466, 8298, 689, 0, 0
15:59:07, 1045.80, 31.66, 32.07, 30.711, 5389, 9674, 15052, 19508, 24802, 27149, 29017, 33490, 29486, 3310, 0, 1, 358, 535, 1156, 2144, 3536, 3790, 3747, 3296, 8498, 713, 0, 0
15:59:07, 1048.80, 31.65, 32.09, 30.711, 3073, 5661, 9517, 13112, 24179, 27288, 29970, 35691, 33898, 3484, 0, 1, 364, 531, 1169, 2205, 4450, 4777, 4758, 4258, 11388, 980, 0, 0
15:59:08, 1037.40, 31.65, 32.11, 30.711, 1476, 1702, 2853, 4091, 8972, 13856, 14971, 18129, 35108, 7729, 0, 1, 422, 634, 1355, 2452, 4184, 4455, 4452, 4018, 10759, 924, 0, 0
15:59:08, 1041.60, 31.65, 32.07, 30.711, 3235, 6294, 9963, 11412, 19491, 19428, 26832, 28914, 21053, 2834, 0, 0, 391, 590, 1264, 2325, 3653, 3901, 3858, 3406, 8434, 712, 0, 0
15:59:09, 1052.10, 31.65, 32.09, 30.711, 5289, 9836, 16327, 23334, 22531, 24096, 27301, 29995, 36000, 5622, 1, 1, 386, 559, 1228, 2315, 4444, 4771, 4740, 4228, 11466, 975, 0, 0
15:59:10, 1038.00, 31.64, 32.07, 30.719, 2613, 2262, 4314, 6296, 6987, 13806, 9847, 13618, 36000, 8199, 1, 1, 471, 695, 1483, 2688, 4616, 4937, 4959, 4495, 12086, 1057, 0, 0
15:59:10, 1039.00, 31.64, 32.09, 30.727, 4382, 6668, 9405, 13153, 15223, 13774, 16342, 21181, 36000, 10119, 1, 1, 370, 561, 1198, 2198, 3648, 3896, 3839, 3395, 8175, 682, 0, 0
15:59:11, 1049.60, 31.64, 32.05, 30.727, 3781, 6907, 11069, 15554, 24695, 26256, 31219, 33968, 35916, 5845, 0, 1, 374, 545, 1204, 2252, 4419, 4723, 4699, 4181, 11628, 979, 0, 0
15:59:12, 1042.70, 31.64, 32.03, 30.727, 1530, 1605, 3002, 3481, 5947, 8766, 6062, 8888, 36000, 13255, 1, 1, 467, 701, 1497, 2693, 4397, 4682, 4672, 4203, 11790, 987, 0, 0
15:59:12, 1037.20, 31.64, 32.09, 30.727, 2934, 4223, 6819, 9538, 13098, 12531, 16568, 19906, 35988, 9282, 0, 1, 426, 642, 1377, 2497, 4134, 4404, 4384, 3929, 10419, 892, 0, 0
15:59:13, 1049.20, 31.63, 32.09, 30.727, 3576, 7310, 10249, 15771, 13365, 14284, 17829, 19408, 17369, 1860, 0, 0, 319, 481, 1050, 1975, 3324, 3562, 3504, 3064, 7577, 630, 0, 0
15:59:14, 1049.40, 31.63, 32.07, 30.727, 1893, 3348, 4871, 8680, 13509, 15046, 16890, 23273, 33781, 3193, 0, 1, 355, 510, 1147, 2191, 4173, 4481, 4445, 3927, 10385, 860, 0, 0
15:59:14, 1032.10, 31.63, 32.09, 30.742, 1539, 1775, 2931, 4538, 10099, 13225, 15528, 17604, 35203, 6567, 0, 1, 470, 711, 1476, 2592, 4289, 4562, 4563, 4147, 11050, 987, 0, 0
15:59:15, 1044.60, 31.63, 32.07, 30.742, 6338, 9196, 14517, 15157, 20810, 21534, 23892, 25967, 35236, 8180, 0, 1, 367, 557, 1203, 2232, 3807, 4076, 4009, 3548, 8615, 712, 0, 0
15:59:16, 1046.20, 31.63, 32.07, 30.742, 1957, 2531, 4476, 5756, 3495, 3955, 3951, 4605, 22553, 3424, 0, 0, 467, 693, 1492, 2742, 4454, 4756, 4732, 4253, 12018, 981, 0, 0
15:59:16, 1034.10, 31.63, 32.03, 30.742, 1604, 1833, 3566, 3669, 6787, 7410, 6089, 8338, 36000, 22124, 1, 1, 527, 828, 1672, 2996, 4952, 5291, 5336, 4880, 13412, 1142, 0, 0
15:59:17, 1042.60, 31.63, 32.11, 30.742, 3499, 6386, 9181, 12195, 26234, 25772, 29686, 31116, 36000, 14361, 1, 1, 369, 558, 1204, 2224, 3659, 3915, 3854, 3422, 8647, 717, 0, 0
15:59:18, 1050.00, 31.63, 32.09, 30.742, 2730, 4964, 8371, 10570, 18948, 19519, 25255, 28825, 36000, 10234, 1, 1, 345, 499, 1105, 2071, 3644, 3899, 3840, 3375, 9434, 752, 0, 0
15:59:18, 1041.70, 31.63, 32.09, 30.750, 2544, 3302, 6212, 6872, 11239, 11866, 11289, 15560, 36000, 18257, 1, 1, 417, 618, 1343, 2483, 4254, 4537, 4497, 4010, 11197, 918, 0, 0
15:59:19, 1040.40, 31.64, 32.07, 30.750, 2950, 4810, 7261, 9249, 24419, 18546, 24835, 30099, 36000, 18151, 1, 1, 405, 606, 1305, 2384, 3915, 4192, 4128, 3670, 9188, 768, 0, 0
15:59:20, 1050.10, 31.64, 32.09, 30.758, 4498, 8026, 13257, 17731, 28936, 29983, 33412, 34238, 36000, 7301, 1, 1, 357, 520, 1149, 2161, 4282, 4588, 4546, 4061, 11177, 922, 0, 0
15:59:20, 1033.30, 31.64, 32.09, 30.758, 3224, 2914, 6525, 6792, 6836, 9639, 7109, 10442, 36000, 11469, 1, 1, 471, 705, 1496, 2688, 4560, 4856, 4850, 4440, 12035, 1011, 0, 0
15:59:21, 1023.60, 31.64, 32.07, 30.773, 7521, 9566, 14410, 16713, 27064, 26201, 28780, 33473, 36000, 35081, 1, 1, 511, 800, 1616, 2775, 4578, 4851, 4848, 4429, 11693, 1059, 0, 0
15:59:22, 1038.60, 31.64, 32.11, 30.773, 3570, 6917, 10151, 12445, 10766, 11112, 13527, 17205, 24281, 3505, 0, 0, 456, 692, 1460, 2618, 4506, 4796, 4777, 4287, 11656, 1005, 0, 0
15:59:22, 1044.50, 31.64, 32.07, 30.773, 11649, 20183, 29565, 33081, 31282, 31792, 35078, 35793, 36000, 10975, 1, 1, 393, 583, 1263, 2335, 4382, 4682, 4654, 4175, 11254, 958, 0, 0
15:59:23, 1046.80, 31.64, 32.07, 30.789, 3578, 6787, 10407, 13687, 19406, 18680, 23460, 26940, 36000, 10742, 1, 1, 350, 512, 1125, 2109, 3538, 3786, 3725, 3278, 8739, 712, 0, 0
15:59:24, 1064.60, 31.65, 32.07, 30.805, 2646, 5239, 7831, 12730, 7790, 8336, 9599, 10805, 12430, 1087, 0, 0, 300, 423, 963, 1902, 3694, 3996, 3907, 3392, 8628, 720, 0, 0
15:59:24, 1065.60, 31.65, 32.09, 30.805, 1938, 3441, 5715, 8503, 15060, 14731, 18390, 21658, 36000, 6144, 1, 1, 314, 427, 982, 1961, 3818, 4124, 4041, 3499, 9531, 774, 0, 0
15:59:25, 1067.60, 31.65, 32.09, 30.766, 2726, 4923, 8150, 12396, 13695, 13604, 16485, 20390, 36000, 5402, 1, 1, 316, 436, 996, 1965, 3780, 4077, 3993, 3468, 9348, 774, 0, 0
15:59:26, 1078.50, 31.65, 32.07, 30.742, 1881, 3370, 6131, 8666, 14066, 15427, 18453, 18855, 28209, 2249, 0, 0, 238, 320, 750, 1548, 2859, 3103, 2992, 2533, 6150, 491, 0, 0
15:59:26, 1093.60, 31.64, 32.07, 30.742, 2011, 3776, 7187, 10743, 13586, 14684, 16839, 19468, 35403, 2933, 0, 1, 218, 274, 656, 1403, 2812, 3070, 2953, 2470, 6612, 530, 0, 0
15:59:27, 1089.20, 31.64, 32.09, 30.727, 1138, 1629, 3223, 5359, 5960, 7648, 7511, 8734, 25350, 2249, 0, 0, 271, 343, 817, 1715, 3410, 3714, 3606, 3062, 8474, 691, 0, 0
15:59:28, 1094.30, 31.64, 32.07, 30.703, 1328, 2258, 4081, 6357, 11773, 12861, 14562, 17929, 33431, 2487, 0, 1, 213, 268, 640, 1374, 2583, 2829, 2701, 2241, 5487, 441, 0, 0
15:59:28, 1107.80, 31.63, 32.07, 30.703, 1312, 2290, 4800, 7587, 13826, 15157, 17633, 20425, 34843, 2611, 0, 1, 204, 244, 590, 1307, 2507, 2762, 2628, 2159, 5654, 456, 0, 0
15:59:29, 1113.00, 31.63, 32.11, 30.680, 958, 1624, 3419, 5629, 6404, 7622, 8720, 9185, 19837, 1407, 0, 0, 201, 236, 571, 1274, 2486, 2743, 2605, 2132, 5692, 463, 0, 0
15:59:30, 1120.20, 31.63, 32.07, 30.656, 1075, 1848, 3950, 6636, 13552, 15546, 18180, 19328, 26436, 1838, 0, 0, 159, 182, 444, 1024, 2093, 2316, 2180, 1755, 4460, 357, 0, 0
15:59:30, 1125.70, 31.63, 32.09, 30.656, 885, 1461, 3156, 5357, 7617, 8545, 9773, 10497, 19552, 1383, 0, 0, 156, 175, 426, 993, 2095, 2328, 2189, 1759, 4652, 374, 0, 0
15:59:31, 1124.90, 31.62, 32.05, 30.641, 690, 1059, 2299, 3946, 6141, 6970, 8026, 8724, 19329, 1431, 0, 0, 177, 200, 486, 1119, 2246, 2493, 2354, 1907, 5072, 411, 0, 0
15:59:32, 1137.30, 31.62, 32.07, 30.625, 758, 1241, 2768, 4820, 6802, 7884, 8807, 9308, 10854, 776, 0, 0, 136, 148, 359, 862, 1889, 2110, 1972, 1568, 4035, 325, 0, 0
15:59:32, 1145.00, 31.61, 32.09, 30.625, 560, 853, 1952, 3594, 5905, 6723, 7609, 7863, 15125, 1065, 0, 0, 132, 140, 339, 822, 1809, 2029, 1887, 1490, 3962, 321, 0, 0
15:59:33, 1142.40, 31.61, 32.05, 30.609, 562, 842, 1909, 3493, 4913, 5594, 6305, 6515, 15098, 1151, 0, 0, 150, 158, 385, 928, 1999, 2236, 2094, 1664, 4540, 368, 0, 0
15:59:34, 1147.60, 31.61, 32.09, 30.602, 580, 871, 1979, 3677, 6436, 7365, 8384, 8840, 14607, 1018, 0, 0, 123, 129, 313, 769, 1671, 1876, 1734, 1354, 3428, 277, 0, 0
15:59:34, 1153.60, 31.60, 32.07, 30.602, 580, 871, 2031, 3800, 6764, 7874, 8989, 9289, 13460, 933, 0, 0, 122, 125, 302, 749, 1690, 1905, 1762, 1374, 3652, 297, 0, 0
15:59:35, 1157.80, 31.60, 32.05, 30.586, 513, 759, 1755, 3324, 5804, 6775, 7742, 7931, 10757, 754, 0, 0, 115, 117, 282, 706, 1591, 1795, 1655, 1283, 3343, 272, 0, 0
15:59:36, 1165.90, 31.59, 32.09, 30.586, 447, 653, 1532, 2982, 5704, 6656, 7630, 7615, 9534, 683, 0, 0, 106, 106, 254, 644, 1472, 1666, 1531, 1178, 3083, 251, 0, 0
15:59:36, 1166.80, 31.59, 32.09, 30.578, 431, 609, 1446, 2850, 4813, 5618, 6365, 6317, 9424, 661, 0, 0, 105, 104, 248, 637, 1559, 1767, 1626, 1252, 3396, 278, 0, 0
15:59:37, 1168.70, 31.59, 32.05, 30.562, 450, 632, 1455, 2855, 4915, 5712, 6548, 6608, 10119, 706, 0, 0, 105, 105, 250, 639, 1449, 1644, 1504, 1151, 3015, 246, 0, 0
15:59:38, 1175.70, 31.58, 32.09, 30.562, 412, 582, 1377, 2786, 4523, 5288, 5998, 5822, 8096, 574, 0, 0, 99, 97, 231, 596, 1420, 1616, 1479, 1130, 3033, 249, 0, 0
15:59:38, 1183.00, 31.57, 32.05, 30.555, 362, 496, 1200, 2456, 4283, 5003, 5650, 5436, 7897, 559, 0, 0, 88, 85, 200, 527, 1255, 1431, 1299, 981, 2578, 210, 0, 0
15:59:39, 1188.20, 31.57, 32.09, 30.555, 313, 421, 1024, 2118, 3648, 4243, 4756, 4486, 8194, 579, 0, 0, 88, 84, 196, 520, 1255, 1437, 1307, 988, 2621, 215, 0, 0
15:59:40, 1194.70, 31.57, 32.13, 30.555, 294, 384, 926, 1971, 3411, 3996, 4468, 4212, 6574, 465, 0, 0, 78, 74, 171, 461, 1152, 1322, 1191, 890, 2415, 198, 0, 0
15:59:40, 1193.30, 31.56, 32.05, 30.531, 272, 349, 837, 1773, 3134, 3685, 4121, 3918, 7659, 551, 0, 0, 86, 80, 186, 497, 1188, 1365, 1234, 926, 2486, 205, 0, 0
15:59:41, 1194.70, 31.56, 32.11, 30.523, 267, 343, 822, 1756, 2996, 3526, 3939, 3761, 6948, 492, 0, 0, 84, 79, 184, 492, 1146, 1315, 1186, 886, 2354, 193, 0, 0
15:59:42, 1204.90, 31.55, 32.07, 30.523, 285, 368, 873, 1922, 3332, 3950, 4426, 4161, 5828, 417, 0, 0, 73, 68, 155, 423, 1068, 1230, 1103, 818, 2232, 184, 0, 0
15:59:42, 1207.10, 31.55, 32.09, 30.516, 253, 314, 765, 1691, 2912, 3439, 3844, 3565, 6513, 465, 0, 0, 75, 68, 156, 427, 1071, 1236, 1107, 818, 2277, 188, 0, 0
15:59:43, 1211.70, 31.55, 32.09, 30.516, 234, 290, 711, 1578, 2854, 3381, 3755, 3475, 5520, 393, 0, 0, 66, 60, 137, 379, 961, 1111, 989, 724, 1920, 158, 0, 0
15:59:44, 1216.70, 31.54, 32.03, 30.516, 221, 268, 650, 1464, 2725, 3239, 3598, 3278, 5197, 371, 0, 0, 63, 57, 128, 357, 928, 1075, 956, 698, 1878, 154, 0, 0
15:59:44, 1222.80, 31.54, 32.05, 30.508, 203, 244, 587, 1327, 2463, 2918, 3225, 2938, 4835, 347, 0, 0, 60, 53, 119, 335, 861, 999, 881, 636, 1680, 138, 0, 0
15:59:45, 1230.00, 31.54, 32.05, 30.508, 188, 222, 534, 1228, 2424, 2904, 3226, 2936, 4651, 334, 0, 0, 57, 51, 112, 318, 843, 982, 866, 624, 1715, 142, 0, 0
15:59:45, 1235.00, 31.53, 32.07, 30.508, 170, 196, 474, 1109, 2198, 2617, 2878, 2559, 4378, 315, 0, 0, 52, 46, 101, 289, 769, 897, 788, 563, 1531, 126, 0, 0
15:59:46, 1238.90, 31.53, 32.11, 30.500, 174, 199, 483, 1137, 2146, 2565, 2819, 2482, 4536, 325, 0, 0, 51, 44, 96, 278, 758, 887, 777, 553, 1541, 127, 0, 0
15:59:47, 1242.10, 31.53, 32.07, 30.508, 166, 183, 432, 1034, 2128, 2567, 2820, 2543, 4729, 342, 0, 0, 50, 43, 94, 272, 723, 847, 738, 522, 1406, 116, 0, 0
15:59:47, 1252.60, 31.52, 32.07, 30.508, 132, 147, 352, 853, 1775, 2127, 2307, 2029, 3360, 243, 0, 0, 45, 39, 83, 243, 675, 794, 692, 489, 1354, 111, 0, 0
15:59:48, 1255.60, 31.52, 32.07, 30.500, 138, 150, 359, 887, 1761, 2121, 2299, 1991, 3894, 282, 0, 0, 45, 38, 82, 240, 671, 791, 686, 482, 1369, 113, 0, 0
15:59:49, 1258.90, 31.52, 32.07, 30.500, 130, 141, 332, 823, 1717, 2078, 2260, 1968, 3466, 252, 0, 0, 42, 36, 76, 225, 631, 745, 644, 451, 1241, 102, 0, 0
15:59:49, 1262.00, 31.51, 32.05, 30.508, 125, 135, 320, 795, 1630, 1971, 2134, 1852, 3166, 230, 0, 0, 40, 34, 72, 213, 608, 719, 620, 431, 1203, 99, 0, 0
15:59:50, 1262.70, 31.51, 32.11, 30.508, 116, 122, 285, 715, 1565, 1911, 2078, 1803, 3298, 240, 0, 0, 41, 35, 73, 218, 608, 718, 620, 431, 1200, 99, 0, 0
15:59:51, 1272.10, 31.51, 32.07, 30.508, 113, 120, 284, 722, 1404, 1695, 1822, 1546, 2561, 186, 0, 0, 37, 31, 65, 194, 552, 654, 561, 386, 1056, 87, 0, 0
15:59:51, 1278.10, 31.50, 32.05, 30.508, 106, 111, 259, 663, 1448, 1762, 1902, 1596, 2896, 210, 0, 0, 34, 29, 59, 178, 535, 638, 545, 374, 1061, 88, 0, 0
15:59:52, 1279.20, 31.50, 32.07, 30.516, 98, 100, 230, 595, 1334, 1634, 1747, 1484, 2749, 201, 0, 0, 35, 29, 59, 180, 524, 625, 533, 365, 1035, 86, 0, 0
15:59:53, 1281.40, 31.50, 32.05, 30.516, 96, 100, 235, 604, 1302, 1583, 1693, 1419, 2574, 188, 0, 0, 34, 28, 58, 176, 519, 619, 528, 362, 1034, 86, 0, 0
15:59:53, 1282.40, 31.50, 32.09, 30.516, 99, 101, 234, 608, 1305, 1595, 1702, 1420, 2724, 199, 0, 0, 33, 27, 56, 169, 501, 598, 509, 347, 992, 82, 0, 0
15:59:54, 1285.30, 31.49, 32.11, 30.508, 96, 98, 227, 592, 1320, 1617, 1728, 1456, 2567, 187, 0, 0, 32, 26, 53, 163, 484, 577, 490, 334, 939, 77, 0, 0
15:59:55, 1292.00, 31.49, 32.07, 30.508, 90, 91, 210, 553, 1201, 1467, 1557, 1291, 2307, 168, 0, 0, 30, 25, 49, 151, 457, 546, 462, 313, 884, 73, 0, 0
15:59:55, 1295.00, 31.49, 32.09, 30.500, 86, 86, 198, 524, 1152, 1416, 1501, 1229, 2376, 174, 0, 0, 29, 24, 48, 146, 448, 537, 453, 305, 879, 73, 0, 0
15:59:56, 1297.10, 31.49, 32.09, 30.500, 81, 81, 184, 488, 1111, 1369, 1450, 1203, 2325, 170, 0, 0, 29, 24, 48, 147, 439, 527, 444, 300, 854, 71, 0, 0
15:59:57, 1304.40, 31.48, 32.05, 30.500, 76, 74, 168, 452, 1018, 1253, 1318, 1082, 1853, 136, 0, 0, 26, 21, 42, 130, 411, 496, 416, 278, 803, 66, 0, 0
15:59:57, 1305.00, 31.48, 32.11, 30.500, 72, 71, 159, 430, 973, 1201, 1264, 1022, 2081, 154, 0, 0, 28, 23, 45, 138, 420, 505, 425, 285, 830, 69, 0, 0
15:59:58, 1307.50, 31.48, 32.07, 30.516, 74, 73, 165, 444, 989, 1214, 1276, 1032, 2001, 147, 0, 0, 27, 22, 43, 133, 423, 511, 428, 287, 843, 70, 0, 0
15:59:59, 1313.20, 31.48, 32.07, 30.516, 70, 68, 153, 418, 957, 1183, 1247, 1005, 1806, 132, 0, 0, 24, 19, 38, 118, 371, 447, 373, 247, 700, 58, 0, 0
15:59:59, 1316.10, 31.47, 32.05, 30.500, 65, 63, 141, 386, 903, 1117, 1168, 939, 1887, 139, 0, 0, 24, 19, 37, 117, 380, 460, 384, 255, 755, 63, 0, 0
16:00:00, 1320.00, 31.47, 32.07, 30.492, 65, 63, 141, 387, 916, 1131, 1184, 945, 1858, 136, 0, 0, 23, 18, 35, 110, 354, 427, 356, 235, 680, 56, 0, 0
16:00:01, 1321.20, 31.47, 32.07, 30.492, 64, 61, 135, 372, 862, 1068, 1112, 886, 1827, 135, 0, 0, 22, 18, 34, 108, 352, 426, 354, 234, 690, 57, 0, 0
16:00:01, 1322.30, 31.47, 32.05, 30.492, 62, 59, 129, 356, 868, 1079, 1129, 906, 1842, 136, 0, 0, 22, 18, 34, 106, 342, 413, 343, 225, 653, 54, 0, 0
16:00:02, 1328.90, 31.46, 32.07, 30.492, 59, 56, 125, 346, 812, 1005, 1041, 821, 1610, 118, 0, 0, 21, 17, 31, 99, 322, 389, 322, 211, 601, 49, 0, 0
16:00:03, 1331.30, 31.46, 32.09, 30.492, 56, 53, 115, 321, 771, 961, 997, 784, 1652, 123, 0, 0, 20, 16, 31, 97, 324, 394, 326, 213, 636, 52, 0, 0
16:00:03, 1331.80, 31.46, 32.03, 30.484, 53, 50, 107, 299, 746, 935, 963, 764, 1638, 122, 0, 0, 20, 16, 31, 97, 316, 384, 317, 207, 608, 50, 0, 0
16:00:04, 1334.00, 31.46, 32.09, 30.484, 54, 51, 110, 309, 752, 937, 969, 764, 1539, 114, 0, 0, 20, 16, 29, 93, 310, 376, 310, 202, 594, 49, 0, 0
16:00:05, 1334.70, 31.45, 32.07, 30.469, 52, 49, 106, 299, 721, 896, 921, 717, 1503, 111, 0, 0, 20, 16, 29, 92, 310, 377, 311, 202, 599, 49, 0, 0
16:00:05, 1339.70, 31.45, 32.05, 30.453, 52, 49, 106, 297, 742, 930, 960, 752, 1475, 109, 0, 0, 19, 15, 28, 88, 293, 356, 293, 190, 549, 45, 0, 0
16:00:06, 1346.10, 31.44, 32.05, 30.453, 48, 45, 98, 277, 679, 849, 870, 678, 1393, 103, 0, 0, 18, 14, 26, 83, 281, 344, 282, 182, 547, 45, 0, 0
16:00:07, 1348.70, 31.44, 32.09, 30.437, 46, 43, 91, 260, 651, 817, 836, 643, 1397, 104, 0, 0, 17, 14, 26, 81, 278, 341, 279, 181, 544, 45, 0, 0
16:00:07, 1354.70, 31.43, 32.07, 30.430, 45, 42, 88, 252, 630, 792, 809, 622, 1258, 94, 0, 0, 16, 13, 23, 75, 257, 315, 257, 165, 489, 40, 0, 0
16:00:08, 1356.90, 31.43, 32.09, 30.430, 43, 39, 83, 237, 598, 754, 768, 594, 1301, 97, 0, 0, 16, 13, 23, 74, 257, 317, 259, 167, 504, 42, 0, 0
16:00:09, 1360.00, 31.43, 32.07, 30.422, 40, 37, 77, 222, 575, 727, 737, 565, 1254, 94, 0, 0, 16, 12, 22, 71, 243, 298, 243, 155, 456, 37, 0, 0
16:00:09, 1369.70, 31.43, 32.03, 30.430, 37, 34, 70, 203, 533, 674, 681, 516, 1040, 77, 0, 0, 14, 11, 20, 65, 228, 281, 228, 145, 440, 36, 0, 0
16:00:10, 1375.20, 31.42, 32.09, 30.430, 35, 32, 67, 194, 502, 636, 642, 484, 1058, 79, 0, 0, 13, 10, 19, 60, 213, 264, 214, 136, 410, 34, 0, 0
16:00:11, 1377.00, 31.42, 32.05, 30.414, 33, 30, 61, 178, 467, 595, 594, 444, 1009, 76, 0, 0, 13, 10, 18, 59, 212, 262, 212, 134, 412, 34, 0, 0
16:00:11, 1384.10, 31.42, 32.07, 30.406, 32, 29, 59, 174, 451, 575, 576, 429, 877, 65, 0, 0, 12, 9, 16, 53, 190, 235, 189, 118, 348, 28, 0, 0
16:00:12, 1389.20, 31.41, 32.09, 30.406, 29, 26, 52, 155, 412, 526, 524, 385, 869, 65, 0, 0, 11, 9, 15, 50, 186, 232, 186, 117, 359, 29, 0, 0
16:00:13, 1387.10, 31.41, 32.07, 30.398, 28, 24, 48, 142, 393, 505, 500, 371, 893, 68, 0, 0, 12, 9, 16, 54, 195, 242, 195, 123, 379, 31, 0, 0
16:00:13, 1389.90, 31.41, 32.09, 30.398, 29, 26, 53, 156, 423, 540, 537, 397, 876, 66, 0, 0, 11, 9, 15, 50, 182, 226, 181, 113, 343, 28, 0, 0
16:00:14, 1392.60, 31.40, 32.07, 30.398, 28, 25, 50, 148, 406, 520, 517, 380, 826, 62, 0, 0, 11, 8, 14, 48, 177, 221, 176, 110, 338, 28, 0, 0
16:00:15, 1394.40, 31.40, 32.07, 30.391, 27, 24, 47, 139, 377, 483, 478, 353, 831, 63, 0, 0, 12, 9, 15, 50, 176, 218, 174, 109, 335, 27, 0, 0
16:00:15, 1401.90, 31.39, 32.07, 30.391, 26, 23, 46, 137, 377, 484, 478, 349, 752, 56, 0, 0, 10, 8, 13, 43, 162, 202, 161, 100, 304, 25, 0, 0
16:00:16, 1404.90, 31.39, 32.07, 30.391, 24, 22, 43, 127, 356, 459, 452, 328, 746, 56, 0, 0, 10, 7, 13, 42, 160, 199, 158, 98, 306, 25, 0, 0
16:00:16, 1405.90, 31.38, 32.07, 30.383, 24, 21, 42, 125, 350, 450, 443, 321, 732, 55, 0, 0, 10, 7, 13, 41, 157, 197, 156, 97, 300, 25, 0, 0
16:00:17, 1409.50, 31.38, 32.09, 30.383, 24, 21, 41, 123, 346, 446, 439, 318, 710, 53, 0, 0, 9, 7, 12, 39, 148, 184, 146, 90, 273, 22, 0, 0
16:00:18, 1414.00, 31.38, 32.05, 30.383, 22, 19, 38, 114, 320, 413, 404, 290, 661, 50, 0, 0, 9, 6, 11, 37, 142, 178, 141, 86, 267, 22, 0, 0
16:00:18, 1418.70, 31.38, 32.07, 30.383, 22, 19, 37, 111, 316, 409, 401, 288, 655, 49, 0, 0, 8, 6, 10, 35, 135, 170, 134, 82, 253, 21, 0, 0
16:00:19, 1419.60, 31.38, 32.07, 30.383, 20, 18, 34, 103, 296, 385, 374, 268, 656, 50, 0, 0, 8, 6, 11, 35, 138, 173, 137, 84, 263, 21, 0, 0
16:00:20, 1425.50, 31.37, 32.07, 30.383, 20, 18, 34, 103, 292, 378, 368, 262, 584, 44, 0, 0, 8, 6, 10, 32, 126, 158, 124, 75, 229, 18, 0, 0
16:00:20, 1432.40, 31.37, 32.09, 30.391, 18, 16, 30, 92, 269, 350, 339, 239, 555, 42, 0, 0, 7, 5, 9, 30, 118, 148, 116, 70, 220, 18, 0, 0
16:00:21, 1433.60, 31.37, 32.07, 30.391, 17, 15, 29, 87, 257, 336, 324, 229, 567, 43, 0, 0, 7, 5, 9, 30, 119, 150, 117, 71, 225, 18, 0, 0
16:00:22, 1440.30, 31.37, 32.07, 30.383, 17, 15, 28, 85, 250, 326, 315, 221, 497, 37, 0, 0, 6, 5, 8, 27, 109, 138, 107, 64, 202, 16, 0, 0
16:00:22, 1440.20, 31.37, 32.09, 30.383, 16, 14, 26, 78, 235, 308, 295, 205, 501, 38, 0, 0, 7, 5, 8, 27, 113, 143, 111, 67, 216, 18, 0, 0
16:00:23, 1443.80, 31.37, 32.07, 30.383, 16, 14, 27, 82, 244, 319, 308, 216, 506, 38, 0, 0, 6, 5, 8, 26, 105, 133, 103, 62, 193, 15, 0, 0
16:00:24, 1452.90, 31.36, 32.11, 30.383, 14, 12, 23, 72, 217, 285, 272, 187, 433, 33, 0, 0, 6, 4, 7, 24, 98, 125, 96, 58, 186, 15, 0, 0
16:00:24, 1452.80, 31.36, 32.09, 30.383, 14, 12, 22, 69, 208, 274, 261, 179, 446, 34, 0, 0, 6, 4, 7, 24, 99, 126, 98, 58, 190, 15, 0, 0
16:00:25, 1455.20, 31.36, 32.07, 30.383, 14, 12, 22, 69, 209, 275, 262, 181, 425, 32, 0, 0, 5, 4, 7, 22, 95, 121, 93, 55, 178, 14, 0, 0
16:00:26, 1457.90, 31.36, 32.09, 30.383, 14, 12, 22, 66, 205, 269, 256, 176, 424, 32, 0, 0, 5, 4, 6, 22, 91, 116, 89, 53, 169, 13, 0, 0
16:00:26, 1461.90, 31.36, 32.05, 30.383, 13, 11, 21, 64, 197, 259, 246, 168, 396, 30, 0, 0, 5, 4, 6, 21, 87, 111, 85, 50, 161, 13, 0, 0
16:00:27, 1462.90, 31.35, 32.05, 30.383, 12, 11, 20, 61, 191, 252, 240, 163, 396, 30, 0, 0, 5, 4, 6, 20, 89, 114, 87, 52, 169, 14, 0, 0
16:00:28, 1463.40, 31.36, 32.07, 30.383, 12, 11, 20, 61, 191, 252, 239, 162, 393, 30, 0, 0, 5, 4, 6, 20, 87, 111, 85, 50, 161, 13, 0, 0
16:00:28, 1464.70, 31.35, 32.05, 30.383, 12, 11, 20, 60, 187, 247, 235, 159, 377, 29, 0, 0, 5, 3, 6, 20, 86, 110, 84, 49, 160, 13, 0, 0
16:00:29, 1466.60, 31.35, 32.09, 30.383, 12, 11, 19, 59, 188, 248, 236, 159, 397, 30, 0, 0, 5, 3, 6, 20, 83, 106, 81, 48, 152, 12, 0, 0
16:00:30, 1474.10, 31.35, 32.09, 30.383, 11, 10, 18, 56, 175, 231, 218, 146, 348, 26, 0, 0, 4, 3, 5, 18, 77, 99, 75, 44, 142, 11, 0, 0
16:00:30, 1478.40, 31.35, 32.05, 30.383, 12, 9, 17, 53, 166, 220, 208, 139, 343, 26, 0, 0, 4, 3, 5, 17, 74, 95, 72, 42, 137, 11, 0, 0
16:00:31, 1479.20, 31.35, 32.09, 30.383, 10, 9, 16, 49, 161, 214, 201, 135, 344, 26, 0, 0, 4, 3, 5, 17, 74, 95, 72, 42, 137, 11, 0, 0
16:00:32, 1485.90, 31.34, 32.03, 30.375, 10, 9, 16, 49, 156, 207, 194, 130, 311, 24, 0, 0, 4, 3, 4, 16, 69, 88, 66, 39, 126, 10, 0, 0
16:00:32, 1491.30, 31.34, 32.07, 30.375, 9, 8, 15, 45, 144, 192, 179, 119, 293, 22, 0, 0, 4, 2, 4, 14, 65, 83, 62, 36, 118, 9, 0, 0
16:00:33, 1491.60, 31.34, 32.07, 30.375, 9, 8, 14, 43, 141, 189, 176, 116, 297, 23, 0, 0, 4, 2, 4, 14, 65, 84, 63, 36, 122, 10, 0, 0
16:00:34, 1493.90, 31.34, 32.07, 30.383, 9, 8, 14, 43, 141, 189, 176, 117, 308, 24, 0, 0, 3, 2, 4, 14, 63, 80, 60, 35, 113, 9, 0, 0
16:00:34, 1502.40, 31.34, 32.07, 30.383, 8, 7, 13, 39, 130, 174, 162, 106, 264, 20, 0, 0, 3, 2, 3, 13, 58, 74, 55, 32, 106, 8, 0, 0
16:00:35, 1503.00, 31.34, 32.11, 30.383, 8, 7, 12, 37, 124, 166, 154, 101, 265, 20, 0, 0, 3, 2, 3, 12, 58, 75, 56, 32, 109, 8, 0, 0
16:00:36, 1504.20, 31.33, 32.07, 30.383, 8, 7, 12, 38, 126, 169, 156, 102, 264, 20, 0, 0, 3, 2, 3, 12, 56, 72, 53, 30, 101, 8, 0, 0
16:00:36, 1506.30, 31.33, 32.09, 30.383, 8, 7, 12, 36, 122, 163, 151, 98, 254, 19, 0, 0, 3, 2, 3, 12, 54, 70, 51, 29, 97, 7, 0, 0
16:00:37, 1513.90, 31.33, 32.09, 30.375, 7, 6, 11, 34, 114, 153, 141, 91, 226, 17, 0, 0, 3, 2, 3, 11, 51, 66, 48, 27, 93, 7, 0, 0
16:00:38, 1515.70, 31.33, 32.09, 30.391, 7, 6, 11, 33, 110, 148, 136, 88, 231, 18, 0, 0, 3, 2, 3, 10, 49, 64, 47, 26, 90, 7, 0, 0
16:00:38, 1519.30, 31.33, 32.11, 30.391, 7, 6, 10, 31, 107, 144, 132, 85, 222, 17, 0, 0, 3, 2, 2, 10, 47, 61, 44, 25, 85, 6, 0, 0
16:00:39, 1523.40, 31.33, 32.03, 30.375, 6, 5, 10, 30, 103, 139, 127, 81, 208, 16, 0, 0, 2, 1, 2, 9, 45, 58, 43, 24, 82, 6, 0, 0
16:00:40, 1525.50, 31.33, 32.07, 30.383, 6, 5, 9, 29, 99, 133, 121, 77, 203, 16, 0, 0, 2, 1, 2, 9, 45, 58, 42, 23, 81, 6, 0, 0
16:00:40, 1529.70, 31.33, 32.13, 30.383, 6, 5, 9, 28, 95, 129, 117, 75, 191, 15, 0, 0, 2, 1, 2, 9, 43, 55, 40, 23, 78, 6, 0, 0
16:00:41, 1529.00, 31.33, 32.07, 30.383, 6, 5, 9, 27, 94, 127, 115, 73, 194, 15, 0, 0, 2, 1, 2, 9, 43, 56, 41, 23, 80, 6, 0, 0
16:00:42, 1530.80, 31.33, 32.07, 30.383, 6, 5, 9, 27, 95, 128, 116, 74, 195, 15, 0, 0, 2, 1, 2, 8, 41, 54, 39, 21, 73, 5, 0, 0
16:00:42, 1536.90, 31.32, 32.09, 30.383, 5, 5, 8, 26, 88, 120, 109, 69, 179, 14, 0, 0, 2, 1, 2, 8, 39, 50, 36, 20, 70, 5, 0, 0
16:00:43, 1538.30, 31.32, 32.07, 30.383, 6, 4, 8, 24, 85, 116, 105, 66, 176, 14, 0, 0, 2, 1, 2, 8, 39, 51, 37, 20, 72, 5, 0, 0
16:00:44, 1539.10, 31.32, 32.03, 30.383, 5, 4, 8, 24, 85, 116, 105, 66, 177, 14, 0, 0, 2, 1, 2, 7, 39, 50, 36, 20, 70, 5, 0, 0
16:00:44, 1540.90, 31.32, 32.09, 30.391, 5, 4, 8, 24, 85, 116, 105, 66, 180, 14, 0, 0, 2, 1, 2, 7, 37, 48, 35, 19, 66, 5, 0, 0
16:00:45, 1548.50, 31.32, 32.07, 30.375, 5, 4, 7, 23, 79, 108, 97, 61, 158, 12, 0, 0, 2, 1, 2, 7, 35, 45, 32, 18, 61, 4, 0, 0
16:00:46, 1550.30, 31.32, 32.05, 30.375, 4, 4, 7, 21, 75, 103, 92, 57, 155, 12, 0, 0, 2, 1, 2, 7, 34, 45, 32, 17, 62, 4, 0, 0
16:00:46, 1551.40, 31.31, 32.05, 30.383, 4, 4, 7, 21, 75, 103, 93, 58, 159, 12, 0, 0, 2, 1, 2, 7, 33, 43, 31, 17, 60, 4, 0, 0
16:00:47, 1554.60, 31.31, 32.07, 30.383, 4, 4, 7, 21, 74, 101, 91, 57, 152, 12, 0, 0, 2, 1, 1, 6, 32, 42, 30, 16, 58, 4, 0, 0
16:00:48, 1555.00, 31.31, 32.09, 30.383, 4, 4, 7, 20, 72, 99, 88, 55, 153, 12, 0, 0, 1, 1, 1, 6, 32, 42, 30, 16, 58, 4, 0, 0
16:00:48, 1559.20, 31.31, 32.05, 30.383, 4, 4, 7, 20, 71, 97, 86, 53, 143, 11, 0, 0, 2, 1, 1, 6, 31, 40, 28, 15, 55, 4, 0, 0
16:00:49, 1558.60, 31.31, 32.07, 30.383, 4, 3, 6, 19, 69, 94, 84, 52, 144, 11, 0, 0, 2, 1, 1, 6, 32, 41, 29, 16, 57, 4, 0, 0
16:00:50, 1559.40, 31.31, 32.09, 30.383, 4, 3, 6, 19, 70, 95, 85, 53, 146, 11, 0, 0, 2, 1, 1, 6, 31, 40, 28, 15, 54, 4, 0, 0
16:00:50, 1563.10, 31.30, 32.05, 30.383, 4, 3, 6, 18, 67, 92, 82, 50, 137, 11, 0, 0, 1, 1, 1, 5, 29, 38, 27, 15, 52, 4, 0, 0
16:00:51, 1562.90, 31.30, 32.09, 30.391, 4, 3, 6, 18, 66, 90, 80, 50, 138, 11, 0, 0, 1, 1, 1, 6, 30, 39, 27, 15, 54, 4, 0, 0
16:00:52, 1563.60, 31.31, 32.13, 30.391, 4, 3, 6, 18, 66, 90, 80, 49, 136, 10, 0, 0, 1, 1, 1, 5, 29, 38, 27, 15, 53, 4, 0, 0
16:00:52, 1562.20, 31.30, 32.05, 30.383, 4, 3, 6, 18, 65, 90, 80, 49, 135, 10, 0, 0, 1, 1, 1, 6, 30, 39, 27, 15, 54, 4, 0, 0
16:00:53, 1562.50, 31.30, 32.07, 30.391, 4, 3, 6, 18, 66, 91, 81, 50, 136, 11, 0, 0, 1, 1, 1, 6, 30, 39, 27, 15, 52, 4, 0, 0
16:00:53, 1564.60, 31.31, 32.07, 30.391, 4, 3, 6, 18, 66, 91, 81, 50, 135, 10, 0, 0, 1, 1, 1, 5, 29, 38, 26, 14, 51, 4, 0, 0
16:00:54, 1567.60, 31.30, 32.05, 30.383, 4, 3, 6, 17, 63, 87, 77, 47, 130, 10, 0, 0, 1, 1, 1, 5, 28, 37, 25, 14, 50, 4, 0, 0
16:00:55, 1568.70, 31.30, 32.07, 30.391, 4, 3, 6, 17, 62, 85, 75, 46, 126, 10, 0, 0, 1, 1, 1, 5, 28, 36, 25, 14, 50, 3, 0, 0
16:00:55, 1564.00, 31.30, 32.03, 30.391, 4, 3, 6, 17, 63, 87, 77, 48, 134, 10, 0, 0, 1, 1, 1, 5, 30, 39, 27, 15, 54, 4, 0, 0
16:00:56, 1569.60, 31.30, 32.09, 30.391, 4, 3, 6, 18, 64, 87, 78, 48, 127, 10, 0, 0, 1, 1, 1, 5, 28, 36, 25, 13, 48, 3, 0, 0
16:00:57, 1573.40, 31.30, 32.11, 30.391, 3, 3, 5, 15, 60, 83, 73, 45, 124, 10, 0, 0, 1, 1, 1, 5, 27, 35, 24, 13, 48, 3, 0, 0
16:00:57, 1570.00, 31.30, 32.09, 30.391, 3, 3, 5, 16, 60, 82, 72, 44, 127, 10, 0, 0, 1, 1, 1, 5, 28, 36, 25, 13, 50, 4, 0, 0
16:00:58, 1569.20, 31.30, 32.07, 30.383, 3, 3, 6, 17, 62, 85, 75, 46, 127, 10, 0, 0, 1, 1, 1, 5, 27, 36, 25, 13, 49, 3, 0, 0
16:00:59, 1569.60, 31.30, 32.05, 30.391, 3, 3, 6, 17, 61, 84, 75, 46, 127, 10, 0, 0, 1, 1, 1, 5, 27, 35, 25, 13, 48, 3, 0, 0
16:00:59, 1571.60, 31.30, 32.05, 30.391, 3, 3, 5, 17, 61, 84, 74, 45, 123, 9, 0, 0, 1, 1, 1, 5, 27, 35, 25, 13, 48, 3, 0, 0
16:01:00, 1571.80, 31.29, 32.09, 30.383, 3, 3, 5, 16, 60, 83, 73, 45, 124, 10, 0, 0, 1, 1, 1, 5, 27, 35, 24, 13, 47, 3, 0, 0
16:01:01, 1572.20, 31.29, 32.07, 30.383, 3, 3, 5, 16, 60, 83, 73, 45, 124, 10, 0, 0, 1, 1, 1, 5, 27, 35, 24, 13, 47, 3, 0, 0
16:01:01, 1575.00, 31.29, 32.03, 30.391, 3, 3, 5, 16, 59, 81, 72, 44, 121, 9, 0, 0, 1, 1, 1, 5, 26, 34, 23, 12, 46, 3, 0, 0
16:01:02, 1583.80, 31.29, 32.05, 30.391, 3, 3, 5, 15, 55, 76, 67, 40, 110, 8, 0, 0, 1, 0, 1, 4, 24, 31, 21, 11, 41, 3, 0, 0
16:01:03, 1589.10, 31.29, 32.09, 30.391, 3, 2, 5, 14, 51, 71, 62, 37, 105, 8, 0, 0, 1, 0, 1, 4, 22, 29, 20, 11, 40, 3, 0, 0
16:01:03, 1584.90, 31.29, 32.09, 30.383, 3, 2, 5, 13, 51, 71, 62, 37, 107, 8, 0, 0, 1, 0, 1, 4, 24, 31, 21, 11, 43, 3, 0, 0
16:01:04, 1584.60, 31.29, 32.09, 30.391, 3, 2, 5, 14, 53, 73, 64, 39, 112, 9, 0, 0, 1, 0, 1, 4, 23, 31, 21, 11, 41, 3, 0, 0
16:01:05, 1587.20, 31.29, 32.05, 30.391, 3, 2, 5, 14, 52, 72, 63, 38, 109, 8, 0, 0, 1, 0, 1, 4, 23, 30, 20, 11, 40, 3, 0, 0
16:01:05, 1589.90, 31.28, 32.11, 30.391, 3, 2, 5, 13, 50, 70, 61, 37, 106, 8, 0, 0, 1, 0, 1, 4, 22, 29, 20, 10, 39, 2, 0, 0
16:01:06, 1590.00, 31.28, 32.07, 30.391, 3, 2, 4, 13, 49, 68, 60, 36, 103, 8, 0, 0, 1, 0, 1, 4, 22, 29, 20, 10, 39, 3, 0, 0
16:01:07, 1596.60, 31.28, 32.05, 30.391, 3, 2, 4, 13, 49, 68, 59, 35, 101, 8, 0, 0, 1, 0, 0, 4, 21, 27, 18, 10, 35, 2, 0, 0
16:01:07, 1601.90, 31.29, 32.07, 30.391, 2, 2, 4, 12, 44, 62, 54, 32, 96, 8, 0, 0, 1, 0, 0, 3, 20, 26, 17, 9, 35, 2, 0, 0
16:01:08, 1603.30, 31.28, 32.09, 30.391, 2, 2, 4, 11, 44, 61, 53, 31, 94, 7, 0, 0, 1, 0, 0, 3, 19, 25, 17, 9, 35, 2, 0, 0
16:01:09, 1605.90, 31.28, 32.03, 30.391, 2, 2, 4, 11, 43, 60, 52, 31, 90, 7, 0, 0, 1, 0, 0, 3, 19, 25, 17, 8, 33, 2, 0, 0
16:01:09, 1604.00, 31.28, 32.07, 30.391, 2, 2, 4, 11, 43, 59, 51, 30, 92, 7, 0, 0, 1, 0, 0, 3, 19, 25, 17, 9, 34, 2, 0, 0
16:01:10, 1603.80, 31.28, 32.05, 30.391, 2, 2, 4, 11, 43, 60, 52, 31, 92, 7, 0, 0, 1, 0, 0, 3, 19, 25, 17, 9, 33, 2, 0, 0
16:01:11, 1607.40, 31.28, 32.09, 30.391, 2, 2, 4, 11, 43, 60, 52, 31, 90, 7, 0, 0, 1, 0, 0, 3, 19, 24, 16, 8, 32, 2, 0, 0
16:01:11, 1610.50, 31.28, 32.05, 30.383, 3, 2, 4, 11, 41, 57, 49, 29, 84, 7, 0, 0, 1, 0, 0, 3, 18, 24, 16, 8, 32, 2, 0, 0
16:01:12, 1613.00, 31.28, 32.05, 30.391, 2, 2, 4, 11, 41, 57, 49, 28, 86, 7, 0, 0, 1, 0, 0, 3, 18, 23, 15, 8, 31, 2, 0, 0
16:01:13, 1611.00, 31.28, 32.07, 30.391, 2, 2, 3, 10, 39, 55, 47, 28, 83, 7, 0, 0, 1, 0, 0, 3, 18, 23, 16, 8, 32, 2, 0, 0
16:01:13, 1610.80, 31.28, 32.09, 30.391, 2, 2, 4, 10, 40, 56, 48, 29, 89, 7, 0, 0, 1, 0, 0, 3, 18, 23, 15, 8, 31, 2, 0, 0
16:01:14, 1607.90, 31.28, 32.07, 30.391, 2, 2, 4, 10, 40, 56, 48, 29, 89, 7, 0, 0, 1, 0, 0, 3, 19, 25, 17, 9, 34, 2, 0, 0
16:01:15, 1609.00, 31.28, 32.07, 30.391, 3, 2, 4, 11, 42, 59, 51, 30, 88, 7, 0, 0, 1, 0, 0, 3, 18, 24, 16, 8, 32, 2, 0, 0
16:01:15, 1612.40, 31.27, 32.07, 30.391, 2, 2, 4, 11, 41, 57, 49, 29, 84, 6, 0, 0, 1, 0, 0, 3, 18, 23, 15, 8, 31, 2, 0, 0
16:01:16, 1611.30, 31.27, 32.07, 30.391, 2, 2, 4, 10, 40, 56, 48, 28, 85, 7, 0, 0, 1, 0, 0, 3, 18, 23, 16, 8, 32, 2, 0, 0
16:01:17, 1616.00, 31.27, 32.05, 30.383, 2, 2, 4, 10, 39, 55, 47, 28, 79, 6, 0, 0, 1, 0, 0, 3, 17, 22, 15, 8, 29, 2, 0, 0
16:01:17, 1619.90, 31.27, 32.11, 30.391, 2, 2, 3, 10, 38, 53, 46, 27, 79, 6, 0, 0, 0, 0, 0, 3, 16, 21, 14, 7, 29, 2, 0, 0
16:01:18, 1620.70, 31.27, 32.11, 30.391, 2, 2, 3, 10, 38, 52, 45, 26, 78, 6, 0, 0, 1, 0, 0, 3, 16, 21, 14, 7, 28, 2, 0, 0
16:01:19, 1621.50, 31.27, 32.07, 30.391, 2, 2, 3, 10, 37, 52, 45, 26, 80, 6, 0, 0, 1, 0, 0, 3, 16, 21, 14, 7, 27, 2, 0, 0
16:01:19, 1622.20, 31.27, 32.07, 30.391, 2, 2, 3, 9, 36, 50, 43, 25, 75, 6, 0, 0, 1, 0, 0, 2, 16, 21, 14, 7, 28, 2, 0, 0
16:01:20, 1623.30, 31.27, 32.07, 30.391, 2, 1, 3, 9, 36, 50, 43, 25, 77, 6, 0, 0, 1, 0, 0, 2, 15, 20, 13, 7, 27, 1, 0, 0
16:01:21, 1625.40, 31.27, 32.05, 30.391, 2, 1, 3, 9, 36, 50, 43, 25, 75, 6, 0, 0, 0, 0, 0, 2, 16, 21, 13, 7, 28, 2, 0, 0
16:01:21, 1629.10, 31.27, 32.05, 30.391, 2, 1, 3, 9, 36, 50, 43, 25, 73, 6, 0, 0, 0, 0, 0, 2, 15, 20, 13, 6, 26, 1, 0, 0
16:01:22, 1628.40, 31.26, 32.05, 30.391, 2, 1, 3, 9, 34, 48, 41, 24, 73, 6, 0, 0, 0, 0, 0, 2, 15, 20, 13, 6, 26, 1, 0, 0
16:01:23, 1626.40, 31.27, 32.09, 30.391, 2, 1, 3, 9, 34, 48, 41, 24, 74, 6, 0, 0, 0, 0, 0, 2, 15, 20, 13, 6, 26, 1, 0, 0
16:01:23, 1630.80, 31.26, 32.09, 30.391, 2, 1, 3, 9, 34, 48, 41, 24, 70, 6, 0, 0, 0, 0, 0, 2, 15, 19, 12, 6, 25, 1, 0, 0
16:01:24, 1642.10, 31.26, 32.07, 30.391, 2, 1, 3, 8, 33, 46, 39, 23, 66, 5, 0, 0, 0, 0, 0, 2, 13, 18, 11, 6, 23, 1, 0, 0
16:01:25, 1647.70, 31.26, 32.07, 30.391, 2, 1, 3, 8, 30, 42, 35, 20, 63, 5, 0, 0, 0, 0, 0, 2, 13, 17, 11, 5, 22, 1, 0, 0
16:01:25, 1648.50, 31.26, 32.09, 30.391, 1, 1, 3, 7, 29, 40, 34, 19, 60, 5, 0, 0, 0, 0, 0, 2, 12, 16, 10, 5, 21, 1, 0, 0
16:01:26, 1650.50, 31.26, 32.05, 30.391, 1, 1, 2, 7, 27, 38, 32, 18, 56, 4, 0, 0, 0, 0, 0, 2, 12, 16, 10, 5, 21, 1, 0, 0
16:01:27, 1650.50, 31.26, 32.09, 30.391, 1, 1, 2, 7, 28, 39, 33, 19, 58, 5, 0, 0, 0, 0, 0, 2, 12, 16, 10, 5, 21, 1, 0, 0
16:01:27, 1659.70, 31.26, 32.03, 30.391, 1, 1, 2, 7, 27, 38, 32, 18, 54, 4, 0, 0, 0, 0, 0, 2, 11, 15, 9, 4, 19, 1, 0, 0
16:01:28, 1660.50, 31.26, 32.03, 30.391, 1, 1, 2, 6, 26, 36, 30, 17, 55, 4, 0, 0, 0, 0, 0, 1, 11, 14, 9, 4, 19, 1, 0, 0
16:01:29, 1660.90, 31.26, 32.07, 30.391, 1, 1, 2, 6, 25, 34, 29, 16, 51, 4, 0, 0, 0, 0, 0, 1, 11, 14, 9, 4, 18, 1, 0, 0
16:01:29, 1664.00, 31.26, 32.05, 30.391, 1, 1, 2, 6, 24, 35, 29, 15, 52, 4, 0, 0, 0, 0, 0, 1, 11, 14, 9, 4, 18, 1, 0, 0
16:01:30, 1669.40, 31.26, 32.07, 30.391, 1, 1, 2, 6, 24, 34, 29, 16, 51, 4, 0, 0, 0, 0, 0, 1, 10, 13, 8, 4, 18, 1, 0, 0
16:01:31, 1674.70, 31.26, 32.07, 30.391, 1, 1, 2, 6, 24, 33, 28, 16, 50, 4, 0, 0, 0, 0, 0, 1, 10, 13, 8, 4, 16, 1, 0, 0
16:01:31, 1679.50, 31.25, 32.05, 30.391, 1, 1, 2, 5, 21, 30, 25, 14, 45, 4, 0, 0, 0, 0, 0, 1, 9, 12, 7, 3, 15, 1, 0, 0
16:01:32, 1679.50, 31.26, 32.07, 30.391, 1, 1, 2, 5, 21, 29, 24, 13, 43, 3, 0, 0, 0, 0, 0, 1, 9, 12, 7, 3, 15, 1, 0, 0
16:01:33, 1679.70, 31.26, 32.11, 30.398, 1, 1, 2, 4, 22, 29, 24, 13, 44, 4, 0, 0, 0, 0, 0, 1, 9, 12, 7, 3, 15, 1, 0, 0
16:01:33, 1683.10, 31.25, 32.07, 30.398, 1, 1, 2, 5, 21, 30, 25, 14, 46, 4, 0, 0, 0, 0, 0, 1, 9, 12, 7, 3, 16, 1, 0, 0
16:01:34, 1689.60, 31.25, 32.13, 30.391, 1, 1, 2, 5, 20, 28, 23, 13, 43, 3, 0, 0, 0, 0, 0, 1, 8, 11, 7, 3, 14, 1, 0, 0
16:01:34, 1692.10, 31.25, 32.09, 30.398, 1, 1, 2, 5, 18, 26, 22, 12, 39, 3, 0, 0, 0, 0, 0, 1, 8, 10, 6, 3, 13, 0, 0, 0
16:01:35, 1689.50, 31.25, 32.07, 30.398, 1, 1, 2, 4, 18, 26, 22, 12, 37, 3, 0, 0, 0, 0, 0, 1, 8, 11, 6, 3, 14, 0, 0, 0
16:01:36, 1692.90, 31.25, 32.07, 30.391, 1, 1, 2, 4, 19, 27, 22, 12, 41, 3, 0, 0, 0, 0, 0, 1, 8, 11, 6, 3, 14, 0, 0, 0
16:01:36, 1700.30, 31.25, 32.11, 30.391, 1, 1, 2, 4, 18, 26, 21, 11, 39, 3, 0, 0, 0, 0, 0, 1, 8, 10, 6, 3, 13, 0, 0, 0
16:01:37, 1702.00, 31.25, 32.07, 30.391, 1, 0, 2, 4, 17, 24, 20, 11, 35, 3, 0, 0, 0, 0, 0, 1, 7, 10, 6, 3, 13, 0, 0, 0
16:01:38, 1703.60, 31.24, 32.07, 30.391, 1, 0, 2, 4, 17, 25, 20, 11, 36, 3, 0, 0, 0, 0, 0, 1, 7, 10, 6, 3, 13, 0, 0, 0
16:01:38, 1707.90, 31.24, 32.11, 30.398, 0, 0, 2, 4, 17, 24, 20, 11, 36, 3, 0, 0, 0, 0, 0, 1, 7, 10, 6, 2, 12, 0, 0, 0
16:01:39, 1712.60, 31.24, 32.05, 30.398, 0, 0, 1, 4, 16, 23, 19, 10, 33, 3, 0, 0, 0, 0, 0, 1, 7, 9, 5, 2, 12, 0, 0, 0
16:01:40, 1716.10, 31.24, 32.07, 30.391, 0, 0, 1, 4, 15, 22, 18, 9, 31, 3, 0, 0, 0, 0, 0, 1, 7, 9, 5, 2, 11, 0, 0, 0
16:01:40, 1717.30, 31.24, 32.09, 30.398, 0, 0, 1, 4, 15, 22, 18, 9, 32, 3, 0, 0, 0, 0, 0, 1, 7, 9, 5, 2, 11, 0, 0, 0
16:01:41, 1723.60, 31.24, 32.09, 30.398, 0, 0, 1, 4, 15, 21, 17, 9, 32, 3, 0, 0, 0, 0, 0, 0, 6, 8, 5, 2, 11, 0, 0, 0
16:01:42, 1728.10, 31.24, 32.11, 30.391, 0, 0, 1, 3, 14, 20, 16, 9, 29, 2, 0, 0, 0, 0, 0, 0, 6, 8, 5, 2, 10, 0, 0, 0
16:01:42, 1729.70, 31.24, 32.07, 30.398, 0, 0, 1, 3, 13, 19, 15, 8, 28, 2, 0, 0, 0, 0, 0, 0, 6, 8, 4, 2, 10, 0, 0, 0
16:01:43, 1733.70, 31.24, 32.09, 30.398, 0, 0, 1, 3, 13, 19, 15, 8, 28, 2, 0, 0, 0, 0, 0, 0, 6, 8, 4, 2, 10, 0, 0, 0
16:01:44, 1740.80, 31.23, 32.11, 30.383, 0, 0, 1, 2, 13, 18, 15, 8, 27, 2, 0, 0, 0, 0, 0, 0, 5, 7, 4, 2, 9, 0, 0, 0
16:01:44, 1742.30, 31.23, 32.09, 30.383, 0, 0, 1, 3, 12, 18, 14, 7, 25, 2, 0, 0, 0, 0, 0, 0, 5, 7, 4, 2, 9, 0, 0, 0
16:01:45, 1740.20, 31.23, 32.07, 30.383, 0, 0, 1, 3, 12, 17, 14, 7, 25, 2, 0, 0, 0, 0, 0, 0, 5, 7, 4, 2, 9, 0, 0, 0
16:01:46, 1743.30, 31.23, 32.07, 30.375, 0, 0, 1, 3, 12, 18, 14, 7, 26, 2, 0, 0, 0, 0, 0, 0, 5, 7, 4, 2, 9, 0, 0, 0
16:01:46, 1749.00, 31.23, 32.07, 30.375, 0, 0, 1, 3, 12, 17, 14, 7, 25, 2, 0, 0, 0, 0, 0, 0, 5, 7, 4, 2, 9, 0, 0, 0
16:01:47, 1753.30, 31.23, 32.11, 30.383, 0, 0, 1, 3, 11, 16, 13, 7, 23, 2, 0, 0, 0, 0, 0, 0, 5, 6, 3, 2, 8, 0, 0, 0
16:01:48, 1753.50, 31.23, 32.05, 30.383, 0, 0, 1, 3, 11, 16, 12, 7, 22, 2, 0, 0, 0, 0, 0, 0, 5, 6, 3, 1, 8, 0, 0, 0
16:01:48, 1751.30, 31.23, 32.07, 30.383, 0, 0, 1, 3, 11, 16, 13, 7, 22, 2, 0, 0, 0, 0, 0, 0, 5, 6, 3, 2, 8, 0, 0, 0
16:01:49, 1755.90, 31.23, 32.07, 30.383, 0, 0, 1, 3, 11, 16, 13, 7, 23, 2, 0, 0, 0, 0, 0, 0, 5, 6, 3, 1, 8, 0, 0, 0
16:01:50, 1756.40, 31.23, 32.07, 30.383, 0, 0, 1, 3, 11, 16, 13, 7, 22, 2, 0, 0, 0, 0, 0, 0, 5, 6, 3, 1, 8, 0, 0, 0
16:01:50, 1756.00, 31.23, 32.03, 30.383, 0, 0, 1, 3, 11, 16, 12, 6, 22, 2, 0, 0, 0, 0, 0, 0, 5, 6, 3, 1, 8, 0, 0, 0
16:01:51, 1759.90, 31.23, 32.09, 30.375, 0, 0, 1, 3, 10, 15, 12, 5, 22, 2, 0, 0, 0, 0, 0, 0, 5, 6, 3, 1, 8, 0, 0, 0
16:01:52, 1762.60, 31.23, 32.07, 30.383, 0, 0, 1, 2, 10, 15, 12, 6, 21, 2, 0, 0, 0, 0, 0, 0, 4, 6, 3, 1, 7, 0, 0, 0
16:01:52, 1763.20, 31.23, 32.07, 30.383, 0, 0, 1, 3, 10, 15, 12, 6, 21, 2, 0, 0, 0, 0, 0, 0, 4, 6, 3, 1, 7, 0, 0, 0
16:01:53, 1769.50, 31.23, 32.05, 30.375, 0, 0, 1, 2, 10, 14, 11, 6, 21, 2, 0, 0, 0, 0, 0, 0, 4, 6, 3, 1, 7, 0, 0, 0
16:01:54, 1771.40, 31.22, 32.05, 30.383, 0, 0, 1, 1, 9, 13, 11, 6, 18, 1, 0, 0, 0, 0, 0, 0, 4, 5, 3, 1, 7, 0, 0, 0
16:01:54, 1772.90, 31.22, 32.07, 30.383, 0, 0, 1, 2, 9, 14, 11, 6, 19, 2, 0, 0, 0, 0, 0, 0, 4, 5, 3, 1, 7, 0, 0, 0
16:01:55, 1773.70, 31.22, 32.07, 30.383, 0, 0, 1, 2, 9, 14, 11, 6, 19, 2, 0, 0, 0, 0, 0, 0, 4, 5, 3, 1, 7, 0, 0, 0
16:01:56, 1781.60, 31.22, 32.05, 30.375, 0, 0, 1, 2, 9, 13, 10, 5, 18, 2, 0, 0, 0, 0, 0, 0, 4, 5, 2, 1, 6, 0, 0, 0
16:01:56, 1800.70, 31.22, 32.11, 30.375, 0, 0, 1, 2, 7, 11, 9, 4, 16, 1, 0, 0, 0, 0, 0, 0, 3, 4, 2, 1, 5, 0, 0, 0
16:01:57, 1804.50, 31.22, 32.07, 30.375, 0, 0, 1, 2, 7, 10, 8, 4, 14, 1, 0, 0, 0, 0, 0, 0, 3, 4, 2, 1, 5, 0, 0, 0
16:01:58, 1802.60, 31.21, 32.07, 30.375, 0, 0, 1, 2, 7, 10, 8, 4, 14, 1, 0, 0, 0, 0, 0, 0, 3, 4, 2, 1, 5, 0, 0, 0
16:01:58, 1798.60, 31.21, 32.07, 30.375, 0, 0, 1, 2, 7, 10, 8, 4, 14, 1, 0, 0, 0, 0, 0, 0, 3, 4, 2, 1, 5, 0, 0, 0
16:01:59, 1798.60, 31.21, 32.07, 30.375, 0, 0, 1, 2, 7, 10, 8, 4, 15, 1, 0, 0, 0, 0, 0, 0, 3, 4, 2, 1, 5, 0, 0, 0
16:02:00, 1804.20, 31.21, 32.07, 30.383, 0, 0, 1, 2, 7, 10, 8, 4, 14, 1, 0, 0, 0, 0, 0, 0, 3, 4, 2, 1, 5, 0, 0, 0
16:02:00, 1806.80, 31.21, 32.05, 30.383, 0, 0, 1, 2, 7, 10, 8, 4, 14, 1, 0, 0, 0, 0, 0, 0, 3, 4, 2, 1, 5, 0, 0, 0
16:02:01, 1810.20, 31.21, 32.05, 30.367, 0, 0, 1, 2, 6, 9, 7, 4, 13, 1, 0, 0, 0, 0, 0, 0, 3, 4, 2, 1, 5, 0, 0, 0
16:02:02, 1816.40, 31.21, 32.09, 30.367, 0, 0, 1, 2, 6, 9, 7, 4, 13, 1, 0, 0, 0, 0, 0, 0, 3, 4, 2, 0, 4, 0, 0, 0
16:02:02, 1816.40, 31.21, 32.11, 30.375, 0, 0, 1, 2, 6, 9, 7, 4, 12, 1, 0, 0, 0, 0, 0, 0, 3, 3, 2, 1, 4, 0, 0, 0
16:02:03, 1819.10, 31.21, 32.07, 30.375, 0, 0, 1, 2, 6, 9, 7, 4, 12, 1, 0, 0, 0, 0, 0, 0, 3, 3, 2, 1, 4, 0, 0, 0
16:02:04, 1823.30, 31.20, 32.05, 30.375, 0, 0, 1, 1, 5, 8, 6, 3, 12, 1, 0, 0, 0, 0, 0, 0, 2, 3, 1, 0, 4, 0, 0, 0
16:02:04, 1827.50, 31.20, 32.09, 30.375, 0, 0, 1, 1, 5, 8, 6, 3, 11, 1, 0, 0, 0, 0, 0, 0, 2, 3, 1, 1, 4, 0, 0, 0
16:02:05, 1831.20, 31.20, 32.09, 30.375, 0, 0, 1, 1, 5, 8, 6, 3, 11, 1, 0, 0, 0, 0, 0, 0, 2, 3, 1, 0, 4, 0, 0, 0
16:02:06, 1834.60, 31.20, 32.07, 30.375, 0, 0, 1, 1, 6, 7, 6, 3, 10, 1, 0, 0, 0, 0, 0, 0, 2, 3, 1, 0, 3, 0, 0, 0
16:02:06, 1835.10, 31.20, 32.13, 30.367, 0, 0, 1, 1, 5, 7, 6, 3, 10, 1, 0, 0, 0, 0, 0, 0, 2, 3, 1, 0, 3, 0, 0, 0
16:02:07, 1837.30, 31.20, 32.05, 30.375, 1, 0, 1, 1, 5, 7, 6, 3, 10, 1, 0, 0, 0, 0, 0, 0, 2, 3, 1, 0, 3, 0, 0, 0
16:02:08, 1841.30, 31.20, 32.11, 30.375, 0, 0, 1, 1, 4, 7, 5, 3, 10, 1, 0, 0, 0, 0, 0, 0, 2, 2, 1, 0, 3, 0, 0, 0
16:02:08, 1841.40, 31.20, 32.07, 30.375, 0, 0, 1, 1, 4, 6, 5, 3, 9, 1, 0, 0, 0, 0, 0, 0, 2, 2, 1, 0, 3, 0, 0, 0
16:02:09, 1843.70, 31.20, 32.07, 30.375, 0, 0, 1, 1, 4, 6, 5, 3, 9, 1, 0, 0, 0, 0, 0, 0, 2, 2, 1, 0, 3, 0, 0, 0
16:02:10, 1847.30, 31.20, 32.09, 30.375, 0, 0, 1, 1, 4, 6, 5, 3, 9, 1, 0, 0, 0, 0, 0, 0, 2, 2, 1, 0, 3, 0, 0, 0
16:02:10, 1847.10, 31.20, 32.13, 30.375, 0, 0, 1, 1, 4, 6, 5, 2, 8, 1, 0, 0, 0, 0, 0, 0, 2, 2, 1, 0, 3, 0, 0, 0
16:02:11, 1847.90, 31.19, 32.05, 30.375, 0, 0, 1, 1, 4, 6, 5, 2, 9, 1, 0, 0, 0, 0, 0, 0, 2, 2, 1, 0, 3, 0, 0, 0
16:02:12, 1851.50, 31.19, 32.09, 30.375, 0, 0, 1, 1, 4, 6, 5, 2, 9, 1, 0, 0, 0, 0, 0, 0, 2, 2, 1, 0, 3, 0, 0, 0
16:02:12, 1853.80, 31.19, 32.09, 30.367, 0, 0, 1, 1, 4, 6, 5, 2, 8, 1, 0, 0, 0, 0, 0, 0, 2, 2, 1, 0, 3, 0, 0, 0
16:02:13, 1853.80, 31.19, 32.11, 30.375, 0, 0, 1, 1, 4, 6, 5, 2, 8, 1, 0, 0, 0, 0, 0, 0, 1, 2, 1, 0, 3, 0, 0, 0
16:02:14, 1855.30, 31.19, 32.09, 30.375, 0, 0, 1, 1, 4, 6, 5, 2, 8, 1, 0, 0, 0, 0, 0, 0, 2, 2, 1, 0, 3, 0, 0, 0
16:02:14, 1857.50, 31.19, 32.07, 30.375, 0, 0, 1, 1, 4, 6, 4, 2, 8, 1, 0, 0, 0, 0, 0, 0, 2, 2, 1, 0, 3, 0, 0, 0
16:02:15, 1857.80, 31.19, 32.07, 30.367, 0, 0, 1, 1, 4, 6, 4, 2, 8, 1, 0, 0, 0, 0, 0, 0, 1, 2, 1, 0, 2, 0, 0, 0
16:02:16, 1861.10, 31.19, 32.09, 30.367, 0, 0, 1, 1, 3, 5, 4, 2, 8, 1, 0, 0, 0, 0, 0, 0, 1, 2, 1, 0, 2, 0, 0, 0
16:02:16, 1861.90, 31.19, 32.13, 30.375, 0, 0, 1, 1, 3, 5, 4, 2, 8, 1, 0, 0, 0, 0, 0, 0, 1, 2, 1, 0, 2, 0, 0, 0
16:02:17, 1862.00, 31.19, 32.05, 30.375, 0, 0, 1, 1, 3, 5, 4, 2, 8, 1, 0, 0, 0, 0, 0, 0, 2, 2, 1, 0, 2, 0, 0, 0
16:02:18, 1863.40, 31.19, 32.05, 30.367, 0, 0, 1, 1, 3, 5, 4, 2, 8, 1, 0, 0, 0, 0, 0, 0, 2, 2, 1, 0, 2, 0, 0, 0
16:02:18, 1864.50, 31.19, 32.05, 30.375, 0, 0, 1, 1, 3, 5, 4, 2, 7, 1, 0, 0, 0, 0, 0, 0, 1, 2, 1, 0, 2, 0, 0, 0
16:02:19, 1865.80, 31.19, 32.09, 30.375, 0, 0, 1, 1, 3, 5, 4, 2, 8, 1, 0, 0, 0, 0, 0, 0, 1, 2, 1, 0, 2, 0, 0, 0
16:02:20, 1866.50, 31.19, 32.05, 30.375, 0, 0, 0, 1, 3, 5, 4, 2, 7, 1, 0, 0, 0, 0, 0, 0, 1, 2, 1, 0, 2, 0, 0, 0
16:02:20, 1868.30, 31.19, 32.07, 30.367, 0, 0, 0, 0, 3, 5, 4, 2, 7, 1, 0, 0, 0, 0, 0, 0, 1, 2, 1, 0, 2, 0, 0, 0
16:02:21, 1870.30, 31.19, 32.03, 30.367, 0, 0, 0, 1, 3, 5, 4, 2, 7, 1, 0, 0, 0, 0, 0, 0, 1, 2, 0, 0, 2, 0, 0, 0
16:02:21, 1869.10, 31.19, 32.09, 30.367, 0, 0, 0, 1, 3, 5, 4, 2, 7, 1, 0, 0, 0, 0, 0, 0, 1, 2, 0, 0, 2, 0, 0, 0
16:02:22, 1867.90, 31.19, 32.07, 30.375, 0, 0, 1, 0, 3, 5, 4, 2, 7, 1, 0, 0, 0, 0, 0, 0, 1, 2, 1, 0, 2, 0, 0, 0
16:02:23, 1866.30, 31.19, 32.09, 30.375, 0, 0, 1, 1, 3, 5, 4, 2, 7, 1, 0, 0, 0, 0, 0, 0, 1, 2, 1, 0, 2, 0, 0, 0
16:02:23, 1868.10, 31.19, 32.05, 30.375, 0, 0, 1, 1, 3, 5, 4, 2, 7, 1, 0, 0, 0, 0, 0, 0, 1, 2, 1, 0, 2, 0, 0, 0
16:02:24, 1865.90, 31.19, 32.09, 30.375, 0, 0, 0, 1, 3, 5, 4, 2, 7, 1, 0, 0, 0, 0, 0, 0, 1, 2, 1, 0, 2, 0, 0, 0
16:02:25, 1863.00, 31.19, 32.07, 30.375, 0, 0, 1, 1, 3, 5, 4, 2, 7, 1, 0, 0, 0, 0, 0, 0, 1, 2, 0, 0, 2, 0, 0, 0
16:02:25, 1862.30, 31.19, 32.09, 30.375, 0, 0, 1, 1, 3, 5, 4, 2, 8, 1, 0, 0, 0, 0, 0, 0, 1, 2, 1, 0, 2, 0, 0, 0
16:02:26, 1861.30, 31.19, 32.07, 30.383, 0, 0, 1, 1, 4, 5, 4, 2, 8, 1, 0, 0, 0, 0, 0, 0, 2, 2, 1, 0, 2, 0, 0, 0
16:02:27, 1862.20, 31.19, 32.09, 30.383, 0, 0, 0, 1, 4, 6, 4, 2, 8, 1, 0, 0, 0, 0, 0, 0, 1, 2, 1, 0, 2, 0, 0, 0
16:02:27, 1860.80, 31.19, 32.09, 30.367, 0, 0, 1, 1, 4, 6, 4, 2, 8, 1, 0, 0, 0, 0, 0, 0, 2, 2, 1, 0, 2, 0, 0, 0
16:02:28, 1857.90, 31.19, 32.13, 30.375, 0, 0, 1, 1, 4, 6, 5, 2, 8, 1, 0, 0, 0, 0, 0, 0, 1, 2, 1, 0, 2, 0, 0, 0
16:02:29, 1854.10, 31.19, 32.07, 30.375, 0, 0, 1, 1, 4, 6, 5, 2, 8, 1, 0, 0, 0, 0, 0, 0, 2, 2, 1, 0, 3, 0, 0, 0
16:02:29, 1851.20, 31.19, 32.13, 30.367, 0, 0, 1, 1, 4, 6, 5, 2, 9, 1, 0, 0, 0, 0, 0, 0, 2, 2, 1, 0, 3, 0, 0, 0
16:02:30, 1850.30, 31.19, 32.07, 30.367, 0, 0, 1, 1, 4, 6, 5, 3, 9, 1, 0, 0, 0, 0, 0, 0, 2, 2, 1, 0, 3, 0, 0, 0
16:02:31, 1848.80, 31.19, 32.05, 30.367, 0, 0, 1, 1, 4, 6, 5, 3, 9, 1, 0, 0, 0, 0, 0, 0, 2, 2, 1, 0, 3, 0, 0, 0
16:02:31, 1846.80, 31.19, 32.07, 30.375, 0, 0, 1, 0, 4, 6, 5, 3, 9, 1, 0, 0, 0, 0, 0, 0, 2, 2, 1, 0, 3, 0, 0, 0
16:02:32, 1845.40, 31.19, 32.05, 30.375, 0, 0, 1, 1, 4, 7, 5, 3, 9, 1, 0, 0, 0, 0, 0, 0, 2, 2, 1, 0, 3, 0, 0, 0
16:02:33, 1847.50, 31.19, 32.09, 30.367, 0, 0, 1, 1, 4, 7, 5, 3, 9, 1, 0, 0, 0, 0, 0, 0, 2, 2, 1, 0, 3, 0, 0, 0
16:02:33, 1846.30, 31.19, 32.05, 30.367, 0, 0, 1, 1, 4, 6, 5, 3, 9, 1, 0, 0, 0, 0, 0, 0, 2, 2, 1, 0, 3, 0, 0, 0
16:02:34, 1841.00, 31.19, 32.11, 30.367, 0, 0, 1, 1, 4, 7, 5, 3, 9, 1, 0, 0, 0, 0, 0, 0, 2, 2, 1, 0, 3, 0, 0, 0
16:02:35, 1841.30, 31.18, 32.09, 30.375, 0, 0, 1, 1, 5, 7, 5, 3, 10, 1, 0, 0, 0, 0, 0, 0, 2, 2, 1, 0, 3, 0, 0, 0
16:02:35, 1842.20, 31.18, 32.05, 30.375, 0, 0, 1, 1, 4, 7, 5, 3, 10, 1, 0, 0, 0, 0, 0, 0, 2, 2, 1, 0, 3, 0, 0, 0
16:02:36, 1839.40, 31.18, 32.11, 30.375, 0, 0, 1, 1, 5, 7, 5, 3, 10, 1, 0, 0, 0, 0, 0, 0, 2, 3, 1, 0, 3, 0, 0, 0
16:02:37, 1836.20, 31.19, 32.09, 30.375, 0, 0, 1, 1, 5, 7, 6, 3, 10, 1, 0, 0, 0, 0, 0, 0, 2, 3, 1, 0, 3, 0, 0, 0
16:02:37, 1833.30, 31.19, 32.07, 30.375, 0, 0, 1, 1, 5, 7, 6, 3, 10, 1, 0, 0, 0, 0, 0, 0, 2, 3, 1, 0, 3, 0, 0, 0
16:02:38, 1831.90, 31.19, 32.07, 30.375, 0, 0, 1, 1, 5, 8, 6, 3, 11, 1, 0, 0, 0, 0, 0, 0, 2, 3, 1, 0, 4, 0, 0, 0
16:02:39, 1828.80, 31.19, 32.13, 30.375, 0, 0, 1, 1, 5, 8, 6, 3, 11, 1, 0, 0, 0, 0, 0, 0, 2, 3, 1, 0, 4, 0, 0, 0
16:02:39, 1819.30, 31.18, 32.09, 30.375, 0, 0, 1, 1, 6, 8, 6, 3, 11, 1, 0, 0, 0, 0, 0, 0, 2, 3, 1, 0, 4, 0, 0, 0
16:02:40, 1812.80, 31.19, 32.07, 30.375, 0, 0, 1, 2, 6, 9, 7, 4, 12, 1, 0, 0, 0, 0, 0, 0, 3, 3, 2, 1, 4, 0, 0, 0
16:02:41, 1803.50, 31.18, 32.05, 30.367, 0, 0, 1, 2, 6, 9, 7, 4, 13, 1, 0, 0, 0, 0, 0, 0, 3, 4, 2, 1, 5, 0, 0, 0
16:02:41, 1795.50, 31.18, 32.05, 30.375, 0, 0, 1, 2, 7, 10, 8, 4, 15, 1, 0, 0, 0, 0, 0, 0, 3, 4, 2, 1, 5, 0, 0, 0
16:02:42, 1790.50, 31.18, 32.09, 30.375, 0, 0, 1, 2, 8, 11, 9, 5, 16, 1, 0, 0, 0, 0, 0, 0, 3, 4, 2, 1, 6, 0, 0, 0
16:02:43, 1785.20, 31.18, 32.03, 30.375, 0, 0, 1, 2, 8, 12, 9, 5, 17, 1, 0, 0, 0, 0, 0, 0, 3, 5, 2, 1, 6, 0, 0, 0
16:02:43, 1780.00, 31.19, 32.07, 30.383, 0, 0, 1, 2, 8, 12, 10, 5, 18, 1, 0, 0, 0, 0, 0, 0, 4, 5, 2, 1, 6, 0, 0, 0
16:02:44, 1772.40, 31.18, 32.07, 30.383, 0, 0, 1, 2, 9, 13, 10, 5, 18, 1, 0, 0, 0, 0, 0, 0, 4, 5, 3, 1, 6, 0, 0, 0
16:02:45, 1766.80, 31.19, 32.11, 30.383, 0, 0, 1, 2, 10, 14, 11, 6, 20, 2, 0, 0, 0, 0, 0, 0, 4, 6, 3, 1, 7, 0, 0, 0
16:02:45, 1763.30, 31.19, 32.07, 30.383, 0, 0, 1, 2, 10, 15, 12, 6, 21, 2, 0, 0, 0, 0, 0, 0, 4, 6, 3, 1, 7, 0, 0, 0
16:02:46, 1752.50, 31.19, 32.05, 30.383, 0, 0, 1, 3, 10, 15, 12, 6, 22, 2, 0, 0, 0, 0, 0, 0, 5, 6, 3, 1, 8, 0, 0, 0
16:02:47, 1747.80, 31.19, 32.07, 30.375, 0, 0, 1, 2, 11, 17, 13, 7, 24, 2, 0, 0, 0, 0, 0, 0, 5, 7, 4, 2, 8, 0, 0, 0
16:02:47, 1740.70, 31.19, 32.09, 30.375, 0, 0, 1, 3, 12, 17, 14, 7, 24, 2, 0, 0, 0, 0, 0, 0, 5, 7, 4, 2, 9, 0, 0, 0
16:02:48, 1734.50, 31.19, 32.07, 30.383, 0, 0, 1, 3, 13, 19, 15, 8, 27, 2, 0, 0, 0, 0, 0, 0, 6, 7, 4, 2, 9, 0, 0, 0
16:02:49, 1722.80, 31.19, 32.07, 30.383, 0, 0, 1, 3, 14, 20, 16, 8, 28, 2, 0, 0, 0, 0, 0, 1, 6, 8, 5, 2, 10, 0, 0, 0
16:02:49, 1719.50, 31.18, 32.07, 30.383, 0, 0, 1, 4, 15, 22, 18, 9, 31, 2, 0, 0, 0, 0, 0, 0, 7, 9, 5, 2, 11, 0, 0, 0
16:02:50, 1711.50, 31.18, 32.09, 30.383, 0, 0, 1, 4, 16, 22, 18, 10, 31, 3, 0, 0, 0, 0, 0, 1, 7, 9, 5, 2, 12, 0, 0, 0
16:02:51, 1704.10, 31.19, 32.05, 30.391, 0, 0, 2, 4, 17, 24, 20, 11, 35, 3, 0, 0, 0, 0, 0, 1, 8, 10, 6, 3, 13, 0, 0, 0
16:02:51, 1694.40, 31.19, 32.07, 30.391, 1, 0, 2, 4, 18, 26, 21, 11, 37, 3, 0, 0, 0, 0, 0, 1, 8, 11, 6, 3, 14, 0, 0, 0
16:02:52, 1686.80, 31.19, 32.05, 30.391, 1, 1, 2, 5, 20, 28, 23, 13, 41, 3, 0, 0, 0, 0, 0, 1, 9, 12, 7, 3, 14, 0, 0, 0
16:02:53, 1673.80, 31.19, 32.09, 30.398, 1, 1, 2, 5, 22, 31, 25, 14, 44, 3, 0, 0, 0, 0, 0, 1, 10, 13, 8, 4, 16, 1, 0, 0
16:02:53, 1667.10, 31.19, 32.07, 30.398, 1, 1, 2, 6, 24, 34, 28, 16, 51, 4, 0, 0, 0, 0, 0, 1, 11, 14, 8, 4, 18, 1, 0, 0
16:02:54, 1661.10, 31.19, 32.05, 30.391, 1, 1, 2, 6, 26, 36, 30, 17, 55, 4, 0, 0, 0, 0, 0, 1, 11, 15, 9, 4, 19, 1, 0, 0
16:02:55, 1655.10, 31.20, 32.13, 30.391, 1, 1, 2, 7, 27, 38, 32, 18, 58, 5, 0, 0, 0, 0, 0, 2, 12, 15, 10, 5, 20, 1, 0, 0
16:02:55, 1653.00, 31.19, 32.11, 30.391, 1, 1, 2, 7, 29, 40, 33, 19, 61, 5, 0, 0, 0, 0, 0, 2, 13, 16, 10, 5, 21, 1, 0, 0
16:02:56, 1651.50, 31.20, 32.07, 30.391, 1, 1, 3, 7, 29, 41, 34, 19, 61, 5, 0, 0, 0, 0, 0, 2, 12, 16, 10, 5, 21, 1, 0, 0
16:02:57, 1644.80, 31.20, 32.07, 30.398, 1, 1, 3, 7, 30, 41, 34, 20, 60, 5, 0, 0, 0, 0, 0, 2, 13, 17, 11, 5, 22, 1, 0, 0
16:02:57, 1637.90, 31.20, 32.13, 30.398, 1, 1, 3, 8, 31, 43, 36, 20, 62, 5, 0, 0, 0, 0, 0, 2, 14, 18, 11, 6, 23, 1, 0, 0
16:02:58, 1633.90, 31.20, 32.11, 30.391, 2, 1, 3, 8, 33, 46, 39, 22, 67, 5, 0, 0, 0, 0, 0, 2, 15, 19, 12, 6, 25, 1, 0, 0
16:02:59, 1632.40, 31.20, 32.11, 30.398, 3, 1, 3, 9, 34, 48, 40, 23, 70, 5, 0, 0, 0, 0, 0, 2, 15, 19, 12, 6, 25, 1, 0, 0
16:02:59, 1628.00, 31.20, 32.05, 30.398, 2, 1, 3, 9, 34, 48, 40, 23, 69, 5, 0, 0, 0, 0, 0, 2, 15, 20, 13, 6, 26, 1, 0, 0
16:03:00, 1622.40, 31.21, 32.09, 30.391, 2, 1, 3, 9, 36, 50, 42, 24, 71, 5, 0, 0, 0, 0, 0, 3, 16, 21, 14, 7, 27, 2, 0, 0
16:03:01, 1620.60, 31.20, 32.09, 30.398, 2, 2, 3, 10, 38, 52, 44, 26, 77, 6, 0, 0, 1, 0, 0, 3, 17, 21, 14, 7, 28, 2, 0, 0
16:03:01, 1617.20, 31.20, 32.05, 30.398, 2, 2, 3, 10, 38, 53, 45, 26, 79, 6, 0, 0, 1, 0, 0, 3, 17, 22, 14, 7, 29, 2, 0, 0
16:03:02, 1611.90, 31.20, 32.09, 30.391, 2, 2, 3, 10, 39, 55, 46, 27, 81, 6, 0, 0, 1, 0, 0, 3, 18, 23, 15, 8, 30, 2, 0, 0
16:03:03, 1610.30, 31.21, 32.11, 30.391, 2, 2, 4, 11, 42, 58, 49, 29, 86, 7, 0, 0, 1, 0, 0, 3, 19, 24, 16, 8, 32, 2, 0, 0
16:03:03, 1606.90, 31.21, 32.11, 30.391, 2, 2, 4, 11, 42, 58, 49, 29, 85, 7, 0, 0, 1, 0, 0, 3, 19, 25, 16, 8, 32, 2, 0, 0
16:03:04, 1603.40, 31.21, 32.09, 30.391, 2, 2, 4, 11, 44, 61, 52, 31, 90, 7, 0, 0, 1, 0, 0, 3, 20, 26, 17, 9, 34, 2, 0, 0
16:03:05, 1597.40, 31.21, 32.09, 30.391, 2, 2, 4, 12, 45, 63, 53, 31, 90, 7, 0, 0, 1, 0, 1, 4, 21, 27, 18, 9, 36, 2, 0, 0
16:03:05, 1591.30, 31.21, 32.09, 30.391, 3, 2, 4, 13, 48, 66, 57, 34, 95, 7, 0, 0, 1, 0, 1, 4, 22, 29, 19, 10, 38, 2, 0, 0
16:03:06, 1585.90, 31.21, 32.05, 30.383, 3, 2, 5, 14, 51, 70, 61, 36, 101, 8, 0, 0, 1, 0, 1, 4, 24, 31, 20, 11, 40, 3, 0, 0
16:03:07, 1579.50, 31.21, 32.11, 30.383, 3, 2, 5, 14, 52, 72, 62, 37, 104, 8, 0, 0, 1, 1, 1, 5, 26, 33, 22, 12, 43, 3, 0, 0
16:03:07, 1575.80, 31.21, 32.07, 30.391, 4, 3, 5, 15, 57, 77, 67, 40, 122, 10, 0, 0, 1, 0, 1, 5, 27, 34, 23, 12, 46, 3, 0, 0
16:03:08, 1571.00, 31.20, 32.05, 30.391, 3, 3, 5, 16, 59, 81, 70, 42, 125, 10, 0, 0, 1, 1, 1, 5, 28, 35, 24, 13, 47, 3, 0, 0
16:03:08, 1568.00, 31.20, 32.09, 30.391, 3, 3, 6, 17, 63, 86, 75, 45, 131, 10, 0, 0, 1, 1, 1, 5, 29, 37, 25, 14, 50, 3, 0, 0
16:03:09, 1564.30, 31.20, 32.11, 30.383, 4, 3, 6, 18, 65, 88, 77, 47, 132, 10, 0, 0, 1, 1, 1, 6, 30, 38, 26, 14, 51, 4, 0, 0
16:03:10, 1555.80, 31.20, 32.07, 30.391, 4, 3, 6, 19, 67, 91, 80, 49, 130, 10, 0, 0, 1, 1, 1, 6, 32, 41, 29, 15, 54, 4, 0, 0
16:03:10, 1548.10, 31.20, 32.07, 30.391, 4, 4, 7, 20, 73, 99, 87, 53, 143, 11, 0, 0, 2, 1, 1, 7, 35, 45, 31, 17, 59, 4, 0, 0
16:03:11, 1546.10, 31.20, 32.09, 30.391, 4, 4, 7, 22, 78, 105, 93, 58, 163, 13, 0, 0, 2, 1, 2, 7, 36, 46, 32, 18, 63, 4, 0, 0
16:03:12, 1544.10, 31.20, 32.05, 30.398, 5, 4, 7, 23, 81, 109, 97, 60, 175, 14, 0, 0, 2, 1, 2, 7, 37, 47, 33, 18, 62, 4, 0, 0
16:03:12, 1534.20, 31.20, 32.05, 30.398, 5, 4, 7, 21, 80, 108, 95, 58, 159, 12, 0, 0, 2, 1, 2, 8, 40, 51, 36, 19, 67, 5, 0, 0
16:03:13, 1530.60, 31.21, 32.09, 30.383, 5, 4, 8, 24, 88, 118, 105, 66, 175, 13, 0, 0, 2, 1, 2, 9, 42, 54, 38, 21, 73, 5, 0, 0
16:03:14, 1530.80, 31.21, 32.05, 30.391, 6, 5, 9, 27, 93, 125, 112, 70, 198, 15, 0, 0, 2, 1, 2, 9, 43, 54, 38, 21, 76, 6, 0, 0
16:03:14, 1521.70, 31.21, 32.13, 30.391, 5, 4, 8, 25, 86, 116, 102, 64, 175, 14, 0, 0, 2, 1, 2, 9, 47, 59, 42, 23, 78, 6, 0, 0
16:03:15, 1516.20, 31.21, 32.07, 30.383, 6, 5, 9, 27, 91, 123, 109, 69, 179, 14, 0, 0, 2, 2, 3, 10, 50, 63, 45, 25, 82, 6, 0, 0
16:03:16, 1514.60, 31.20, 32.07, 30.391, 6, 5, 10, 30, 105, 141, 127, 81, 217, 17, 0, 0, 3, 2, 3, 11, 50, 63, 45, 25, 86, 6, 0, 0
16:03:16, 1510.40, 31.21, 32.09, 30.391, 7, 6, 10, 32, 108, 145, 130, 83, 230, 18, 0, 0, 3, 2, 3, 11, 53, 66, 48, 27, 89, 7, 0, 0
16:03:17, 1505.80, 31.20, 32.09, 30.383, 7, 6, 10, 32, 110, 147, 133, 85, 234, 18, 0, 0, 3, 2, 3, 11, 55, 69, 50, 28, 94, 7, 0, 0
16:03:18, 1501.20, 31.20, 32.05, 30.391, 7, 6, 11, 35, 115, 153, 138, 88, 244, 19, 0, 0, 3, 2, 3, 12, 57, 72, 52, 29, 99, 7, 0, 0
16:03:18, 1494.70, 31.20, 32.07, 30.391, 7, 6, 12, 36, 118, 157, 143, 92, 257, 20, 0, 0, 3, 2, 4, 13, 62, 79, 57, 32, 108, 8, 0, 0
16:03:19, 1489.20, 31.20, 32.05, 30.383, 8, 7, 12, 39, 126, 167, 152, 98, 273, 21, 0, 0, 3, 2, 4, 14, 66, 82, 60, 34, 113, 9, 0, 0
16:03:20, 1485.50, 31.20, 32.05, 30.383, 9, 8, 14, 43, 143, 189, 173, 113, 310, 24, 0, 0, 4, 3, 4, 15, 68, 85, 62, 35, 118, 9, 0, 0
16:03:20, 1479.40, 31.20, 32.07, 30.383, 10, 8, 15, 47, 153, 202, 186, 123, 326, 25, 0, 0, 4, 2, 4, 16, 73, 91, 67, 38, 122, 10, 0, 0
16:03:21, 1471.90, 31.21, 32.09, 30.383, 10, 8, 15, 48, 154, 203, 186, 124, 305, 23, 0, 0, 4, 3, 5, 18, 81, 102, 75, 43, 133, 10, 0, 0
16:03:22, 1469.10, 31.20, 32.05, 30.383, 10, 8, 16, 48, 153, 202, 185, 122, 315, 24, 0, 0, 5, 3, 5, 19, 81, 101, 75, 43, 141, 11, 0, 0
16:03:22, 1468.60, 31.21, 32.11, 30.383, 12, 10, 19, 58, 181, 237, 221, 148, 432, 34, 0, 0, 5, 3, 5, 19, 81, 101, 75, 43, 143, 11, 0, 0
16:03:23, 1461.30, 31.21, 32.07, 30.391, 11, 9, 17, 53, 167, 220, 202, 135, 320, 24, 0, 0, 5, 3, 6, 21, 90, 112, 84, 48, 148, 11, 0, 0
16:03:24, 1454.20, 31.21, 32.09, 30.391, 11, 9, 17, 51, 160, 210, 192, 129, 274, 21, 0, 0, 6, 4, 7, 24, 100, 124, 93, 54, 162, 13, 0, 0
16:03:24, 1450.70, 31.21, 32.03, 30.383, 12, 10, 19, 58, 184, 241, 223, 151, 346, 26, 0, 0, 6, 4, 7, 23, 98, 121, 91, 53, 165, 13, 0, 0
16:03:25, 1444.70, 31.21, 32.05, 30.391, 13, 11, 21, 64, 194, 253, 236, 159, 401, 31, 0, 0, 6, 4, 7, 25, 105, 130, 98, 57, 182, 14, 0, 0
16:03:26, 1438.40, 31.21, 32.05, 30.391, 13, 11, 21, 64, 197, 256, 241, 161, 445, 35, 0, 0, 6, 5, 8, 27, 113, 140, 106, 62, 197, 16, 0, 0
16:03:26, 1432.30, 31.21, 32.11, 30.383, 13, 11, 21, 64, 200, 259, 245, 162, 490, 39, 0, 0, 7, 5, 9, 31, 126, 156, 119, 70, 229, 18, 0, 0
16:03:27, 1428.60, 31.21, 32.09, 30.391, 15, 13, 25, 78, 209, 269, 255, 170, 521, 42, 0, 0, 8, 6, 10, 34, 129, 159, 121, 72, 232, 19, 0, 0
16:03:28, 1424.40, 31.21, 32.05, 30.391, 15, 13, 26, 81, 239, 308, 293, 200, 564, 44, 0, 0, 7, 5, 9, 32, 129, 158, 121, 72, 225, 18, 0, 0
16:03:28, 1416.40, 31.21, 32.07, 30.383, 17, 14, 28, 85, 248, 322, 302, 211, 513, 39, 0, 0, 8, 6, 10, 35, 141, 172, 132, 78, 236, 19, 0, 0
16:03:29, 1414.10, 31.21, 32.07, 30.391, 18, 15, 30, 91, 258, 334, 313, 220, 512, 39, 0, 0, 9, 6, 11, 38, 143, 175, 134, 80, 247, 20, 0, 0
16:03:30, 1412.90, 31.21, 32.05, 30.391, 19, 16, 31, 96, 263, 339, 321, 224, 576, 45, 0, 0, 9, 6, 11, 38, 145, 177, 136, 81, 251, 20, 0, 0
16:03:30, 1411.50, 31.21, 32.05, 30.383, 19, 17, 32, 99, 280, 361, 344, 241, 605, 46, 0, 0, 8, 6, 11, 37, 145, 178, 136, 81, 251, 20, 0, 0
16:03:31, 1405.30, 31.21, 32.07, 30.383, 19, 16, 32, 99, 275, 355, 335, 236, 569, 43, 0, 0, 9, 7, 12, 41, 162, 198, 153, 92, 271, 22, 0, 0
16:03:32, 1398.50, 31.21, 32.07, 30.383, 19, 16, 31, 95, 269, 348, 328, 230, 563, 43, 0, 0, 11, 8, 14, 47, 176, 214, 166, 100, 296, 24, 0, 0
16:03:32, 1396.20, 31.21, 32.07, 30.383, 20, 18, 35, 106, 304, 390, 375, 263, 707, 55, 0, 0, 10, 8, 14, 47, 178, 217, 169, 102, 318, 26, 0, 0
16:03:33, 1393.20, 31.21, 32.07, 30.398, 22, 19, 39, 118, 323, 408, 398, 277, 831, 67, 0, 0, 11, 8, 15, 50, 189, 229, 179, 109, 346, 28, 0, 0
16:03:34, 1388.00, 31.21, 32.09, 30.398, 22, 19, 38, 117, 308, 390, 382, 265, 796, 64, 0, 0, 12, 9, 16, 54, 197, 239, 187, 114, 353, 28, 0, 0
16:03:34, 1384.30, 31.21, 32.11, 30.383, 23, 21, 42, 127, 334, 425, 412, 291, 779, 61, 0, 0, 12, 9, 16, 53, 193, 234, 183, 111, 337, 27, 0, 0
16:03:35, 1378.40, 31.21, 32.09, 30.383, 26, 22, 45, 135, 361, 462, 447, 324, 793, 61, 0, 0, 12, 9, 16, 54, 201, 243, 190, 116, 345, 28, 0, 0
16:03:36, 1367.70, 31.21, 32.09, 30.391, 25, 22, 45, 134, 356, 454, 437, 315, 766, 59, 0, 0, 14, 11, 19, 64, 237, 285, 225, 138, 404, 33, 0, 0
16:03:36, 1360.90, 31.21, 32.05, 30.383, 26, 23, 46, 139, 359, 455, 444, 316, 848, 66, 0, 0, 15, 12, 22, 71, 255, 306, 243, 151, 450, 36, 0, 0
16:03:37, 1357.20, 31.21, 32.05, 30.383, 28, 26, 53, 157, 401, 500, 500, 357, 1062, 86, 0, 0, 16, 13, 24, 77, 268, 321, 256, 160, 499, 41, 0, 0
16:03:38, 1352.80, 31.21, 32.11, 30.391, 28, 25, 53, 156, 394, 490, 490, 348, 1037, 84, 0, 0, 16, 13, 24, 78, 265, 318, 253, 159, 479, 39, 0, 0
16:03:38, 1347.90, 31.21, 32.05, 30.398, 29, 26, 54, 159, 395, 499, 488, 355, 907, 70, 0, 0, 17, 13, 25, 81, 275, 329, 262, 164, 470, 38, 0, 0
16:03:39, 1342.90, 31.21, 32.07, 30.398, 34, 30, 63, 184, 461, 583, 571, 427, 991, 75, 0, 0, 17, 13, 25, 81, 281, 335, 267, 167, 483, 39, 0, 0
16:03:40, 1337.50, 31.21, 32.07, 30.391, 35, 31, 65, 190, 451, 568, 562, 413, 1050, 81, 0, 0, 19, 15, 28, 92, 313, 372, 300, 189, 550, 44, 0, 0
16:03:40, 1332.90, 31.21, 32.07, 30.398, 34, 31, 65, 190, 445, 552, 557, 402, 1161, 93, 0, 0, 21, 17, 32, 101, 337, 402, 326, 207, 624, 51, 0, 0
16:03:41, 1331.10, 31.22, 32.05, 30.398, 35, 32, 68, 198, 461, 571, 577, 418, 1208, 97, 0, 0, 20, 16, 31, 99, 332, 394, 319, 203, 602, 49, 0, 0
16:03:42, 1327.10, 31.21, 32.03, 30.398, 36, 33, 71, 206, 533, 667, 669, 501, 1259, 97, 0, 0, 20, 16, 30, 97, 330, 391, 316, 201, 566, 46, 0, 0
16:03:42, 1319.20, 31.22, 32.07, 30.406, 41, 36, 78, 221, 525, 662, 651, 498, 1104, 84, 0, 0, 22, 18, 34, 110, 377, 446, 365, 233, 633, 51, 0, 0
16:03:43, 1317.00, 31.22, 32.11, 30.406, 35, 31, 67, 194, 440, 547, 545, 396, 1080, 86, 0, 0, 27, 21, 42, 132, 415, 493, 407, 263, 761, 62, 0, 0
16:03:44, 1317.50, 31.22, 32.07, 30.406, 35, 33, 71, 205, 488, 596, 613, 442, 1371, 113, 0, 0, 27, 21, 42, 132, 419, 498, 410, 266, 799, 65, 0, 0
16:03:44, 1319.80, 31.22, 32.05, 30.406, 33, 31, 67, 193, 466, 570, 585, 420, 1313, 108, 0, 0, 26, 20, 40, 127, 391, 463, 379, 244, 723, 59, 0, 0
16:03:45, 1321.00, 31.22, 32.05, 30.406, 34, 31, 66, 191, 478, 595, 595, 437, 1168, 92, 0, 0, 23, 18, 36, 115, 369, 437, 356, 227, 638, 52, 0, 0
16:03:46, 1317.50, 31.22, 32.11, 30.406, 37, 33, 71, 203, 499, 627, 620, 465, 1121, 86, 0, 0, 24, 19, 37, 118, 377, 444, 362, 231, 646, 52, 0, 0
16:03:46, 1315.30, 31.22, 32.09, 30.414, 36, 33, 71, 204, 508, 630, 636, 468, 1266, 100, 0, 0, 25, 20, 40, 125, 402, 476, 389, 251, 732, 59, 0, 0
16:03:47, 1313.30, 31.22, 32.05, 30.414, 37, 35, 77, 219, 486, 590, 607, 438, 1393, 116, 0, 0, 28, 22, 44, 138, 430, 509, 418, 273, 838, 69, 0, 0
16:03:48, 1314.00, 31.22, 32.07, 30.398, 35, 32, 71, 203, 468, 570, 583, 419, 1334, 111, 0, 0, 27, 22, 43, 135, 421, 498, 409, 265, 791, 65, 0, 0
16:03:48, 1311.20, 31.22, 32.03, 30.422, 35, 32, 70, 201, 473, 580, 590, 426, 1255, 101, 0, 0, 27, 21, 43, 133, 423, 500, 412, 266, 761, 62, 0, 0
16:03:49, 1308.80, 31.22, 32.07, 30.422, 39, 36, 78, 223, 524, 654, 649, 490, 1187, 91, 0, 0, 26, 21, 41, 129, 416, 492, 404, 261, 691, 56, 0, 0
16:03:50, 1306.30, 31.22, 32.05, 30.406, 45, 40, 89, 249, 573, 720, 708, 546, 1188, 90, 0, 0, 27, 21, 43, 135, 413, 487, 400, 259, 703, 57, 0, 0
16:03:50, 1300.50, 31.22, 32.07, 30.414, 43, 40, 87, 247, 576, 710, 721, 537, 1430, 112, 0, 0, 29, 23, 47, 146, 465, 547, 456, 299, 854, 70, 0, 0
16:03:51, 1299.00, 31.22, 32.05, 30.414, 44, 42, 93, 262, 590, 708, 738, 541, 1731, 144, 0, 0, 32, 26, 53, 163, 509, 601, 504, 335, 997, 82, 0, 0
16:03:52, 1298.60, 31.22, 32.05, 30.414, 47, 46, 102, 285, 641, 777, 808, 601, 1787, 145, 0, 0, 30, 24, 49, 153, 470, 553, 461, 303, 860, 70, 0, 0
16:03:52, 1299.00, 31.22, 32.09, 30.414, 46, 43, 96, 270, 619, 768, 772, 588, 1462, 113, 0, 0, 28, 23, 46, 143, 434, 511, 423, 277, 754, 61, 0, 0
16:03:53, 1296.40, 31.22, 32.07, 30.437, 56, 52, 117, 322, 709, 884, 890, 700, 1562, 118, 0, 0, 28, 23, 46, 143, 438, 516, 426, 279, 758, 61, 0, 0
16:03:54, 1293.20, 31.22, 32.05, 30.430, 58, 53, 120, 331, 724, 895, 906, 704, 1667, 127, 0, 0, 29, 24, 48, 150, 469, 550, 458, 302, 830, 67, 0, 0
16:03:54, 1293.30, 31.23, 32.07, 30.430, 55, 53, 119, 330, 780, 948, 1002, 762, 2126, 169, 0, 0, 29, 24, 49, 151, 458, 538, 447, 296, 859, 69, 0, 0
16:03:55, 1291.40, 31.23, 32.03, 30.437, 60, 59, 135, 369, 830, 1001, 1053, 813, 2337, 188, 0, 0, 29, 24, 49, 151, 468, 551, 458, 303, 883, 72, 0, 0
16:03:55, 1287.00, 31.23, 32.05, 30.445, 59, 58, 132, 365, 804, 973, 1027, 781, 2191, 174, 0, 0, 31, 25, 52, 161, 500, 586, 491, 327, 925, 75, 0, 0
16:03:56, 1283.10, 31.23, 32.07, 30.445, 59, 58, 130, 359, 800, 971, 1019, 780, 2171, 172, 0, 0, 34, 28, 58, 178, 538, 631, 531, 354, 990, 80, 0, 0
16:03:57, 1280.70, 31.24, 32.09, 30.445, 61, 60, 137, 374, 799, 969, 1013, 777, 2085, 163, 0, 0, 35, 28, 59, 181, 538, 629, 530, 355, 987, 80, 0, 0
16:03:57, 1277.50, 31.24, 32.07, 30.461, 65, 64, 147, 400, 847, 1025, 1084, 831, 2298, 181, 0, 0, 36, 30, 62, 188, 554, 649, 547, 368, 1041, 84, 0, 0
16:03:58, 1274.10, 31.24, 32.07, 30.461, 65, 65, 149, 405, 872, 1050, 1110, 856, 2399, 190, 0, 0, 37, 31, 65, 197, 592, 691, 585, 393, 1098, 89, 0, 0
16:03:59, 1273.40, 31.25, 32.07, 30.484, 68, 68, 158, 427, 922, 1105, 1179, 909, 2551, 203, 0, 0, 38, 31, 66, 199, 589, 688, 584, 395, 1109, 90, 0, 0
16:03:59, 1270.10, 31.25, 32.07, 30.508, 73, 74, 170, 454, 993, 1195, 1271, 1001, 2774, 219, 0, 0, 37, 31, 65, 198, 600, 700, 593, 400, 1118, 91, 0, 0
16:04:00, 1267.70, 31.25, 32.05, 30.508, 72, 73, 169, 454, 988, 1186, 1263, 984, 2666, 209, 0, 0, 39, 32, 68, 206, 622, 725, 617, 418, 1160, 94, 0, 0
16:04:01, 1263.70, 31.26, 32.09, 30.508, 74, 76, 174, 464, 983, 1181, 1275, 993, 2813, 225, 0, 0, 43, 36, 76, 228, 680, 790, 676, 459, 1278, 104, 0, 0
16:04:01, 1264.30, 31.26, 32.09, 30.523, 70, 71, 168, 445, 996, 1174, 1275, 978, 2932, 239, 0, 0, 42, 35, 75, 225, 648, 756, 645, 440, 1249, 101, 0, 0
16:04:02, 1264.00, 31.26, 32.05, 30.523, 75, 78, 182, 480, 1021, 1222, 1314, 1030, 2918, 233, 0, 0, 41, 35, 74, 223, 633, 737, 627, 427, 1189, 96, 0, 0
16:04:03, 1260.90, 31.27, 32.05, 30.531, 89, 92, 215, 565, 1091, 1313, 1406, 1112, 2950, 228, 0, 0, 41, 35, 74, 222, 643, 749, 637, 433, 1188, 96, 0, 0
16:04:03, 1258.50, 31.27, 32.05, 30.547, 85, 86, 199, 522, 1142, 1391, 1468, 1198, 2905, 220, 0, 0, 41, 34, 73, 219, 651, 758, 645, 439, 1168, 94, 0, 0
16:04:04, 1255.40, 31.27, 32.07, 30.547, 90, 90, 209, 543, 1097, 1345, 1400, 1143, 2581, 194, 0, 0, 44, 38, 81, 241, 694, 806, 689, 470, 1235, 100, 0, 0
16:04:05, 1254.10, 31.27, 32.11, 30.531, 81, 81, 190, 499, 1054, 1274, 1351, 1066, 2734, 210, 0, 0, 45, 38, 83, 246, 699, 811, 695, 477, 1306, 105, 0, 0
16:04:05, 1252.00, 31.28, 32.07, 30.547, 83, 88, 204, 532, 1134, 1345, 1473, 1161, 3333, 267, 0, 0, 47, 40, 87, 257, 726, 842, 724, 499, 1389, 112, 0, 0
16:04:06, 1254.70, 31.28, 32.07, 30.547, 76, 79, 187, 488, 1135, 1343, 1466, 1145, 3327, 267, 0, 0, 45, 38, 83, 246, 661, 769, 655, 450, 1275, 102, 0, 0
16:04:07, 1255.50, 31.28, 32.05, 30.539, 101, 110, 259, 661, 1251, 1497, 1627, 1321, 3489, 273, 0, 0, 44, 37, 80, 239, 697, 809, 693, 474, 1243, 101, 0, 0
16:04:07, 1255.00, 31.28, 32.07, 30.539, 93, 90, 213, 540, 1186, 1452, 1478, 1263, 2394, 176, 0, 0, 44, 37, 80, 239, 696, 812, 689, 473, 1196, 97, 0, 0
16:04:08, 1249.60, 31.28, 32.09, 30.531, 95, 89, 214, 534, 1037, 1258, 1264, 1067, 1803, 133, 0, 0, 49, 41, 89, 265, 752, 875, 747, 515, 1271, 103, 0, 0
16:04:09, 1248.70, 31.28, 32.09, 30.539, 72, 66, 159, 403, 843, 1035, 1022, 842, 1677, 127, 0, 0, 52, 45, 97, 284, 756, 874, 751, 518, 1311, 106, 0, 0
16:04:09, 1248.90, 31.29, 32.11, 30.539, 84, 81, 194, 497, 1069, 1313, 1353, 1106, 2476, 186, 0, 0, 47, 40, 88, 260, 742, 859, 739, 508, 1322, 107, 0, 0
16:04:10, 1249.50, 31.29, 32.07, 30.531, 90, 92, 216, 560, 1117, 1346, 1436, 1146, 2926, 225, 0, 0, 49, 42, 90, 266, 740, 855, 736, 506, 1369, 110, 0, 0
16:04:11, 1251.50, 31.29, 32.03, 30.539, 88, 94, 221, 572, 1196, 1420, 1555, 1229, 3501, 279, 0, 0, 45, 39, 84, 250, 696, 806, 690, 476, 1326, 107, 0, 0
16:04:11, 1250.60, 31.28, 32.03, 30.539, 107, 117, 277, 706, 1420, 1692, 1839, 1514, 4013, 314, 0, 0, 44, 37, 81, 240, 680, 787, 673, 463, 1276, 103, 0, 0
16:04:12, 1247.20, 31.29, 32.09, 30.531, 108, 113, 262, 672, 1244, 1522, 1611, 1327, 3129, 234, 0, 0, 47, 40, 87, 256, 713, 825, 706, 486, 1287, 103, 0, 0
16:04:13, 1246.00, 31.29, 32.09, 30.539, 120, 133, 315, 783, 1543, 1843, 1991, 1700, 4135, 315, 0, 0, 46, 39, 86, 253, 729, 843, 724, 500, 1322, 107, 0, 0
16:04:13, 1244.60, 31.29, 32.05, 30.539, 112, 116, 269, 688, 1344, 1653, 1741, 1461, 3281, 242, 0, 0, 48, 41, 90, 264, 740, 855, 733, 505, 1305, 105, 0, 0
16:04:14, 1242.30, 31.29, 32.11, 30.531, 102, 100, 239, 599, 1171, 1440, 1459, 1243, 2379, 175, 0, 0, 51, 44, 95, 280, 769, 888, 762, 529, 1335, 107, 0, 0
16:04:15, 1244.20, 31.29, 32.07, 30.531, 97, 98, 233, 588, 1111, 1345, 1400, 1140, 2678, 203, 0, 0, 50, 43, 95, 278, 743, 857, 737, 512, 1399, 113, 0, 0
16:04:15, 1248.10, 31.29, 32.05, 30.531, 114, 125, 293, 742, 1448, 1730, 1870, 1558, 3939, 302, 0, 0, 45, 38, 84, 248, 682, 789, 673, 464, 1273, 102, 0, 0
16:04:16, 1247.10, 31.29, 32.05, 30.523, 104, 106, 248, 634, 1268, 1561, 1619, 1375, 2910, 214, 0, 0, 45, 38, 83, 247, 687, 796, 676, 466, 1232, 99, 0, 0
16:04:17, 1245.60, 31.29, 32.02, 30.523, 109, 106, 255, 629, 1283, 1566, 1591, 1383, 2367, 172, 0, 0, 48, 41, 89, 264, 724, 840, 714, 494, 1274, 103, 0, 0
16:04:17, 1246.30, 31.29, 32.07, 30.523, 106, 104, 249, 624, 1240, 1513, 1559, 1313, 2755, 204, 0, 0, 47, 40, 88, 260, 710, 819, 701, 485, 1316, 106, 0, 0
16:04:18, 1248.50, 31.29, 32.09, 30.516, 114, 125, 293, 742, 1453, 1745, 1907, 1579, 4006, 308, 0, 0, 46, 39, 86, 254, 719, 830, 710, 488, 1312, 106, 0, 0
16:04:19, 1247.90, 31.29, 32.07, 30.523, 120, 130, 313, 782, 1421, 1710, 1811, 1529, 3519, 262, 0, 0, 46, 39, 86, 252, 719, 832, 710, 488, 1268, 102, 0, 0
16:04:19, 1245.00, 31.29, 32.07, 30.523, 99, 94, 223, 560, 1079, 1331, 1327, 1128, 2126, 157, 0, 0, 51, 43, 95, 278, 788, 911, 779, 537, 1329, 107, 0, 0
16:04:20, 1246.80, 31.29, 32.05, 30.523, 94, 90, 216, 544, 1126, 1382, 1403, 1172, 2417, 179, 0, 0, 49, 42, 91, 269, 757, 873, 750, 517, 1339, 108, 0, 0
16:04:21, 1249.50, 31.29, 32.07, 30.523, 97, 102, 238, 611, 1328, 1586, 1734, 1404, 3780, 295, 0, 0, 44, 37, 82, 242, 683, 789, 671, 461, 1278, 103, 0, 0
16:04:21, 1249.90, 31.29, 32.07, 30.523, 81, 83, 197, 511, 1104, 1330, 1396, 1117, 2800, 214, 0, 0, 46, 39, 86, 253, 699, 807, 689, 474, 1274, 102, 0, 0
16:04:22, 1250.80, 31.29, 32.07, 30.516, 96, 93, 220, 563, 1223, 1510, 1569, 1321, 2809, 207, 0, 0, 43, 37, 81, 240, 671, 777, 658, 451, 1201, 97, 0, 0
16:04:23, 1249.10, 31.29, 32.09, 30.516, 108, 108, 257, 649, 1238, 1508, 1537, 1300, 2577, 189, 0, 0, 45, 38, 84, 249, 708, 819, 696, 477, 1236, 100, 0, 0
16:04:23, 1243.50, 31.29, 32.05, 30.516, 108, 108, 251, 640, 1144, 1420, 1482, 1214, 2760, 206, 0, 0, 50, 43, 94, 275, 778, 895, 770, 531, 1413, 114, 0, 0
16:04:24, 1244.70, 31.29, 32.03, 30.516, 85, 90, 215, 551, 1185, 1401, 1524, 1191, 3363, 264, 0, 0, 52, 44, 99, 287, 810, 932, 804, 556, 1546, 125, 0, 0
16:04:25, 1243.70, 31.29, 32.07, 30.516, 94, 104, 244, 625, 1105, 1296, 1439, 1103, 3381, 275, 0, 0, 55, 48, 105, 305, 825, 950, 821, 570, 1593, 129, 0, 0
16:04:25, 1242.40, 31.29, 32.07, 30.516, 86, 92, 218, 559, 1002, 1182, 1269, 983, 2892, 232, 0, 0, 54, 47, 104, 301, 795, 914, 787, 545, 1499, 121, 0, 0
16:04:26, 1243.40, 31.29, 32.05, 30.516, 86, 91, 214, 553, 1128, 1353, 1456, 1146, 3107, 240, 0, 0, 51, 44, 98, 285, 765, 880, 757, 524, 1408, 114, 0, 0
16:04:27, 1243.30, 31.29, 32.05, 30.516, 110, 118, 276, 700, 1366, 1644, 1759, 1456, 3551, 269, 0, 0, 47, 41, 89, 262, 714, 823, 700, 483, 1323, 106, 0, 0
16:04:27, 1239.80, 31.29, 32.07, 30.516, 125, 138, 324, 811, 1552, 1867, 2021, 1706, 4091, 307, 0, 0, 48, 41, 91, 267, 770, 885, 758, 524, 1379, 111, 0, 0
16:04:28, 1235.60, 31.29, 32.05, 30.516, 121, 125, 295, 733, 1382, 1685, 1751, 1495, 3085, 225, 0, 0, 54, 47, 104, 301, 827, 949, 816, 566, 1448, 117, 0, 0
16:04:29, 1234.40, 31.29, 32.03, 30.516, 109, 108, 256, 641, 1329, 1631, 1702, 1420, 3192, 238, 0, 0, 53, 46, 103, 299, 825, 945, 813, 564, 1492, 120, 0, 0
16:04:29, 1236.00, 31.29, 32.11, 30.500, 101, 110, 261, 658, 1374, 1625, 1782, 1428, 3898, 304, 0, 0, 52, 45, 101, 292, 769, 883, 757, 528, 1465, 117, 0, 0
16:04:30, 1234.80, 31.29, 32.07, 30.508, 116, 128, 301, 758, 1247, 1489, 1607, 1282, 3456, 269, 0, 0, 54, 47, 104, 303, 784, 898, 768, 531, 1443, 116, 0, 0
16:04:31, 1234.90, 31.29, 32.09, 30.508, 111, 119, 280, 704, 1487, 1793, 1932, 1620, 3871, 289, 0, 0, 51, 44, 99, 289, 792, 908, 778, 542, 1432, 115, 0, 0
16:04:31, 1232.90, 31.29, 32.07, 30.492, 142, 157, 374, 918, 1766, 2115, 2278, 1966, 4458, 328, 0, 0, 49, 42, 94, 276, 788, 904, 772, 535, 1400, 113, 0, 0
16:04:32, 1228.20, 31.29, 32.05, 30.500, 127, 129, 307, 754, 1519, 1863, 1948, 1687, 3461, 251, 0, 0, 53, 47, 105, 304, 872, 997, 857, 597, 1515, 122, 0, 0
16:04:33, 1228.20, 31.29, 32.07, 30.500, 108, 112, 267, 664, 1292, 1562, 1659, 1352, 3304, 251, 0, 0, 58, 51, 116, 332, 872, 996, 860, 601, 1624, 131, 0, 0
16:04:33, 1231.80, 31.29, 32.11, 30.492, 109, 122, 290, 726, 1441, 1691, 1860, 1499, 4212, 331, 0, 0, 52, 46, 104, 299, 775, 888, 760, 531, 1504, 120, 0, 0
16:04:34, 1230.90, 31.29, 32.05, 30.500, 136, 158, 375, 913, 1540, 1841, 2023, 1670, 4339, 332, 0, 0, 53, 46, 105, 302, 814, 932, 797, 555, 1464, 118, 0, 0
16:04:35, 1227.90, 31.29, 32.05, 30.500, 138, 142, 344, 824, 1520, 1847, 1882, 1676, 2916, 211, 0, 0, 56, 49, 110, 317, 897, 1031, 880, 618, 1530, 123, 0, 0
16:04:35, 1223.90, 31.29, 32.07, 30.492, 125, 121, 297, 696, 1278, 1545, 1543, 1350, 2254, 167, 0, 0, 63, 56, 127, 361, 936, 1071, 919, 646, 1592, 128, 0, 0
16:04:36, 1222.50, 31.29, 32.05, 30.492, 113, 114, 276, 666, 1289, 1559, 1613, 1357, 2993, 224, 0, 0, 61, 54, 123, 349, 939, 1070, 927, 651, 1705, 138, 0, 0
16:04:37, 1222.20, 31.29, 32.03, 30.492, 107, 118, 281, 696, 1449, 1719, 1882, 1515, 4047, 312, 0, 0, 61, 54, 124, 351, 944, 1074, 930, 655, 1775, 143, 0, 0
16:04:37, 1225.90, 31.29, 32.05, 30.484, 126, 148, 353, 860, 1807, 2094, 2347, 1964, 5700, 461, 0, 0, 56, 49, 113, 321, 849, 968, 831, 584, 1653, 132, 0, 0
16:04:38, 1228.20, 31.29, 32.03, 30.484, 143, 169, 407, 975, 1618, 1900, 2102, 1731, 4733, 368, 0, 0, 57, 50, 113, 324, 845, 964, 826, 578, 1556, 125, 0, 0
16:04:39, 1225.80, 31.29, 32.09, 30.484, 130, 131, 320, 768, 1327, 1622, 1622, 1410, 2640, 196, 0, 0, 57, 50, 113, 324, 870, 995, 848, 594, 1522, 123, 0, 0
16:04:39, 1222.30, 31.29, 32.07, 30.484, 125, 127, 314, 728, 1337, 1576, 1609, 1401, 2237, 164, 0, 0, 65, 58, 132, 374, 976, 1118, 956, 677, 1659, 135, 0, 0
16:04:40, 1221.80, 31.29, 32.03, 30.484, 118, 115, 287, 660, 1333, 1609, 1603, 1421, 2393, 177, 0, 0, 59, 52, 118, 336, 902, 1029, 882, 619, 1579, 128, 0, 0
16:04:41, 1220.50, 31.29, 32.05, 30.484, 119, 122, 297, 709, 1446, 1748, 1822, 1545, 3385, 251, 0, 0, 59, 53, 121, 343, 939, 1067, 920, 647, 1684, 136, 0, 0
16:04:41, 1219.30, 31.29, 32.05, 30.484, 112, 122, 292, 716, 1455, 1737, 1900, 1535, 4050, 310, 0, 0, 64, 57, 131, 369, 1000, 1135, 986, 695, 1868, 151, 0, 0
16:04:42, 1222.00, 31.29, 32.07, 30.484, 112, 129, 309, 758, 1434, 1654, 1856, 1470, 4427, 358, 0, 0, 64, 57, 130, 370, 931, 1061, 916, 647, 1838, 147, 0, 0
16:04:43, 1222.40, 31.29, 32.09, 30.477, 94, 105, 253, 627, 1218, 1399, 1555, 1211, 3804, 313, 0, 0, 63, 56, 128, 362, 919, 1045, 901, 635, 1774, 142, 0, 0
16:04:43, 1222.10, 31.29, 32.07, 30.484, 95, 104, 252, 625, 1309, 1545, 1685, 1344, 3698, 288, 0, 0, 60, 54, 123, 349, 905, 1031, 887, 623, 1683, 135, 0, 0
16:04:44, 1219.70, 31.29, 32.05, 30.484, 118, 128, 306, 748, 1607, 1952, 2085, 1762, 4033, 300, 0, 0, 59, 53, 120, 343, 915, 1040, 893, 627, 1646, 132, 0, 0
16:04:45, 1217.10, 31.29, 32.07, 30.484, 124, 129, 314, 756, 1435, 1740, 1800, 1529, 3311, 247, 0, 0, 63, 57, 130, 368, 942, 1071, 924, 653, 1717, 138, 0, 0
16:04:45, 1217.20, 31.29, 32.07, 30.484, 143, 155, 368, 887, 1595, 1939, 2079, 1753, 4076, 304, 0, 0, 62, 55, 126, 358, 917, 1044, 897, 634, 1708, 137, 0, 0
16:04:46, 1216.70, 31.29, 32.07, 30.484, 146, 163, 390, 942, 1739, 2085, 2264, 1898, 4569, 339, 0, 0, 60, 54, 123, 349, 919, 1046, 898, 634, 1704, 137, 0, 0
16:04:46, 1212.70, 31.29, 32.07, 30.484, 166, 190, 453, 1065, 1781, 2145, 2275, 1989, 4306, 315, 0, 0, 67, 60, 139, 389, 1006, 1143, 991, 705, 1813, 146, 0, 0
16:04:47, 1213.10, 31.29, 32.05, 30.492, 189, 213, 499, 1183, 2242, 2676, 2935, 2610, 5887, 429, 0, 0, 62, 56, 129, 363, 966, 1097, 946, 669, 1786, 144, 0, 0
16:04:48, 1213.30, 31.29, 32.05, 30.492, 166, 198, 472, 1112, 2140, 2514, 2831, 2451, 6280, 485, 0, 0, 61, 55, 128, 360, 945, 1075, 930, 662, 1818, 145, 0, 0
16:04:48, 1208.90, 31.29, 32.03, 30.500, 136, 153, 363, 875, 1706, 2044, 2207, 1869, 4431, 329, 0, 0, 66, 59, 136, 384, 1024, 1163, 1007, 715, 1837, 148, 0, 0
16:04:49, 1208.10, 31.29, 32.07, 30.500, 149, 155, 379, 885, 1705, 2077, 2142, 1884, 3697, 271, 0, 0, 69, 62, 143, 403, 1034, 1175, 1020, 726, 1869, 150, 0, 0
16:04:50, 1209.70, 31.29, 32.11, 30.500, 157, 177, 421, 1004, 1785, 2124, 2341, 1954, 4922, 370, 0, 0, 68, 61, 142, 397, 1003, 1138, 987, 704, 1901, 152, 0, 0
16:04:50, 1207.90, 31.29, 32.09, 30.500, 158, 186, 441, 1052, 1788, 2125, 2356, 1956, 5035, 378, 0, 0, 69, 62, 144, 402, 1034, 1173, 1022, 729, 1928, 154, 0, 0
16:04:51, 1207.20, 31.29, 32.03, 30.508, 165, 191, 449, 1075, 2108, 2508, 2791, 2387, 5900, 439, 0, 0, 66, 60, 138, 387, 1006, 1143, 992, 708, 1893, 152, 0, 0
16:04:52, 1205.90, 31.30, 32.05, 30.508, 157, 185, 437, 1042, 2229, 2635, 2956, 2563, 6479, 490, 0, 0, 65, 59, 137, 382, 1026, 1164, 1014, 725, 1930, 155, 0, 0
16:04:52, 1204.70, 31.30, 32.07, 30.523, 178, 210, 496, 1160, 2325, 2765, 3068, 2751, 6387, 470, 0, 0, 67, 61, 141, 394, 1033, 1173, 1021, 731, 1915, 154, 0, 0
16:04:53, 1202.30, 31.30, 32.11, 30.539, 198, 226, 541, 1246, 2148, 2590, 2777, 2474, 5184, 372, 0, 0, 68, 62, 145, 401, 1023, 1161, 1008, 723, 1902, 153, 0, 0
16:04:54, 1201.20, 31.30, 32.03, 30.539, 185, 220, 520, 1202, 2343, 2772, 3089, 2750, 6653, 500, 0, 0, 70, 64, 149, 413, 1083, 1227, 1075, 774, 2056, 165, 0, 0
16:04:54, 1199.40, 31.31, 32.07, 30.562, 200, 252, 592, 1372, 2654, 3115, 3554, 3201, 7832, 601, 0, 0, 71, 65, 152, 421, 1140, 1290, 1134, 815, 2097, 169, 0, 0
16:04:55, 1196.30, 31.31, 32.09, 30.570, 173, 201, 479, 1108, 1942, 2326, 2526, 2175, 5112, 377, 0, 0, 77, 71, 167, 457, 1197, 1352, 1195, 864, 2185, 176, 0, 0
16:04:56, 1192.50, 31.31, 32.07, 30.570, 153, 175, 419, 976, 1694, 2012, 2172, 1829, 4408, 333, 0, 0, 84, 78, 183, 498, 1232, 1389, 1230, 891, 2295, 185, 0, 0
16:04:56, 1190.90, 31.32, 32.13, 30.570, 138, 163, 390, 908, 1801, 2104, 2377, 1944, 5396, 417, 0, 0, 86, 81, 191, 515, 1275, 1437, 1277, 932, 2472, 199, 0, 0
16:04:57, 1191.50, 31.32, 32.09, 30.570, 167, 212, 504, 1159, 2189, 2487, 2927, 2388, 7249, 581, 0, 0, 83, 78, 184, 497, 1271, 1433, 1274, 929, 2508, 202, 0, 0
16:04:58, 1189.10, 31.32, 32.09, 30.578, 159, 199, 475, 1096, 1764, 2017, 2280, 1856, 5464, 432, 0, 0, 86, 81, 192, 516, 1251, 1409, 1253, 919, 2473, 198, 0, 0
16:04:58, 1189.10, 31.32, 32.11, 30.578, 180, 231, 542, 1246, 2033, 2334, 2724, 2211, 6548, 518, 0, 0, 81, 77, 182, 489, 1156, 1302, 1145, 834, 2273, 181, 0, 0
16:04:59, 1186.20, 31.33, 32.05, 30.578, 166, 208, 496, 1122, 2016, 2357, 2665, 2228, 5961, 450, 0, 0, 82, 77, 184, 495, 1213, 1365, 1207, 884, 2327, 186, 0, 0
16:05:00, 1179.50, 31.33, 32.07, 30.555, 199, 233, 551, 1259, 2287, 2763, 3000, 2626, 5961, 436, 0, 0, 90, 85, 203, 542, 1358, 1523, 1354, 993, 2497, 201, 0, 0
16:05:00, 1178.40, 31.33, 32.05, 30.547, 201, 244, 580, 1288, 2201, 2612, 2865, 2479, 6054, 451, 0, 0, 93, 89, 215, 567, 1378, 1547, 1380, 1019, 2630, 211, 0, 0
16:05:01, 1174.10, 31.33, 32.03, 30.547, 249, 344, 810, 1746, 2890, 3353, 4038, 3391, 9590, 740, 0, 0, 104, 100, 241, 629, 1512, 1693, 1526, 1135, 2945, 236, 0, 0
16:05:02, 1169.40, 31.32, 32.09, 30.531, 164, 210, 502, 1110, 1989, 2284, 2569, 2141, 6001, 468, 0, 0, 109, 107, 258, 668, 1613, 1804, 1632, 1218, 3105, 249, 0, 0
16:05:02, 1169.10, 31.32, 32.11, 30.547, 209, 280, 650, 1423, 2557, 2966, 3489, 2928, 8166, 621, 0, 0, 106, 104, 251, 651, 1543, 1729, 1564, 1174, 3027, 242, 0, 0
16:05:03, 1164.80, 31.33, 32.07, 30.547, 218, 285, 668, 1464, 2483, 2880, 3299, 2783, 7525, 572, 0, 0, 109, 107, 259, 668, 1644, 1837, 1668, 1254, 3189, 255, 0, 0
16:05:04, 1162.80, 31.33, 32.07, 30.570, 189, 247, 578, 1249, 2067, 2390, 2696, 2266, 6158, 475, 0, 0, 116, 115, 279, 713, 1621, 1813, 1641, 1236, 3167, 254, 0, 0
16:05:04, 1161.20, 31.33, 32.11, 30.594, 258, 354, 814, 1754, 2852, 3310, 3827, 3281, 8655, 640, 0, 0, 109, 108, 262, 673, 1573, 1761, 1593, 1204, 3119, 249, 0, 0
16:05:05, 1157.70, 31.33, 32.09, 30.594, 278, 362, 829, 1787, 2851, 3360, 3804, 3327, 8254, 611, 0, 0, 119, 121, 294, 740, 1660, 1852, 1683, 1277, 3273, 261, 0, 0
16:05:06, 1157.10, 31.34, 32.07, 30.602, 295, 418, 947, 1976, 2496, 2938, 3336, 2883, 7361, 546, 0, 0, 122, 123, 299, 759, 1702, 1901, 1730, 1316, 3295, 263, 0, 0
16:05:06, 1155.30, 31.34, 32.07, 30.617, 397, 544, 1209, 2567, 2776, 3343, 3683, 3281, 7594, 561, 0, 0, 122, 123, 298, 756, 1687, 1883, 1705, 1288, 3171, 254, 0, 0
16:05:07, 1149.70, 31.35, 32.07, 30.617, 228, 273, 652, 1317, 2074, 2484, 2518, 2372, 4441, 335, 0, 0, 136, 139, 338, 846, 1946, 2171, 1983, 1519, 3505, 279, 0, 0
16:05:08, 1148.00, 31.35, 32.05, 30.617, 350, 383, 906, 1777, 2594, 3197, 3257, 3119, 5627, 423, 0, 0, 134, 137, 334, 834, 1816, 2020, 1838, 1402, 3452, 276, 0, 0
16:05:08, 1143.20, 31.36, 32.11, 30.633, 201, 272, 631, 1304, 2102, 2386, 2735, 2303, 6570, 523, 0, 0, 147, 153, 374, 919, 2097, 2324, 2151, 1659, 4288, 343, 0, 0
16:05:09, 1140.40, 31.36, 32.07, 30.633, 214, 312, 712, 1462, 2307, 2518, 3029, 2493, 8268, 680, 0, 0, 156, 165, 404, 984, 2164, 2395, 2224, 1732, 4594, 366, 0, 0
16:05:10, 1139.10, 31.36, 32.05, 30.648, 212, 311, 710, 1445, 2461, 2680, 3232, 2678, 8759, 723, 0, 0, 151, 161, 394, 956, 2100, 2323, 2151, 1667, 4292, 343, 0, 0
16:05:10, 1135.30, 31.37, 32.05, 30.664, 239, 344, 777, 1565, 2427, 2793, 3185, 2749, 7447, 577, 0, 0, 149, 158, 387, 942, 2096, 2318, 2141, 1660, 4139, 330, 0, 0
16:05:11, 1131.30, 31.37, 32.09, 30.664, 296, 415, 908, 1869, 2874, 3320, 3942, 3326, 9418, 717, 0, 0, 156, 170, 416, 997, 2154, 2375, 2205, 1725, 4392, 350, 0, 0
16:05:12, 1128.50, 31.38, 32.05, 30.664, 292, 455, 998, 1963, 3278, 3622, 4546, 3753, 12080, 952, 0, 0, 156, 172, 423, 999, 2145, 2363, 2198, 1730, 4516, 356, 0, 0
16:05:12, 1127.00, 31.38, 32.07, 30.664, 382, 626, 1297, 2728, 4699, 5148, 6429, 5729, 17930, 1507, 0, 0, 147, 161, 395, 942, 2138, 2357, 2186, 1722, 4443, 350, 0, 0
16:05:13, 1121.80, 31.38, 32.07, 30.680, 326, 494, 1062, 2122, 2913, 3307, 3954, 3379, 9812, 787, 0, 0, 181, 202, 495, 1155, 2415, 2654, 2483, 1962, 4864, 389, 0, 0
16:05:14, 1119.40, 31.39, 32.05, 30.680, 325, 478, 1031, 1986, 2997, 3539, 4019, 3571, 9141, 691, 0, 0, 166, 185, 454, 1066, 2331, 2563, 2387, 1888, 4613, 367, 0, 0
16:05:14, 1112.10, 31.39, 32.11, 30.680, 450, 599, 1263, 2467, 3653, 4581, 4990, 4710, 10586, 787, 0, 0, 193, 222, 544, 1244, 2516, 2754, 2587, 2073, 5118, 406, 0, 0
16:05:15, 1106.70, 31.39, 32.13, 30.680, 354, 567, 1184, 2253, 3406, 3693, 4784, 3895, 13531, 1116, 0, 0, 203, 239, 583, 1310, 2744, 2990, 2829, 2283, 5954, 472, 0, 0
16:05:16, 1101.50, 31.40, 32.07, 30.687, 407, 721, 1444, 2693, 3795, 3827, 5465, 4226, 18069, 1635, 0, 0, 218, 260, 635, 1410, 2804, 3054, 2900, 2359, 6169, 485, 0, 0
16:05:16, 1096.50, 31.40, 32.07, 30.687, 471, 821, 1644, 3106, 4430, 4579, 6712, 4989, 20482, 1784, 0, 0, 219, 268, 651, 1422, 2893, 3142, 2993, 2454, 6365, 504, 0, 0
16:05:17, 1089.30, 31.41, 32.09, 30.687, 472, 773, 1482, 2762, 3871, 4339, 5477, 4631, 14859, 1224, 0, 0, 234, 289, 699, 1511, 3035, 3291, 3139, 2590, 6408, 509, 0, 0
16:05:18, 1084.10, 31.41, 32.07, 30.687, 738, 1195, 2165, 4281, 5478, 6868, 9086, 6922, 23843, 1659, 0, 0, 244, 311, 745, 1580, 3129, 3382, 3236, 2690, 6629, 526, 0, 0
16:05:18, 1080.00, 31.41, 32.07, 30.687, 703, 1228, 2239, 4173, 4936, 5451, 7375, 5913, 22299, 1815, 0, 0, 258, 334, 796, 1671, 3369, 3629, 3494, 2919, 7429, 592, 0, 0
16:05:19, 1075.70, 31.42, 32.05, 30.695, 575, 990, 1790, 3209, 4803, 5256, 7319, 5701, 22840, 1948, 0, 0, 274, 363, 856, 1764, 3304, 3558, 3422, 2871, 7132, 567, 0, 0
16:05:20, 1071.20, 31.42, 32.07, 30.695, 646, 1134, 1986, 3635, 4375, 4594, 6721, 5104, 22268, 2112, 0, 0, 297, 400, 936, 1904, 3638, 3902, 3799, 3229, 8349, 662, 0, 0
16:05:20, 1071.20, 31.42, 32.05, 30.695, 1011, 2107, 3684, 6157, 9817, 10533, 13529, 13511, 36000, 5096, 1, 1, 273, 370, 866, 1751, 3342, 3588, 3478, 2963, 7652, 610, 0, 0
16:05:21, 1068.40, 31.43, 32.07, 30.703, 1270, 1632, 2870, 5285, 5861, 8834, 8645, 9204, 15577, 1254, 0, 0, 261, 348, 815, 1675, 3169, 3424, 3278, 2782, 6455, 515, 0, 0
16:05:22, 1061.40, 31.43, 32.03, 30.711, 1696, 3014, 4844, 7529, 9427, 10110, 11748, 14023, 11075, 961, 0, 0, 287, 398, 916, 1837, 3483, 3755, 3620, 3121, 7167, 575, 0, 0
16:05:22, 1051.00, 31.44, 32.09, 30.711, 1364, 1383, 2816, 3251, 4211, 4700, 4607, 5460, 6676, 738, 0, 0, 335, 473, 1071, 2100, 3869, 4151, 4021, 3480, 7879, 633, 0, 0
16:05:23, 1044.30, 31.45, 32.13, 30.750, 2537, 2350, 5002, 6106, 5865, 8607, 6514, 9029, 11085, 1214, 0, 0, 360, 524, 1164, 2221, 3890, 4151, 4033, 3521, 8169, 661, 0, 0
16:05:24, 1033.20, 31.46, 32.09, 30.805, 1981, 1868, 3223, 4687, 4350, 6475, 5707, 6261, 12815, 1498, 0, 0, 391, 588, 1278, 2366, 4198, 4442, 4359, 3867, 9388, 774, 0, 0
16:05:24, 1035.00, 31.47, 32.09, 30.805, 2508, 3853, 4575, 10991, 10081, 11497, 16462, 12270, 35932, 9473, 0, 1, 413, 632, 1351, 2440, 4095, 4318, 4258, 3772, 9952, 811, 0, 0
16:05:25, 1032.90, 31.48, 32.05, 30.898, 4251, 8641, 12299, 17163, 23188, 29240, 27502, 35026, 36000, 28867, 1, 1, 375, 572, 1235, 2238, 3876, 4095, 4023, 3571, 9147, 750, 0, 0
16:05:26, 1022.00, 31.50, 32.07, 30.953, 4844, 8152, 11130, 16067, 14482, 15952, 21105, 23428, 36000, 11673, 1, 1, 420, 655, 1356, 2393, 4010, 4220, 4155, 3748, 9612, 828, 0, 0
16:05:26, 1022.10, 31.51, 32.11, 30.953, 9171, 14769, 25343, 25358, 32233, 32473, 33990, 34981, 36000, 31636, 1, 1, 410, 646, 1328, 2316, 3865, 4058, 4003, 3631, 9300, 802, 0, 0
16:05:27, 1018.70, 31.52, 32.07, 30.961, 5334, 11047, 14209, 14608, 30216, 22211, 28078, 35901, 36000, 22457, 1, 1, 439, 687, 1404, 2457, 4190, 4408, 4344, 3935, 9954, 875, 0, 0
16:05:28, 1023.00, 31.53, 32.09, 30.961, 10939, 17497, 20205, 20522, 26153, 25612, 25905, 30235, 35816, 14976, 0, 1, 451, 706, 1459, 2554, 4285, 4502, 4459, 4037, 10808, 934, 0, 0
16:05:28, 1017.50, 31.54, 32.11, 30.969, 5210, 10029, 13995, 14673, 19654, 24625, 27362, 29656, 36000, 17457, 1, 1, 468, 730, 1497, 2607, 4360, 4574, 4541, 4093, 11092, 981, 0, 0
16:05:29, 1023.00, 31.55, 32.13, 30.953, 5685, 10418, 14346, 17005, 23067, 31139, 26141, 34737, 36000, 35272, 1, 1, 485, 761, 1566, 2689, 4421, 4631, 4631, 4168, 11819, 1001, 0, 0
16:05:30, 1013.60, 31.54, 32.09, 30.953, 3969, 8874, 10571, 15965, 17211, 16996, 22218, 23449, 36000, 30928, 1, 1, 939, 1486, 2596, 3887, 18760, 19332, 21913, 23463, 36000, 16342, 1, 1
16:05:30, 1013.90, 31.54, 32.07, 30.953, 7339, 15279, 17667, 22902, 22182, 26342, 26482, 32295, 36000, 36000, 1, 1, 2916, 4026, 6395, 7866, 11789, 12362, 14277, 15262, 36000, 16866, 1, 1
16:05:31, 1013.90, 31.54, 32.13, 30.875, 9785, 16885, 23370, 31843, 35971, 36000, 36000, 36000, 36000, 36000, 1, 1, 4149, 7099, 9749, 12617, 18851, 21302, 24582, 29143, 36000, 21321, 1, 1
16:05:32, 1013.60, 31.54, 32.13, 30.875, 12013, 18681, 27384, 33048, 36000, 36000, 36000, 36000, 36000, 36000, 1, 1, 5204, 8871, 12347, 15759, 19168, 22173, 24470, 30065, 36000, 17072, 1, 1
16:05:32, 1013.70, 31.54, 32.09, 30.672, 13162, 19519, 29072, 36000, 36000, 36000, 36000, 36000, 36000, 36000, 1, 1, 5472, 9080, 12823, 16029, 20421, 23009, 25769, 30714, 36000, 21587, 1, 1
16:05:33, 1014.20, 31.54, 32.13, 30.445, 7785, 14404, 20289, 22065, 30768, 27467, 32473, 36000, 36000, 31238, 1, 1, 5962, 9632, 14356, 17313, 21864, 24085, 27782, 31470, 36000, 32481, 1, 1
