Secchi Depth (cm) = 9999
Forel Ule Scale = 99
pH Colour Scale = 99
SensingSecchi S/N = A016
Latitude (degs N) = 34.13811
Longitude (degs E) = -77.94403
Date = 2026-08-14
Time (UTC), Pressure (mbar) MS5803, Temp (deg C) MS5803, Temp (deg C) 10KTHERM, Temp (deg C) TMP117, ED 415nm, ED 445nm, ED 480nm, ED 515nm, ED 555nm, ED 590nm, ED 630nm, ED 680nm, ED Clear, ED NIR, ED D-SAT, ED A-SAT, EU 415nm, EU 445nm, EU 480nm, EU 515nm, EU 555nm, EU 590nm, EU 630nm, EU 680nm, EU Clear, EU NIR, EU D-SAT, EU A-SAT
16:27:30, 1013.30, 31.98, 32.53, 32.641, 2285, 2915, 4356, 4656, 5234, 5551, 5799, 6542, 36000, 14945, 1, 1, 6257, 9064, 10508, 13112, 14372, 17728, 24183, 35377, 36000, 36000, 1, 1
16:27:30, 1013.30, 31.99, 32.49, 32.609, 2233, 2870, 4268, 4581, 5184, 5490, 5748, 6472, 36000, 14500, 1, 1, 6326, 9171, 10630, 13273, 14596, 18059, 24627, 36000, 36000, 36000, 1, 1
16:27:31, 1013.50, 31.99, 32.51, 32.625, 2379, 2994, 4483, 4775, 5536, 5957, 6088, 6981, 36000, 16760, 1, 1, 6670, 9723, 11306, 14111, 15581, 19431, 26109, 36000, 36000, 36000, 1, 1
16:27:32, 1013.40, 31.98, 32.49, 32.625, 2421, 3029, 4522, 4832, 5906, 6494, 6477, 7558, 36000, 18737, 1, 1, 7381, 10804, 12791, 15710, 18289, 23116, 30413, 36000, 36000, 36000, 1, 1
16:27:32, 1013.50, 31.97, 32.51, 32.609, 3287, 3692, 5758, 5991, 7220, 8281, 7670, 9709, 36000, 29070, 1, 1, 10102, 14581, 17566, 20853, 22048, 26514, 34193, 36000, 36000, 36000, 1, 1
16:27:33, 1012.10, 31.94, 32.51, 32.672, 2918, 3726, 5238, 6385, 9108, 12007, 13133, 14037, 31494, 18847, 0, 0, 15379, 24965, 32500, 35964, 36000, 36000, 36000, 36000, 36000, 36000, 1, 1
16:27:34, 1013.10, 31.98, 32.53, 32.672, 11546, 19452, 27265, 34580, 36000, 36000, 36000, 36000, 36000, 36000, 1, 1, 10168, 15117, 22710, 26037, 31456, 32759, 36000, 36000, 36000, 36000, 1, 1
16:27:34, 1013.70, 32.02, 32.53, 32.711, 7480, 14127, 17661, 23715, 26280, 32495, 30789, 36000, 36000, 36000, 1, 1, 2324, 3662, 5299, 6933, 7286, 7938, 9209, 9956, 32076, 8190, 0, 0
16:27:35, 1014.20, 32.01, 32.56, 32.688, 8978, 16097, 21126, 27202, 35519, 36000, 36000, 36000, 36000, 36000, 1, 1, 2664, 4348, 6212, 7985, 9148, 9777, 11967, 13256, 30500, 8885, 0, 0
16:27:36, 1013.50, 32.02, 32.55, 32.688, 9159, 16088, 22417, 28149, 25349, 28720, 31324, 36000, 36000, 36000, 1, 1, 2651, 4009, 5990, 7355, 8317, 8853, 10683, 11400, 36000, 12903, 1, 1
16:27:36, 1013.90, 32.01, 32.55, 32.641, 8036, 14468, 17832, 25711, 30982, 33739, 35908, 36000, 36000, 36000, 1, 1, 2465, 4090, 5951, 7740, 11374, 11820, 15733, 16320, 35917, 18375, 0, 1
16:27:37, 1013.50, 32.02, 32.56, 32.617, 8103, 15396, 19990, 24478, 31862, 33058, 36000, 36000, 36000, 36000, 1, 1, 1967, 2842, 4481, 5396, 10180, 10816, 13371, 14288, 33540, 16826, 0, 1
16:27:38, 1014.30, 32.02, 32.55, 32.617, 8677, 15651, 21101, 29257, 35268, 36000, 36000, 36000, 36000, 36000, 1, 1, 989, 1530, 2382, 3292, 3910, 4537, 5263, 5508, 13813, 1925, 0, 0
16:27:38, 1017.50, 32.03, 32.55, 32.375, 8343, 15784, 21495, 26576, 33378, 34574, 36000, 36000, 36000, 36000, 1, 1, 489, 685, 1299, 2250, 4023, 4761, 5554, 5729, 13565, 1458, 0, 0
16:27:39, 1017.80, 32.04, 32.58, 31.562, 10068, 16945, 23180, 33035, 34643, 36000, 35325, 36000, 36000, 36000, 1, 1, 440, 617, 1174, 2038, 3576, 4243, 4974, 5109, 11922, 1293, 0, 0
16:27:40, 1020.30, 32.05, 32.55, 31.562, 10800, 18237, 25883, 32968, 21188, 23986, 26391, 27868, 36000, 25923, 1, 1, 417, 577, 1113, 1974, 3433, 4096, 4802, 4923, 11142, 1169, 0, 0
16:27:40, 1019.70, 32.06, 32.51, 31.266, 7273, 15928, 20105, 26897, 26478, 26906, 28230, 31092, 36000, 26007, 1, 1, 395, 541, 1041, 1870, 3403, 4079, 4765, 4886, 10260, 1073, 0, 0
16:27:41, 1017.90, 32.06, 32.55, 31.148, 9564, 13131, 23832, 24791, 26271, 27447, 27395, 33074, 36000, 31481, 1, 1, 432, 602, 1160, 2050, 3518, 4190, 4903, 5036, 11284, 1192, 0, 0
16:27:41, 1019.90, 32.07, 32.55, 31.148, 8354, 13404, 18546, 22661, 24967, 32620, 28662, 35994, 36000, 36000, 1, 1, 447, 622, 1193, 2104, 3656, 4360, 5100, 5224, 11687, 1216, 0, 0
16:27:42, 1018.50, 32.07, 32.53, 31.094, 7547, 12842, 18759, 24211, 20563, 26064, 22344, 30068, 36000, 29002, 1, 1, 427, 593, 1141, 2015, 3450, 4124, 4831, 4936, 10939, 1146, 0, 0
16:27:43, 1019.90, 32.08, 32.58, 31.094, 7069, 11119, 18727, 18077, 23583, 26295, 23375, 35129, 36000, 35487, 1, 1, 420, 577, 1114, 1994, 3565, 4266, 4985, 5100, 10940, 1131, 0, 0
16:27:43, 1020.80, 32.08, 32.53, 31.078, 6360, 9464, 16370, 17653, 24769, 24349, 25134, 32118, 36000, 25977, 1, 1, 393, 530, 1028, 1859, 3395, 4093, 4773, 4889, 10040, 1036, 0, 0
16:27:44, 1019.80, 32.09, 32.56, 31.078, 7007, 12092, 18473, 19629, 30905, 31269, 31557, 35099, 36000, 24215, 1, 1, 402, 551, 1064, 1914, 3370, 4047, 4711, 4860, 9901, 1043, 0, 0
16:27:45, 1019.70, 32.09, 32.55, 31.078, 4846, 9843, 12646, 17865, 34329, 34573, 35177, 35902, 36000, 35158, 1, 1, 397, 541, 1046, 1885, 3389, 4060, 4737, 4868, 10183, 1073, 0, 0
16:27:45, 1018.70, 32.09, 32.55, 31.078, 7345, 13118, 18378, 22667, 24828, 26124, 27176, 29842, 36000, 27299, 1, 1, 406, 563, 1083, 1915, 3473, 4134, 4850, 4968, 11330, 1196, 0, 0
16:27:46, 1019.70, 32.09, 32.53, 31.086, 8744, 12397, 19575, 24133, 31965, 33919, 32368, 34042, 36000, 34925, 1, 1, 431, 599, 1155, 2040, 3630, 4315, 5053, 5184, 11668, 1215, 0, 0
16:27:47, 1018.00, 32.10, 32.56, 31.086, 9999, 15585, 22812, 26305, 26222, 30135, 27167, 32999, 36000, 29922, 1, 1, 419, 580, 1117, 1977, 3553, 4234, 4963, 5079, 11394, 1208, 0, 0
16:27:47, 1021.10, 32.10, 32.53, 31.070, 7435, 11146, 19034, 20035, 25610, 27184, 28435, 32391, 36000, 29332, 1, 1, 420, 575, 1115, 1991, 3605, 4307, 5048, 5164, 11674, 1212, 0, 0
16:27:48, 1018.90, 32.10, 32.55, 31.070, 6053, 9366, 15262, 17163, 27949, 28217, 29511, 33075, 36000, 29135, 1, 1, 407, 553, 1067, 1919, 3384, 4081, 4754, 4885, 10048, 1055, 0, 0
16:27:49, 1020.80, 32.10, 32.55, 31.070, 6370, 14001, 19396, 20481, 27397, 30218, 28443, 35433, 36000, 33465, 1, 1, 404, 550, 1063, 1915, 3468, 4148, 4839, 4977, 10683, 1114, 0, 0
16:27:49, 1018.60, 32.10, 32.56, 31.070, 9138, 15618, 23404, 26631, 25473, 26063, 28368, 30054, 36000, 24764, 1, 1, 399, 547, 1048, 1869, 3388, 4061, 4748, 4873, 10432, 1111, 0, 0
16:27:50, 1020.30, 32.10, 32.53, 31.078, 8233, 14630, 23318, 27304, 26636, 29844, 29877, 31696, 36000, 30226, 1, 1, 442, 613, 1188, 2107, 3702, 4413, 5173, 5297, 12169, 1255, 0, 0
16:27:51, 1018.50, 32.11, 32.55, 31.078, 7877, 13266, 17544, 20902, 26215, 32887, 27452, 35264, 36000, 35984, 1, 1, 438, 607, 1154, 2037, 3729, 4448, 5215, 5330, 12264, 1291, 0, 0
16:27:51, 1019.20, 32.11, 32.56, 31.078, 7804, 12748, 20106, 23738, 27646, 28875, 33651, 34204, 36000, 33742, 1, 1, 445, 617, 1185, 2084, 3571, 4261, 5000, 5112, 11727, 1228, 0, 0
16:27:52, 1021.00, 32.11, 32.56, 31.086, 7555, 11300, 16427, 23114, 20806, 28907, 25145, 32640, 36000, 30603, 1, 1, 422, 579, 1117, 1992, 3509, 4200, 4922, 5034, 11208, 1162, 0, 0
16:27:53, 1023.30, 32.11, 32.56, 31.086, 6372, 11720, 15643, 23159, 24830, 26213, 26976, 31952, 36000, 27529, 1, 1, 383, 522, 1011, 1804, 3128, 3766, 4414, 4514, 9819, 1014, 0, 0
16:27:53, 1024.00, 32.11, 32.53, 31.078, 7538, 14632, 20130, 24427, 24941, 25040, 30240, 32317, 36000, 19661, 1, 1, 348, 464, 902, 1657, 2950, 3569, 4171, 4274, 8778, 898, 0, 0
16:27:54, 1025.50, 32.11, 32.55, 31.094, 7413, 15175, 20436, 26960, 22867, 24154, 27578, 29748, 36000, 19769, 1, 1, 353, 472, 920, 1678, 3084, 3732, 4375, 4469, 9598, 977, 0, 0
16:27:55, 1022.90, 32.11, 32.58, 31.094, 7041, 10718, 19207, 23088, 25459, 26934, 27789, 31118, 36000, 22116, 1, 1, 364, 486, 943, 1723, 3188, 3847, 4505, 4606, 9711, 998, 0, 0
16:27:55, 1021.80, 32.11, 32.56, 31.086, 6973, 12002, 17315, 22859, 24543, 28534, 26596, 33102, 36000, 29893, 1, 1, 403, 544, 1059, 1907, 3422, 4121, 4838, 4927, 10969, 1113, 0, 0
16:27:56, 1020.10, 32.11, 32.55, 31.086, 9308, 15920, 20730, 23588, 18155, 22642, 20506, 27957, 36000, 24199, 1, 1, 420, 584, 1124, 1983, 3441, 4109, 4821, 4926, 10987, 1150, 0, 0
16:27:57, 1020.50, 32.11, 32.51, 31.102, 8431, 13953, 21882, 22943, 21187, 24239, 22704, 30358, 36000, 27990, 1, 1, 392, 531, 1031, 1871, 3384, 4067, 4763, 4862, 10280, 1057, 0, 0
16:27:57, 1020.30, 32.11, 32.55, 31.102, 7602, 15552, 20310, 28447, 21771, 23061, 26314, 29546, 36000, 19928, 1, 1, 373, 506, 979, 1775, 3174, 3831, 4473, 4589, 9215, 953, 0, 0
16:27:58, 1019.30, 32.11, 32.55, 31.102, 8453, 14814, 20640, 29357, 29555, 32825, 36000, 35999, 36000, 31893, 1, 1, 392, 540, 1042, 1863, 3226, 3863, 4521, 4640, 9811, 1024, 0, 0
16:27:59, 1018.60, 32.11, 32.56, 31.102, 7203, 13490, 17890, 22906, 29962, 31076, 35956, 36000, 36000, 32336, 1, 1, 392, 542, 1040, 1849, 3415, 4072, 4784, 4888, 10725, 1130, 0, 0
16:27:59, 1018.70, 32.11, 32.53, 31.117, 9840, 15978, 22050, 29130, 26146, 27152, 29723, 33649, 36000, 28022, 1, 1, 429, 595, 1148, 2033, 3715, 4414, 5191, 5303, 12250, 1290, 0, 0
16:28:00, 1020.20, 32.12, 32.56, 31.117, 9015, 20239, 23858, 28800, 20290, 24754, 22247, 33957, 36000, 35438, 1, 1, 473, 660, 1269, 2232, 3909, 4652, 5455, 5589, 12991, 1345, 0, 0
16:28:01, 1020.10, 32.12, 32.55, 31.117, 7309, 11557, 18842, 22730, 30206, 30954, 33315, 33811, 36000, 31082, 1, 1, 435, 601, 1160, 2050, 3663, 4364, 5134, 5248, 12143, 1263, 0, 0
16:28:01, 1021.20, 32.12, 32.58, 31.117, 8720, 13818, 20436, 28441, 28934, 34144, 32524, 35690, 36000, 34857, 1, 1, 425, 588, 1136, 2014, 3502, 4183, 4925, 5026, 11401, 1176, 0, 0
16:28:02, 1021.80, 32.12, 32.56, 31.117, 7152, 13910, 19052, 23688, 31250, 31325, 34713, 34682, 36000, 28306, 1, 1, 392, 534, 1039, 1869, 3329, 3994, 4705, 4793, 10702, 1094, 0, 0
16:28:03, 1021.30, 32.12, 32.58, 31.094, 5977, 13750, 16900, 22364, 32558, 31293, 32803, 35515, 36000, 31404, 1, 1, 393, 534, 1033, 1861, 3411, 4096, 4797, 4914, 10414, 1084, 0, 0
16:28:03, 1022.20, 32.12, 32.53, 31.109, 7783, 10550, 18702, 21267, 23767, 28679, 27055, 32549, 36000, 29578, 1, 1, 387, 519, 1013, 1837, 3261, 3940, 4609, 4722, 9716, 988, 0, 0
16:28:04, 1021.20, 32.11, 32.55, 31.109, 7861, 13376, 21218, 22574, 24368, 27341, 30800, 32697, 36000, 22332, 1, 1, 384, 522, 1008, 1821, 3373, 4065, 4748, 4876, 9784, 1014, 0, 0
16:28:05, 1020.00, 32.11, 32.56, 31.094, 7265, 11673, 19364, 22155, 23548, 26355, 30873, 33335, 36000, 20561, 1, 1, 382, 511, 995, 1818, 3312, 3997, 4676, 4789, 9650, 990, 0, 0
16:28:05, 1021.70, 32.11, 32.56, 31.109, 13206, 20137, 24738, 25217, 21204, 23844, 22630, 32317, 36000, 32827, 1, 1, 431, 596, 1157, 2057, 3631, 4339, 5111, 5221, 11905, 1215, 0, 0
16:28:06, 1020.90, 32.11, 32.56, 31.109, 6494, 10324, 18447, 17619, 22992, 25820, 23930, 30907, 36000, 28762, 1, 1, 406, 557, 1080, 1933, 3477, 4162, 4895, 5000, 10892, 1123, 0, 0
16:28:07, 1021.90, 32.11, 32.53, 31.109, 10954, 20012, 25853, 28255, 29629, 31253, 31330, 33332, 36000, 29748, 1, 1, 398, 544, 1062, 1914, 3409, 4092, 4811, 4925, 10634, 1081, 0, 0
16:28:07, 1021.20, 32.11, 32.56, 31.117, 6526, 11752, 18860, 20865, 22426, 23600, 23645, 26940, 36000, 20100, 1, 1, 388, 527, 1020, 1841, 3311, 3980, 4664, 4787, 9766, 1010, 0, 0
16:28:08, 1021.60, 32.11, 32.60, 31.117, 7761, 13790, 22694, 26103, 27233, 28490, 31884, 32778, 36000, 22360, 1, 1, 362, 484, 946, 1740, 3106, 3758, 4403, 4509, 9005, 916, 0, 0
16:28:09, 1020.80, 32.11, 32.58, 31.109, 7905, 16335, 21532, 30556, 26813, 27367, 35231, 35385, 36000, 23643, 1, 1, 385, 527, 1024, 1844, 3344, 4009, 4709, 4817, 10256, 1055, 0, 0
16:28:09, 1022.90, 32.11, 32.56, 31.117, 9998, 14455, 21073, 24737, 23644, 28447, 26290, 32863, 36000, 25454, 1, 1, 413, 562, 1100, 1975, 3526, 4232, 4983, 5080, 11438, 1150, 0, 0
16:28:10, 1021.90, 32.11, 32.56, 31.117, 7061, 12609, 17343, 21018, 17887, 22389, 21182, 28851, 36000, 25856, 1, 1, 421, 576, 1121, 2002, 3572, 4280, 5041, 5140, 11378, 1163, 0, 0
16:28:11, 1023.10, 32.11, 32.56, 31.086, 5492, 9558, 15501, 16586, 27939, 28878, 29741, 33935, 36000, 28525, 1, 1, 396, 533, 1044, 1902, 3435, 4143, 4876, 4967, 10669, 1069, 0, 0
16:28:11, 1022.00, 32.11, 32.60, 31.086, 4836, 10094, 15369, 16568, 24992, 25449, 25582, 32626, 36000, 23024, 1, 1, 395, 529, 1029, 1874, 3444, 4160, 4869, 4997, 10062, 1038, 0, 0
16:28:12, 1024.60, 32.11, 32.58, 31.078, 4348, 10805, 13322, 15556, 23279, 19889, 25920, 32896, 36000, 15071, 1, 1, 382, 504, 985, 1828, 3320, 4044, 4722, 4849, 9410, 950, 0, 0
16:28:12, 1021.10, 32.11, 32.60, 31.070, 6426, 12829, 19555, 24731, 26349, 23672, 30497, 33448, 36000, 9206, 1, 1, 381, 508, 987, 1815, 3323, 4031, 4709, 4837, 9348, 960, 0, 0
16:28:13, 1022.00, 32.10, 32.58, 31.070, 6872, 13341, 19497, 24545, 31606, 31846, 33345, 34931, 36000, 29408, 1, 1, 409, 552, 1079, 1963, 3560, 4287, 5032, 5146, 10802, 1100, 0, 0
16:28:14, 1020.50, 32.10, 32.56, 31.062, 7898, 12446, 17074, 18101, 17259, 20279, 20876, 26082, 36000, 25317, 1, 1, 438, 598, 1162, 2076, 3811, 4558, 5363, 5479, 12127, 1248, 0, 0
16:28:14, 1023.40, 32.10, 32.56, 31.055, 5878, 10162, 14344, 18430, 27835, 29250, 29305, 32917, 36000, 29089, 1, 1, 414, 561, 1097, 1978, 3493, 4201, 4952, 5042, 11167, 1126, 0, 0
16:28:15, 1020.50, 32.10, 32.58, 31.055, 5662, 10815, 16336, 17983, 18261, 18272, 21719, 31830, 36000, 23604, 1, 1, 416, 562, 1089, 1969, 3586, 4319, 5066, 5183, 10697, 1102, 0, 0
16:28:16, 1023.10, 32.10, 32.62, 31.062, 4784, 9823, 12743, 15599, 29123, 23126, 30518, 35317, 36000, 19873, 1, 1, 394, 528, 1035, 1898, 3281, 3974, 4651, 4773, 9333, 938, 0, 0
16:28:16, 1028.60, 32.10, 32.58, 31.078, 5248, 10527, 15761, 21238, 28188, 29813, 34184, 35179, 36000, 15100, 1, 1, 339, 447, 877, 1623, 2965, 3590, 4230, 4335, 9070, 921, 0, 0
16:28:17, 1036.80, 32.10, 32.62, 31.078, 1705, 2741, 4788, 5910, 4446, 4016, 5661, 5414, 33474, 11409, 0, 1, 379, 498, 990, 1831, 2843, 3501, 4153, 4223, 8888, 852, 0, 0
16:28:18, 1044.30, 32.10, 32.56, 31.070, 1884, 3510, 6155, 7917, 11943, 12915, 15697, 21454, 36000, 8624, 1, 1, 296, 354, 708, 1395, 2752, 3439, 4101, 4137, 8724, 813, 0, 0
16:28:18, 1052.20, 32.09, 32.60, 31.016, 2582, 4414, 7848, 12699, 13894, 15772, 20251, 21659, 36000, 7432, 1, 1, 245, 279, 558, 1137, 2255, 2872, 3442, 3451, 7119, 648, 0, 0
16:28:19, 1058.50, 32.09, 32.58, 31.016, 1768, 2931, 5686, 9068, 13882, 17065, 20483, 24018, 36000, 7210, 1, 1, 217, 236, 466, 979, 2059, 2668, 3219, 3222, 6300, 563, 0, 0
16:28:20, 1062.40, 32.08, 32.58, 30.945, 1269, 1955, 3890, 6357, 9271, 11451, 13192, 17517, 36000, 4742, 1, 1, 206, 217, 423, 906, 1992, 2603, 3143, 3133, 5834, 522, 0, 0
16:28:20, 1065.60, 32.07, 32.56, 30.898, 1190, 1854, 3624, 6280, 8459, 10569, 12308, 15138, 36000, 4133, 1, 1, 194, 201, 388, 842, 1837, 2424, 2931, 2916, 5595, 495, 0, 0
16:28:21, 1067.40, 32.06, 32.60, 30.898, 1202, 1867, 3642, 6301, 10339, 12830, 15230, 18778, 36000, 4796, 1, 1, 183, 188, 360, 785, 1738, 2311, 2795, 2775, 5021, 448, 0, 0
16:28:22, 1073.30, 32.05, 32.58, 30.859, 748, 1128, 2245, 3949, 7590, 9211, 11601, 13243, 27355, 2513, 0, 0, 168, 168, 316, 702, 1631, 2191, 2665, 2649, 4804, 427, 0, 0
16:28:22, 1077.00, 32.04, 32.56, 30.859, 763, 1106, 2218, 4009, 5907, 7386, 8856, 10503, 26313, 2605, 0, 0, 158, 156, 290, 647, 1517, 2054, 2507, 2487, 4497, 398, 0, 0
16:28:23, 1080.60, 32.03, 32.60, 30.859, 694, 959, 1875, 3495, 5209, 6327, 8066, 9474, 16469, 1425, 0, 0, 149, 144, 260, 591, 1417, 1942, 2375, 2344, 4047, 358, 0, 0
16:28:24, 1084.70, 32.03, 32.62, 30.836, 754, 1026, 2058, 3945, 5737, 7185, 9016, 10389, 25579, 2369, 0, 0, 145, 141, 256, 576, 1365, 1872, 2297, 2275, 4265, 375, 0, 0
16:28:24, 1087.00, 32.02, 32.60, 30.836, 531, 726, 1451, 2773, 4866, 6219, 7610, 9098, 21833, 2020, 0, 0, 134, 128, 227, 519, 1285, 1780, 2195, 2168, 3862, 339, 0, 0
16:28:25, 1090.70, 32.01, 32.60, 30.812, 523, 682, 1378, 2685, 4793, 6073, 7644, 8740, 18276, 1599, 0, 0, 123, 117, 205, 470, 1188, 1655, 2039, 2007, 3523, 310, 0, 0
16:28:26, 1093.10, 32.00, 32.58, 30.828, 553, 697, 1406, 2793, 5086, 6494, 8417, 9901, 17612, 1515, 0, 0, 122, 115, 197, 456, 1152, 1621, 1999, 1965, 3288, 290, 0, 0
16:28:26, 1096.00, 31.99, 32.58, 30.828, 432, 539, 1085, 2180, 4262, 5434, 7060, 7882, 14027, 1169, 0, 0, 113, 105, 179, 416, 1071, 1513, 1871, 1841, 3150, 278, 0, 0
16:28:27, 1098.80, 31.99, 32.60, 30.828, 427, 526, 1035, 2104, 3762, 4819, 6234, 7129, 12312, 1045, 0, 0, 110, 102, 172, 400, 1033, 1464, 1815, 1785, 3076, 270, 0, 0
16:28:28, 1099.60, 31.99, 32.62, 30.828, 457, 562, 1124, 2305, 4042, 5262, 6735, 7594, 15745, 1331, 0, 0, 106, 98, 166, 387, 1015, 1438, 1785, 1754, 3094, 271, 0, 0
16:28:28, 1101.50, 31.98, 32.66, 30.828, 421, 511, 1021, 2114, 3989, 5208, 6687, 7614, 16068, 1357, 0, 0, 106, 98, 165, 383, 998, 1418, 1765, 1734, 3075, 269, 0, 0
16:28:29, 1104.10, 31.98, 32.60, 30.805, 373, 445, 888, 1849, 3586, 4711, 6059, 6902, 14878, 1266, 0, 0, 100, 91, 152, 355, 935, 1336, 1664, 1630, 2839, 248, 0, 0
16:28:30, 1109.10, 31.97, 32.62, 30.750, 365, 429, 839, 1761, 3362, 4480, 5772, 6610, 13607, 1144, 0, 0, 93, 84, 138, 322, 861, 1242, 1552, 1520, 2616, 229, 0, 0
16:28:30, 1113.60, 31.96, 32.62, 30.750, 358, 413, 797, 1699, 3205, 4314, 5615, 6405, 12888, 1064, 0, 0, 84, 76, 123, 286, 779, 1136, 1423, 1389, 2347, 207, 0, 0
16:28:31, 1119.30, 31.95, 32.60, 30.727, 268, 294, 547, 1201, 2740, 3714, 4987, 5642, 8943, 727, 0, 0, 78, 71, 111, 258, 715, 1054, 1327, 1296, 2148, 190, 0, 0
16:28:32, 1122.10, 31.94, 32.60, 30.719, 228, 252, 473, 1042, 2152, 2909, 3807, 4248, 7314, 600, 0, 0, 72, 65, 100, 233, 682, 1011, 1279, 1248, 2005, 177, 0, 0
16:28:32, 1126.50, 31.93, 32.58, 30.719, 227, 243, 447, 1003, 2019, 2749, 3611, 4012, 7361, 614, 0, 0, 68, 61, 94, 218, 633, 942, 1191, 1163, 2018, 179, 0, 0
16:28:33, 1130.20, 31.93, 32.60, 30.687, 215, 230, 427, 959, 2116, 2930, 3884, 4370, 8524, 713, 0, 0, 67, 59, 90, 209, 598, 896, 1140, 1115, 1930, 171, 0, 0
16:28:34, 1130.60, 31.92, 32.58, 30.609, 186, 198, 358, 810, 1571, 2172, 2878, 3203, 5697, 479, 0, 0, 66, 58, 88, 204, 601, 900, 1149, 1117, 1785, 158, 0, 0
16:28:34, 1133.30, 31.90, 32.60, 30.609, 178, 185, 326, 746, 1507, 2107, 2808, 3106, 5238, 434, 0, 0, 61, 54, 80, 185, 561, 847, 1081, 1048, 1598, 142, 0, 0
16:28:35, 1137.40, 31.89, 32.60, 30.531, 139, 136, 233, 533, 1212, 1724, 2281, 2552, 3490, 281, 0, 0, 57, 51, 74, 171, 524, 799, 1019, 987, 1461, 130, 0, 0
16:28:36, 1139.80, 31.87, 32.62, 30.516, 143, 141, 241, 549, 1222, 1733, 2315, 2571, 3564, 286, 0, 0, 53, 47, 68, 156, 486, 745, 951, 919, 1365, 121, 0, 0
16:28:36, 1146.70, 31.86, 32.62, 30.516, 156, 159, 276, 635, 1204, 1701, 2229, 2498, 5297, 479, 0, 0, 59, 52, 75, 170, 509, 785, 1009, 990, 1769, 162, 0, 0
16:28:37, 1148.70, 31.85, 32.60, 30.484, 131, 128, 222, 507, 1225, 1753, 2353, 2597, 4888, 414, 0, 0, 44, 38, 54, 124, 425, 656, 848, 815, 1316, 117, 0, 0
16:28:38, 1151.20, 31.83, 32.58, 30.445, 81, 78, 126, 301, 673, 982, 1333, 1392, 2573, 223, 0, 0, 49, 43, 61, 139, 428, 663, 860, 825, 1271, 113, 0, 0
16:28:38, 1161.70, 31.83, 32.60, 30.445, 79, 74, 116, 273, 783, 1157, 1565, 1712, 2581, 210, 0, 0, 34, 30, 41, 92, 295, 468, 605, 581, 931, 82, 0, 0
16:28:39, 1160.90, 31.82, 32.60, 30.422, 84, 81, 128, 298, 639, 956, 1286, 1401, 1942, 158, 0, 0, 36, 31, 43, 95, 325, 515, 671, 642, 933, 83, 0, 0
16:28:40, 1161.30, 31.80, 32.58, 30.422, 69, 63, 99, 231, 622, 932, 1252, 1358, 1985, 163, 0, 0, 35, 31, 42, 95, 307, 486, 632, 605, 908, 80, 0, 0
16:28:40, 1163.90, 31.79, 32.58, 30.414, 72, 68, 105, 246, 663, 988, 1346, 1457, 2358, 196, 0, 0, 33, 28, 39, 87, 281, 447, 582, 559, 916, 81, 0, 0
16:28:41, 1164.10, 31.78, 32.60, 30.406, 72, 70, 109, 256, 578, 858, 1185, 1244, 2301, 201, 0, 0, 37, 32, 44, 98, 294, 465, 607, 582, 949, 84, 0, 0
16:28:42, 1167.20, 31.77, 32.60, 30.406, 69, 67, 104, 245, 583, 871, 1197, 1272, 2242, 192, 0, 0, 33, 28, 39, 86, 281, 446, 583, 557, 865, 76, 0, 0
16:28:42, 1170.20, 31.76, 32.62, 30.398, 64, 60, 93, 217, 546, 830, 1133, 1221, 1875, 155, 0, 0, 30, 26, 35, 78, 266, 426, 558, 532, 790, 70, 0, 0
16:28:43, 1170.50, 31.75, 32.62, 30.398, 63, 59, 91, 212, 511, 779, 1055, 1139, 1627, 133, 0, 0, 30, 26, 35, 76, 266, 427, 560, 534, 773, 68, 0, 0
16:28:44, 1173.20, 31.75, 32.56, 30.398, 60, 56, 84, 196, 514, 784, 1064, 1152, 1669, 136, 0, 0, 28, 24, 32, 70, 240, 386, 505, 480, 730, 65, 0, 0
16:28:44, 1174.60, 31.74, 32.58, 30.406, 59, 57, 85, 199, 536, 813, 1122, 1212, 2099, 179, 0, 0, 28, 24, 32, 70, 245, 393, 516, 492, 798, 71, 0, 0
16:28:45, 1176.30, 31.73, 32.60, 30.406, 64, 62, 96, 225, 577, 868, 1188, 1287, 2313, 198, 0, 0, 26, 22, 30, 65, 228, 367, 482, 459, 738, 65, 0, 0
16:28:46, 1177.20, 31.73, 32.62, 30.406, 55, 52, 78, 183, 477, 726, 1003, 1064, 1888, 162, 0, 0, 28, 24, 32, 70, 231, 372, 488, 465, 749, 66, 0, 0
16:28:46, 1177.80, 31.72, 32.62, 30.398, 56, 54, 81, 190, 441, 675, 930, 987, 1748, 150, 0, 0, 28, 24, 32, 70, 240, 386, 507, 482, 761, 68, 0, 0
16:28:47, 1180.10, 31.72, 32.58, 30.406, 52, 48, 72, 167, 451, 691, 953, 1017, 1734, 147, 0, 0, 25, 22, 29, 63, 226, 365, 480, 455, 709, 63, 0, 0
16:28:48, 1180.20, 31.72, 32.60, 30.406, 50, 47, 69, 162, 456, 703, 971, 1041, 1709, 144, 0, 0, 25, 21, 28, 62, 230, 371, 489, 463, 709, 63, 0, 0
16:28:48, 1182.00, 31.71, 32.60, 30.414, 48, 45, 67, 157, 414, 636, 875, 926, 1577, 134, 0, 0, 25, 21, 28, 62, 213, 346, 455, 432, 679, 60, 0, 0
16:28:49, 1183.00, 31.71, 32.60, 30.414, 51, 48, 71, 166, 437, 673, 928, 993, 1672, 141, 0, 0, 23, 20, 26, 58, 203, 329, 434, 412, 650, 57, 0, 0
16:28:49, 1184.60, 31.70, 32.58, 30.414, 53, 50, 74, 173, 474, 728, 1004, 1091, 1881, 159, 0, 0, 22, 19, 25, 54, 193, 315, 415, 394, 634, 56, 0, 0
16:28:50, 1183.60, 31.70, 32.62, 30.406, 53, 51, 76, 177, 483, 739, 1015, 1096, 1954, 167, 0, 0, 22, 19, 25, 54, 211, 342, 452, 430, 692, 61, 0, 0
16:28:51, 1187.60, 31.70, 32.60, 30.414, 46, 44, 65, 151, 413, 635, 878, 931, 1632, 140, 0, 0, 22, 19, 25, 54, 183, 300, 395, 375, 594, 52, 0, 0
16:28:51, 1193.10, 31.69, 32.60, 30.414, 50, 47, 69, 160, 432, 672, 928, 1003, 1576, 130, 0, 0, 18, 16, 20, 44, 157, 260, 343, 325, 506, 45, 0, 0
16:28:52, 1191.80, 31.69, 32.58, 30.406, 44, 41, 60, 138, 342, 538, 740, 796, 1128, 92, 0, 0, 20, 17, 22, 47, 172, 284, 376, 356, 514, 45, 0, 0
16:28:53, 1189.80, 31.69, 32.62, 30.406, 37, 33, 47, 107, 281, 447, 606, 649, 798, 65, 0, 0, 23, 20, 26, 55, 196, 323, 426, 404, 554, 49, 0, 0
16:28:53, 1193.30, 31.68, 32.62, 30.414, 38, 34, 49, 111, 318, 505, 695, 744, 1058, 87, 0, 0, 20, 17, 22, 48, 169, 279, 369, 350, 542, 48, 0, 0
16:28:54, 1194.40, 31.68, 32.64, 30.414, 41, 39, 56, 131, 363, 563, 780, 833, 1517, 131, 0, 0, 19, 16, 21, 46, 168, 277, 367, 350, 585, 52, 0, 0
16:28:55, 1195.70, 31.67, 32.60, 30.414, 43, 41, 60, 136, 371, 577, 800, 861, 1616, 141, 0, 0, 19, 16, 22, 46, 168, 277, 367, 349, 589, 52, 0, 0
16:28:55, 1194.00, 31.67, 32.58, 30.414, 36, 33, 49, 112, 312, 484, 678, 713, 1423, 128, 0, 0, 22, 19, 24, 52, 185, 303, 402, 384, 648, 58, 0, 0
16:28:56, 1197.60, 31.67, 32.60, 30.414, 38, 36, 53, 122, 335, 523, 728, 775, 1379, 119, 0, 0, 18, 16, 20, 43, 162, 267, 356, 336, 520, 46, 0, 0
16:28:57, 1200.90, 31.67, 32.60, 30.414, 33, 30, 43, 98, 258, 416, 576, 612, 886, 73, 0, 0, 18, 15, 20, 42, 152, 254, 337, 318, 457, 40, 0, 0
16:28:57, 1203.40, 31.66, 32.60, 30.414, 31, 28, 40, 90, 269, 430, 592, 632, 875, 72, 0, 0, 16, 14, 18, 37, 138, 231, 307, 290, 426, 37, 0, 0
16:28:58, 1204.30, 31.65, 32.62, 30.422, 38, 35, 51, 116, 345, 544, 760, 815, 1278, 105, 0, 0, 14, 12, 15, 32, 127, 212, 283, 267, 413, 36, 0, 0
16:28:59, 1204.10, 31.65, 32.60, 30.422, 33, 31, 45, 102, 312, 494, 691, 742, 1201, 101, 0, 0, 16, 13, 17, 36, 137, 229, 307, 290, 442, 39, 0, 0
16:28:59, 1207.30, 31.64, 32.60, 30.414, 35, 31, 45, 102, 284, 454, 634, 680, 1020, 84, 0, 0, 14, 12, 15, 33, 121, 203, 272, 257, 390, 34, 0, 0
16:29:00, 1206.90, 31.64, 32.62, 30.414, 34, 31, 44, 101, 284, 455, 636, 683, 1046, 87, 0, 0, 14, 12, 16, 33, 125, 210, 281, 265, 404, 35, 0, 0
16:29:01, 1209.70, 31.64, 32.60, 30.414, 34, 32, 45, 103, 296, 472, 660, 708, 1093, 91, 0, 0, 13, 11, 14, 30, 114, 194, 259, 245, 375, 33, 0, 0
16:29:01, 1210.00, 31.64, 32.60, 30.414, 31, 29, 41, 93, 270, 434, 610, 654, 995, 83, 0, 0, 13, 11, 14, 29, 117, 198, 266, 251, 377, 33, 0, 0
16:29:02, 1212.20, 31.63, 32.60, 30.414, 29, 26, 37, 83, 255, 411, 574, 613, 912, 76, 0, 0, 13, 11, 14, 29, 111, 188, 252, 238, 354, 31, 0, 0
16:29:03, 1214.10, 31.63, 32.62, 30.414, 33, 31, 43, 98, 286, 459, 645, 693, 1091, 91, 0, 0, 12, 10, 13, 27, 106, 180, 241, 228, 350, 30, 0, 0
16:29:03, 1216.10, 31.63, 32.60, 30.414, 30, 28, 39, 87, 253, 409, 574, 615, 959, 80, 0, 0, 12, 10, 13, 26, 103, 176, 237, 223, 337, 30, 0, 0
16:29:04, 1219.40, 31.64, 32.60, 30.414, 26, 24, 33, 74, 218, 356, 498, 533, 737, 60, 0, 0, 11, 10, 12, 25, 98, 169, 226, 213, 309, 27, 0, 0
16:29:05, 1219.60, 31.64, 32.62, 30.414, 23, 21, 29, 63, 200, 328, 461, 495, 601, 49, 0, 0, 11, 10, 12, 25, 96, 166, 222, 210, 303, 27, 0, 0
16:29:05, 1218.60, 31.63, 32.60, 30.414, 23, 21, 29, 62, 203, 333, 466, 498, 681, 56, 0, 0, 12, 10, 12, 25, 99, 170, 229, 216, 330, 29, 0, 0
16:29:06, 1221.30, 31.63, 32.62, 30.414, 27, 25, 34, 77, 237, 385, 544, 583, 945, 79, 0, 0, 11, 9, 11, 24, 92, 159, 214, 202, 320, 28, 0, 0
16:29:07, 1221.00, 31.63, 32.62, 30.414, 27, 26, 36, 80, 235, 382, 539, 578, 932, 78, 0, 0, 11, 9, 11, 23, 95, 162, 220, 207, 320, 28, 0, 0
16:29:07, 1221.90, 31.63, 32.60, 30.414, 24, 22, 30, 67, 198, 325, 458, 486, 747, 63, 0, 0, 11, 9, 12, 24, 95, 163, 220, 208, 308, 27, 0, 0
16:29:08, 1223.90, 31.63, 32.60, 30.414, 24, 22, 31, 68, 200, 329, 465, 498, 713, 59, 0, 0, 10, 9, 11, 23, 88, 152, 204, 193, 286, 25, 0, 0
16:29:09, 1224.00, 31.63, 32.60, 30.414, 25, 23, 32, 70, 212, 346, 487, 522, 745, 61, 0, 0, 10, 9, 11, 22, 87, 150, 203, 191, 289, 25, 0, 0
16:29:09, 1223.20, 31.62, 32.60, 30.414, 25, 24, 33, 73, 218, 355, 499, 533, 794, 66, 0, 0, 10, 9, 11, 22, 89, 153, 206, 194, 291, 25, 0, 0
16:29:10, 1224.80, 31.62, 32.62, 30.414, 24, 22, 31, 68, 207, 339, 477, 511, 727, 60, 0, 0, 10, 9, 11, 22, 86, 149, 201, 189, 287, 25, 0, 0
16:29:11, 1225.00, 31.62, 32.62, 30.414, 27, 25, 34, 77, 231, 375, 528, 566, 872, 72, 0, 0, 10, 8, 10, 21, 88, 151, 204, 192, 284, 25, 0, 0
16:29:11, 1223.80, 31.62, 32.62, 30.414, 24, 22, 31, 68, 211, 343, 481, 512, 747, 62, 0, 0, 10, 9, 11, 22, 92, 158, 213, 200, 288, 25, 0, 0
16:29:12, 1222.10, 31.61, 32.62, 30.414, 22, 20, 28, 61, 191, 314, 439, 468, 623, 51, 0, 0, 11, 9, 12, 24, 97, 167, 225, 211, 300, 26, 0, 0
16:29:13, 1219.80, 31.61, 32.60, 30.406, 24, 22, 31, 68, 207, 338, 473, 504, 697, 57, 0, 0, 12, 10, 12, 25, 100, 171, 230, 217, 323, 28, 0, 0
16:29:13, 1221.40, 31.61, 32.64, 30.414, 26, 24, 34, 77, 239, 383, 538, 571, 997, 86, 0, 0, 12, 10, 12, 25, 100, 170, 229, 217, 355, 31, 0, 0
16:29:14, 1220.50, 31.61, 32.58, 30.414, 27, 25, 36, 80, 235, 376, 526, 560, 1015, 88, 0, 0, 12, 10, 13, 27, 108, 183, 247, 234, 390, 34, 0, 0
16:29:15, 1220.60, 31.60, 32.60, 30.406, 26, 24, 34, 75, 226, 362, 508, 538, 1010, 89, 0, 0, 13, 11, 14, 28, 109, 185, 248, 236, 396, 35, 0, 0
16:29:15, 1221.00, 31.60, 32.60, 30.414, 27, 25, 35, 78, 232, 373, 520, 555, 1030, 90, 0, 0, 13, 11, 13, 28, 105, 179, 240, 228, 381, 34, 0, 0
16:29:16, 1220.60, 31.60, 32.60, 30.414, 28, 26, 36, 81, 245, 395, 555, 595, 1053, 90, 0, 0, 12, 10, 13, 26, 104, 176, 237, 224, 369, 33, 0, 0
16:29:17, 1221.10, 31.60, 32.62, 30.414, 28, 26, 37, 84, 254, 407, 572, 608, 1029, 87, 0, 0, 11, 10, 12, 25, 100, 170, 228, 215, 344, 30, 0, 0
16:29:17, 1220.50, 31.60, 32.60, 30.414, 28, 27, 37, 84, 238, 383, 539, 573, 926, 78, 0, 0, 12, 10, 13, 27, 105, 177, 239, 224, 338, 30, 0, 0
16:29:18, 1219.60, 31.59, 32.60, 30.414, 24, 22, 31, 69, 201, 329, 459, 488, 688, 57, 0, 0, 12, 11, 13, 28, 109, 186, 250, 235, 332, 29, 0, 0
16:29:19, 1220.30, 31.59, 32.64, 30.406, 24, 22, 31, 68, 206, 337, 469, 501, 648, 53, 0, 0, 12, 10, 12, 26, 101, 172, 231, 218, 311, 27, 0, 0
16:29:19, 1219.60, 31.59, 32.60, 30.414, 28, 26, 37, 82, 252, 407, 571, 612, 903, 74, 0, 0, 11, 10, 12, 25, 99, 169, 227, 213, 325, 28, 0, 0
16:29:20, 1218.30, 31.59, 32.64, 30.414, 30, 28, 40, 92, 273, 435, 604, 646, 1122, 96, 0, 0, 12, 10, 13, 26, 104, 177, 237, 224, 361, 32, 0, 0
16:29:20, 1216.00, 31.58, 32.62, 30.414, 31, 29, 41, 92, 270, 431, 603, 644, 1090, 92, 0, 0, 12, 10, 13, 28, 112, 189, 254, 239, 377, 33, 0, 0
16:29:21, 1215.00, 31.58, 32.64, 30.414, 27, 25, 36, 81, 237, 381, 535, 565, 948, 81, 0, 0, 14, 11, 15, 31, 117, 197, 265, 250, 384, 34, 0, 0
16:29:22, 1215.00, 31.59, 32.60, 30.406, 27, 25, 35, 80, 237, 383, 538, 570, 893, 75, 0, 0, 13, 11, 14, 30, 114, 192, 258, 243, 365, 32, 0, 0
16:29:22, 1215.90, 31.58, 32.62, 30.414, 29, 27, 38, 86, 260, 417, 584, 625, 941, 78, 0, 0, 12, 10, 13, 28, 105, 178, 238, 225, 340, 30, 0, 0
16:29:23, 1215.10, 31.58, 32.60, 30.414, 30, 28, 39, 90, 261, 420, 587, 628, 942, 78, 0, 0, 12, 10, 13, 27, 105, 178, 238, 225, 345, 30, 0, 0
16:29:24, 1215.50, 31.58, 32.62, 30.414, 33, 30, 43, 99, 285, 455, 636, 681, 1039, 86, 0, 0, 12, 10, 13, 27, 105, 178, 239, 226, 347, 30, 0, 0
16:29:24, 1216.90, 31.58, 32.60, 30.414, 32, 29, 42, 94, 275, 441, 618, 664, 991, 82, 0, 0, 12, 10, 13, 27, 104, 176, 236, 223, 336, 29, 0, 0
16:29:25, 1217.20, 31.58, 32.64, 30.414, 29, 27, 38, 86, 248, 400, 558, 599, 804, 65, 0, 0, 12, 10, 13, 27, 105, 178, 239, 225, 328, 29, 0, 0
16:29:26, 1215.70, 31.58, 32.66, 30.414, 27, 25, 35, 76, 237, 384, 540, 580, 725, 59, 0, 0, 13, 11, 13, 28, 109, 185, 248, 235, 334, 29, 0, 0
16:29:26, 1215.10, 31.57, 32.62, 30.414, 29, 27, 37, 84, 250, 403, 565, 604, 913, 76, 0, 0, 13, 11, 13, 28, 109, 185, 248, 235, 374, 33, 0, 0
16:29:27, 1214.90, 31.57, 32.62, 30.414, 30, 28, 40, 90, 257, 412, 579, 618, 1058, 90, 0, 0, 13, 11, 14, 29, 112, 189, 254, 240, 385, 34, 0, 0
16:29:28, 1215.70, 31.57, 32.62, 30.414, 31, 29, 41, 92, 271, 434, 611, 655, 1124, 96, 0, 0, 13, 11, 13, 28, 110, 186, 249, 236, 378, 33, 0, 0
16:29:28, 1216.10, 31.57, 32.64, 30.414, 27, 26, 36, 80, 227, 367, 517, 548, 919, 79, 0, 0, 13, 11, 14, 29, 111, 188, 253, 239, 366, 32, 0, 0
16:29:29, 1217.60, 31.57, 32.60, 30.414, 24, 22, 30, 67, 196, 323, 455, 482, 717, 60, 0, 0, 13, 11, 14, 29, 112, 190, 258, 242, 350, 31, 0, 0
16:29:30, 1220.70, 31.57, 32.64, 30.414, 24, 22, 30, 66, 197, 324, 455, 484, 680, 56, 0, 0, 12, 10, 12, 26, 98, 168, 227, 214, 311, 27, 0, 0
16:29:30, 1223.60, 31.57, 32.64, 30.414, 26, 24, 33, 73, 220, 360, 509, 544, 801, 66, 0, 0, 11, 9, 11, 23, 88, 152, 205, 194, 295, 26, 0, 0
16:29:31, 1223.40, 31.56, 32.62, 30.414, 26, 24, 33, 74, 221, 361, 509, 544, 830, 69, 0, 0, 10, 9, 11, 22, 88, 152, 205, 193, 294, 26, 0, 0
16:29:32, 1225.90, 31.56, 32.60, 30.406, 26, 24, 33, 74, 224, 367, 518, 555, 841, 70, 0, 0, 10, 8, 10, 21, 84, 146, 197, 186, 284, 25, 0, 0
16:29:32, 1226.60, 31.56, 32.60, 30.422, 26, 24, 34, 75, 218, 358, 505, 540, 795, 66, 0, 0, 10, 8, 10, 21, 85, 147, 199, 187, 276, 24, 0, 0
16:29:33, 1230.80, 31.56, 32.62, 30.422, 22, 20, 28, 60, 176, 294, 414, 442, 575, 47, 0, 0, 10, 8, 10, 20, 82, 143, 194, 182, 257, 22, 0, 0
16:29:34, 1233.00, 31.56, 32.66, 30.414, 19, 17, 23, 49, 153, 258, 363, 387, 452, 37, 0, 0, 10, 8, 10, 20, 78, 138, 186, 176, 248, 22, 0, 0
16:29:34, 1234.30, 31.56, 32.64, 30.414, 19, 18, 24, 51, 160, 269, 381, 404, 554, 46, 0, 0, 9, 7, 9, 18, 73, 127, 173, 163, 251, 22, 0, 0
16:29:35, 1235.70, 31.56, 32.66, 30.414, 21, 19, 26, 57, 182, 302, 429, 455, 761, 65, 0, 0, 9, 7, 9, 17, 72, 126, 171, 162, 258, 23, 0, 0
16:29:36, 1237.10, 31.55, 32.62, 30.414, 21, 20, 27, 59, 183, 304, 430, 457, 750, 64, 0, 0, 8, 7, 8, 16, 69, 121, 165, 156, 245, 21, 0, 0
16:29:36, 1235.20, 31.55, 32.62, 30.414, 20, 19, 25, 55, 165, 277, 395, 417, 664, 56, 0, 0, 9, 7, 9, 18, 75, 130, 178, 167, 255, 22, 0, 0
16:29:37, 1235.60, 31.55, 32.58, 30.414, 16, 15, 20, 42, 132, 225, 319, 333, 509, 43, 0, 0, 9, 8, 9, 19, 77, 135, 185, 173, 253, 22, 0, 0
16:29:38, 1241.70, 31.55, 32.66, 30.414, 17, 15, 20, 43, 147, 249, 354, 376, 524, 43, 0, 0, 8, 6, 8, 16, 63, 112, 153, 144, 212, 18, 0, 0
16:29:38, 1243.90, 31.55, 32.62, 30.414, 19, 16, 22, 47, 148, 251, 357, 379, 523, 43, 0, 0, 7, 6, 7, 14, 61, 109, 149, 140, 201, 17, 0, 0
16:29:39, 1243.10, 31.55, 32.64, 30.406, 16, 15, 20, 41, 131, 223, 318, 337, 434, 36, 0, 0, 7, 6, 7, 15, 64, 113, 155, 145, 202, 18, 0, 0
16:29:40, 1242.30, 31.55, 32.64, 30.414, 16, 15, 20, 41, 128, 219, 311, 329, 429, 35, 0, 0, 8, 7, 8, 16, 65, 115, 158, 148, 214, 19, 0, 0
16:29:40, 1244.90, 31.54, 32.66, 30.414, 18, 16, 22, 46, 150, 254, 362, 383, 621, 53, 0, 0, 7, 6, 7, 14, 60, 106, 146, 137, 219, 19, 0, 0
16:29:41, 1249.30, 31.54, 32.68, 30.414, 17, 16, 21, 44, 145, 246, 350, 370, 613, 53, 0, 0, 7, 6, 7, 13, 55, 98, 135, 127, 201, 18, 0, 0
16:29:42, 1247.40, 31.54, 32.64, 30.414, 17, 16, 21, 45, 143, 243, 347, 367, 577, 49, 0, 0, 6, 5, 6, 13, 54, 97, 133, 125, 192, 17, 0, 0
16:29:42, 1245.40, 31.54, 32.64, 30.414, 15, 14, 19, 39, 117, 201, 288, 302, 452, 38, 0, 0, 8, 6, 7, 15, 63, 111, 153, 143, 209, 18, 0, 0
16:29:43, 1251.60, 31.54, 32.66, 30.406, 13, 12, 16, 33, 107, 185, 264, 278, 380, 32, 0, 0, 7, 5, 6, 13, 54, 97, 133, 124, 175, 15, 0, 0
16:29:44, 1256.40, 31.54, 32.68, 30.414, 12, 11, 15, 29, 99, 172, 246, 260, 318, 26, 0, 0, 6, 5, 6, 12, 52, 95, 130, 122, 165, 14, 0, 0
16:29:44, 1260.00, 31.54, 32.68, 30.414, 12, 11, 14, 29, 98, 171, 246, 259, 316, 26, 0, 0, 5, 4, 5, 10, 43, 80, 110, 103, 147, 13, 0, 0
16:29:45, 1263.30, 31.53, 32.62, 30.414, 12, 11, 15, 29, 102, 178, 257, 270, 401, 34, 0, 0, 5, 4, 5, 9, 42, 76, 105, 99, 157, 14, 0, 0
16:29:46, 1259.60, 31.53, 32.60, 30.406, 12, 11, 15, 30, 107, 186, 265, 278, 425, 36, 0, 0, 5, 4, 5, 9, 44, 80, 111, 104, 161, 14, 0, 0
16:29:46, 1259.10, 31.53, 32.68, 30.406, 11, 10, 13, 27, 86, 152, 221, 228, 341, 29, 0, 0, 6, 5, 6, 11, 48, 87, 121, 113, 163, 14, 0, 0
16:29:47, 1262.70, 31.53, 32.64, 30.414, 9, 9, 11, 22, 77, 136, 196, 203, 291, 24, 0, 0, 6, 5, 5, 10, 45, 82, 115, 107, 152, 13, 0, 0
16:29:48, 1267.40, 31.53, 32.66, 30.414, 9, 8, 11, 22, 74, 133, 192, 199, 271, 23, 0, 0, 5, 4, 5, 9, 38, 69, 96, 89, 129, 11, 0, 0
16:29:48, 1270.90, 31.52, 32.68, 30.414, 10, 10, 13, 25, 87, 155, 224, 233, 330, 27, 0, 0, 4, 3, 4, 7, 34, 63, 88, 82, 124, 11, 0, 0
16:29:49, 1271.90, 31.52, 32.64, 30.414, 11, 10, 13, 26, 88, 156, 226, 236, 348, 29, 0, 0, 4, 3, 4, 7, 34, 63, 87, 81, 121, 10, 0, 0
16:29:50, 1274.30, 31.52, 32.66, 30.414, 10, 9, 12, 24, 82, 145, 210, 219, 305, 25, 0, 0, 4, 3, 3, 7, 33, 61, 86, 80, 113, 9, 0, 0
16:29:50, 1275.50, 31.52, 32.64, 30.406, 8, 7, 10, 19, 62, 113, 163, 169, 201, 16, 0, 0, 4, 3, 4, 8, 35, 65, 91, 84, 114, 10, 0, 0
16:29:51, 1278.40, 31.52, 32.62, 30.422, 8, 7, 9, 18, 63, 114, 166, 172, 213, 18, 0, 0, 4, 3, 3, 7, 30, 56, 78, 72, 105, 9, 0, 0
16:29:52, 1279.60, 31.52, 32.72, 30.422, 8, 8, 10, 20, 73, 130, 189, 195, 315, 27, 0, 0, 4, 3, 3, 6, 29, 55, 77, 72, 113, 9, 0, 0
16:29:52, 1279.30, 31.51, 32.64, 30.414, 8, 8, 10, 20, 71, 126, 184, 189, 315, 27, 0, 0, 4, 3, 3, 6, 30, 57, 79, 74, 117, 10, 0, 0
16:29:53, 1279.90, 31.51, 32.68, 30.414, 7, 7, 9, 17, 61, 107, 158, 162, 274, 24, 0, 0, 4, 3, 4, 7, 31, 58, 81, 76, 118, 10, 0, 0
16:29:54, 1282.70, 31.52, 32.64, 30.414, 7, 7, 9, 17, 58, 105, 154, 157, 251, 22, 0, 0, 4, 3, 3, 7, 29, 54, 76, 71, 106, 9, 0, 0
16:29:54, 1286.10, 31.52, 32.66, 30.414, 7, 7, 9, 17, 60, 109, 160, 165, 241, 20, 0, 0, 3, 2, 3, 5, 27, 50, 71, 65, 94, 8, 0, 0
16:29:55, 1287.90, 31.51, 32.66, 30.414, 6, 6, 8, 15, 51, 94, 138, 142, 187, 16, 0, 0, 3, 2, 3, 5, 26, 50, 70, 65, 90, 8, 0, 0
16:29:55, 1290.50, 31.51, 32.66, 30.414, 7, 6, 8, 15, 56, 102, 149, 154, 196, 16, 0, 0, 3, 2, 2, 5, 24, 46, 64, 59, 85, 7, 0, 0
16:29:56, 1290.20, 31.51, 32.66, 30.414, 7, 6, 8, 16, 59, 108, 158, 163, 231, 19, 0, 0, 3, 2, 2, 5, 24, 45, 63, 59, 86, 7, 0, 0
16:29:57, 1287.70, 31.51, 32.66, 30.422, 7, 6, 8, 15, 56, 101, 148, 151, 252, 22, 0, 0, 3, 3, 3, 6, 27, 51, 72, 67, 107, 9, 0, 0
16:29:57, 1284.90, 31.51, 32.66, 30.422, 7, 7, 9, 17, 60, 106, 156, 160, 271, 24, 0, 0, 4, 3, 3, 6, 30, 56, 78, 73, 118, 10, 0, 0
16:29:58, 1284.70, 31.51, 32.64, 30.414, 7, 7, 9, 17, 61, 109, 160, 164, 283, 25, 0, 0, 3, 3, 3, 6, 28, 53, 75, 70, 112, 10, 0, 0
16:29:59, 1282.20, 31.51, 32.68, 30.422, 7, 7, 9, 17, 64, 115, 169, 174, 282, 24, 0, 0, 3, 3, 3, 6, 29, 54, 76, 70, 109, 9, 0, 0
16:29:59, 1282.20, 31.51, 32.66, 30.422, 7, 6, 8, 16, 59, 106, 157, 161, 242, 20, 0, 0, 3, 3, 3, 6, 29, 54, 76, 70, 103, 9, 0, 0
16:30:00, 1285.20, 31.51, 32.68, 30.414, 7, 6, 8, 15, 54, 99, 145, 149, 203, 17, 0, 0, 3, 2, 3, 6, 27, 51, 71, 66, 94, 8, 0, 0
16:30:01, 1286.00, 31.50, 32.64, 30.414, 7, 6, 8, 16, 55, 101, 148, 153, 190, 16, 0, 0, 3, 3, 3, 6, 27, 51, 71, 66, 92, 8, 0, 0
16:30:01, 1286.80, 31.50, 32.64, 30.414, 7, 7, 9, 16, 60, 109, 160, 165, 224, 19, 0, 0, 3, 2, 2, 5, 25, 47, 66, 61, 92, 8, 0, 0
16:30:02, 1284.30, 31.51, 32.64, 30.414, 7, 7, 9, 18, 62, 112, 164, 169, 270, 23, 0, 0, 3, 3, 3, 6, 29, 54, 76, 71, 113, 10, 0, 0
16:30:03, 1285.30, 31.50, 32.66, 30.414, 7, 7, 9, 17, 62, 112, 164, 169, 283, 25, 0, 0, 3, 3, 3, 6, 28, 53, 75, 70, 111, 9, 0, 0
16:30:03, 1284.60, 31.50, 32.60, 30.414, 8, 7, 9, 18, 61, 111, 163, 168, 280, 24, 0, 0, 4, 3, 3, 6, 30, 56, 79, 73, 118, 10, 0, 0
16:30:04, 1285.90, 31.50, 32.66, 30.414, 7, 7, 9, 18, 61, 111, 162, 167, 278, 24, 0, 0, 3, 3, 3, 6, 28, 52, 74, 69, 109, 9, 0, 0
16:30:05, 1283.90, 31.50, 32.66, 30.414, 7, 6, 9, 16, 57, 103, 152, 155, 263, 23, 0, 0, 4, 3, 3, 6, 29, 55, 78, 72, 113, 10, 0, 0
16:30:05, 1284.70, 31.50, 32.64, 30.414, 7, 6, 9, 16, 57, 104, 153, 157, 250, 21, 0, 0, 3, 3, 3, 6, 28, 53, 74, 69, 103, 9, 0, 0
16:30:06, 1286.30, 31.50, 32.68, 30.406, 7, 6, 8, 14, 53, 97, 143, 146, 210, 18, 0, 0, 3, 2, 3, 6, 26, 50, 71, 65, 94, 8, 0, 0
16:30:07, 1287.80, 31.50, 32.70, 30.406, 7, 6, 8, 16, 57, 104, 152, 157, 212, 18, 0, 0, 3, 2, 3, 5, 25, 47, 66, 61, 89, 7, 0, 0
16:30:07, 1289.30, 31.50, 32.64, 30.414, 7, 7, 9, 17, 61, 111, 162, 168, 240, 20, 0, 0, 3, 2, 2, 5, 24, 45, 64, 59, 89, 7, 0, 0
16:30:08, 1287.20, 31.50, 32.64, 30.414, 7, 6, 9, 16, 57, 103, 152, 156, 213, 18, 0, 0, 3, 2, 3, 5, 25, 48, 68, 63, 90, 7, 0, 0
16:30:09, 1286.60, 31.49, 32.66, 30.414, 7, 6, 9, 16, 59, 108, 158, 163, 228, 19, 0, 0, 3, 2, 3, 5, 25, 48, 67, 62, 91, 7, 0, 0
16:30:09, 1288.00, 31.49, 32.66, 30.414, 8, 7, 9, 17, 61, 111, 163, 168, 236, 20, 0, 0, 3, 2, 3, 5, 24, 46, 65, 60, 90, 7, 0, 0
16:30:10, 1289.00, 31.49, 32.68, 30.414, 7, 7, 9, 16, 60, 108, 159, 164, 235, 20, 0, 0, 3, 2, 3, 5, 24, 46, 64, 60, 88, 7, 0, 0
16:30:11, 1290.10, 31.49, 32.70, 30.414, 7, 7, 9, 17, 61, 111, 163, 168, 247, 21, 0, 0, 3, 2, 2, 5, 23, 44, 63, 58, 86, 7, 0, 0
16:30:11, 1291.30, 31.49, 32.66, 30.414, 7, 6, 8, 16, 53, 98, 144, 148, 198, 16, 0, 0, 3, 2, 2, 5, 24, 45, 64, 59, 83, 7, 0, 0
16:30:12, 1290.60, 31.49, 32.66, 30.414, 7, 5, 7, 13, 47, 88, 129, 132, 166, 14, 0, 0, 3, 2, 3, 5, 24, 46, 65, 60, 84, 7, 0, 0
16:30:13, 1291.40, 31.49, 32.66, 30.414, 6, 6, 8, 14, 50, 92, 135, 139, 186, 15, 0, 0, 3, 2, 2, 5, 23, 43, 61, 56, 83, 7, 0, 0
16:30:13, 1291.40, 31.49, 32.70, 30.414, 6, 6, 8, 15, 52, 96, 142, 145, 219, 19, 0, 0, 3, 2, 3, 5, 23, 44, 62, 57, 88, 7, 0, 0
16:30:14, 1290.80, 31.49, 32.66, 30.414, 8, 6, 8, 16, 54, 99, 146, 149, 231, 20, 0, 0, 3, 2, 2, 5, 24, 45, 63, 58, 88, 7, 0, 0
16:30:15, 1292.00, 31.49, 32.68, 30.414, 6, 6, 8, 15, 53, 97, 143, 147, 217, 18, 0, 0, 3, 2, 2, 5, 22, 42, 60, 55, 83, 7, 0, 0
16:30:15, 1292.50, 31.49, 32.64, 30.414, 6, 5, 7, 13, 48, 87, 128, 132, 187, 16, 0, 0, 3, 2, 2, 5, 23, 43, 61, 57, 82, 7, 0, 0
16:30:16, 1297.00, 31.49, 32.68, 30.414, 5, 5, 7, 12, 44, 83, 122, 125, 166, 14, 0, 0, 2, 2, 2, 4, 21, 40, 56, 52, 75, 6, 0, 0
16:30:17, 1298.30, 31.49, 32.68, 30.414, 5, 5, 7, 12, 42, 79, 116, 120, 147, 12, 0, 0, 2, 2, 2, 4, 21, 40, 57, 53, 73, 6, 0, 0
16:30:17, 1298.40, 31.49, 32.68, 30.406, 5, 5, 6, 11, 41, 76, 113, 116, 141, 12, 0, 0, 2, 2, 2, 4, 20, 38, 54, 50, 71, 6, 0, 0
16:30:18, 1299.90, 31.49, 32.64, 30.406, 5, 5, 7, 12, 45, 83, 122, 125, 194, 17, 0, 0, 2, 2, 2, 4, 19, 37, 53, 49, 77, 6, 0, 0
16:30:19, 1299.80, 31.48, 32.68, 30.422, 6, 5, 7, 13, 48, 88, 130, 133, 210, 18, 0, 0, 2, 2, 2, 4, 19, 37, 53, 49, 76, 6, 0, 0
16:30:19, 1299.90, 31.48, 32.70, 30.414, 5, 5, 7, 12, 44, 82, 121, 124, 193, 17, 0, 0, 2, 2, 2, 4, 20, 38, 54, 50, 76, 6, 0, 0
16:30:20, 1302.10, 31.48, 32.66, 30.414, 5, 4, 6, 11, 38, 71, 105, 107, 159, 14, 0, 0, 2, 2, 2, 4, 20, 38, 54, 49, 72, 6, 0, 0
16:30:21, 1306.20, 31.48, 32.68, 30.414, 5, 4, 6, 10, 38, 71, 105, 107, 147, 12, 0, 0, 2, 1, 2, 3, 18, 34, 49, 45, 64, 5, 0, 0
16:30:21, 1310.20, 31.48, 32.68, 30.414, 5, 4, 6, 10, 37, 69, 102, 105, 135, 11, 0, 0, 2, 1, 1, 3, 16, 32, 45, 42, 59, 5, 0, 0
16:30:22, 1313.00, 31.48, 32.70, 30.414, 4, 4, 5, 10, 35, 66, 98, 101, 127, 11, 0, 0, 2, 1, 1, 3, 15, 30, 43, 40, 56, 4, 0, 0
16:30:23, 1312.60, 31.48, 32.62, 30.414, 4, 4, 5, 9, 33, 63, 94, 96, 125, 10, 0, 0, 2, 1, 1, 3, 15, 29, 42, 38, 56, 4, 0, 0
16:30:23, 1314.80, 31.47, 32.68, 30.414, 4, 4, 5, 10, 36, 68, 101, 103, 156, 13, 0, 0, 2, 1, 1, 3, 15, 28, 41, 38, 58, 5, 0, 0
16:30:24, 1313.80, 31.47, 32.68, 30.414, 4, 4, 6, 10, 37, 70, 103, 105, 161, 14, 0, 0, 2, 1, 1, 3, 15, 30, 43, 39, 60, 5, 0, 0
16:30:25, 1314.40, 31.47, 32.66, 30.406, 4, 4, 5, 9, 32, 62, 92, 93, 144, 12, 0, 0, 2, 1, 1, 3, 15, 30, 43, 40, 59, 5, 0, 0
16:30:25, 1317.10, 31.47, 32.66, 30.414, 4, 3, 5, 8, 30, 57, 85, 85, 127, 11, 0, 0, 2, 1, 1, 3, 15, 29, 41, 38, 56, 4, 0, 0
16:30:26, 1319.10, 31.47, 32.72, 30.414, 3, 3, 5, 8, 27, 53, 79, 80, 108, 9, 0, 0, 2, 1, 1, 3, 15, 29, 41, 38, 52, 4, 0, 0
16:30:27, 1324.40, 31.47, 32.70, 30.406, 3, 3, 4, 8, 29, 55, 82, 83, 107, 9, 0, 0, 1, 1, 1, 2, 13, 25, 36, 33, 47, 4, 0, 0
16:30:27, 1328.70, 31.47, 32.68, 30.422, 3, 3, 4, 7, 27, 52, 78, 79, 100, 8, 0, 0, 1, 1, 1, 2, 11, 23, 33, 30, 43, 3, 0, 0
16:30:28, 1330.70, 31.47, 32.62, 30.422, 3, 3, 4, 7, 27, 52, 78, 79, 107, 9, 0, 0, 1, 1, 1, 2, 11, 22, 31, 29, 44, 3, 0, 0
16:30:29, 1328.60, 31.47, 32.70, 30.414, 3, 3, 4, 8, 28, 54, 80, 81, 119, 10, 0, 0, 1, 1, 1, 2, 11, 23, 33, 30, 46, 3, 0, 0
16:30:29, 1327.10, 31.46, 32.64, 30.422, 3, 3, 4, 8, 29, 55, 82, 83, 122, 10, 0, 0, 1, 1, 1, 2, 12, 24, 35, 32, 47, 3, 0, 0
16:30:30, 1329.00, 31.47, 32.66, 30.422, 3, 3, 4, 8, 28, 54, 80, 81, 118, 10, 0, 0, 1, 1, 1, 2, 12, 23, 34, 31, 46, 4, 0, 0
16:30:31, 1330.00, 31.47, 32.66, 30.414, 3, 3, 5, 8, 29, 55, 83, 84, 121, 10, 0, 0, 1, 1, 1, 2, 11, 23, 33, 30, 45, 3, 0, 0
16:30:31, 1332.50, 31.47, 32.66, 30.414, 3, 3, 4, 7, 27, 52, 78, 79, 107, 9, 0, 0, 1, 1, 1, 2, 11, 22, 32, 29, 42, 3, 0, 0
16:30:32, 1335.70, 31.47, 32.68, 30.414, 3, 3, 4, 7, 26, 51, 76, 78, 105, 9, 0, 0, 1, 1, 1, 2, 10, 21, 30, 28, 40, 3, 0, 0
16:30:33, 1337.80, 31.47, 32.68, 30.414, 3, 3, 4, 6, 24, 47, 71, 72, 91, 8, 0, 0, 1, 1, 1, 2, 10, 20, 29, 27, 40, 3, 0, 0
16:30:33, 1337.40, 31.47, 32.68, 30.414, 3, 3, 4, 6, 23, 45, 67, 68, 85, 7, 0, 0, 1, 1, 1, 2, 10, 21, 30, 27, 39, 3, 0, 0
16:30:34, 1336.80, 31.46, 32.68, 30.414, 3, 3, 4, 7, 27, 50, 75, 76, 107, 9, 0, 0, 1, 1, 1, 2, 10, 21, 30, 28, 42, 3, 0, 0
16:30:35, 1338.00, 31.46, 32.66, 30.414, 3, 3, 4, 7, 27, 52, 77, 79, 116, 10, 0, 0, 1, 1, 1, 2, 10, 20, 29, 27, 42, 3, 0, 0
16:30:35, 1338.20, 31.46, 32.68, 30.414, 4, 3, 4, 7, 26, 50, 75, 76, 111, 9, 0, 0, 1, 1, 1, 2, 10, 20, 29, 27, 40, 3, 0, 0
16:30:36, 1339.00, 31.46, 32.68, 30.414, 3, 3, 4, 7, 25, 47, 71, 72, 103, 9, 0, 0, 1, 1, 1, 2, 10, 20, 29, 27, 39, 3, 0, 0
16:30:37, 1342.20, 31.46, 32.64, 30.414, 3, 2, 4, 6, 24, 45, 68, 69, 93, 8, 0, 0, 1, 0, 1, 2, 10, 19, 28, 26, 37, 3, 0, 0
16:30:37, 1343.40, 31.46, 32.66, 30.414, 4, 2, 4, 6, 23, 44, 67, 68, 87, 7, 0, 0, 1, 1, 1, 2, 10, 19, 28, 26, 37, 3, 0, 0
16:30:38, 1345.10, 31.46, 32.70, 30.406, 3, 2, 4, 6, 23, 44, 67, 68, 89, 7, 0, 0, 1, 0, 0, 1, 9, 18, 26, 24, 35, 3, 0, 0
16:30:38, 1345.00, 31.46, 32.70, 30.422, 2, 2, 3, 6, 22, 42, 64, 65, 88, 7, 0, 0, 1, 0, 0, 1, 9, 18, 26, 24, 35, 2, 0, 0
16:30:39, 1345.40, 31.46, 32.70, 30.422, 3, 2, 4, 6, 23, 44, 67, 68, 105, 9, 0, 0, 1, 0, 0, 2, 9, 19, 27, 25, 39, 3, 0, 0
16:30:40, 1346.90, 31.45, 32.68, 30.406, 3, 3, 4, 7, 24, 47, 71, 72, 106, 9, 0, 0, 1, 0, 1, 1, 9, 18, 26, 24, 37, 3, 0, 0
16:30:40, 1348.70, 31.46, 32.66, 30.414, 3, 2, 4, 6, 22, 44, 66, 67, 98, 8, 0, 0, 1, 0, 0, 1, 9, 17, 25, 23, 35, 2, 0, 0
16:30:41, 1351.20, 31.46, 32.68, 30.414, 2, 2, 3, 6, 20, 40, 60, 61, 84, 7, 0, 0, 1, 0, 0, 1, 8, 16, 24, 22, 32, 2, 0, 0
16:30:42, 1354.70, 31.46, 32.70, 30.414, 3, 2, 3, 5, 19, 37, 57, 57, 77, 6, 0, 0, 1, 0, 0, 1, 8, 15, 22, 21, 30, 2, 0, 0
16:30:42, 1357.10, 31.46, 32.68, 30.414, 2, 2, 3, 5, 17, 35, 53, 53, 68, 6, 0, 0, 1, 0, 0, 1, 8, 15, 22, 21, 30, 2, 0, 0
16:30:43, 1358.00, 31.46, 32.68, 30.414, 2, 2, 3, 5, 18, 35, 54, 55, 70, 6, 0, 0, 1, 0, 0, 1, 7, 15, 22, 20, 29, 2, 0, 0
16:30:44, 1358.40, 31.46, 32.72, 30.406, 2, 2, 3, 5, 18, 35, 53, 54, 72, 6, 0, 0, 1, 0, 0, 1, 7, 14, 21, 20, 29, 2, 0, 0
16:30:44, 1358.70, 31.45, 32.66, 30.414, 2, 2, 3, 5, 18, 35, 54, 55, 80, 7, 0, 0, 1, 0, 0, 1, 7, 14, 21, 19, 29, 2, 0, 0
16:30:45, 1360.60, 31.45, 32.70, 30.414, 2, 2, 3, 5, 19, 35, 54, 54, 80, 7, 0, 0, 1, 0, 0, 1, 7, 14, 21, 19, 29, 2, 0, 0
16:30:46, 1359.60, 31.45, 32.68, 30.414, 2, 2, 3, 5, 17, 34, 51, 52, 74, 6, 0, 0, 1, 0, 0, 1, 7, 15, 22, 20, 29, 2, 0, 0
16:30:46, 1363.40, 31.45, 32.66, 30.414, 2, 2, 3, 5, 17, 34, 52, 52, 70, 6, 0, 0, 0, 0, 0, 1, 6, 13, 20, 18, 27, 2, 0, 0
16:30:47, 1366.60, 31.45, 32.68, 30.414, 3, 2, 3, 4, 15, 30, 47, 47, 63, 5, 0, 0, 1, 0, 0, 1, 6, 12, 18, 17, 25, 1, 0, 0
16:30:48, 1368.40, 31.45, 32.66, 30.414, 2, 2, 3, 4, 15, 30, 46, 47, 63, 5, 0, 0, 0, 0, 0, 1, 6, 12, 18, 17, 24, 1, 0, 0
16:30:48, 1370.10, 31.45, 32.72, 30.414, 2, 1, 3, 4, 15, 30, 47, 47, 62, 5, 0, 0, 1, 0, 0, 1, 6, 12, 18, 17, 25, 2, 0, 0
16:30:49, 1371.70, 31.45, 32.66, 30.414, 2, 2, 3, 4, 15, 30, 46, 46, 65, 6, 0, 0, 1, 0, 0, 1, 5, 11, 17, 16, 23, 1, 0, 0
16:30:50, 1373.50, 31.44, 32.68, 30.414, 1, 1, 2, 4, 13, 27, 42, 42, 61, 5, 0, 0, 0, 0, 0, 1, 5, 11, 16, 15, 23, 1, 0, 0
16:30:50, 1372.40, 31.44, 32.68, 30.414, 1, 1, 2, 4, 14, 27, 42, 42, 60, 5, 0, 0, 0, 0, 0, 1, 6, 12, 17, 16, 23, 1, 0, 0
16:30:51, 1373.20, 31.44, 32.68, 30.414, 1, 1, 2, 4, 13, 27, 41, 42, 56, 5, 0, 0, 0, 0, 0, 1, 6, 12, 17, 16, 23, 1, 0, 0
16:30:52, 1375.30, 31.44, 32.70, 30.406, 1, 1, 2, 4, 13, 26, 40, 40, 54, 5, 0, 0, 0, 0, 0, 1, 5, 11, 16, 15, 21, 1, 0, 0
16:30:52, 1379.10, 31.44, 32.68, 30.406, 1, 1, 2, 3, 12, 25, 39, 39, 52, 4, 0, 0, 0, 0, 0, 1, 5, 10, 15, 14, 21, 1, 0, 0
16:30:53, 1383.40, 31.44, 32.68, 30.414, 1, 1, 2, 3, 12, 24, 38, 38, 50, 4, 0, 0, 0, 0, 0, 1, 5, 10, 15, 14, 20, 1, 0, 0
16:30:54, 1383.80, 31.44, 32.70, 30.414, 1, 1, 2, 3, 11, 23, 36, 36, 46, 4, 0, 0, 0, 0, 0, 0, 5, 10, 14, 13, 19, 1, 0, 0
16:30:54, 1387.30, 31.44, 32.64, 30.414, 1, 1, 2, 3, 11, 23, 36, 36, 51, 4, 0, 0, 0, 0, 0, 0, 4, 9, 14, 13, 20, 1, 0, 0
16:30:55, 1391.10, 31.44, 32.66, 30.414, 1, 1, 2, 3, 11, 22, 34, 34, 49, 4, 0, 0, 0, 0, 0, 0, 4, 9, 13, 12, 18, 1, 0, 0
16:30:56, 1393.40, 31.44, 32.70, 30.414, 1, 1, 2, 3, 10, 20, 32, 32, 45, 4, 0, 0, 0, 0, 0, 0, 4, 8, 12, 11, 17, 1, 0, 0
16:30:56, 1394.20, 31.43, 32.68, 30.414, 2, 1, 2, 3, 9, 19, 30, 30, 42, 4, 0, 0, 0, 0, 0, 0, 4, 8, 12, 11, 16, 1, 0, 0
16:30:57, 1396.40, 31.43, 32.66, 30.414, 1, 1, 2, 2, 8, 18, 28, 28, 37, 3, 0, 0, 0, 0, 0, 0, 4, 8, 12, 11, 15, 1, 0, 0
16:30:58, 1400.00, 31.43, 32.68, 30.414, 1, 1, 2, 3, 9, 18, 29, 29, 37, 3, 0, 0, 0, 0, 0, 0, 3, 7, 11, 10, 15, 1, 0, 0
16:30:58, 1402.10, 31.43, 32.70, 30.414, 1, 1, 2, 2, 8, 17, 27, 27, 35, 3, 0, 0, 0, 0, 0, 0, 3, 7, 10, 10, 14, 1, 0, 0
16:30:59, 1406.60, 31.43, 32.64, 30.414, 1, 1, 1, 2, 8, 16, 26, 25, 34, 3, 0, 0, 0, 0, 0, 0, 3, 6, 10, 9, 14, 1, 0, 0
16:31:00, 1409.60, 31.43, 32.68, 30.422, 1, 1, 1, 2, 7, 16, 25, 25, 35, 3, 0, 0, 0, 0, 0, 0, 3, 6, 9, 9, 13, 1, 0, 0
16:31:00, 1410.90, 31.43, 32.68, 30.422, 1, 1, 1, 2, 7, 15, 24, 24, 33, 3, 0, 0, 0, 0, 0, 0, 3, 6, 9, 9, 13, 1, 0, 0
16:31:01, 1412.00, 31.43, 32.68, 30.414, 0, 0, 1, 2, 7, 14, 23, 23, 33, 3, 0, 0, 0, 0, 0, 0, 3, 6, 9, 8, 12, 0, 0, 0
16:31:02, 1412.50, 31.43, 32.76, 30.422, 0, 0, 1, 2, 7, 14, 23, 23, 33, 3, 0, 0, 0, 0, 0, 0, 3, 6, 9, 8, 12, 0, 0, 0
16:31:02, 1414.10, 31.42, 32.70, 30.422, 0, 1, 1, 2, 7, 14, 23, 23, 32, 3, 0, 0, 0, 0, 0, 0, 2, 5, 9, 8, 12, 0, 0, 0
16:31:03, 1416.30, 31.43, 32.70, 30.406, 1, 0, 1, 2, 6, 13, 21, 21, 30, 3, 0, 0, 0, 0, 0, 0, 2, 5, 8, 8, 11, 0, 0, 0
16:31:04, 1417.80, 31.43, 32.68, 30.414, 0, 0, 1, 2, 6, 13, 21, 20, 28, 2, 0, 0, 0, 0, 0, 0, 2, 5, 8, 8, 11, 0, 0, 0
16:31:04, 1420.80, 31.43, 32.66, 30.414, 0, 0, 1, 2, 6, 13, 20, 20, 27, 2, 0, 0, 0, 0, 0, 0, 2, 5, 8, 8, 11, 0, 0, 0
16:31:05, 1425.90, 31.43, 32.68, 30.414, 0, 0, 1, 2, 5, 11, 19, 19, 26, 2, 0, 0, 0, 0, 0, 0, 2, 5, 7, 7, 10, 0, 0, 0
16:31:06, 1429.20, 31.42, 32.72, 30.414, 0, 0, 1, 2, 5, 10, 17, 17, 22, 2, 0, 0, 0, 0, 0, 0, 2, 4, 7, 7, 10, 0, 0, 0
16:31:06, 1431.70, 31.42, 32.70, 30.414, 1, 0, 1, 2, 5, 10, 17, 16, 21, 2, 0, 0, 0, 0, 0, 0, 2, 4, 7, 7, 9, 0, 0, 0
16:31:07, 1436.20, 31.42, 32.70, 30.406, 0, 0, 1, 1, 4, 9, 16, 15, 22, 2, 0, 0, 0, 0, 0, 0, 2, 4, 6, 6, 9, 0, 0, 0
16:31:08, 1440.20, 31.42, 32.70, 30.406, 0, 0, 1, 1, 4, 9, 15, 15, 20, 2, 0, 0, 0, 0, 0, 0, 1, 4, 6, 6, 9, 0, 0, 0
16:31:08, 1439.50, 31.42, 32.68, 30.406, 0, 0, 1, 1, 4, 8, 14, 14, 19, 2, 0, 0, 0, 0, 0, 0, 2, 4, 6, 6, 9, 0, 0, 0
16:31:09, 1440.50, 31.42, 32.70, 30.414, 0, 0, 1, 1, 4, 8, 14, 14, 20, 2, 0, 0, 0, 0, 0, 0, 2, 4, 6, 6, 9, 0, 0, 0
16:31:10, 1443.30, 31.42, 32.68, 30.414, 0, 0, 1, 1, 4, 9, 14, 14, 20, 2, 0, 0, 0, 0, 0, 0, 1, 4, 6, 6, 9, 0, 0, 0
16:31:10, 1444.00, 31.42, 32.70, 30.406, 1, 0, 1, 1, 3, 8, 13, 13, 19, 2, 0, 0, 0, 0, 0, 0, 1, 4, 6, 6, 8, 0, 0, 0
16:31:11, 1445.10, 31.42, 32.70, 30.422, 0, 0, 1, 1, 3, 7, 12, 12, 17, 1, 0, 0, 0, 0, 0, 0, 2, 4, 6, 6, 9, 0, 0, 0
16:31:12, 1448.80, 31.42, 32.68, 30.422, 0, 0, 1, 1, 3, 8, 13, 13, 17, 2, 0, 0, 0, 0, 0, 0, 1, 4, 6, 7, 9, 0, 0, 0
16:31:12, 1451.00, 31.42, 32.68, 30.414, 0, 0, 1, 1, 3, 7, 12, 12, 16, 1, 0, 0, 0, 0, 0, 0, 1, 3, 6, 6, 8, 0, 0, 0
16:31:13, 1453.70, 31.42, 32.68, 30.422, 1, 0, 1, 1, 3, 6, 11, 11, 14, 1, 0, 0, 0, 0, 0, 0, 1, 3, 6, 6, 8, 0, 0, 0
16:31:14, 1456.30, 31.42, 32.68, 30.422, 0, 0, 1, 1, 3, 6, 11, 11, 14, 1, 0, 0, 0, 0, 0, 0, 1, 3, 6, 6, 8, 0, 0, 0
16:31:14, 1460.30, 31.42, 32.72, 30.414, 0, 0, 1, 1, 2, 6, 10, 10, 14, 1, 0, 0, 0, 0, 0, 0, 1, 3, 5, 6, 8, 0, 0, 0
16:31:15, 1459.20, 31.41, 32.68, 30.414, 0, 0, 1, 1, 2, 5, 9, 9, 12, 1, 0, 0, 0, 0, 0, 0, 1, 2, 4, 5, 6, 0, 0, 0
16:31:16, 1457.70, 31.41, 32.68, 30.414, 0, 0, 1, 1, 2, 5, 9, 9, 13, 1, 0, 0, 0, 0, 0, 0, 1, 3, 5, 6, 8, 0, 0, 0
16:31:16, 1462.30, 31.41, 32.70, 30.406, 0, 0, 1, 1, 3, 5, 10, 9, 14, 1, 0, 0, 0, 0, 0, 0, 1, 2, 4, 4, 6, 0, 0, 0
16:31:17, 1462.20, 31.41, 32.68, 30.414, 0, 0, 1, 1, 2, 5, 9, 9, 12, 1, 0, 0, 0, 0, 0, 0, 0, 1, 1, 2, 3, 0, 0, 0
16:31:18, 1458.30, 31.41, 32.68, 30.414, 1, 0, 1, 1, 1, 4, 7, 7, 9, 1, 0, 0, 0, 0, 0, 0, 0, 1, 3, 3, 4, 0, 0, 0
16:31:18, 1458.00, 31.41, 32.66, 30.414, 0, 0, 1, 1, 2, 4, 8, 8, 10, 1, 0, 0, 0, 0, 0, 0, 0, 0, 1, 1, 1, 0, 0, 0
16:31:19, 1455.10, 31.41, 32.70, 30.406, 0, 0, 1, 1, 1, 4, 7, 7, 8, 1, 0, 0, 0, 0, 0, 0, 0, 1, 1, 2, 2, 0, 0, 0
16:31:20, 1453.60, 31.41, 32.70, 30.406, 0, 0, 1, 1, 2, 4, 8, 8, 10, 1, 0, 0, 0, 0, 0, 0, 1, 2, 4, 5, 6, 0, 0, 0
16:31:20, 1454.10, 31.41, 32.66, 30.414, 0, 0, 1, 1, 2, 5, 9, 9, 13, 1, 0, 0, 0, 0, 0, 0, 1, 2, 3, 4, 5, 0, 0, 0
16:31:21, 1451.90, 31.41, 32.68, 30.414, 0, 0, 1, 1, 2, 4, 8, 7, 11, 1, 0, 0, 0, 0, 0, 0, 1, 2, 4, 4, 6, 0, 0, 0
16:31:22, 1451.50, 31.41, 32.72, 30.406, 0, 0, 1, 1, 2, 4, 7, 7, 10, 1, 0, 0, 0, 0, 0, 0, 0, 1, 2, 2, 3, 0, 0, 0
16:31:22, 1448.50, 31.41, 32.72, 30.406, 0, 0, 1, 1, 1, 4, 7, 7, 10, 1, 0, 0, 0, 0, 0, 0, 0, 1, 3, 4, 5, 0, 0, 0
16:31:23, 1447.10, 31.41, 32.72, 30.406, 0, 0, 1, 1, 1, 3, 6, 6, 9, 1, 0, 0, 0, 0, 0, 0, 1, 3, 6, 7, 9, 0, 0, 0
16:31:24, 1445.60, 31.41, 32.70, 30.406, 0, 0, 1, 1, 1, 4, 7, 6, 9, 1, 0, 0, 0, 0, 0, 0, 0, 1, 3, 3, 4, 0, 0, 0
16:31:24, 1444.20, 31.41, 32.70, 30.406, 0, 0, 1, 1, 1, 4, 7, 7, 9, 1, 0, 0, 0, 0, 0, 0, 0, 1, 2, 2, 3, 0, 0, 0
16:31:25, 1443.80, 31.41, 32.72, 30.406, 0, 0, 1, 1, 1, 3, 5, 5, 7, 1, 0, 0, 0, 0, 0, 0, 1, 1, 3, 4, 5, 0, 0, 0
16:31:25, 1441.50, 31.41, 32.66, 30.406, 0, 0, 0, 1, 2, 3, 6, 6, 7, 1, 0, 0, 0, 0, 0, 0, 0, 1, 3, 3, 3, 0, 0, 0
16:31:26, 1444.90, 31.40, 32.70, 30.414, 0, 0, 1, 1, 2, 4, 7, 7, 8, 1, 0, 0, 0, 0, 0, 0, 0, 0, 0, 0, 0, 0, 0, 0
16:31:27, 1444.20, 31.40, 32.72, 30.414, 1, 0, 1, 1, 1, 3, 5, 5, 5, 1, 0, 0, 0, 0, 0, 0, 2, 4, 7, 7, 10, 0, 0, 0
16:31:27, 1442.00, 31.40, 32.68, 30.414, 0, 0, 1, 1, 1, 3, 5, 5, 7, 1, 0, 0, 0, 0, 0, 0, 4, 8, 13, 14, 22, 1, 0, 0
16:31:28, 1441.20, 31.40, 32.72, 30.414, 0, 0, 1, 1, 1, 4, 7, 7, 11, 1, 0, 0, 0, 0, 0, 0, 4, 9, 15, 15, 23, 1, 0, 0
16:31:29, 1438.70, 31.40, 32.66, 30.414, 0, 0, 1, 1, 2, 5, 8, 8, 12, 1, 0, 0, 0, 0, 0, 0, 4, 10, 16, 17, 24, 1, 0, 0
16:31:29, 1437.70, 31.40, 32.70, 30.406, 0, 0, 1, 1, 2, 5, 9, 9, 12, 1, 0, 0, 0, 0, 0, 0, 3, 7, 12, 13, 19, 1, 0, 0
16:31:30, 1432.20, 31.40, 32.72, 30.414, 0, 0, 1, 1, 1, 3, 6, 6, 11, 1, 0, 0, 1, 0, 0, 1, 5, 11, 18, 19, 28, 2, 0, 0
16:31:31, 1433.20, 31.39, 32.70, 30.414, 0, 0, 0, 1, 1, 3, 5, 5, 9, 1, 0, 0, 0, 0, 0, 0, 3, 7, 12, 13, 21, 1, 0, 0
16:31:31, 1432.60, 31.39, 32.70, 30.406, 0, 0, 1, 1, 2, 6, 10, 10, 16, 1, 0, 0, 0, 0, 0, 0, 5, 11, 19, 20, 30, 2, 0, 0
16:31:32, 1433.40, 31.39, 32.70, 30.414, 0, 0, 1, 1, 1, 4, 7, 7, 10, 1, 0, 0, 0, 0, 0, 1, 4, 8, 14, 15, 21, 1, 0, 0
16:31:33, 1429.20, 31.39, 32.68, 30.414, 1, 0, 1, 1, 2, 4, 8, 8, 11, 1, 0, 0, 1, 0, 0, 1, 6, 13, 22, 22, 32, 2, 0, 0
16:31:33, 1429.70, 31.39, 32.70, 30.406, 0, 0, 1, 1, 1, 3, 5, 5, 7, 1, 0, 0, 1, 0, 0, 1, 4, 8, 14, 14, 21, 1, 0, 0
16:31:34, 1427.90, 31.39, 32.72, 30.414, 0, 0, 1, 1, 1, 3, 6, 6, 8, 1, 0, 0, 0, 0, 0, 1, 5, 10, 17, 18, 25, 2, 0, 0
16:31:35, 1426.90, 31.39, 32.68, 30.414, 0, 0, 1, 1, 1, 4, 6, 6, 9, 1, 0, 0, 1, 0, 0, 1, 8, 16, 26, 27, 40, 3, 0, 0
16:31:35, 1425.00, 31.40, 32.72, 30.414, 0, 0, 1, 1, 2, 4, 8, 8, 13, 1, 0, 0, 0, 0, 0, 1, 7, 16, 25, 26, 41, 3, 0, 0
16:31:36, 1425.00, 31.40, 32.68, 30.414, 0, 0, 1, 1, 2, 5, 8, 7, 14, 1, 0, 0, 1, 0, 0, 1, 7, 16, 26, 26, 41, 3, 0, 0
16:31:37, 1425.50, 31.40, 32.68, 30.414, 0, 0, 1, 1, 1, 3, 6, 6, 9, 1, 0, 0, 0, 0, 0, 0, 5, 12, 20, 21, 31, 2, 0, 0
16:31:37, 1422.90, 31.40, 32.70, 30.406, 0, 0, 0, 1, 1, 3, 5, 5, 6, 1, 0, 0, 1, 0, 0, 1, 5, 11, 20, 21, 28, 2, 0, 0
16:31:38, 1420.70, 31.39, 32.70, 30.406, 0, 0, 1, 1, 2, 5, 8, 8, 13, 1, 0, 0, 1, 0, 0, 1, 7, 16, 26, 26, 40, 3, 0, 0
16:31:39, 1419.00, 31.39, 32.68, 30.406, 0, 0, 1, 1, 2, 4, 7, 8, 12, 1, 0, 0, 1, 1, 1, 1, 7, 15, 25, 27, 41, 3, 0, 0
16:31:39, 1417.70, 31.39, 32.70, 30.414, 0, 0, 1, 1, 1, 4, 7, 7, 13, 1, 0, 0, 1, 1, 1, 2, 9, 20, 32, 32, 51, 4, 0, 0
16:31:40, 1418.80, 31.39, 32.66, 30.414, 0, 0, 1, 1, 1, 3, 6, 6, 10, 1, 0, 0, 1, 1, 1, 2, 9, 20, 33, 34, 52, 4, 0, 0
16:31:41, 1418.30, 31.39, 32.66, 30.414, 0, 0, 1, 1, 2, 4, 7, 7, 11, 1, 0, 0, 1, 0, 0, 1, 9, 19, 31, 32, 49, 4, 0, 0
16:31:41, 1419.00, 31.39, 32.72, 30.422, 0, 0, 1, 1, 1, 4, 7, 7, 12, 1, 0, 0, 1, 1, 1, 2, 8, 18, 29, 30, 46, 4, 0, 0
16:31:42, 1418.00, 31.39, 32.68, 30.422, 0, 0, 1, 1, 2, 4, 8, 8, 11, 1, 0, 0, 0, 0, 0, 0, 4, 9, 15, 17, 22, 1, 0, 0
16:31:43, 1419.00, 31.38, 32.70, 30.414, 0, 0, 0, 1, 1, 3, 5, 5, 6, 1, 0, 0, 1, 0, 0, 1, 7, 16, 26, 27, 37, 3, 0, 0
16:31:43, 1419.00, 31.38, 32.68, 30.414, 0, 0, 1, 1, 1, 3, 6, 6, 8, 1, 0, 0, 1, 1, 1, 1, 8, 18, 30, 31, 45, 4, 0, 0
16:31:44, 1418.50, 31.38, 32.66, 30.414, 0, 0, 0, 1, 0, 2, 4, 3, 5, 1, 0, 0, 2, 1, 1, 2, 9, 20, 33, 34, 46, 4, 0, 0
16:31:45, 1418.50, 31.38, 32.68, 30.414, 0, 0, 0, 1, 1, 2, 5, 5, 6, 1, 0, 0, 1, 1, 1, 2, 9, 18, 30, 31, 44, 3, 0, 0
16:31:45, 1416.90, 31.39, 32.68, 30.414, 0, 0, 1, 1, 1, 2, 5, 5, 7, 1, 0, 0, 1, 0, 1, 1, 10, 20, 33, 34, 52, 4, 0, 0
16:31:46, 1415.70, 31.40, 32.68, 30.414, 0, 0, 0, 0, 1, 2, 4, 5, 8, 1, 0, 0, 1, 1, 1, 2, 8, 17, 29, 30, 48, 4, 0, 0
16:31:47, 1416.50, 31.40, 32.70, 30.406, 0, 0, 1, 1, 1, 3, 6, 6, 10, 1, 0, 0, 1, 1, 1, 2, 9, 20, 32, 33, 51, 4, 0, 0
16:31:47, 1415.50, 31.40, 32.70, 30.414, 0, 0, 1, 1, 1, 3, 6, 6, 8, 1, 0, 0, 1, 0, 0, 1, 9, 19, 31, 32, 45, 4, 0, 0
16:31:48, 1414.70, 31.41, 32.72, 30.414, 0, 0, 1, 1, 1, 3, 6, 6, 8, 1, 0, 0, 1, 1, 1, 1, 8, 18, 29, 30, 44, 3, 0, 0
16:31:49, 1414.10, 31.41, 32.68, 30.406, 0, 0, 0, 1, 1, 3, 5, 5, 7, 1, 0, 0, 1, 1, 1, 2, 11, 22, 36, 37, 58, 5, 0, 0
16:31:49, 1413.20, 31.41, 32.70, 30.414, 0, 0, 0, 1, 0, 1, 2, 2, 3, 0, 0, 0, 3, 3, 3, 5, 9, 19, 32, 33, 51, 4, 0, 0
16:31:50, 1412.60, 31.41, 32.64, 30.414, 0, 0, 1, 1, 1, 3, 5, 5, 7, 1, 0, 0, 1, 1, 1, 2, 8, 17, 29, 31, 41, 3, 0, 0
16:31:51, 1411.10, 31.40, 32.70, 30.414, 0, 0, 0, 1, 1, 3, 5, 5, 7, 1, 0, 0, 1, 1, 1, 2, 11, 22, 36, 37, 53, 4, 0, 0
16:31:51, 1409.50, 31.40, 32.72, 30.406, 0, 0, 0, 1, 0, 1, 2, 2, 3, 0, 0, 0, 5, 5, 5, 9, 20, 41, 66, 66, 101, 9, 0, 0
16:31:52, 1406.80, 31.40, 32.66, 30.406, 0, 0, 1, 1, 1, 3, 6, 6, 8, 1, 0, 0, 2, 1, 1, 2, 17, 35, 55, 56, 87, 8, 0, 0
16:31:53, 1404.60, 31.40, 32.70, 30.406, 0, 0, 0, 1, 0, 1, 3, 3, 5, 0, 0, 0, 5, 4, 5, 8, 25, 51, 80, 80, 132, 12, 0, 0
16:31:53, 1402.90, 31.40, 32.68, 30.406, 0, 0, 1, 1, 0, 2, 4, 4, 6, 1, 0, 0, 4, 4, 4, 6, 19, 40, 62, 62, 102, 10, 0, 0
16:31:54, 1402.30, 31.40, 32.70, 30.406, 0, 0, 0, 1, 0, 2, 4, 4, 6, 1, 0, 0, 6, 5, 6, 9, 31, 62, 97, 96, 156, 14, 0, 0
16:31:55, 1399.80, 31.40, 32.70, 30.406, 0, 0, 0, 1, 0, 1, 3, 3, 5, 0, 0, 0, 4, 3, 3, 5, 18, 37, 59, 59, 97, 9, 0, 0
16:31:55, 1398.00, 31.40, 32.72, 30.406, 0, 0, 1, 1, 1, 4, 6, 6, 11, 1, 0, 0, 3, 2, 2, 4, 24, 50, 80, 82, 130, 12, 0, 0
16:31:56, 1397.90, 31.40, 32.68, 30.406, 0, 0, 0, 1, 0, 1, 3, 3, 4, 0, 0, 0, 2, 1, 1, 2, 12, 26, 43, 46, 53, 4, 0, 0
16:31:57, 1393.40, 31.40, 32.70, 30.414, 0, 0, 0, 1, 0, 2, 4, 4, 5, 1, 0, 0, 2, 1, 1, 2, 32, 65, 103, 104, 150, 13, 0, 0
16:31:57, 1392.60, 31.39, 32.70, 30.414, 0, 0, 1, 1, 1, 4, 7, 7, 11, 1, 0, 0, 2, 2, 2, 4, 18, 37, 59, 61, 98, 9, 0, 0
16:31:58, 1389.90, 31.40, 32.70, 30.406, 0, 0, 0, 1, 0, 1, 3, 3, 5, 1, 0, 0, 4, 4, 4, 6, 23, 47, 75, 79, 122, 11, 0, 0
16:31:59, 1388.90, 31.39, 32.74, 30.406, 0, 0, 1, 0, 1, 4, 7, 7, 11, 1, 0, 0, 5, 5, 5, 8, 43, 85, 131, 132, 216, 20, 0, 0
16:31:59, 1387.40, 31.39, 32.68, 30.406, 0, 0, 0, 1, 0, 1, 3, 3, 4, 0, 0, 0, 6, 5, 5, 8, 30, 60, 94, 94, 150, 14, 0, 0
16:32:00, 1385.60, 31.39, 32.70, 30.406, 0, 0, 1, 1, 2, 5, 9, 9, 16, 2, 0, 0, 3, 3, 3, 5, 26, 51, 79, 80, 130, 12, 0, 0
16:32:01, 1385.30, 31.39, 32.68, 30.406, 0, 0, 1, 1, 1, 2, 4, 4, 7, 1, 0, 0, 7, 6, 7, 11, 42, 83, 129, 129, 203, 18, 0, 0
16:32:01, 1385.50, 31.39, 32.70, 30.406, 0, 0, 1, 1, 2, 5, 8, 8, 10, 1, 0, 0, 2, 2, 2, 3, 16, 33, 52, 54, 75, 6, 0, 0
16:32:02, 1382.30, 31.39, 32.70, 30.406, 0, 0, 1, 1, 1, 4, 7, 7, 9, 1, 0, 0, 1, 1, 1, 2, 17, 36, 61, 66, 90, 8, 0, 0
16:32:03, 1381.70, 31.39, 32.68, 30.406, 0, 0, 1, 1, 2, 4, 7, 7, 10, 1, 0, 0, 3, 2, 2, 4, 29, 58, 92, 94, 137, 12, 0, 0
16:32:03, 1382.40, 31.39, 32.66, 30.406, 1, 0, 1, 1, 2, 5, 8, 8, 11, 1, 0, 0, 3, 2, 2, 4, 19, 39, 61, 63, 94, 9, 0, 0
16:32:04, 1383.60, 31.39, 32.72, 30.406, 0, 0, 1, 1, 2, 4, 7, 7, 11, 1, 0, 0, 2, 2, 2, 3, 14, 28, 48, 51, 71, 6, 0, 0
16:32:05, 1380.30, 31.39, 32.68, 30.406, 0, 0, 0, 1, 1, 2, 5, 5, 7, 1, 0, 0, 2, 2, 2, 3, 17, 34, 56, 59, 89, 8, 0, 0
16:32:05, 1380.00, 31.39, 32.74, 30.406, 0, 0, 1, 1, 2, 6, 9, 9, 16, 2, 0, 0, 3, 3, 3, 5, 22, 45, 71, 73, 119, 12, 0, 0
16:32:06, 1381.30, 31.39, 32.70, 30.406, 0, 0, 0, 1, 1, 3, 5, 5, 7, 1, 0, 0, 3, 2, 2, 4, 18, 37, 58, 60, 87, 8, 0, 0
16:32:07, 1382.50, 31.38, 32.70, 30.406, 0, 0, 1, 1, 2, 5, 9, 9, 11, 1, 0, 0, 1, 1, 1, 2, 16, 32, 52, 56, 73, 6, 0, 0
16:32:07, 1381.80, 31.38, 32.72, 30.406, 0, 0, 1, 1, 2, 4, 8, 8, 12, 1, 0, 0, 3, 2, 2, 3, 14, 28, 47, 50, 72, 6, 0, 0
16:32:08, 1381.40, 31.38, 32.70, 30.406, 1, 0, 1, 1, 2, 5, 8, 8, 14, 1, 0, 0, 3, 2, 3, 4, 25, 51, 79, 80, 132, 13, 0, 0
16:32:09, 1383.40, 31.39, 32.70, 30.406, 0, 0, 1, 1, 3, 6, 10, 10, 18, 2, 0, 0, 3, 3, 3, 5, 19, 39, 63, 65, 100, 9, 0, 0
16:32:09, 1383.40, 31.39, 32.70, 30.406, 0, 0, 1, 1, 1, 4, 6, 7, 11, 1, 0, 0, 3, 3, 3, 5, 20, 42, 67, 70, 110, 11, 0, 0
16:32:10, 1383.70, 31.39, 32.66, 30.406, 0, 0, 1, 1, 3, 5, 8, 8, 13, 1, 0, 0, 3, 2, 3, 5, 19, 39, 62, 64, 100, 9, 0, 0
16:32:10, 1384.50, 31.39, 32.72, 30.406, 0, 0, 1, 1, 2, 4, 7, 7, 12, 1, 0, 0, 2, 2, 2, 4, 16, 32, 52, 55, 81, 7, 0, 0
16:32:11, 1382.10, 31.39, 32.70, 30.406, 0, 0, 1, 1, 2, 4, 7, 7, 12, 1, 0, 0, 3, 2, 3, 5, 15, 31, 50, 53, 81, 7, 0, 0
16:32:12, 1383.70, 31.39, 32.70, 30.406, 0, 0, 1, 1, 2, 5, 9, 9, 16, 2, 0, 0, 4, 3, 3, 5, 16, 34, 54, 56, 88, 8, 0, 0
16:32:12, 1384.60, 31.38, 32.68, 30.406, 0, 0, 1, 1, 3, 4, 7, 7, 11, 1, 0, 0, 2, 1, 1, 3, 11, 22, 37, 39, 59, 5, 0, 0
16:32:13, 1383.30, 31.38, 32.68, 30.406, 0, 0, 1, 1, 2, 5, 9, 9, 13, 1, 0, 0, 2, 2, 2, 3, 14, 28, 45, 46, 72, 6, 0, 0
16:32:14, 1386.80, 31.37, 32.72, 30.414, 0, 0, 1, 1, 2, 5, 8, 8, 13, 1, 0, 0, 3, 2, 3, 4, 11, 23, 38, 40, 60, 5, 0, 0
16:32:14, 1383.90, 31.37, 32.70, 30.414, 0, 0, 1, 1, 2, 5, 8, 8, 12, 1, 0, 0, 2, 2, 2, 3, 18, 36, 58, 58, 87, 8, 0, 0
16:32:15, 1381.40, 31.37, 32.77, 30.406, 1, 0, 1, 1, 2, 5, 8, 8, 12, 1, 0, 0, 1, 1, 1, 2, 13, 27, 45, 48, 69, 6, 0, 0
16:32:16, 1381.00, 31.37, 32.72, 30.414, 0, 0, 1, 1, 2, 5, 8, 8, 13, 1, 0, 0, 2, 2, 2, 3, 17, 35, 56, 58, 90, 8, 0, 0
16:32:16, 1378.60, 31.37, 32.70, 30.414, 0, 0, 1, 1, 2, 6, 10, 10, 18, 2, 0, 0, 3, 2, 2, 4, 20, 40, 64, 65, 104, 10, 0, 0
16:32:17, 1377.40, 31.37, 32.72, 30.398, 1, 0, 1, 1, 4, 6, 11, 11, 18, 2, 0, 0, 3, 3, 3, 4, 29, 59, 93, 96, 151, 14, 0, 0
16:32:18, 1377.30, 31.37, 32.70, 30.414, 0, 0, 0, 1, 1, 2, 4, 4, 6, 1, 0, 0, 6, 5, 6, 9, 13, 26, 43, 46, 68, 6, 0, 0
16:32:18, 1377.40, 31.37, 32.72, 30.414, 0, 0, 1, 1, 3, 7, 11, 11, 16, 2, 0, 0, 2, 2, 2, 3, 6, 13, 23, 26, 38, 3, 0, 0
16:32:19, 1371.10, 31.37, 32.70, 30.406, 0, 0, 0, 1, 1, 4, 7, 6, 12, 1, 0, 0, 2, 1, 1, 3, 18, 36, 57, 59, 94, 9, 0, 0
16:32:20, 1369.10, 31.37, 32.68, 30.406, 0, 0, 1, 1, 2, 6, 9, 9, 16, 2, 0, 0, 3, 3, 3, 5, 24, 49, 77, 80, 132, 13, 0, 0
16:32:20, 1368.20, 31.37, 32.68, 30.406, 0, 0, 1, 1, 3, 8, 13, 13, 22, 2, 0, 0, 3, 2, 2, 4, 21, 41, 67, 70, 106, 10, 0, 0
16:32:21, 1364.50, 31.37, 32.70, 30.406, 0, 0, 1, 1, 2, 4, 7, 8, 11, 1, 0, 0, 2, 1, 1, 3, 19, 39, 65, 71, 94, 8, 0, 0
16:32:22, 1362.30, 31.37, 32.72, 30.406, 0, 0, 1, 1, 3, 8, 13, 12, 16, 1, 0, 0, 3, 3, 3, 5, 18, 36, 58, 61, 87, 7, 0, 0
16:32:22, 1360.20, 31.37, 32.70, 30.406, 0, 0, 1, 1, 3, 7, 11, 11, 16, 2, 0, 0, 3, 2, 2, 4, 14, 29, 48, 53, 76, 7, 0, 0
16:32:23, 1355.70, 31.37, 32.70, 30.406, 0, 0, 1, 1, 3, 8, 12, 12, 21, 2, 0, 0, 4, 3, 4, 6, 23, 45, 72, 76, 120, 11, 0, 0
16:32:24, 1352.00, 31.37, 32.70, 30.406, 0, 0, 1, 1, 1, 4, 7, 7, 11, 1, 0, 0, 15, 14, 15, 26, 59, 112, 173, 175, 283, 27, 0, 0
16:32:24, 1352.00, 31.37, 32.68, 30.406, 1, 1, 2, 4, 7, 15, 23, 23, 37, 3, 0, 0, 4, 3, 4, 6, 24, 47, 75, 80, 122, 11, 0, 0
16:32:25, 1351.80, 31.37, 32.70, 30.406, 0, 0, 1, 1, 4, 9, 14, 14, 22, 2, 0, 0, 4, 3, 3, 6, 22, 44, 73, 78, 113, 10, 0, 0
16:32:26, 1350.60, 31.37, 32.70, 30.406, 0, 0, 1, 1, 2, 4, 8, 8, 12, 1, 0, 0, 12, 11, 12, 20, 35, 69, 108, 112, 172, 16, 0, 0
16:32:26, 1345.40, 31.37, 32.72, 30.406, 0, 0, 1, 1, 4, 9, 15, 15, 26, 3, 0, 0, 7, 6, 6, 11, 42, 81, 127, 133, 211, 20, 0, 0
16:32:27, 1342.80, 31.37, 32.70, 30.406, 1, 0, 1, 2, 6, 12, 20, 19, 23, 2, 0, 0, 5, 4, 4, 7, 32, 63, 99, 103, 144, 13, 0, 0
16:32:28, 1342.70, 31.37, 32.70, 30.406, 0, 0, 1, 1, 5, 10, 17, 17, 21, 2, 0, 0, 5, 4, 5, 8, 33, 66, 105, 111, 150, 13, 0, 0
16:32:28, 1334.20, 31.37, 32.70, 30.406, 0, 0, 1, 1, 1, 4, 7, 7, 10, 1, 0, 0, 19, 17, 20, 33, 55, 105, 159, 164, 274, 27, 0, 0
16:32:29, 1339.00, 31.37, 32.70, 30.406, 0, 0, 1, 2, 3, 7, 12, 12, 20, 2, 0, 0, 11, 10, 11, 18, 40, 78, 121, 126, 177, 16, 0, 0
16:32:30, 1331.10, 31.36, 32.68, 30.406, 1, 0, 1, 2, 5, 11, 18, 17, 21, 2, 0, 0, 9, 8, 9, 14, 97, 184, 285, 298, 395, 34, 0, 0
16:32:30, 1328.10, 31.36, 32.70, 30.406, 1, 1, 2, 2, 6, 12, 19, 19, 28, 3, 0, 0, 9, 8, 9, 15, 91, 172, 259, 265, 436, 43, 0, 0
16:32:31, 1329.80, 31.36, 32.68, 30.414, 0, 0, 1, 1, 3, 7, 12, 12, 18, 2, 0, 0, 6, 5, 5, 9, 21, 42, 70, 78, 106, 9, 0, 0
16:32:32, 1328.60, 31.36, 32.66, 30.414, 1, 1, 2, 3, 11, 20, 30, 30, 52, 5, 0, 0, 9, 7, 8, 14, 60, 116, 181, 192, 300, 29, 0, 0
16:32:32, 1335.10, 31.35, 32.68, 30.406, 1, 1, 2, 3, 7, 15, 22, 23, 41, 4, 0, 0, 7, 6, 6, 10, 32, 64, 103, 113, 174, 16, 0, 0
16:32:33, 1332.90, 31.35, 32.68, 30.406, 0, 0, 1, 2, 7, 14, 21, 21, 41, 4, 0, 0, 6, 5, 6, 9, 42, 82, 130, 138, 219, 21, 0, 0
16:32:34, 1335.20, 31.35, 32.70, 30.406, 1, 1, 2, 3, 7, 14, 21, 21, 41, 4, 0, 0, 7, 6, 7, 12, 39, 75, 118, 124, 196, 18, 0, 0
16:32:34, 1335.50, 31.35, 32.68, 30.406, 1, 1, 2, 3, 7, 14, 22, 22, 39, 4, 0, 0, 6, 5, 6, 9, 32, 63, 99, 105, 165, 15, 0, 0
16:32:35, 1337.00, 31.35, 32.70, 30.406, 1, 1, 2, 3, 7, 14, 21, 21, 41, 4, 0, 0, 6, 5, 5, 9, 29, 57, 91, 97, 153, 14, 0, 0
16:32:36, 1335.30, 31.34, 32.66, 30.406, 1, 1, 2, 3, 11, 23, 34, 35, 69, 7, 0, 0, 6, 5, 6, 9, 51, 98, 151, 156, 260, 26, 0, 0
16:32:36, 1339.60, 31.34, 32.70, 30.406, 1, 1, 2, 3, 7, 15, 23, 24, 39, 4, 0, 0, 5, 4, 5, 8, 25, 49, 79, 84, 129, 12, 0, 0
16:32:37, 1336.50, 31.34, 32.68, 30.406, 1, 1, 2, 3, 12, 24, 36, 36, 59, 5, 0, 0, 6, 5, 6, 9, 35, 69, 108, 114, 174, 16, 0, 0
16:32:38, 1337.40, 31.34, 32.70, 30.406, 0, 0, 1, 2, 9, 19, 29, 30, 46, 4, 0, 0, 4, 3, 3, 6, 39, 76, 119, 124, 190, 18, 0, 0
16:32:38, 1339.80, 31.34, 32.68, 30.406, 2, 1, 2, 3, 6, 14, 21, 21, 31, 3, 0, 0, 5, 4, 5, 8, 20, 41, 66, 72, 98, 9, 0, 0
16:32:39, 1335.30, 31.34, 32.68, 30.406, 1, 1, 1, 2, 12, 23, 35, 35, 48, 4, 0, 0, 4, 3, 4, 6, 36, 71, 113, 119, 176, 16, 0, 0
16:32:40, 1336.80, 31.34, 32.72, 30.406, 1, 1, 2, 3, 7, 14, 21, 21, 35, 3, 0, 0, 5, 4, 5, 8, 26, 50, 80, 85, 132, 12, 0, 0
16:32:40, 1335.10, 31.33, 32.70, 30.406, 1, 1, 2, 3, 11, 23, 34, 35, 59, 5, 0, 0, 6, 5, 5, 9, 43, 84, 129, 133, 209, 20, 0, 0
16:32:41, 1337.60, 31.33, 32.68, 30.406, 1, 1, 1, 2, 7, 15, 23, 23, 36, 3, 0, 0, 4, 4, 4, 7, 28, 55, 87, 91, 137, 13, 0, 0
16:32:42, 1335.70, 31.33, 32.68, 30.406, 1, 1, 2, 3, 12, 24, 36, 37, 55, 5, 0, 0, 6, 5, 6, 10, 35, 68, 105, 110, 161, 15, 0, 0
16:32:42, 1337.20, 31.32, 32.74, 30.406, 0, 0, 1, 2, 8, 16, 26, 25, 34, 3, 0, 0, 3, 2, 3, 4, 38, 75, 117, 122, 178, 16, 0, 0
16:32:43, 1336.80, 31.32, 32.66, 30.406, 0, 0, 1, 2, 8, 14, 22, 22, 34, 3, 0, 0, 4, 3, 4, 6, 31, 62, 96, 101, 155, 14, 0, 0
16:32:44, 1338.70, 31.32, 32.68, 30.406, 1, 1, 2, 3, 8, 17, 26, 26, 42, 4, 0, 0, 6, 6, 6, 10, 30, 60, 94, 98, 149, 14, 0, 0
16:32:44, 1336.50, 31.32, 32.68, 30.406, 1, 1, 1, 2, 11, 23, 34, 35, 55, 5, 0, 0, 5, 4, 5, 7, 40, 78, 121, 126, 190, 18, 0, 0
16:32:45, 1335.60, 31.32, 32.68, 30.406, 1, 1, 2, 2, 7, 15, 23, 23, 35, 3, 0, 0, 4, 3, 4, 6, 36, 70, 110, 114, 172, 16, 0, 0
16:32:46, 1337.30, 31.32, 32.68, 30.398, 1, 1, 2, 3, 7, 16, 24, 24, 38, 4, 0, 0, 6, 5, 5, 9, 27, 53, 84, 89, 134, 12, 0, 0
16:32:46, 1335.40, 31.32, 32.70, 30.406, 1, 1, 1, 2, 9, 18, 28, 28, 46, 4, 0, 0, 6, 5, 6, 10, 40, 79, 122, 127, 197, 19, 0, 0
16:32:47, 1335.30, 31.32, 32.70, 30.406, 1, 1, 1, 2, 7, 15, 23, 24, 40, 4, 0, 0, 6, 5, 6, 10, 41, 80, 123, 128, 200, 19, 0, 0
16:32:48, 1334.30, 31.32, 32.68, 30.406, 1, 0, 1, 2, 9, 19, 28, 29, 51, 5, 0, 0, 5, 4, 5, 8, 43, 84, 133, 141, 223, 22, 0, 0
16:32:48, 1334.70, 31.31, 32.68, 30.406, 2, 1, 2, 2, 6, 14, 21, 21, 40, 4, 0, 0, 7, 6, 7, 11, 32, 63, 99, 105, 167, 16, 0, 0
16:32:49, 1335.10, 31.31, 32.72, 30.406, 1, 1, 1, 2, 8, 17, 26, 26, 45, 4, 0, 0, 7, 6, 6, 11, 37, 72, 112, 116, 180, 17, 0, 0
16:32:50, 1335.10, 31.31, 32.70, 30.406, 1, 1, 1, 2, 8, 17, 26, 26, 40, 4, 0, 0, 4, 3, 4, 6, 37, 72, 114, 120, 179, 17, 0, 0
16:32:50, 1335.50, 31.30, 32.68, 30.406, 1, 1, 2, 3, 5, 11, 17, 17, 25, 2, 0, 0, 5, 4, 5, 8, 26, 51, 81, 85, 130, 12, 0, 0
16:32:51, 1333.80, 31.30, 32.68, 30.406, 1, 1, 2, 3, 12, 22, 34, 34, 61, 6, 0, 0, 7, 6, 7, 11, 43, 84, 128, 132, 219, 21, 0, 0
16:32:52, 1333.30, 31.30, 32.70, 30.398, 1, 0, 1, 2, 7, 15, 23, 23, 44, 4, 0, 0, 5, 4, 5, 8, 50, 97, 149, 155, 253, 25, 0, 0
16:32:52, 1333.40, 31.30, 32.66, 30.406, 1, 1, 2, 2, 9, 18, 27, 27, 51, 5, 0, 0, 6, 5, 6, 10, 36, 70, 109, 114, 186, 18, 0, 0
16:32:53, 1333.70, 31.30, 32.70, 30.406, 1, 1, 1, 2, 9, 18, 27, 28, 51, 5, 0, 0, 6, 5, 5, 9, 45, 87, 135, 142, 227, 22, 0, 0
16:32:54, 1331.90, 31.30, 32.70, 30.406, 2, 1, 2, 2, 7, 15, 23, 24, 45, 4, 0, 0, 4, 4, 4, 7, 38, 74, 116, 122, 200, 19, 0, 0
16:32:54, 1336.00, 31.30, 32.68, 30.406, 1, 1, 2, 3, 11, 22, 33, 33, 55, 5, 0, 0, 6, 5, 6, 10, 31, 62, 98, 104, 154, 14, 0, 0
16:32:55, 1335.50, 31.30, 32.70, 30.406, 0, 0, 1, 2, 8, 18, 27, 27, 41, 4, 0, 0, 4, 3, 3, 6, 41, 79, 123, 127, 192, 18, 0, 0
16:32:55, 1335.00, 31.30, 32.70, 30.406, 1, 1, 2, 3, 6, 13, 20, 19, 32, 3, 0, 0, 5, 4, 4, 7, 32, 63, 98, 102, 160, 15, 0, 0
16:32:56, 1335.60, 31.30, 32.70, 30.406, 2, 1, 2, 3, 9, 18, 27, 28, 47, 4, 0, 0, 7, 6, 6, 11, 34, 67, 104, 109, 171, 16, 0, 0
16:32:57, 1334.70, 31.30, 32.66, 30.406, 1, 1, 2, 3, 6, 13, 20, 21, 36, 3, 0, 0, 7, 6, 7, 11, 32, 62, 98, 103, 161, 15, 0, 0
16:32:57, 1332.20, 31.30, 32.68, 30.406, 0, 0, 1, 2, 9, 18, 28, 28, 55, 5, 0, 0, 6, 5, 6, 9, 51, 98, 151, 156, 260, 26, 0, 0
16:32:58, 1335.60, 31.29, 32.68, 30.406, 1, 1, 2, 3, 7, 16, 23, 24, 43, 4, 0, 0, 6, 5, 5, 9, 28, 55, 87, 93, 142, 13, 0, 0
16:32:59, 1334.30, 31.30, 32.72, 30.398, 1, 1, 2, 3, 7, 15, 23, 23, 40, 4, 0, 0, 5, 4, 5, 8, 27, 54, 85, 90, 143, 13, 0, 0
16:32:59, 1333.80, 31.30, 32.72, 30.406, 1, 1, 1, 2, 10, 21, 31, 31, 60, 6, 0, 0, 4, 3, 3, 5, 43, 84, 131, 137, 227, 22, 0, 0
16:33:00, 1333.30, 31.30, 32.66, 30.406, 1, 1, 2, 3, 9, 18, 27, 28, 53, 5, 0, 0, 7, 6, 6, 10, 33, 65, 101, 106, 170, 16, 0, 0
16:33:01, 1334.90, 31.30, 32.68, 30.406, 1, 0, 1, 2, 8, 17, 25, 26, 49, 5, 0, 0, 4, 3, 4, 6, 31, 60, 95, 100, 161, 15, 0, 0
16:33:01, 1333.60, 31.29, 32.70, 30.406, 1, 1, 2, 3, 9, 18, 27, 27, 51, 5, 0, 0, 3, 3, 3, 5, 15, 30, 50, 56, 89, 8, 0, 0
16:33:02, 1333.70, 31.29, 32.66, 30.406, 1, 1, 2, 3, 10, 20, 30, 30, 59, 6, 0, 0, 6, 5, 6, 9, 35, 69, 107, 112, 181, 18, 0, 0
16:33:03, 1337.40, 31.29, 32.68, 30.406, 1, 1, 2, 3, 7, 14, 22, 22, 39, 4, 0, 0, 4, 3, 4, 6, 20, 39, 64, 70, 106, 10, 0, 0
16:33:03, 1334.40, 31.29, 32.68, 30.406, 1, 1, 2, 3, 10, 22, 32, 33, 55, 5, 0, 0, 6, 5, 5, 9, 38, 74, 114, 118, 187, 18, 0, 0
16:33:04, 1336.80, 31.29, 32.74, 30.406, 1, 1, 2, 3, 7, 14, 22, 22, 39, 4, 0, 0, 4, 4, 4, 7, 21, 43, 69, 74, 116, 11, 0, 0
16:33:05, 1333.20, 31.29, 32.70, 30.406, 1, 1, 2, 2, 12, 24, 35, 36, 68, 6, 0, 0, 4, 3, 3, 5, 40, 79, 122, 127, 204, 20, 0, 0
16:33:05, 1331.90, 31.29, 32.70, 30.414, 1, 1, 2, 3, 9, 18, 27, 28, 56, 5, 0, 0, 8, 7, 8, 13, 40, 79, 122, 126, 212, 21, 0, 0
16:33:06, 1332.90, 31.29, 32.64, 30.414, 1, 1, 2, 3, 9, 19, 29, 30, 57, 5, 0, 0, 5, 4, 4, 7, 30, 59, 93, 97, 150, 14, 0, 0
16:33:07, 1334.40, 31.29, 32.68, 30.406, 1, 1, 1, 2, 7, 14, 22, 22, 39, 4, 0, 0, 4, 3, 4, 6, 29, 58, 90, 96, 152, 15, 0, 0
16:33:07, 1334.70, 31.29, 32.70, 30.414, 1, 1, 2, 3, 7, 16, 24, 24, 43, 4, 0, 0, 5, 4, 4, 7, 25, 49, 78, 83, 127, 12, 0, 0
16:33:08, 1334.30, 31.29, 32.70, 30.414, 1, 1, 2, 3, 8, 18, 27, 27, 47, 4, 0, 0, 4, 3, 4, 6, 30, 59, 92, 97, 153, 14, 0, 0
16:33:09, 1335.10, 31.29, 32.68, 30.406, 1, 1, 2, 3, 9, 18, 28, 28, 54, 5, 0, 0, 4, 3, 4, 7, 25, 50, 78, 82, 127, 12, 0, 0
16:33:09, 1335.00, 31.29, 32.66, 30.406, 1, 1, 2, 3, 11, 22, 34, 34, 57, 5, 0, 0, 4, 3, 3, 6, 26, 51, 80, 85, 134, 13, 0, 0
16:33:10, 1333.00, 31.29, 32.70, 30.406, 1, 1, 2, 3, 12, 24, 36, 37, 71, 7, 0, 0, 3, 3, 3, 5, 26, 50, 80, 85, 138, 13, 0, 0
16:33:11, 1332.80, 31.29, 32.68, 30.406, 1, 1, 2, 3, 12, 24, 37, 37, 76, 7, 0, 0, 3, 2, 2, 4, 23, 45, 72, 79, 118, 11, 0, 0
16:33:11, 1335.70, 31.29, 32.70, 30.406, 2, 1, 2, 4, 13, 25, 38, 39, 70, 7, 0, 0, 3, 2, 3, 5, 22, 44, 69, 74, 111, 10, 0, 0
16:33:12, 1335.30, 31.29, 32.68, 30.406, 2, 1, 3, 4, 14, 27, 41, 42, 78, 7, 0, 0, 3, 3, 3, 5, 20, 38, 61, 66, 103, 9, 0, 0
16:33:13, 1335.70, 31.29, 32.68, 30.406, 2, 1, 3, 4, 14, 28, 43, 44, 86, 8, 0, 0, 4, 3, 3, 6, 19, 39, 62, 67, 104, 9, 0, 0
16:33:13, 1330.00, 31.29, 32.64, 30.406, 1, 1, 2, 3, 15, 29, 43, 44, 88, 8, 0, 0, 4, 3, 4, 6, 31, 60, 92, 97, 152, 14, 0, 0
16:33:14, 1330.20, 31.29, 32.68, 30.406, 2, 1, 3, 4, 17, 33, 49, 51, 95, 9, 0, 0, 3, 3, 3, 5, 24, 47, 74, 78, 126, 11, 0, 0
16:33:15, 1333.60, 31.29, 32.68, 30.406, 1, 1, 2, 4, 13, 24, 38, 38, 76, 7, 0, 0, 3, 2, 2, 4, 16, 31, 50, 54, 83, 7, 0, 0
16:33:15, 1327.20, 31.29, 32.72, 30.406, 1, 1, 2, 4, 14, 26, 40, 40, 74, 7, 0, 0, 3, 3, 3, 5, 24, 45, 72, 75, 107, 9, 0, 0
16:33:16, 1328.10, 31.29, 32.70, 30.406, 2, 2, 3, 4, 17, 32, 49, 49, 79, 7, 0, 0, 1, 1, 1, 2, 18, 35, 56, 59, 82, 7, 0, 0
16:33:17, 1329.10, 31.28, 32.66, 30.406, 2, 2, 3, 5, 14, 27, 41, 41, 72, 7, 0, 0, 3, 2, 2, 4, 17, 33, 54, 58, 84, 7, 0, 0
16:33:17, 1330.90, 31.28, 32.68, 30.406, 2, 2, 3, 5, 20, 37, 57, 58, 100, 9, 0, 0, 2, 2, 2, 3, 16, 30, 50, 53, 81, 7, 0, 0
16:33:18, 1328.60, 31.29, 32.66, 30.398, 2, 2, 3, 5, 18, 32, 49, 49, 89, 8, 0, 0, 2, 1, 1, 2, 13, 26, 43, 47, 70, 6, 0, 0
16:33:19, 1328.80, 31.28, 32.68, 30.406, 2, 2, 3, 6, 22, 42, 64, 65, 111, 10, 0, 0, 2, 1, 1, 2, 11, 22, 36, 40, 59, 5, 0, 0
16:33:19, 1329.60, 31.29, 32.70, 30.406, 3, 2, 4, 6, 23, 43, 65, 66, 107, 9, 0, 0, 2, 1, 1, 3, 11, 22, 36, 39, 58, 5, 0, 0
16:33:20, 1329.30, 31.29, 32.70, 30.398, 2, 2, 3, 6, 20, 36, 55, 56, 79, 7, 0, 0, 1, 1, 1, 2, 9, 18, 30, 33, 42, 3, 0, 0
16:33:21, 1329.50, 31.29, 32.70, 30.406, 2, 2, 3, 5, 20, 38, 57, 58, 74, 6, 0, 0, 1, 1, 0, 1, 8, 17, 28, 30, 37, 3, 0, 0
16:33:21, 1329.50, 31.29, 32.66, 30.406, 3, 2, 4, 6, 24, 45, 68, 70, 93, 8, 0, 0, 2, 1, 1, 2, 12, 24, 39, 43, 55, 5, 0, 0
16:33:22, 1326.30, 31.29, 32.66, 30.406, 3, 3, 4, 7, 24, 46, 69, 71, 100, 8, 0, 0, 2, 2, 2, 3, 16, 31, 50, 53, 71, 6, 0, 0
16:33:23, 1324.80, 31.29, 32.70, 30.406, 3, 3, 4, 8, 27, 50, 76, 78, 119, 10, 0, 0, 2, 2, 2, 4, 18, 34, 55, 58, 79, 7, 0, 0
16:33:23, 1326.10, 31.29, 32.70, 30.406, 3, 3, 4, 7, 27, 51, 77, 79, 118, 10, 0, 0, 2, 2, 2, 3, 16, 31, 50, 54, 71, 6, 0, 0
16:33:24, 1321.70, 31.29, 32.70, 30.398, 3, 3, 4, 7, 27, 50, 76, 78, 111, 9, 0, 0, 2, 2, 2, 4, 18, 35, 56, 59, 77, 6, 0, 0
16:33:25, 1317.40, 31.29, 32.70, 30.414, 3, 3, 4, 8, 27, 51, 76, 78, 108, 9, 0, 0, 3, 2, 2, 4, 20, 38, 59, 62, 80, 7, 0, 0
16:33:25, 1314.30, 31.29, 32.68, 30.414, 3, 3, 5, 8, 30, 56, 83, 86, 119, 10, 0, 0, 3, 2, 2, 4, 21, 40, 62, 64, 85, 7, 0, 0
16:33:26, 1308.90, 31.29, 32.72, 30.398, 4, 4, 5, 10, 36, 66, 99, 102, 150, 13, 0, 0, 3, 2, 2, 5, 23, 43, 66, 68, 93, 8, 0, 0
16:33:27, 1302.60, 31.29, 32.70, 30.398, 5, 4, 6, 11, 39, 71, 105, 108, 167, 14, 0, 0, 3, 2, 3, 5, 26, 49, 74, 75, 104, 9, 0, 0
16:33:27, 1298.60, 31.29, 32.68, 30.406, 5, 5, 7, 13, 48, 87, 128, 132, 199, 17, 0, 0, 3, 3, 3, 6, 29, 54, 82, 82, 113, 10, 0, 0
16:33:28, 1295.60, 31.29, 32.68, 30.406, 5, 5, 7, 13, 44, 80, 117, 120, 182, 15, 0, 0, 4, 3, 3, 7, 30, 56, 85, 84, 116, 10, 0, 0
16:33:29, 1294.30, 31.29, 32.72, 30.406, 6, 5, 7, 14, 49, 89, 130, 133, 195, 16, 0, 0, 4, 3, 3, 6, 30, 55, 83, 83, 114, 10, 0, 0
16:33:29, 1292.60, 31.29, 32.64, 30.406, 6, 6, 8, 15, 53, 95, 139, 144, 208, 18, 0, 0, 4, 3, 4, 7, 30, 56, 84, 84, 119, 10, 0, 0
16:33:30, 1289.30, 31.29, 32.66, 30.406, 7, 6, 8, 17, 54, 96, 140, 143, 214, 18, 0, 0, 4, 3, 4, 7, 33, 62, 93, 93, 129, 11, 0, 0
16:33:31, 1289.60, 31.29, 32.68, 30.406, 7, 6, 8, 17, 55, 96, 139, 143, 201, 17, 0, 0, 4, 3, 4, 7, 32, 59, 88, 89, 121, 10, 0, 0
16:33:31, 1287.00, 31.29, 32.68, 30.406, 6, 6, 8, 15, 53, 94, 137, 142, 194, 16, 0, 0, 5, 4, 4, 8, 35, 64, 96, 96, 131, 11, 0, 0
16:33:32, 1284.30, 31.29, 32.70, 30.414, 7, 7, 9, 18, 60, 106, 155, 159, 232, 19, 0, 0, 5, 4, 4, 8, 35, 65, 97, 97, 135, 11, 0, 0
16:33:33, 1281.90, 31.29, 32.64, 30.414, 8, 7, 10, 20, 70, 123, 179, 185, 275, 23, 0, 0, 5, 4, 4, 9, 37, 68, 101, 101, 142, 12, 0, 0
16:33:33, 1277.80, 31.30, 32.66, 30.406, 9, 8, 11, 22, 71, 123, 179, 184, 273, 23, 0, 0, 5, 4, 5, 9, 41, 74, 109, 108, 153, 13, 0, 0
16:33:34, 1275.10, 31.29, 32.68, 30.414, 9, 8, 11, 23, 80, 138, 199, 206, 307, 26, 0, 0, 5, 4, 5, 10, 43, 79, 115, 114, 160, 14, 0, 0
16:33:35, 1273.40, 31.30, 32.70, 30.414, 10, 9, 12, 24, 86, 149, 215, 223, 324, 27, 0, 0, 5, 4, 5, 10, 44, 80, 117, 116, 162, 14, 0, 0
16:33:35, 1268.70, 31.29, 32.66, 30.406, 9, 8, 11, 23, 79, 136, 196, 201, 301, 25, 0, 0, 6, 5, 6, 11, 50, 91, 132, 129, 182, 16, 0, 0
16:33:36, 1268.30, 31.30, 32.68, 30.414, 10, 9, 12, 25, 84, 144, 207, 213, 312, 26, 0, 0, 6, 5, 6, 12, 51, 92, 133, 131, 184, 16, 0, 0
16:33:37, 1266.00, 31.30, 32.68, 30.414, 12, 11, 15, 31, 99, 168, 240, 251, 379, 32, 0, 0, 6, 5, 6, 12, 52, 93, 135, 133, 189, 16, 0, 0
16:33:37, 1263.80, 31.30, 32.66, 30.406, 10, 9, 13, 27, 90, 153, 220, 226, 361, 31, 0, 0, 7, 6, 7, 13, 55, 98, 141, 139, 201, 17, 0, 0
16:33:38, 1264.10, 31.30, 32.62, 30.414, 11, 10, 14, 30, 101, 171, 244, 254, 394, 33, 0, 0, 7, 5, 6, 13, 51, 92, 132, 130, 189, 16, 0, 0
16:33:39, 1259.00, 31.30, 32.70, 30.414, 12, 11, 15, 31, 88, 151, 217, 223, 339, 29, 0, 0, 8, 6, 8, 15, 60, 106, 152, 149, 214, 19, 0, 0
16:33:39, 1258.70, 31.30, 32.66, 30.406, 12, 11, 14, 31, 102, 173, 247, 255, 388, 33, 0, 0, 7, 6, 7, 14, 58, 103, 147, 143, 205, 18, 0, 0
16:33:40, 1257.30, 31.30, 32.68, 30.414, 12, 11, 14, 31, 103, 174, 248, 259, 376, 31, 0, 0, 8, 6, 7, 15, 58, 103, 147, 143, 204, 18, 0, 0
16:33:41, 1253.30, 31.30, 32.66, 30.414, 13, 12, 16, 33, 98, 167, 238, 246, 367, 31, 0, 0, 8, 7, 8, 16, 66, 116, 164, 159, 228, 20, 0, 0
16:33:41, 1250.20, 31.30, 32.70, 30.414, 14, 12, 17, 36, 111, 188, 268, 279, 424, 36, 0, 0, 8, 7, 8, 17, 71, 125, 177, 171, 243, 21, 0, 0
16:33:42, 1251.30, 31.30, 32.70, 30.414, 14, 12, 17, 36, 119, 200, 285, 296, 464, 39, 0, 0, 8, 7, 8, 16, 65, 114, 161, 156, 231, 20, 0, 0
16:33:42, 1248.10, 31.30, 32.68, 30.414, 14, 12, 17, 37, 115, 192, 274, 284, 466, 40, 0, 0, 9, 8, 9, 18, 74, 129, 181, 176, 264, 23, 0, 0
16:33:43, 1246.80, 31.30, 32.68, 30.414, 13, 12, 16, 35, 110, 184, 263, 268, 455, 40, 0, 0, 10, 8, 10, 19, 73, 128, 180, 173, 256, 22, 0, 0
16:33:44, 1249.80, 31.30, 32.68, 30.414, 15, 14, 19, 41, 124, 209, 296, 310, 455, 38, 0, 0, 8, 7, 8, 16, 68, 119, 168, 162, 227, 20, 0, 0
16:33:44, 1255.10, 31.30, 32.68, 30.406, 15, 14, 19, 41, 142, 236, 336, 355, 516, 43, 0, 0, 7, 6, 7, 14, 58, 103, 145, 140, 207, 18, 0, 0
16:33:45, 1258.50, 31.30, 32.68, 30.414, 16, 14, 20, 42, 135, 226, 322, 340, 504, 42, 0, 0, 7, 6, 7, 13, 55, 99, 140, 136, 200, 17, 0, 0
16:33:46, 1259.20, 31.29, 32.68, 30.414, 15, 14, 19, 40, 130, 217, 309, 325, 499, 42, 0, 0, 7, 6, 7, 13, 55, 98, 139, 135, 198, 17, 0, 0
16:33:46, 1250.00, 31.30, 32.62, 30.406, 13, 11, 15, 33, 106, 179, 252, 264, 357, 30, 0, 0, 8, 7, 8, 16, 68, 120, 169, 164, 223, 19, 0, 0
16:33:47, 1245.50, 31.30, 32.68, 30.414, 12, 11, 15, 31, 100, 171, 240, 250, 312, 26, 0, 0, 10, 8, 10, 19, 79, 138, 193, 186, 251, 22, 0, 0
16:33:48, 1243.50, 31.30, 32.68, 30.414, 13, 12, 16, 34, 118, 197, 280, 289, 452, 38, 0, 0, 9, 8, 10, 19, 77, 134, 188, 181, 272, 24, 0, 0
16:33:48, 1239.20, 31.29, 32.70, 30.406, 15, 14, 19, 41, 133, 219, 312, 321, 563, 49, 0, 0, 11, 9, 11, 22, 88, 152, 211, 204, 310, 27, 0, 0
16:33:49, 1238.80, 31.29, 32.68, 30.406, 16, 14, 19, 43, 137, 226, 319, 332, 508, 43, 0, 0, 11, 9, 11, 22, 91, 156, 218, 209, 290, 25, 0, 0
16:33:50, 1239.40, 31.29, 32.68, 30.406, 16, 15, 20, 44, 129, 216, 302, 317, 430, 36, 0, 0, 10, 9, 11, 22, 86, 149, 208, 200, 278, 24, 0, 0
16:33:50, 1239.40, 31.29, 32.66, 30.406, 15, 14, 19, 41, 124, 207, 290, 303, 411, 34, 0, 0, 10, 9, 11, 22, 83, 145, 202, 194, 269, 23, 0, 0
16:33:51, 1238.40, 31.29, 32.66, 30.406, 16, 14, 20, 43, 133, 222, 312, 326, 486, 41, 0, 0, 10, 9, 10, 21, 85, 146, 204, 196, 292, 26, 0, 0
16:33:52, 1236.90, 31.29, 32.68, 30.406, 18, 17, 23, 52, 166, 271, 383, 402, 663, 57, 0, 0, 10, 9, 10, 21, 89, 153, 212, 204, 311, 27, 0, 0
16:33:52, 1233.50, 31.29, 32.68, 30.406, 20, 18, 26, 58, 158, 258, 366, 380, 655, 57, 0, 0, 12, 10, 12, 25, 100, 170, 236, 227, 344, 30, 0, 0
16:33:53, 1235.80, 31.29, 32.64, 30.414, 19, 18, 24, 54, 159, 260, 366, 384, 581, 49, 0, 0, 11, 10, 12, 24, 94, 162, 225, 215, 301, 26, 0, 0
16:33:54, 1234.90, 31.29, 32.68, 30.414, 17, 15, 21, 45, 126, 210, 293, 307, 412, 34, 0, 0, 11, 10, 12, 24, 92, 158, 219, 210, 293, 26, 0, 0
16:33:54, 1236.40, 31.29, 32.68, 30.398, 18, 16, 22, 50, 141, 233, 327, 342, 485, 40, 0, 0, 11, 9, 11, 23, 87, 150, 208, 200, 287, 25, 0, 0
16:33:55, 1237.30, 31.29, 32.68, 30.406, 20, 18, 26, 58, 177, 288, 406, 429, 677, 57, 0, 0, 10, 8, 10, 20, 82, 141, 196, 189, 286, 25, 0, 0
16:33:56, 1227.40, 31.29, 32.62, 30.406, 19, 17, 24, 54, 164, 266, 376, 390, 652, 56, 0, 0, 12, 10, 13, 26, 110, 187, 259, 249, 370, 33, 0, 0
16:33:56, 1224.40, 31.29, 32.66, 30.406, 19, 17, 24, 55, 159, 260, 362, 378, 570, 48, 0, 0, 14, 12, 15, 30, 118, 199, 275, 264, 368, 32, 0, 0
16:33:57, 1223.10, 31.29, 32.68, 30.406, 20, 18, 25, 56, 168, 274, 380, 399, 557, 46, 0, 0, 14, 12, 15, 30, 118, 199, 274, 263, 376, 33, 0, 0
16:33:58, 1219.50, 31.29, 32.70, 30.414, 25, 23, 33, 75, 214, 342, 479, 504, 819, 69, 0, 0, 14, 12, 15, 32, 124, 208, 287, 277, 422, 37, 0, 0
16:33:58, 1218.20, 31.29, 32.74, 30.406, 24, 22, 32, 73, 226, 355, 499, 520, 943, 83, 0, 0, 15, 13, 16, 34, 127, 212, 291, 281, 435, 38, 0, 0
16:33:59, 1213.40, 31.30, 32.68, 30.406, 25, 23, 33, 76, 203, 325, 454, 472, 764, 65, 0, 0, 17, 15, 18, 39, 147, 244, 334, 322, 463, 41, 0, 0
16:34:00, 1214.10, 31.29, 32.70, 30.406, 24, 21, 30, 70, 205, 330, 454, 481, 653, 54, 0, 0, 17, 14, 18, 38, 146, 244, 333, 322, 432, 38, 0, 0
16:34:00, 1214.00, 31.29, 32.64, 30.406, 24, 21, 30, 68, 201, 323, 444, 468, 650, 54, 0, 0, 17, 14, 18, 38, 138, 230, 315, 304, 446, 39, 0, 0
16:34:01, 1212.00, 31.29, 32.66, 30.406, 30, 27, 39, 90, 271, 423, 592, 626, 1124, 97, 0, 0, 16, 14, 18, 38, 147, 244, 333, 325, 523, 46, 0, 0
16:34:02, 1210.50, 31.30, 32.70, 30.414, 28, 26, 38, 88, 254, 392, 549, 571, 1126, 102, 0, 0, 18, 16, 20, 42, 149, 246, 336, 327, 519, 46, 0, 0
16:34:02, 1210.40, 31.30, 32.66, 30.406, 29, 27, 39, 91, 256, 402, 561, 589, 987, 84, 0, 0, 17, 14, 18, 39, 143, 237, 324, 314, 461, 41, 0, 0
16:34:03, 1207.70, 31.30, 32.66, 30.406, 25, 22, 32, 75, 205, 329, 450, 472, 674, 56, 0, 0, 19, 16, 21, 43, 158, 263, 359, 348, 479, 42, 0, 0
16:34:04, 1209.80, 31.30, 32.66, 30.406, 27, 24, 34, 79, 245, 389, 535, 570, 773, 63, 0, 0, 17, 15, 19, 40, 143, 237, 324, 313, 449, 40, 0, 0
16:34:04, 1208.10, 31.30, 32.66, 30.414, 32, 30, 43, 101, 295, 461, 641, 683, 1124, 95, 0, 0, 17, 14, 18, 38, 148, 245, 335, 325, 498, 44, 0, 0
16:34:05, 1208.00, 31.30, 32.68, 30.414, 33, 31, 46, 107, 311, 480, 669, 707, 1273, 110, 0, 0, 17, 14, 18, 38, 138, 229, 312, 303, 469, 41, 0, 0
16:34:06, 1205.30, 31.30, 32.68, 30.406, 29, 27, 38, 90, 244, 384, 533, 555, 919, 78, 0, 0, 19, 16, 21, 45, 165, 271, 370, 358, 533, 47, 0, 0
16:34:06, 1210.80, 31.30, 32.66, 30.406, 31, 28, 41, 97, 284, 445, 618, 655, 1040, 87, 0, 0, 16, 14, 18, 38, 133, 222, 303, 294, 440, 39, 0, 0
16:34:07, 1206.50, 31.30, 32.70, 30.406, 38, 35, 53, 123, 332, 516, 715, 767, 1218, 101, 0, 0, 16, 14, 17, 36, 152, 251, 343, 333, 475, 42, 0, 0
16:34:08, 1202.10, 31.30, 32.68, 30.406, 29, 26, 38, 88, 245, 387, 527, 557, 801, 66, 0, 0, 20, 17, 21, 46, 166, 274, 372, 361, 497, 44, 0, 0
16:34:08, 1197.20, 31.30, 32.68, 30.414, 30, 26, 38, 88, 255, 402, 547, 580, 789, 65, 0, 0, 23, 20, 25, 55, 198, 323, 440, 427, 606, 54, 0, 0
16:34:09, 1198.00, 31.30, 32.66, 30.414, 31, 28, 42, 99, 297, 455, 634, 659, 1230, 108, 0, 0, 22, 19, 24, 52, 190, 309, 420, 410, 653, 58, 0, 0
16:34:10, 1195.30, 31.29, 32.66, 30.406, 31, 29, 42, 99, 262, 402, 562, 575, 1095, 97, 0, 0, 25, 21, 28, 60, 208, 337, 458, 446, 689, 61, 0, 0
16:34:10, 1196.20, 31.29, 32.68, 30.414, 30, 28, 41, 97, 253, 394, 546, 563, 959, 82, 0, 0, 25, 21, 28, 60, 202, 329, 448, 434, 626, 55, 0, 0
16:34:11, 1196.70, 31.30, 32.68, 30.414, 34, 30, 45, 105, 294, 459, 628, 667, 963, 79, 0, 0, 21, 18, 23, 49, 182, 298, 405, 394, 556, 49, 0, 0
16:34:12, 1196.80, 31.29, 32.68, 30.414, 36, 32, 48, 112, 324, 502, 689, 732, 1104, 91, 0, 0, 20, 17, 22, 48, 170, 280, 379, 369, 548, 48, 0, 0
16:34:12, 1195.10, 31.29, 32.66, 30.414, 40, 37, 55, 130, 348, 533, 738, 777, 1332, 114, 0, 0, 22, 19, 25, 53, 181, 295, 399, 390, 610, 54, 0, 0
16:34:13, 1193.10, 31.29, 32.66, 30.414, 43, 40, 61, 143, 356, 544, 754, 795, 1369, 117, 0, 0, 23, 19, 26, 55, 197, 320, 434, 422, 637, 56, 0, 0
16:34:14, 1189.50, 31.30, 32.70, 30.406, 38, 36, 53, 127, 336, 514, 711, 744, 1271, 109, 0, 0, 25, 22, 29, 62, 220, 355, 480, 467, 704, 63, 0, 0
16:34:14, 1189.20, 31.30, 32.68, 30.406, 42, 39, 58, 138, 390, 595, 822, 872, 1449, 122, 0, 0, 24, 20, 27, 58, 211, 341, 462, 450, 671, 59, 0, 0
16:34:15, 1187.90, 31.30, 32.62, 30.414, 45, 42, 64, 151, 387, 589, 811, 857, 1434, 121, 0, 0, 25, 21, 28, 61, 212, 342, 463, 450, 675, 60, 0, 0
16:34:16, 1186.90, 31.30, 32.60, 30.414, 37, 34, 51, 123, 339, 517, 710, 738, 1254, 107, 0, 0, 28, 24, 32, 69, 229, 369, 498, 485, 726, 64, 0, 0
16:34:16, 1186.40, 31.29, 32.68, 30.414, 53, 50, 76, 179, 416, 635, 875, 937, 1464, 121, 0, 0, 25, 22, 29, 62, 223, 360, 487, 474, 683, 60, 0, 0
16:34:17, 1186.70, 31.29, 32.68, 30.406, 38, 35, 52, 124, 337, 518, 703, 741, 1122, 93, 0, 0, 25, 22, 29, 62, 218, 352, 476, 464, 672, 59, 0, 0
16:34:18, 1185.30, 31.29, 32.70, 30.414, 43, 39, 59, 139, 374, 571, 780, 828, 1262, 104, 0, 0, 27, 23, 31, 67, 243, 390, 527, 513, 725, 64, 0, 0
16:34:18, 1187.00, 31.29, 32.66, 30.414, 42, 38, 58, 137, 361, 552, 752, 795, 1231, 102, 0, 0, 27, 23, 30, 66, 223, 360, 486, 474, 693, 61, 0, 0
16:34:19, 1192.10, 31.29, 32.66, 30.414, 52, 49, 76, 179, 462, 697, 957, 1030, 1707, 143, 0, 0, 22, 19, 25, 53, 186, 303, 409, 400, 633, 56, 0, 0
16:34:20, 1188.50, 31.29, 32.66, 30.414, 53, 49, 77, 177, 495, 748, 1024, 1115, 2011, 172, 0, 0, 22, 19, 24, 53, 196, 319, 431, 420, 619, 55, 0, 0
16:34:20, 1186.60, 31.29, 32.66, 30.414, 35, 31, 46, 106, 286, 445, 595, 629, 862, 71, 0, 0, 28, 24, 32, 69, 238, 385, 520, 508, 688, 61, 0, 0
16:34:21, 1184.70, 31.30, 32.66, 30.414, 39, 34, 52, 121, 338, 522, 705, 755, 1014, 83, 0, 0, 27, 23, 31, 68, 236, 381, 514, 501, 707, 63, 0, 0
16:34:22, 1182.80, 31.30, 32.66, 30.422, 46, 43, 66, 155, 416, 625, 861, 911, 1603, 137, 0, 0, 28, 24, 32, 70, 252, 402, 543, 532, 837, 75, 0, 0
16:34:22, 1181.30, 31.30, 32.68, 30.422, 48, 46, 72, 169, 493, 730, 1002, 1074, 2085, 184, 0, 0, 25, 22, 29, 64, 241, 385, 519, 509, 802, 71, 0, 0
16:34:23, 1176.10, 31.30, 32.68, 30.406, 45, 42, 65, 155, 392, 585, 813, 839, 1593, 140, 0, 0, 35, 30, 41, 91, 305, 480, 646, 632, 983, 88, 0, 0
16:34:24, 1177.20, 31.30, 32.64, 30.414, 44, 41, 63, 151, 408, 610, 839, 870, 1556, 134, 0, 0, 32, 28, 38, 84, 265, 421, 565, 552, 813, 72, 0, 0
16:34:24, 1178.60, 31.30, 32.66, 30.414, 51, 46, 72, 168, 438, 662, 891, 959, 1330, 108, 0, 0, 29, 25, 34, 74, 251, 402, 538, 526, 746, 66, 0, 0
16:34:25, 1175.90, 31.30, 32.68, 30.414, 55, 50, 77, 180, 512, 770, 1050, 1143, 1632, 132, 0, 0, 28, 24, 32, 72, 255, 407, 546, 534, 783, 69, 0, 0
16:34:26, 1172.00, 31.30, 32.66, 30.414, 53, 50, 79, 188, 508, 751, 1023, 1083, 1869, 158, 0, 0, 33, 29, 39, 87, 303, 477, 639, 625, 962, 85, 0, 0
16:34:26, 1171.00, 31.30, 32.64, 30.414, 58, 56, 89, 211, 529, 775, 1066, 1121, 2113, 184, 0, 0, 35, 31, 42, 94, 306, 480, 642, 628, 978, 87, 0, 0
16:34:27, 1172.40, 31.30, 32.60, 30.414, 63, 60, 97, 231, 573, 845, 1153, 1236, 2047, 171, 0, 0, 32, 28, 38, 85, 281, 445, 593, 581, 863, 76, 0, 0
16:34:28, 1171.20, 31.30, 32.64, 30.422, 72, 69, 112, 264, 582, 863, 1168, 1262, 1926, 157, 0, 0, 34, 30, 40, 90, 291, 459, 612, 598, 875, 77, 0, 0
16:34:28, 1171.10, 31.30, 32.66, 30.422, 62, 58, 93, 221, 536, 795, 1074, 1151, 1794, 148, 0, 0, 33, 29, 39, 88, 291, 458, 612, 599, 890, 79, 0, 0
16:34:29, 1169.10, 31.30, 32.66, 30.414, 71, 69, 110, 261, 611, 900, 1225, 1328, 2150, 178, 0, 0, 32, 28, 38, 84, 287, 452, 602, 590, 886, 78, 0, 0
16:34:30, 1161.30, 31.29, 32.68, 30.414, 62, 59, 95, 228, 563, 820, 1121, 1171, 2094, 179, 0, 0, 43, 37, 53, 119, 385, 594, 790, 776, 1201, 107, 0, 0
16:34:30, 1155.70, 31.30, 32.66, 30.414, 66, 64, 104, 250, 639, 918, 1253, 1311, 2493, 217, 0, 0, 47, 41, 58, 132, 434, 665, 879, 864, 1357, 120, 0, 0
16:34:31, 1153.30, 31.29, 32.66, 30.414, 82, 80, 135, 322, 814, 1160, 1572, 1687, 3045, 259, 0, 0, 45, 39, 57, 129, 434, 664, 877, 861, 1302, 115, 0, 0
16:34:31, 1149.30, 31.30, 32.70, 30.414, 80, 76, 128, 306, 714, 1028, 1378, 1457, 2429, 202, 0, 0, 51, 45, 65, 149, 470, 713, 939, 923, 1389, 123, 0, 0
16:34:32, 1143.60, 31.30, 32.68, 30.414, 87, 84, 145, 345, 830, 1167, 1573, 1651, 3063, 262, 0, 0, 58, 51, 75, 174, 535, 803, 1052, 1036, 1642, 145, 0, 0
16:34:33, 1139.00, 31.30, 32.66, 30.414, 112, 115, 202, 472, 1028, 1424, 1928, 2056, 4098, 360, 0, 0, 63, 56, 84, 193, 581, 864, 1129, 1113, 1790, 158, 0, 0
16:34:33, 1133.60, 31.30, 32.68, 30.414, 114, 116, 204, 482, 1173, 1626, 2185, 2349, 4264, 360, 0, 0, 64, 57, 87, 201, 621, 919, 1194, 1177, 1779, 157, 0, 0
16:34:34, 1129.30, 31.30, 32.66, 30.414, 141, 138, 249, 573, 1210, 1689, 2193, 2409, 3602, 291, 0, 0, 74, 66, 102, 237, 685, 1007, 1298, 1282, 1908, 168, 0, 0
16:34:35, 1130.50, 31.30, 32.68, 30.414, 170, 176, 325, 739, 1750, 2375, 3150, 3493, 6188, 509, 0, 0, 65, 58, 90, 211, 602, 886, 1142, 1129, 1865, 164, 0, 0
16:34:35, 1124.70, 31.30, 32.64, 30.414, 160, 174, 323, 732, 1547, 2069, 2792, 3044, 6619, 605, 0, 0, 79, 71, 113, 263, 759, 1099, 1415, 1403, 2385, 210, 0, 0
16:34:36, 1120.50, 31.30, 32.66, 30.414, 154, 169, 315, 724, 1408, 1871, 2553, 2634, 5708, 512, 0, 0, 82, 73, 118, 274, 797, 1148, 1476, 1456, 2359, 208, 0, 0
16:34:37, 1116.80, 31.31, 32.70, 30.430, 164, 174, 324, 741, 1548, 2086, 2760, 2957, 5504, 465, 0, 0, 92, 84, 136, 317, 883, 1262, 1615, 1594, 2514, 222, 0, 0
16:34:37, 1116.80, 31.31, 32.68, 30.430, 185, 200, 375, 853, 1812, 2397, 3181, 3433, 6743, 581, 0, 0, 87, 79, 131, 305, 792, 1135, 1446, 1432, 2409, 210, 0, 0
16:34:38, 1114.50, 31.31, 32.66, 30.430, 270, 309, 605, 1304, 2629, 3501, 4511, 5156, 10984, 930, 0, 0, 85, 77, 128, 298, 846, 1205, 1537, 1524, 2589, 226, 0, 0
16:34:39, 1108.80, 31.31, 32.66, 30.430, 185, 210, 397, 899, 1588, 2064, 2760, 2822, 6235, 563, 0, 0, 109, 100, 170, 395, 983, 1386, 1759, 1740, 2859, 251, 0, 0
16:34:39, 1101.50, 31.31, 32.64, 30.430, 173, 181, 350, 783, 1565, 2096, 2693, 2834, 5273, 453, 0, 0, 118, 108, 186, 430, 1190, 1656, 2093, 2069, 3262, 288, 0, 0
16:34:40, 1097.80, 31.31, 32.64, 30.430, 211, 235, 459, 1012, 2132, 2740, 3611, 3777, 8047, 715, 0, 0, 127, 119, 209, 481, 1293, 1778, 2243, 2229, 3798, 335, 0, 0
16:34:41, 1095.50, 31.31, 32.64, 30.437, 354, 455, 893, 1815, 3238, 4054, 5407, 5977, 14844, 1482, 0, 0, 134, 126, 225, 517, 1274, 1748, 2194, 2182, 3898, 341, 0, 0
16:34:41, 1091.60, 31.31, 32.62, 30.437, 322, 415, 828, 1681, 3372, 4260, 5571, 6281, 15630, 1540, 0, 0, 136, 128, 232, 529, 1404, 1910, 2395, 2381, 4176, 367, 0, 0
16:34:42, 1081.50, 31.31, 32.66, 30.461, 263, 330, 651, 1373, 2261, 2820, 3743, 3748, 9136, 873, 0, 0, 162, 157, 291, 656, 1596, 2146, 2670, 2656, 4551, 402, 0, 0
16:34:43, 1077.90, 31.32, 32.66, 30.477, 412, 541, 1030, 2120, 3807, 4722, 6202, 6644, 15214, 1459, 0, 0, 167, 164, 309, 691, 1630, 2176, 2692, 2679, 4651, 410, 0, 0
16:34:43, 1076.60, 31.33, 32.62, 30.477, 546, 768, 1500, 2818, 5155, 6224, 7901, 9342, 19281, 1876, 0, 0, 161, 160, 303, 675, 1551, 2068, 2551, 2546, 4542, 399, 0, 0
16:34:44, 1070.40, 31.34, 32.62, 30.508, 689, 1004, 1949, 3523, 4956, 6065, 7766, 9013, 18387, 1733, 0, 0, 178, 179, 342, 758, 1820, 2401, 2950, 2946, 5043, 449, 0, 0
16:34:45, 1061.90, 31.35, 32.64, 30.508, 593, 806, 1534, 2906, 4060, 5082, 6397, 6787, 15018, 1428, 0, 0, 210, 219, 429, 926, 2049, 2659, 3250, 3253, 5781, 516, 0, 0
16:34:45, 1054.60, 31.36, 32.64, 30.547, 855, 1391, 2637, 4424, 5881, 6900, 8843, 9959, 24844, 2949, 0, 0, 232, 248, 495, 1051, 2277, 2914, 3545, 3557, 6569, 588, 0, 0
16:34:46, 1050.80, 31.38, 32.68, 30.609, 1120, 1950, 3531, 5722, 9438, 11479, 13530, 17177, 36000, 7211, 1, 1, 249, 280, 563, 1157, 2406, 3049, 3697, 3716, 7649, 689, 0, 0
16:34:47, 1041.50, 31.41, 32.68, 30.609, 894, 1739, 3008, 5315, 7646, 7410, 11874, 10380, 36000, 9635, 1, 1, 316, 375, 759, 1512, 2917, 3620, 4359, 4393, 9283, 853, 0, 0
16:34:47, 1032.40, 31.44, 32.68, 30.844, 2605, 4964, 7867, 11735, 14503, 13155, 20737, 22002, 36000, 27864, 1, 1, 377, 479, 962, 1829, 3284, 4009, 4800, 4869, 10723, 1012, 0, 0
16:34:48, 1028.00, 31.48, 32.66, 30.977, 3179, 6683, 9349, 15032, 30776, 31772, 34644, 35109, 36000, 29237, 1, 1, 376, 485, 970, 1805, 3473, 4192, 4989, 5091, 11663, 1138, 0, 0
16:34:49, 1022.80, 31.51, 32.64, 30.977, 4321, 7934, 12579, 16823, 25431, 26987, 30207, 31081, 36000, 24384, 1, 1, 390, 518, 1015, 1846, 3423, 4124, 4886, 5005, 11422, 1162, 0, 0
16:34:49, 1023.20, 31.54, 32.68, 31.047, 4631, 7491, 11247, 13377, 13616, 14475, 17309, 18963, 33807, 11764, 0, 1, 431, 590, 1144, 2060, 3635, 4401, 5193, 5316, 10912, 1156, 0, 0
16:34:50, 1019.40, 31.56, 32.68, 31.078, 9380, 15821, 25073, 29880, 34946, 35279, 36000, 36000, 36000, 31903, 1, 1, 479, 671, 1284, 2266, 3834, 4596, 5432, 5546, 11657, 1272, 0, 0
16:34:51, 1020.40, 31.59, 32.68, 31.078, 8139, 14957, 20100, 24498, 32894, 33422, 32056, 36000, 20251, 5833, 1, 1, 448, 628, 1200, 2138, 3716, 4470, 5282, 5369, 10662, 1122, 0, 0
16:34:51, 1018.70, 31.60, 32.70, 31.094, 3057, 5935, 7887, 10823, 5847, 5988, 6988, 7713, 13677, 3051, 0, 0, 413, 567, 1094, 1979, 3445, 4149, 4896, 4988, 9656, 1009, 0, 0
16:34:52, 1019.90, 31.62, 32.68, 31.109, 7606, 12485, 19542, 21504, 20351, 22434, 26556, 25786, 30536, 8468, 0, 0, 381, 516, 1003, 1830, 3317, 3991, 4709, 4811, 9383, 982, 0, 0
16:34:53, 1014.90, 31.63, 32.70, 31.109, 6254, 11874, 17919, 20562, 26696, 26165, 32389, 33541, 36000, 18699, 1, 1, 420, 585, 1123, 1986, 3534, 4204, 4951, 5097, 10697, 1173, 0, 0
16:34:53, 1013.30, 31.63, 32.66, 31.109, 8240, 14528, 20894, 19797, 29684, 33668, 28985, 35948, 36000, 36000, 1, 1, 502, 720, 1377, 2355, 4054, 4749, 5623, 5746, 13531, 1476, 0, 0
16:34:54, 1013.00, 31.64, 32.66, 31.102, 10166, 14687, 27055, 30228, 36000, 36000, 36000, 36000, 36000, 36000, 1, 1, 2362, 3479, 5449, 6616, 9679, 10371, 12188, 13306, 36000, 12882, 1, 1
16:34:55, 1013.40, 31.64, 32.68, 31.102, 9584, 17149, 25461, 26804, 36000, 36000, 36000, 36000, 36000, 36000, 1, 1, 5167, 7835, 11994, 14875, 18827, 19113, 25337, 25726, 36000, 19243, 1, 1
16:34:55, 1012.80, 31.63, 32.64, 30.937, 4946, 9093, 13362, 14349, 16817, 16922, 17861, 18171, 27778, 18471, 0, 0, 5371, 8190, 9859, 11897, 14470, 20020, 30317, 31959, 36000, 36000, 1, 1
16:34:56, 1012.90, 31.63, 32.68, 30.578, 12536, 18144, 28866, 34402, 19012, 19394, 20509, 21260, 31747, 23161, 0, 1, 4284, 6235, 8015, 9155, 11291, 16168, 24284, 26246, 36000, 35994, 1, 1
16:34:57, 1013.10, 31.62, 32.66, 30.578, 15589, 20818, 28901, 33170, 35661, 35005, 34461, 36000, 34913, 16729, 1, 1, 4927, 7138, 8668, 10528, 12293, 16582, 22295, 31922, 36000, 36000, 1, 1
16:34:57, 1013.30, 31.59, 32.66, 30.180, 3465, 4053, 7946, 6241, 8050, 7450, 8921, 9648, 18176, 4835, 0, 0, 1048, 1504, 1724, 2278, 2920, 3339, 4795, 5926, 11601, 6704, 0, 0
16:34:58, 1013.30, 31.58, 32.70, 29.758, 1077, 1469, 1944, 2933, 19158, 20855, 23741, 32465, 24829, 7114, 0, 1, 197, 235, 292, 339, 20, 30, 64, 120, 332, 308, 0, 0
16:34:59, 1013.30, 31.56, 32.70, 29.758, 6088, 13133, 15445, 22337, 26276, 26497, 35477, 36000, 33673, 12091, 1, 1, 11, 12, 11, 13, 12, 17, 37, 73, 219, 219, 0, 0
