Secchi Depth (cm) = 9999
Forel Ule Scale = 99
pH Colour Scale = 99
SensingSecchi S/N = A016
Latitude (degs N) = 34.31559
Longitude (degs E) = -77.95397
Date = 2026-08-14
Time (UTC), Pressure (mbar) MS5803, Temp (deg C) MS5803, Temp (deg C) 10KTHERM, Temp (deg C) TMP117, ED 415nm, ED 445nm, ED 480nm, ED 515nm, ED 555nm, ED 590nm, ED 630nm, ED 680nm, ED Clear, ED NIR, ED D-SAT, ED A-SAT, EU 415nm, EU 445nm, EU 480nm, EU 515nm, EU 555nm, EU 590nm, EU 630nm, EU 680nm, EU Clear, EU NIR, EU D-SAT, EU A-SAT
17:41:48, 1013.10, 33.17, 34.12, 32.898, 8469, 15124, 20239, 25929, 28670, 30227, 32222, 36000, 36000, 36000, 1, 1, 7381, 9752, 11254, 13324, 15243, 21822, 30318, 36000, 36000, 36000, 1, 1
17:41:48, 1013.20, 33.19, 34.16, 32.898, 6183, 7161, 12270, 10894, 8816, 7874, 9462, 10233, 36000, 36000, 1, 1, 7621, 10405, 11727, 14140, 16624, 22845, 32274, 36000, 36000, 36000, 1, 1
17:41:49, 1012.60, 33.21, 34.18, 32.938, 5499, 6699, 11512, 10035, 27230, 30471, 32126, 35968, 36000, 36000, 1, 1, 12751, 18532, 25471, 29629, 21743, 26102, 34086, 36000, 36000, 36000, 1, 1
17:41:50, 1012.50, 33.25, 34.14, 32.734, 12228, 17586, 29381, 29127, 16957, 17088, 21022, 21763, 31498, 21884, 0, 0, 5292, 8219, 11896, 14079, 18779, 19714, 25330, 27635, 36000, 36000, 1, 1
17:41:50, 1015.10, 33.26, 34.18, 32.734, 8544, 13638, 18873, 23730, 4324, 6582, 6568, 7240, 17162, 6645, 0, 0, 1357, 2099, 3176, 4066, 3259, 3940, 5227, 6138, 11677, 1854, 0, 0
17:41:51, 1019.30, 33.25, 34.16, 32.109, 12813, 21750, 28006, 33375, 17122, 22995, 26206, 30512, 33635, 11899, 0, 1, 404, 529, 953, 1650, 2589, 3259, 4453, 5273, 9191, 1129, 0, 0
17:41:52, 1020.00, 33.20, 34.16, 31.281, 2520, 4516, 6539, 8108, 3671, 5239, 4292, 5805, 10532, 2734, 0, 0, 405, 508, 923, 1632, 2785, 3551, 4873, 5799, 9279, 1068, 0, 0
17:41:52, 1025.60, 33.18, 34.16, 31.281, 6646, 7480, 11037, 13185, 10198, 11190, 12025, 15694, 11376, 2835, 0, 0, 352, 427, 777, 1418, 2502, 3263, 4519, 5400, 8184, 895, 0, 0
17:41:53, 1027.20, 33.15, 34.20, 30.937, 6116, 11081, 15312, 20667, 13615, 15599, 19000, 24718, 14102, 2782, 0, 0, 319, 383, 692, 1278, 2444, 3207, 4446, 5325, 7889, 853, 0, 0
17:41:54, 1024.20, 33.13, 34.18, 30.852, 3443, 5701, 9535, 12218, 11321, 13889, 15673, 19646, 15003, 2825, 0, 0, 303, 371, 674, 1235, 2203, 2853, 3960, 4732, 7744, 874, 0, 0
17:41:54, 1022.90, 33.09, 34.16, 30.852, 3135, 5207, 7762, 10134, 9919, 10547, 12436, 15835, 11871, 2452, 0, 0, 322, 394, 713, 1303, 2417, 3149, 4360, 5227, 7983, 888, 0, 0
17:41:55, 1019.30, 33.06, 34.16, 30.805, 3165, 4321, 6820, 8023, 17263, 19932, 22507, 27660, 11448, 2741, 0, 0, 354, 442, 800, 1440, 2654, 3410, 4709, 5623, 9254, 1082, 0, 0
17:41:56, 1019.50, 33.03, 34.10, 30.789, 4996, 4771, 10547, 7343, 16656, 15376, 19700, 21547, 12414, 3453, 0, 0, 406, 517, 935, 1662, 3149, 4039, 5524, 6592, 10199, 1160, 0, 0
17:41:56, 1019.60, 33.01, 34.14, 30.789, 4767, 7418, 10436, 12496, 16193, 15987, 19585, 21530, 12133, 3461, 0, 0, 386, 487, 882, 1574, 2814, 3613, 4958, 5911, 8984, 1006, 0, 0
17:41:57, 1022.40, 32.98, 34.16, 30.766, 5559, 4837, 9175, 8028, 9299, 9224, 10877, 14312, 11949, 2822, 0, 0, 330, 409, 742, 1336, 2309, 2986, 4145, 4954, 7512, 847, 0, 0
17:41:58, 1023.70, 32.96, 34.12, 30.766, 5743, 8461, 12298, 14337, 17833, 18365, 21313, 22353, 16449, 4250, 0, 0, 310, 378, 684, 1244, 2258, 2941, 4071, 4885, 7834, 900, 0, 0
17:41:58, 1026.10, 32.95, 34.14, 30.766, 3814, 7028, 9454, 13406, 19303, 25111, 22925, 31333, 14975, 3200, 0, 0, 310, 378, 681, 1245, 2323, 3030, 4211, 5066, 8350, 965, 0, 0
17:41:59, 1025.40, 32.93, 34.16, 30.750, 3273, 5282, 8929, 11163, 25904, 29038, 29957, 32864, 26461, 5946, 0, 1, 325, 398, 717, 1302, 2288, 2987, 4159, 4999, 8015, 923, 0, 0
17:42:00, 1023.60, 32.91, 34.14, 30.750, 3767, 6641, 9457, 13665, 14819, 15795, 18620, 22629, 13139, 2884, 0, 0, 289, 346, 625, 1145, 2076, 2703, 3756, 4510, 7088, 833, 0, 0
17:42:00, 1019.60, 32.90, 34.12, 30.742, 6375, 7214, 11303, 12673, 22562, 19871, 25494, 28639, 18639, 4385, 0, 0, 318, 402, 725, 1294, 2394, 3073, 4218, 5037, 8102, 971, 0, 0
17:42:01, 1019.10, 32.88, 34.16, 30.742, 8603, 13560, 19727, 25107, 13777, 18772, 18767, 26505, 12420, 3398, 0, 0, 377, 483, 876, 1553, 2759, 3535, 4832, 5748, 9185, 1066, 0, 0
17:42:02, 1021.00, 32.87, 34.14, 30.742, 5343, 5607, 11316, 9040, 18595, 11839, 20169, 21306, 11703, 3306, 0, 0, 363, 460, 833, 1491, 2562, 3308, 4539, 5414, 8709, 1013, 0, 0
17:42:02, 1023.10, 32.85, 34.12, 30.742, 3755, 3938, 8179, 6601, 10525, 12742, 13714, 19284, 11064, 2493, 0, 0, 301, 367, 663, 1201, 2201, 2837, 3963, 4769, 7864, 982, 0, 0
17:42:03, 1023.30, 32.84, 34.14, 30.758, 1690, 2880, 4546, 5164, 6057, 6248, 7260, 8780, 13791, 2761, 0, 0, 286, 365, 639, 1184, 2169, 2793, 3966, 4715, 8109, 1006, 0, 0
17:42:03, 1023.60, 32.83, 34.12, 30.758, 7742, 13157, 20397, 23406, 20602, 21286, 24131, 25198, 29450, 11043, 0, 0, 267, 331, 589, 1064, 1902, 2463, 3425, 4191, 6997, 836, 0, 0
17:42:04, 1023.80, 32.81, 34.14, 30.766, 4513, 7445, 11453, 13298, 25561, 28684, 28445, 33410, 32955, 8741, 0, 1, 355, 446, 811, 1444, 2803, 3595, 4920, 5899, 10431, 1247, 0, 0
17:42:05, 1024.90, 32.80, 34.14, 30.773, 4533, 6555, 8004, 12425, 17473, 23445, 23173, 29289, 36000, 13357, 1, 1, 484, 626, 1137, 1953, 3370, 4269, 5826, 6967, 13161, 1619, 0, 0
17:42:05, 1026.20, 32.79, 34.08, 30.773, 4003, 4892, 6698, 11757, 11171, 17091, 21261, 21409, 36000, 12528, 1, 1, 466, 588, 1065, 1851, 3051, 3913, 5392, 6504, 11893, 1436, 0, 0
17:42:06, 1027.80, 32.77, 34.14, 30.758, 3213, 5721, 7900, 12346, 15103, 16272, 21464, 26851, 27874, 4449, 0, 0, 365, 444, 799, 1438, 2515, 3278, 4565, 5530, 9371, 1093, 0, 0
17:42:07, 1028.10, 32.75, 34.12, 30.742, 4264, 7826, 11362, 15592, 17192, 19977, 21298, 30147, 16340, 3042, 0, 0, 310, 371, 667, 1220, 2232, 2916, 4101, 4939, 8156, 925, 0, 0
17:42:07, 1026.90, 32.73, 34.10, 30.742, 3718, 6324, 11238, 14315, 19582, 22545, 26795, 29524, 24888, 5337, 0, 0, 288, 341, 612, 1129, 2066, 2723, 3808, 4613, 7081, 808, 0, 0
17:42:08, 1025.80, 32.72, 34.14, 30.734, 6526, 13119, 18083, 24684, 31994, 31464, 34807, 35486, 34613, 8237, 0, 1, 291, 350, 626, 1142, 2115, 2757, 3863, 4670, 7425, 882, 0, 0
17:42:09, 1023.80, 32.71, 34.14, 30.758, 1789, 2809, 4470, 5537, 6509, 7064, 7162, 9167, 10778, 2191, 0, 0, 309, 371, 666, 1222, 2326, 3041, 4247, 5133, 7649, 846, 0, 0
17:42:09, 1021.40, 32.71, 34.12, 30.758, 5565, 8969, 12932, 16462, 20066, 22191, 22729, 26231, 14645, 3544, 0, 0, 348, 430, 775, 1404, 2565, 3332, 4615, 5558, 8735, 988, 0, 0
17:42:10, 1020.80, 32.71, 34.14, 30.773, 4664, 7135, 10533, 11308, 13010, 12403, 17696, 23176, 13557, 3230, 0, 0, 383, 491, 889, 1572, 2751, 3504, 4816, 5729, 10052, 1210, 0, 0
17:42:11, 1021.40, 32.70, 34.14, 30.773, 7176, 13142, 16318, 21327, 18652, 16969, 24665, 28991, 12404, 3330, 0, 0, 360, 453, 824, 1472, 2508, 3241, 4448, 5321, 8582, 997, 0, 0
17:42:11, 1022.10, 32.70, 34.12, 30.773, 5151, 11093, 13550, 20030, 13978, 21607, 19361, 29922, 12065, 2937, 0, 0, 306, 372, 673, 1217, 2187, 2816, 3901, 4707, 7674, 967, 0, 0
17:42:12, 1023.90, 32.70, 34.14, 30.758, 8498, 13354, 21049, 25721, 27630, 27914, 31266, 32465, 34574, 16831, 0, 1, 332, 414, 748, 1338, 2338, 3026, 4158, 4957, 8700, 1056, 0, 0
17:42:13, 1021.80, 32.69, 34.12, 30.750, 2696, 5189, 6907, 9713, 19447, 20094, 23429, 26547, 13006, 3218, 0, 0, 319, 393, 714, 1291, 2375, 3069, 4210, 5024, 8446, 1003, 0, 0
17:42:13, 1021.70, 32.68, 34.12, 30.750, 5556, 11664, 14359, 19333, 19981, 24103, 24630, 29876, 16141, 3848, 0, 0, 355, 451, 816, 1452, 2533, 3250, 4462, 5309, 9258, 1126, 0, 0
17:42:14, 1022.10, 32.67, 34.14, 30.734, 9956, 16289, 22902, 26104, 23342, 25250, 27767, 31045, 31552, 9626, 0, 0, 332, 411, 742, 1328, 2249, 2897, 3989, 4819, 8130, 1036, 0, 0
17:42:15, 1023.20, 32.66, 34.16, 30.734, 13875, 20443, 27120, 30271, 29813, 30774, 33469, 33321, 26887, 8417, 0, 1, 319, 402, 712, 1284, 2356, 2991, 4184, 5041, 8556, 1126, 0, 0
17:42:15, 1023.60, 32.66, 34.14, 30.734, 6676, 12417, 18198, 24299, 22908, 23997, 26588, 26493, 25751, 10476, 0, 0, 317, 387, 695, 1254, 2229, 2912, 3999, 4831, 7767, 978, 0, 0
17:42:16, 1024.20, 32.64, 34.10, 30.734, 5847, 9625, 15472, 17887, 29127, 30547, 34259, 35049, 36000, 19935, 1, 1, 330, 410, 745, 1344, 2280, 2969, 4097, 4880, 8215, 959, 0, 0
17:42:17, 1022.90, 32.64, 34.12, 30.734, 12559, 20551, 22697, 27590, 25739, 28584, 27090, 31055, 27225, 7235, 0, 0, 347, 439, 798, 1422, 2502, 3204, 4406, 5221, 9334, 1112, 0, 0
17:42:17, 1022.20, 32.63, 34.08, 30.742, 8866, 13670, 20587, 23160, 20904, 23926, 23786, 28761, 27976, 6445, 0, 0, 357, 450, 821, 1467, 2620, 3364, 4603, 5472, 9436, 1112, 0, 0
17:42:18, 1021.10, 32.62, 34.14, 30.742, 10630, 16508, 24064, 29172, 25773, 28022, 30756, 35727, 32085, 6518, 0, 1, 388, 497, 901, 1587, 2769, 3534, 4832, 5736, 10112, 1220, 0, 0
17:42:19, 1018.40, 32.62, 34.12, 30.742, 6162, 11402, 15241, 19539, 22452, 25478, 25813, 30725, 15962, 4145, 0, 0, 351, 441, 799, 1417, 2427, 3117, 4261, 5109, 8530, 1098, 0, 0
17:42:19, 1019.50, 32.61, 34.12, 30.750, 3406, 7949, 9007, 15282, 4099, 4223, 4877, 5530, 11413, 3023, 0, 0, 337, 446, 787, 1427, 2400, 3064, 4304, 5131, 8538, 1096, 0, 0
17:42:20, 1021.40, 32.61, 34.12, 30.758, 5576, 10813, 17713, 18040, 31495, 30347, 34358, 33944, 20111, 5645, 0, 1, 346, 441, 785, 1391, 2501, 3215, 4409, 5299, 9181, 1172, 0, 0
17:42:21, 1020.40, 32.60, 34.14, 30.758, 7787, 12467, 18581, 20271, 16980, 18316, 19878, 22730, 28184, 7456, 0, 0, 356, 449, 814, 1456, 2586, 3329, 4581, 5457, 9113, 1075, 0, 0
17:42:21, 1021.50, 32.59, 34.12, 30.750, 8644, 13472, 19723, 24806, 23467, 30313, 27857, 34724, 21019, 5273, 0, 1, 391, 502, 911, 1609, 2710, 3458, 4747, 5632, 10044, 1185, 0, 0
17:42:22, 1020.00, 32.59, 34.12, 30.758, 5202, 8899, 12230, 16012, 18942, 28255, 23214, 31963, 14585, 3649, 0, 0, 357, 455, 820, 1449, 2591, 3326, 4555, 5431, 9257, 1123, 0, 0
17:42:23, 1020.70, 32.58, 34.14, 30.758, 5534, 8663, 13591, 15495, 26545, 27236, 30196, 30930, 34839, 21594, 0, 1, 337, 418, 756, 1354, 2301, 2990, 4103, 4958, 7876, 983, 0, 0
17:42:23, 1021.20, 32.57, 34.12, 30.758, 6424, 10338, 12317, 17729, 17146, 19960, 24922, 29633, 15462, 3900, 0, 0, 325, 413, 729, 1315, 2413, 3045, 4296, 5148, 8783, 1155, 0, 0
17:42:24, 1020.40, 32.57, 34.14, 30.781, 8735, 12756, 19389, 21574, 31895, 32726, 33926, 33864, 36000, 28350, 1, 1, 340, 429, 759, 1351, 2408, 3121, 4279, 5206, 8576, 1093, 0, 0
17:42:25, 1021.60, 32.57, 34.10, 30.781, 8648, 12897, 19967, 25235, 27683, 32777, 30089, 36000, 28211, 6833, 1, 1, 386, 493, 888, 1565, 2683, 3440, 4741, 5701, 10089, 1233, 0, 0
17:42:25, 1021.60, 32.56, 34.14, 30.781, 5224, 9680, 13916, 14775, 20684, 23979, 24374, 29424, 20372, 4580, 0, 0, 389, 494, 888, 1556, 2721, 3489, 4814, 5800, 10302, 1290, 0, 0
17:42:26, 1020.80, 32.56, 34.14, 30.781, 8254, 12217, 20739, 23487, 24207, 26793, 26503, 32657, 22028, 5252, 0, 1, 339, 415, 740, 1330, 2348, 3075, 4234, 5159, 8444, 1046, 0, 0
17:42:27, 1021.80, 32.56, 34.12, 30.781, 8881, 13796, 18481, 22328, 23081, 28877, 30492, 34784, 18599, 4936, 0, 1, 358, 443, 788, 1397, 2488, 3229, 4464, 5423, 9308, 1197, 0, 0
17:42:27, 1021.50, 32.56, 34.14, 30.750, 6325, 12253, 17060, 22958, 19886, 23381, 25727, 31814, 13883, 3487, 0, 0, 356, 437, 777, 1390, 2412, 3143, 4360, 5305, 8676, 1093, 0, 0
17:42:28, 1021.30, 32.55, 34.08, 30.742, 6344, 10233, 16401, 20071, 26351, 26255, 29690, 32539, 28512, 8445, 0, 1, 347, 427, 758, 1346, 2318, 3021, 4202, 5140, 8301, 1076, 0, 0
17:42:29, 1021.00, 32.55, 34.10, 30.742, 4174, 8732, 10152, 15405, 24138, 31797, 30026, 35330, 17133, 4432, 0, 1, 351, 431, 767, 1357, 2438, 3171, 4369, 5323, 9096, 1174, 0, 0
17:42:29, 1021.90, 32.55, 34.10, 30.742, 5969, 10482, 16264, 19407, 24046, 25652, 25200, 32643, 21892, 5197, 0, 1, 385, 488, 870, 1528, 2731, 3495, 4836, 5850, 10649, 1359, 0, 0
17:42:30, 1022.70, 32.54, 34.12, 30.742, 5742, 10836, 15892, 17262, 22272, 24143, 27241, 35484, 29563, 5880, 0, 1, 425, 539, 962, 1679, 2946, 3778, 5224, 6333, 11485, 1447, 0, 0
17:42:31, 1021.80, 32.54, 34.12, 30.742, 6301, 11356, 16280, 17983, 24066, 25944, 26215, 31256, 31811, 8495, 0, 0, 387, 487, 864, 1519, 2631, 3388, 4716, 5729, 10009, 1273, 0, 0
17:42:31, 1020.70, 32.53, 34.12, 30.734, 9948, 13690, 23750, 25995, 30323, 32669, 34927, 35690, 36000, 17926, 1, 1, 355, 447, 783, 1388, 2302, 2972, 4184, 5122, 8293, 1095, 0, 0
17:42:32, 1021.60, 32.52, 34.08, 30.734, 3822, 7792, 10552, 16006, 30754, 33327, 35105, 35086, 35883, 12602, 0, 1, 319, 405, 706, 1270, 2245, 2929, 4091, 5034, 7980, 1033, 0, 0
17:42:33, 1022.10, 32.51, 34.14, 30.734, 2468, 4166, 6563, 8088, 11061, 10345, 13590, 14373, 17295, 4084, 0, 0, 338, 416, 731, 1299, 2337, 3054, 4246, 5204, 8519, 1097, 0, 0
17:42:33, 1021.40, 32.51, 34.10, 30.734, 6414, 11918, 16191, 20221, 23266, 26005, 26537, 33780, 20554, 4697, 0, 1, 371, 464, 822, 1452, 2595, 3342, 4657, 5654, 9861, 1268, 0, 0
17:42:34, 1021.70, 32.50, 34.10, 30.734, 6905, 10099, 15781, 16622, 20973, 23681, 22754, 30791, 28472, 6227, 0, 0, 385, 484, 857, 1508, 2557, 3311, 4609, 5615, 9532, 1216, 0, 0
17:42:35, 1022.40, 32.49, 34.14, 30.734, 5565, 9908, 15234, 20253, 20180, 25602, 22625, 29558, 16720, 4059, 0, 0, 338, 409, 723, 1289, 2279, 2966, 4155, 5110, 8432, 1122, 0, 0
17:42:35, 1021.30, 32.49, 34.10, 30.727, 3427, 6362, 9551, 11873, 26389, 26942, 31538, 31045, 25248, 6237, 0, 0, 333, 426, 732, 1321, 2341, 2993, 4268, 5210, 8705, 1200, 0, 0
17:42:36, 1020.10, 32.48, 34.12, 30.727, 7982, 12085, 17400, 22535, 23978, 27632, 28511, 30651, 19260, 4892, 0, 0, 359, 439, 773, 1368, 2460, 3205, 4441, 5452, 9169, 1196, 0, 0
17:42:37, 1020.80, 32.48, 34.14, 30.719, 6164, 10332, 16212, 20808, 26692, 28834, 31071, 35686, 19048, 4935, 0, 1, 404, 512, 902, 1577, 2718, 3500, 4868, 5945, 10305, 1346, 0, 0
17:42:37, 1021.50, 32.47, 34.14, 30.727, 6202, 11414, 15455, 19434, 18765, 21356, 24850, 30979, 17358, 4185, 0, 0, 395, 494, 871, 1532, 2627, 3411, 4767, 5843, 9645, 1227, 0, 0
17:42:38, 1021.70, 32.47, 34.12, 30.727, 4443, 7177, 10336, 12742, 22934, 26993, 25545, 33044, 16781, 4121, 0, 1, 345, 418, 734, 1308, 2294, 2995, 4200, 5187, 8506, 1126, 0, 0
17:42:39, 1020.10, 32.46, 34.14, 30.703, 4327, 9031, 12782, 18180, 24455, 24672, 27631, 28095, 17271, 4473, 0, 0, 341, 428, 739, 1317, 2398, 3053, 4347, 5324, 8967, 1236, 0, 0
17:42:39, 1022.20, 32.45, 34.14, 30.711, 6205, 12123, 19643, 23530, 25422, 23345, 27883, 28608, 19836, 5852, 0, 0, 358, 441, 773, 1368, 2511, 3260, 4550, 5571, 9629, 1264, 0, 0
17:42:40, 1024.50, 32.45, 34.12, 30.711, 5656, 9320, 15016, 18578, 23098, 27999, 28211, 33969, 31564, 6027, 0, 1, 384, 476, 837, 1480, 2533, 3295, 4633, 5697, 9751, 1243, 0, 0
17:42:41, 1023.10, 32.44, 34.14, 30.703, 5425, 7710, 12751, 14091, 22873, 28280, 26759, 33424, 27546, 5619, 0, 1, 355, 435, 762, 1357, 2398, 3128, 4407, 5396, 9245, 1182, 0, 0
17:42:41, 1020.80, 32.44, 34.08, 30.703, 6463, 10149, 15849, 21790, 27867, 26373, 35234, 33812, 23382, 6809, 0, 1, 344, 445, 763, 1367, 2443, 3106, 4427, 5406, 9203, 1263, 0, 0
17:42:42, 1022.30, 32.43, 34.12, 30.703, 1702, 2855, 4174, 5027, 19240, 20152, 24731, 24281, 28376, 10857, 0, 0, 360, 461, 791, 1416, 2393, 3061, 4367, 5368, 9101, 1249, 0, 0
17:42:43, 1024.00, 32.42, 34.16, 30.672, 7889, 12863, 18865, 23754, 20758, 22237, 22520, 29127, 20897, 5008, 0, 0, 369, 452, 785, 1392, 2540, 3309, 4665, 5751, 10036, 1319, 0, 0
17:42:43, 1021.40, 32.42, 34.14, 30.664, 4279, 7559, 10689, 13980, 20394, 25858, 29023, 34466, 17487, 3948, 0, 1, 413, 517, 900, 1569, 2846, 3664, 5116, 6290, 11311, 1536, 0, 0
17:42:44, 1022.00, 32.41, 34.14, 30.664, 10117, 14983, 23308, 26210, 23279, 28066, 27265, 33204, 27132, 6301, 0, 1, 381, 476, 830, 1461, 2471, 3209, 4496, 5523, 9659, 1272, 0, 0
17:42:45, 1023.90, 32.41, 34.14, 30.648, 11821, 16807, 21925, 23260, 27775, 31643, 29621, 34396, 24647, 6493, 0, 1, 351, 426, 740, 1316, 2299, 3027, 4266, 5289, 8725, 1134, 0, 0
17:42:45, 1022.60, 32.40, 34.08, 30.648, 2749, 4810, 7487, 9623, 22514, 26665, 27274, 29658, 19343, 4627, 0, 0, 341, 410, 710, 1268, 2289, 3006, 4236, 5246, 8674, 1143, 0, 0
17:42:46, 1022.40, 32.39, 34.10, 30.648, 4456, 7995, 13034, 17191, 19730, 23391, 23649, 32757, 18196, 4373, 0, 1, 391, 486, 847, 1494, 2572, 3343, 4702, 5786, 9830, 1286, 0, 0
17:42:47, 1022.60, 32.39, 34.06, 30.648, 4125, 8084, 10700, 14828, 20750, 25083, 24492, 30614, 16753, 4497, 0, 0, 373, 461, 805, 1421, 2478, 3223, 4518, 5543, 9510, 1251, 0, 0
17:42:47, 1021.60, 32.39, 34.14, 30.648, 5796, 10086, 15589, 20366, 26023, 26114, 28429, 29414, 24184, 6677, 0, 0, 337, 423, 727, 1304, 2365, 3012, 4327, 5285, 8988, 1226, 0, 0
17:42:48, 1022.60, 32.38, 34.12, 30.664, 7043, 11876, 17760, 22883, 22500, 28642, 32069, 34005, 20580, 5498, 0, 1, 365, 448, 783, 1386, 2436, 3139, 4401, 5442, 9411, 1273, 0, 0
17:42:48, 1023.10, 32.38, 34.14, 30.719, 8128, 13174, 20720, 23482, 29144, 31597, 33504, 34874, 35578, 13292, 0, 1, 394, 493, 867, 1523, 2802, 3595, 5016, 6141, 11333, 1477, 0, 0
17:42:49, 1022.30, 32.38, 34.16, 30.719, 8222, 14286, 20499, 24128, 29936, 32867, 32379, 35582, 35831, 15431, 0, 1, 419, 533, 939, 1634, 2932, 3744, 5220, 6379, 11771, 1531, 0, 0
17:42:50, 1018.90, 32.38, 34.12, 30.750, 5592, 10636, 15944, 17708, 19568, 19974, 25965, 31825, 33205, 6687, 0, 1, 507, 659, 1166, 1994, 3526, 4457, 6134, 7449, 13834, 1884, 0, 0
17:42:50, 1021.80, 32.38, 34.14, 30.773, 5551, 7914, 7228, 17074, 17443, 21448, 26262, 33283, 36000, 12122, 1, 1, 531, 687, 1216, 2061, 3451, 4391, 6041, 7370, 13669, 1839, 0, 0
17:42:51, 1023.70, 32.38, 34.14, 30.773, 4825, 8891, 13353, 15260, 18763, 20379, 22446, 30790, 36000, 13617, 1, 1, 429, 541, 954, 1652, 2754, 3552, 4964, 6092, 11104, 1444, 0, 0
17:42:52, 1033.00, 32.37, 34.12, 30.773, 8540, 12876, 17692, 21310, 18076, 20988, 24463, 26190, 36000, 17906, 1, 1, 396, 484, 860, 1510, 2432, 3168, 4495, 5570, 10676, 1303, 0, 0
17:42:52, 1042.90, 32.36, 34.14, 30.758, 2455, 3953, 6797, 9248, 16801, 19105, 24445, 28822, 33149, 5980, 0, 1, 249, 279, 471, 875, 1726, 2342, 3438, 4341, 7474, 871, 0, 0
17:42:53, 1055.60, 32.36, 34.12, 30.758, 1507, 2308, 4128, 6256, 7974, 10118, 12350, 16868, 13805, 1818, 0, 0, 175, 180, 280, 537, 1055, 1525, 2352, 3059, 4444, 489, 0, 0
17:42:54, 1060.20, 32.35, 34.14, 30.734, 753, 1083, 1879, 3269, 4325, 5467, 7387, 9834, 8177, 969, 0, 0, 143, 142, 210, 404, 863, 1280, 2016, 2652, 3586, 384, 0, 0
17:42:54, 1066.60, 32.35, 34.14, 30.695, 585, 804, 1472, 2597, 4231, 5339, 7425, 9136, 11256, 1243, 0, 0, 117, 115, 166, 320, 688, 1036, 1663, 2210, 3032, 320, 0, 0
17:42:55, 1070.30, 32.34, 34.14, 30.695, 472, 565, 954, 1722, 2703, 3470, 4759, 6300, 6719, 722, 0, 0, 99, 96, 134, 256, 584, 893, 1454, 1949, 2561, 266, 0, 0
17:42:56, 1075.60, 32.34, 34.12, 30.633, 489, 624, 1115, 2093, 3607, 4719, 6966, 8579, 9183, 947, 0, 0, 88, 85, 117, 223, 523, 805, 1319, 1774, 2420, 250, 0, 0
17:42:56, 1082.90, 32.33, 34.14, 30.617, 354, 424, 736, 1411, 2033, 2696, 3876, 5169, 5544, 557, 0, 0, 72, 69, 91, 170, 396, 628, 1057, 1445, 1802, 183, 0, 0
17:42:57, 1089.80, 32.32, 34.14, 30.617, 290, 337, 571, 1121, 1760, 2426, 3649, 4717, 5364, 511, 0, 0, 53, 50, 63, 116, 298, 486, 841, 1168, 1375, 138, 0, 0
17:42:58, 1091.70, 32.31, 34.12, 30.609, 206, 219, 351, 683, 1395, 1959, 2886, 3885, 3940, 378, 0, 0, 52, 49, 62, 113, 289, 472, 817, 1136, 1405, 142, 0, 0
17:42:58, 1092.90, 32.30, 34.14, 30.602, 204, 225, 357, 698, 1382, 1969, 2902, 3959, 3872, 371, 0, 0, 50, 47, 59, 108, 276, 452, 786, 1096, 1368, 137, 0, 0
17:42:59, 1098.00, 32.30, 34.12, 30.602, 206, 227, 364, 717, 1446, 2054, 3112, 4106, 4917, 461, 0, 0, 45, 43, 53, 96, 242, 398, 698, 976, 1249, 124, 0, 0
17:43:00, 1101.80, 32.29, 34.10, 30.594, 161, 174, 269, 532, 1026, 1492, 2255, 3084, 3173, 295, 0, 0, 38, 35, 43, 77, 202, 338, 600, 844, 1020, 101, 0, 0
17:43:00, 1110.90, 32.29, 34.12, 30.570, 147, 156, 240, 480, 948, 1393, 2164, 2907, 3369, 308, 0, 0, 31, 29, 34, 60, 153, 261, 474, 674, 794, 77, 0, 0
17:43:01, 1120.00, 32.29, 34.14, 30.570, 96, 99, 142, 281, 594, 902, 1430, 1982, 2050, 183, 0, 0, 23, 21, 25, 42, 112, 195, 364, 526, 596, 58, 0, 0
17:43:02, 1125.20, 32.28, 34.12, 30.531, 75, 74, 104, 204, 469, 725, 1172, 1627, 1702, 150, 0, 0, 19, 17, 20, 33, 92, 163, 308, 449, 506, 49, 0, 0
17:43:02, 1126.00, 32.27, 34.12, 30.531, 65, 64, 89, 174, 408, 632, 1020, 1420, 1501, 132, 0, 0, 19, 17, 19, 32, 92, 163, 310, 451, 511, 49, 0, 0
17:43:03, 1130.10, 32.27, 34.12, 30.508, 72, 73, 101, 201, 448, 696, 1141, 1576, 1766, 154, 0, 0, 17, 16, 18, 29, 82, 147, 281, 412, 470, 45, 0, 0
17:43:04, 1132.90, 32.26, 34.14, 30.508, 62, 62, 84, 165, 374, 590, 977, 1367, 1464, 128, 0, 0, 15, 14, 15, 25, 73, 131, 255, 376, 416, 40, 0, 0
17:43:04, 1135.40, 32.25, 34.12, 30.508, 54, 53, 71, 139, 330, 525, 877, 1238, 1284, 112, 0, 0, 14, 13, 14, 23, 66, 120, 236, 351, 383, 36, 0, 0
17:43:05, 1142.90, 32.25, 34.10, 30.508, 48, 48, 63, 123, 296, 479, 809, 1142, 1299, 114, 0, 0, 12, 11, 12, 19, 54, 99, 198, 297, 330, 31, 0, 0
17:43:06, 1149.50, 32.24, 34.12, 30.516, 36, 35, 45, 84, 203, 335, 577, 832, 842, 73, 0, 0, 9, 9, 9, 14, 42, 78, 159, 242, 258, 24, 0, 0
17:43:06, 1153.50, 32.24, 34.12, 30.516, 31, 29, 36, 67, 165, 277, 486, 709, 721, 62, 0, 0, 8, 7, 7, 11, 35, 66, 136, 208, 218, 20, 0, 0
17:43:07, 1153.80, 32.23, 34.14, 30.523, 26, 25, 32, 58, 151, 255, 448, 656, 647, 56, 0, 0, 8, 7, 7, 11, 34, 65, 134, 206, 217, 20, 0, 0
17:43:08, 1158.80, 32.23, 34.12, 30.523, 27, 26, 33, 60, 152, 258, 459, 673, 706, 61, 0, 0, 7, 6, 6, 10, 30, 57, 119, 184, 194, 18, 0, 0
17:43:08, 1164.10, 32.23, 34.10, 30.523, 22, 22, 27, 49, 121, 209, 376, 556, 568, 49, 0, 0, 6, 5, 5, 8, 24, 47, 100, 157, 162, 15, 0, 0
17:43:09, 1172.40, 32.22, 34.14, 30.523, 18, 18, 22, 38, 94, 165, 304, 457, 473, 41, 0, 0, 4, 4, 4, 6, 18, 35, 77, 122, 125, 11, 0, 0
17:43:10, 1176.90, 32.22, 34.12, 30.531, 13, 13, 15, 25, 66, 119, 225, 341, 334, 29, 0, 0, 3, 3, 3, 5, 15, 30, 66, 106, 106, 9, 0, 0
17:43:10, 1181.70, 32.22, 34.14, 30.531, 11, 11, 13, 22, 59, 106, 202, 308, 313, 27, 0, 0, 3, 3, 3, 4, 12, 25, 57, 92, 91, 8, 0, 0
17:43:11, 1185.70, 32.21, 34.12, 30.523, 10, 10, 12, 19, 52, 94, 183, 280, 288, 25, 0, 0, 3, 2, 2, 3, 11, 22, 50, 81, 81, 7, 0, 0
17:43:12, 1191.20, 32.21, 34.14, 30.523, 8, 8, 10, 16, 42, 77, 152, 235, 252, 22, 0, 0, 2, 2, 2, 3, 9, 18, 42, 69, 67, 6, 0, 0
17:43:12, 1195.80, 32.21, 34.14, 30.523, 7, 7, 8, 13, 35, 65, 130, 203, 204, 18, 0, 0, 2, 1, 1, 2, 8, 16, 37, 61, 59, 5, 0, 0
17:43:13, 1201.90, 32.20, 34.14, 30.516, 7, 6, 8, 12, 31, 58, 117, 184, 186, 16, 0, 0, 2, 1, 1, 2, 6, 13, 31, 52, 52, 4, 0, 0
17:43:14, 1205.70, 32.20, 34.14, 30.523, 6, 4, 6, 8, 22, 42, 88, 139, 136, 12, 0, 0, 1, 1, 1, 1, 5, 11, 27, 45, 43, 3, 0, 0
17:43:14, 1210.30, 32.20, 34.14, 30.523, 4, 4, 5, 8, 22, 43, 89, 142, 144, 12, 0, 0, 1, 1, 1, 1, 5, 10, 25, 42, 41, 3, 0, 0
17:43:15, 1213.50, 32.19, 34.12, 30.508, 4, 4, 5, 7, 19, 36, 75, 121, 121, 10, 0, 0, 1, 0, 0, 1, 4, 8, 21, 37, 35, 3, 0, 0
17:43:16, 1219.80, 32.19, 34.10, 30.508, 3, 3, 4, 6, 16, 32, 68, 110, 110, 10, 0, 0, 1, 0, 0, 1, 3, 7, 19, 33, 32, 2, 0, 0
17:43:16, 1223.90, 32.18, 34.14, 30.508, 3, 3, 4, 5, 13, 26, 56, 92, 89, 8, 0, 0, 0, 0, 0, 0, 3, 6, 16, 28, 26, 2, 0, 0
17:43:17, 1232.60, 32.18, 34.14, 30.508, 2, 2, 3, 5, 12, 24, 52, 85, 85, 7, 0, 0, 0, 0, 0, 0, 2, 5, 13, 23, 22, 1, 0, 0
17:43:18, 1242.10, 32.18, 34.10, 30.508, 1, 2, 2, 3, 7, 16, 36, 59, 56, 5, 0, 0, 0, 0, 0, 0, 1, 3, 9, 17, 15, 1, 0, 0
17:43:18, 1241.10, 32.17, 34.10, 30.508, 1, 1, 2, 3, 6, 13, 31, 53, 46, 4, 0, 0, 0, 0, 0, 0, 1, 3, 9, 17, 15, 1, 0, 0
17:43:19, 1244.60, 32.17, 34.14, 30.508, 1, 1, 2, 3, 6, 14, 32, 54, 49, 4, 0, 0, 0, 0, 0, 0, 1, 3, 9, 16, 15, 1, 0, 0
17:43:20, 1256.10, 32.16, 34.14, 30.508, 1, 1, 2, 2, 5, 10, 25, 42, 42, 4, 0, 0, 0, 0, 0, 0, 1, 2, 6, 12, 10, 0, 0, 0
17:43:20, 1262.90, 32.16, 34.12, 30.500, 0, 1, 1, 2, 3, 7, 18, 32, 30, 3, 0, 0, 0, 0, 0, 0, 0, 1, 5, 9, 8, 0, 0, 0
17:43:21, 1267.70, 32.16, 34.14, 30.508, 0, 0, 1, 1, 3, 6, 16, 29, 27, 2, 0, 0, 0, 0, 0, 0, 0, 1, 4, 8, 7, 0, 0, 0
17:43:22, 1268.20, 32.15, 34.10, 30.508, 0, 0, 1, 1, 2, 6, 15, 26, 22, 2, 0, 0, 0, 0, 0, 0, 0, 1, 4, 8, 7, 0, 0, 0
17:43:22, 1277.90, 32.15, 34.14, 30.492, 0, 0, 1, 1, 2, 5, 14, 24, 25, 2, 0, 0, 0, 0, 0, 0, 0, 1, 3, 7, 6, 0, 0, 0
17:43:23, 1290.80, 32.15, 34.10, 30.500, 0, 0, 1, 1, 1, 4, 10, 18, 17, 2, 0, 0, 0, 0, 0, 0, 0, 0, 2, 5, 4, 0, 0, 0
17:43:24, 1298.90, 32.14, 34.12, 30.500, 0, 0, 1, 1, 1, 2, 7, 13, 11, 1, 0, 0, 0, 0, 0, 0, 0, 0, 1, 3, 3, 0, 0, 0
17:43:24, 1299.50, 32.14, 34.12, 30.500, 0, 0, 1, 1, 1, 2, 7, 13, 11, 1, 0, 0, 0, 0, 0, 0, 0, 0, 1, 3, 3, 0, 0, 0
17:43:25, 1306.40, 32.14, 34.12, 30.500, 0, 0, 1, 1, 1, 2, 7, 12, 11, 1, 0, 0, 0, 0, 0, 0, 0, 0, 1, 3, 2, 0, 0, 0
17:43:26, 1315.80, 32.13, 34.10, 30.500, 0, 0, 1, 1, 0, 1, 5, 10, 9, 1, 0, 0, 0, 0, 0, 0, 0, 0, 1, 2, 2, 0, 0, 0
17:43:26, 1322.30, 32.13, 34.10, 30.492, 0, 0, 0, 1, 0, 1, 4, 8, 6, 1, 0, 0, 0, 0, 0, 0, 0, 0, 0, 2, 1, 0, 0, 0
17:43:27, 1327.80, 32.13, 34.14, 30.500, 0, 0, 0, 1, 1, 1, 4, 7, 6, 1, 0, 0, 0, 0, 0, 0, 0, 0, 0, 1, 1, 0, 0, 0
17:43:28, 1326.30, 32.12, 34.16, 30.500, 0, 0, 0, 1, 0, 1, 3, 6, 5, 1, 0, 0, 0, 0, 0, 0, 0, 0, 0, 1, 1, 0, 0, 0
17:43:28, 1329.10, 32.12, 34.12, 30.500, 0, 0, 0, 1, 0, 1, 3, 6, 6, 1, 0, 0, 0, 0, 0, 0, 0, 0, 0, 1, 1, 0, 0, 0
17:43:29, 1335.50, 32.11, 34.14, 30.492, 0, 0, 0, 1, 0, 1, 3, 6, 5, 1, 0, 0, 0, 0, 0, 0, 0, 0, 0, 1, 1, 0, 0, 0
17:43:30, 1346.90, 32.11, 34.10, 30.492, 0, 0, 0, 0, 0, 0, 2, 5, 4, 0, 0, 0, 0, 0, 0, 0, 0, 0, 0, 1, 0, 0, 0, 0
17:43:30, 1354.60, 32.10, 34.10, 30.500, 0, 0, 0, 0, 0, 0, 2, 3, 3, 0, 0, 0, 0, 0, 0, 0, 0, 0, 0, 0, 0, 0, 0, 0
17:43:31, 1356.90, 32.10, 34.12, 30.500, 0, 0, 0, 0, 0, 0, 2, 3, 3, 0, 0, 0, 0, 0, 0, 0, 0, 0, 0, 0, 0, 0, 0, 0
17:43:32, 1366.40, 32.09, 34.14, 30.500, 0, 0, 0, 0, 0, 0, 2, 3, 2, 0, 0, 0, 0, 0, 0, 0, 0, 0, 0, 0, 0, 0, 0, 0
17:43:32, 1379.30, 32.09, 34.12, 30.500, 0, 0, 0, 0, 0, 0, 1, 2, 2, 0, 0, 0, 0, 0, 0, 0, 0, 0, 0, 0, 0, 0, 0, 0
17:43:33, 1384.20, 32.08, 34.12, 30.500, 0, 0, 0, 0, 0, 0, 1, 2, 1, 0, 0, 0, 0, 0, 0, 0, 0, 0, 0, 0, 0, 0, 0, 0
17:43:33, 1385.70, 32.08, 34.10, 30.500, 0, 0, 0, 0, 0, 0, 1, 2, 1, 0, 0, 0, 0, 0, 0, 0, 0, 0, 0, 0, 0, 0, 0, 0
17:43:34, 1392.10, 32.08, 34.12, 30.500, 0, 0, 0, 0, 0, 0, 1, 2, 1, 0, 0, 0, 0, 0, 0, 0, 0, 0, 0, 0, 0, 0, 0, 0
17:43:35, 1403.40, 32.07, 34.10, 30.500, 0, 0, 0, 0, 0, 0, 1, 1, 1, 0, 0, 0, 0, 0, 0, 0, 0, 0, 0, 0, 0, 0, 0, 0
17:43:35, 1416.70, 32.07, 34.12, 30.500, 0, 0, 0, 0, 0, 0, 1, 1, 1, 0, 0, 0, 0, 0, 0, 0, 0, 0, 0, 0, 0, 0, 0, 0
17:43:36, 1417.20, 32.06, 34.08, 30.500, 0, 0, 0, 0, 0, 0, 1, 1, 1, 0, 0, 0, 0, 0, 0, 0, 0, 0, 0, 0, 0, 0, 0, 0
17:43:37, 1422.70, 32.06, 34.14, 30.500, 0, 0, 0, 0, 0, 0, 1, 1, 1, 0, 0, 0, 0, 0, 0, 0, 0, 0, 0, 0, 0, 0, 0, 0
17:43:37, 1436.60, 32.05, 34.12, 30.500, 0, 0, 0, 0, 0, 0, 0, 1, 1, 0, 0, 0, 0, 0, 0, 0, 0, 0, 0, 0, 0, 0, 0, 0
17:43:38, 1453.40, 32.05, 34.14, 30.500, 0, 0, 0, 0, 0, 0, 0, 1, 0, 0, 0, 0, 0, 0, 0, 0, 0, 0, 0, 0, 0, 0, 0, 0
17:43:39, 1457.00, 32.04, 34.08, 30.500, 0, 0, 0, 0, 0, 0, 0, 1, 0, 0, 0, 0, 0, 0, 0, 0, 0, 0, 0, 0, 0, 0, 0, 0
17:43:39, 1462.40, 32.04, 34.10, 30.500, 0, 0, 0, 0, 0, 0, 0, 1, 0, 0, 0, 0, 0, 0, 0, 0, 0, 0, 0, 0, 0, 0, 0, 0
17:43:40, 1474.20, 32.03, 34.14, 30.508, 0, 0, 0, 0, 0, 0, 0, 1, 0, 0, 0, 0, 0, 0, 0, 0, 0, 0, 0, 0, 0, 0, 0, 0
17:43:41, 1482.30, 32.03, 34.10, 30.508, 0, 0, 0, 0, 0, 0, 0, 1, 0, 0, 0, 0, 0, 0, 0, 0, 0, 0, 0, 0, 0, 0, 0, 0
17:43:41, 1489.50, 32.03, 34.08, 30.500, 0, 0, 0, 0, 0, 0, 0, 0, 0, 0, 0, 0, 0, 0, 0, 0, 0, 0, 0, 0, 0, 0, 0, 0
17:43:42, 1487.70, 32.03, 34.10, 30.508, 0, 0, 0, 0, 0, 0, 0, 0, 0, 0, 0, 0, 0, 0, 0, 0, 0, 0, 0, 0, 0, 0, 0, 0
17:43:43, 1493.60, 32.02, 34.10, 30.508, 0, 0, 0, 0, 0, 0, 0, 0, 0, 0, 0, 0, 0, 0, 0, 0, 0, 0, 0, 0, 0, 0, 0, 0
17:43:43, 1499.80, 32.02, 34.12, 30.500, 0, 0, 0, 0, 0, 0, 0, 0, 0, 0, 0, 0, 0, 0, 0, 0, 0, 0, 0, 0, 0, 0, 0, 0
17:43:44, 1506.30, 32.02, 34.08, 30.508, 0, 0, 0, 0, 0, 0, 0, 0, 0, 0, 0, 0, 0, 0, 0, 0, 0, 0, 0, 0, 0, 0, 0, 0
17:43:45, 1510.30, 32.02, 34.08, 30.508, 0, 0, 0, 0, 0, 0, 0, 0, 0, 0, 0, 0, 0, 0, 0, 0, 0, 0, 0, 0, 0, 0, 0, 0
17:43:45, 1513.70, 32.02, 34.10, 30.500, 0, 0, 0, 0, 0, 0, 0, 0, 0, 0, 0, 0, 0, 0, 0, 0, 0, 0, 0, 0, 0, 0, 0, 0
17:43:46, 1523.10, 32.01, 34.14, 30.508, 0, 0, 0, 0, 0, 0, 0, 0, 0, 0, 0, 0, 0, 0, 0, 0, 0, 0, 0, 0, 0, 0, 0, 0
17:43:47, 1537.50, 32.01, 34.12, 30.508, 0, 0, 0, 0, 0, 0, 0, 0, 0, 0, 0, 0, 0, 0, 0, 0, 0, 0, 0, 0, 0, 0, 0, 0
17:43:47, 1533.40, 32.00, 34.12, 30.500, 0, 0, 0, 0, 0, 0, 0, 0, 0, 0, 0, 0, 0, 0, 0, 0, 0, 0, 0, 0, 0, 0, 0, 0
17:43:48, 1535.00, 32.00, 34.08, 30.500, 0, 0, 0, 0, 0, 0, 0, 0, 0, 0, 0, 0, 0, 0, 0, 0, 0, 0, 0, 0, 0, 0, 0, 0
17:43:49, 1542.60, 31.99, 34.12, 30.508, 0, 0, 0, 0, 0, 0, 0, 0, 0, 0, 0, 0, 0, 0, 0, 0, 0, 0, 0, 0, 0, 0, 0, 0
17:43:49, 1554.00, 31.99, 34.12, 30.500, 0, 0, 0, 0, 0, 0, 0, 0, 0, 0, 0, 0, 0, 0, 0, 0, 0, 0, 0, 0, 0, 0, 0, 0
17:43:50, 1557.20, 31.99, 34.12, 30.500, 0, 0, 0, 0, 0, 0, 0, 0, 0, 0, 0, 0, 0, 0, 0, 0, 0, 0, 0, 0, 0, 0, 0, 0
17:43:51, 1560.10, 31.99, 34.14, 30.500, 0, 0, 0, 0, 0, 0, 0, 0, 0, 0, 0, 0, 0, 0, 0, 0, 0, 0, 0, 0, 0, 0, 0, 0
17:43:51, 1567.50, 31.99, 34.08, 30.500, 0, 0, 0, 0, 0, 0, 0, 0, 0, 0, 0, 0, 0, 0, 0, 0, 0, 0, 0, 0, 0, 0, 0, 0
17:43:52, 1572.80, 31.99, 34.10, 30.500, 0, 0, 0, 0, 0, 0, 0, 0, 0, 0, 0, 0, 0, 0, 0, 0, 0, 0, 0, 0, 0, 0, 0, 0
17:43:53, 1579.70, 31.99, 34.12, 30.508, 0, 0, 0, 0, 0, 0, 0, 0, 0, 0, 0, 0, 0, 0, 0, 0, 0, 0, 0, 0, 0, 0, 0, 0
17:43:53, 1581.00, 31.99, 34.10, 30.508, 0, 0, 0, 0, 0, 0, 0, 0, 0, 0, 0, 0, 0, 0, 0, 0, 0, 0, 0, 0, 0, 0, 0, 0
17:43:54, 1581.80, 31.99, 34.08, 30.508, 0, 0, 0, 0, 0, 0, 0, 0, 0, 0, 0, 0, 0, 0, 0, 0, 0, 0, 0, 0, 0, 0, 0, 0
17:43:55, 1586.90, 31.99, 34.08, 30.500, 0, 0, 0, 0, 0, 0, 0, 0, 0, 0, 0, 0, 0, 0, 0, 0, 0, 0, 0, 0, 0, 0, 0, 0
17:43:55, 1593.10, 31.99, 34.10, 30.500, 0, 0, 0, 0, 0, 0, 0, 0, 0, 0, 0, 0, 0, 0, 0, 0, 0, 0, 0, 0, 0, 0, 0, 0
17:43:56, 1595.00, 31.99, 34.10, 30.500, 0, 0, 0, 0, 0, 0, 0, 0, 0, 0, 0, 0, 0, 0, 0, 0, 0, 0, 0, 0, 0, 0, 0, 0
17:43:57, 1598.90, 31.98, 34.12, 30.500, 0, 0, 0, 0, 0, 0, 0, 0, 0, 0, 0, 0, 0, 0, 0, 0, 0, 0, 0, 0, 0, 0, 0, 0
17:43:57, 1603.10, 31.98, 34.10, 30.500, 0, 0, 0, 0, 0, 0, 0, 0, 0, 0, 0, 0, 0, 0, 0, 0, 0, 0, 0, 0, 0, 0, 0, 0
17:43:58, 1609.20, 31.98, 34.08, 30.500, 0, 0, 0, 0, 0, 0, 0, 0, 0, 0, 0, 0, 0, 0, 0, 0, 0, 0, 0, 0, 0, 0, 0, 0
17:43:59, 1612.70, 31.97, 34.08, 30.500, 0, 0, 0, 0, 0, 0, 0, 0, 0, 0, 0, 0, 0, 0, 0, 0, 0, 0, 0, 0, 0, 0, 0, 0
17:43:59, 1614.00, 31.97, 34.08, 30.500, 0, 0, 0, 0, 0, 0, 0, 0, 0, 0, 0, 0, 0, 0, 0, 0, 0, 0, 0, 0, 0, 0, 0, 0
17:44:00, 1617.60, 31.97, 34.10, 30.500, 0, 0, 0, 0, 0, 0, 0, 0, 0, 0, 0, 0, 0, 0, 0, 0, 0, 0, 0, 0, 0, 0, 0, 0
17:44:01, 1623.70, 31.97, 34.12, 30.500, 0, 0, 0, 0, 0, 0, 0, 0, 0, 0, 0, 0, 0, 0, 0, 0, 0, 0, 0, 0, 0, 0, 0, 0
17:44:01, 1628.70, 31.96, 34.14, 30.500, 0, 0, 0, 0, 0, 0, 0, 0, 0, 0, 0, 0, 0, 0, 0, 0, 0, 0, 0, 0, 0, 0, 0, 0
17:44:02, 1630.90, 31.96, 34.12, 30.500, 0, 0, 0, 0, 0, 0, 0, 0, 0, 0, 0, 0, 0, 0, 0, 0, 0, 0, 0, 0, 0, 0, 0, 0
17:44:03, 1633.80, 31.95, 34.12, 30.492, 0, 0, 0, 0, 0, 0, 0, 0, 0, 0, 0, 0, 0, 0, 0, 0, 0, 0, 0, 0, 0, 0, 0, 0
17:44:03, 1635.30, 31.95, 34.14, 30.492, 0, 0, 0, 0, 0, 0, 0, 0, 0, 0, 0, 0, 0, 0, 0, 0, 0, 0, 0, 0, 0, 0, 0, 0
17:44:04, 1640.40, 31.94, 34.10, 30.500, 0, 0, 0, 0, 0, 0, 0, 0, 0, 0, 0, 0, 0, 0, 0, 0, 0, 0, 0, 0, 0, 0, 0, 0
17:44:05, 1644.50, 31.94, 34.10, 30.492, 0, 0, 0, 0, 0, 0, 0, 0, 0, 0, 0, 0, 0, 0, 0, 0, 0, 0, 0, 0, 0, 0, 0, 0
17:44:05, 1647.90, 31.93, 34.10, 30.492, 0, 0, 0, 0, 0, 0, 0, 0, 0, 0, 0, 0, 0, 0, 0, 0, 0, 0, 0, 0, 0, 0, 0, 0
17:44:06, 1652.10, 31.93, 34.10, 30.500, 0, 0, 0, 0, 0, 0, 0, 0, 0, 0, 0, 0, 0, 0, 0, 0, 0, 0, 0, 0, 0, 0, 0, 0
17:44:07, 1656.30, 31.93, 34.12, 30.500, 0, 0, 0, 0, 0, 0, 0, 0, 0, 0, 0, 0, 0, 0, 0, 0, 0, 0, 0, 0, 0, 0, 0, 0
17:44:07, 1660.70, 31.92, 34.14, 30.500, 0, 0, 0, 0, 0, 0, 0, 0, 0, 0, 0, 0, 0, 0, 0, 0, 0, 0, 0, 0, 0, 0, 0, 0
17:44:08, 1659.90, 31.92, 34.12, 30.500, 0, 0, 0, 0, 0, 0, 0, 0, 0, 0, 0, 0, 0, 0, 0, 0, 0, 0, 0, 0, 0, 0, 0, 0
17:44:09, 1656.60, 31.92, 34.14, 30.492, 0, 0, 0, 0, 0, 0, 0, 0, 0, 0, 0, 0, 0, 0, 0, 0, 0, 0, 0, 0, 0, 0, 0, 0
17:44:09, 1655.60, 31.92, 34.12, 30.492, 0, 0, 0, 0, 0, 0, 0, 0, 0, 0, 0, 0, 0, 0, 0, 0, 0, 0, 0, 0, 0, 0, 0, 0
17:44:10, 1655.20, 31.91, 34.08, 30.492, 0, 0, 0, 0, 0, 0, 0, 0, 0, 0, 0, 0, 0, 0, 0, 0, 0, 0, 0, 0, 0, 0, 0, 0
17:44:11, 1652.50, 31.92, 34.08, 30.500, 0, 0, 0, 0, 0, 0, 0, 0, 0, 0, 0, 0, 0, 0, 0, 0, 0, 0, 0, 0, 0, 0, 0, 0
17:44:11, 1655.10, 31.92, 34.08, 30.500, 0, 0, 0, 0, 0, 0, 0, 0, 0, 0, 0, 0, 0, 0, 0, 0, 0, 0, 0, 0, 0, 0, 0, 0
17:44:12, 1654.00, 31.92, 34.06, 30.500, 0, 0, 0, 0, 0, 0, 0, 0, 0, 0, 0, 0, 0, 0, 0, 0, 0, 0, 0, 0, 0, 0, 0, 0
17:44:13, 1649.30, 31.92, 34.08, 30.500, 0, 0, 0, 0, 0, 0, 0, 0, 0, 0, 0, 0, 0, 0, 0, 0, 0, 0, 0, 0, 0, 0, 0, 0
17:44:13, 1644.70, 31.91, 34.08, 30.500, 0, 0, 0, 0, 0, 0, 0, 0, 0, 0, 0, 0, 0, 0, 0, 0, 0, 0, 0, 0, 0, 0, 0, 0
17:44:14, 1645.90, 31.91, 34.08, 30.500, 0, 0, 0, 0, 0, 0, 0, 0, 0, 0, 0, 0, 0, 0, 0, 0, 0, 0, 0, 0, 0, 0, 0, 0
17:44:15, 1643.30, 31.91, 34.12, 30.508, 0, 0, 0, 0, 0, 0, 0, 0, 0, 0, 0, 0, 0, 0, 0, 0, 0, 0, 0, 0, 0, 0, 0, 0
17:44:15, 1641.60, 31.90, 34.10, 30.508, 0, 0, 0, 0, 0, 0, 0, 0, 0, 0, 0, 0, 0, 0, 0, 0, 0, 0, 0, 0, 0, 0, 0, 0
17:44:16, 1635.70, 31.90, 34.12, 30.500, 0, 0, 0, 0, 0, 0, 0, 0, 0, 0, 0, 0, 0, 0, 0, 0, 0, 0, 0, 0, 0, 0, 0, 0
17:44:17, 1634.40, 31.90, 34.14, 30.500, 0, 0, 0, 0, 0, 0, 0, 0, 0, 0, 0, 0, 0, 0, 0, 0, 0, 0, 0, 0, 0, 0, 0, 0
17:44:17, 1632.50, 31.90, 34.10, 30.500, 0, 0, 0, 0, 0, 0, 0, 0, 0, 0, 0, 0, 0, 0, 0, 0, 0, 0, 0, 0, 0, 0, 0, 0
17:44:18, 1631.50, 31.90, 34.06, 30.500, 0, 0, 0, 0, 0, 0, 0, 0, 0, 0, 0, 0, 0, 0, 0, 0, 0, 0, 0, 0, 0, 0, 0, 0
17:44:18, 1627.60, 31.89, 34.10, 30.508, 0, 0, 0, 0, 0, 0, 0, 0, 0, 0, 0, 0, 0, 0, 0, 0, 0, 0, 0, 0, 0, 0, 0, 0
17:44:19, 1620.20, 31.90, 34.10, 30.508, 0, 0, 0, 0, 0, 0, 0, 0, 0, 0, 0, 0, 0, 0, 0, 0, 0, 0, 0, 0, 0, 0, 0, 0
17:44:20, 1622.70, 31.90, 34.08, 30.508, 0, 0, 0, 0, 0, 0, 0, 0, 0, 0, 0, 0, 0, 0, 0, 0, 0, 0, 0, 0, 0, 0, 0, 0
17:44:20, 1623.10, 31.90, 34.12, 30.508, 0, 0, 0, 0, 0, 0, 0, 0, 0, 0, 0, 0, 0, 0, 0, 0, 0, 0, 0, 0, 0, 0, 0, 0
17:44:21, 1637.20, 31.89, 34.04, 30.500, 0, 0, 0, 0, 0, 0, 0, 0, 0, 0, 0, 0, 0, 0, 0, 0, 0, 0, 0, 0, 0, 0, 0, 0
17:44:22, 1642.60, 31.86, 34.10, 30.500, 0, 0, 0, 0, 0, 0, 0, 0, 0, 0, 0, 0, 0, 0, 0, 0, 0, 0, 0, 0, 0, 0, 0, 0
17:44:22, 1646.10, 31.85, 34.12, 30.500, 0, 0, 0, 0, 0, 0, 0, 0, 0, 0, 0, 0, 0, 0, 0, 0, 0, 0, 0, 0, 0, 0, 0, 0
17:44:23, 1645.50, 31.83, 34.10, 30.500, 0, 0, 0, 0, 0, 0, 0, 0, 0, 0, 0, 0, 0, 0, 0, 0, 0, 0, 0, 0, 0, 0, 0, 0
17:44:24, 1642.70, 31.82, 34.10, 30.500, 0, 0, 0, 0, 0, 0, 0, 0, 0, 0, 0, 0, 0, 0, 0, 0, 0, 0, 0, 0, 0, 0, 0, 0
17:44:24, 1641.40, 31.80, 34.14, 30.500, 0, 0, 0, 0, 0, 0, 0, 0, 0, 0, 0, 0, 0, 0, 0, 0, 0, 0, 0, 0, 0, 0, 0, 0
17:44:25, 1639.30, 31.79, 34.12, 30.500, 0, 0, 0, 0, 0, 0, 0, 0, 0, 0, 0, 0, 0, 0, 0, 0, 0, 0, 0, 0, 0, 0, 0, 0
17:44:26, 1632.90, 31.78, 34.10, 30.500, 0, 0, 0, 0, 0, 0, 0, 0, 0, 0, 0, 0, 0, 0, 0, 0, 0, 0, 0, 0, 0, 0, 0, 0
17:44:26, 1627.50, 31.78, 34.12, 30.500, 0, 0, 0, 0, 0, 0, 0, 0, 0, 0, 0, 0, 0, 0, 0, 0, 0, 0, 0, 0, 0, 0, 0, 0
17:44:27, 1624.20, 31.78, 34.12, 30.500, 0, 0, 0, 0, 0, 0, 0, 0, 0, 0, 0, 0, 0, 0, 0, 0, 0, 0, 0, 0, 0, 0, 0, 0
17:44:28, 1620.20, 31.78, 34.14, 30.508, 0, 0, 0, 0, 0, 0, 0, 0, 0, 0, 0, 0, 0, 0, 0, 0, 0, 0, 0, 0, 0, 0, 0, 0
17:44:28, 1617.80, 31.77, 34.10, 30.508, 0, 0, 0, 0, 0, 0, 0, 0, 0, 0, 0, 0, 0, 0, 0, 0, 0, 0, 0, 0, 0, 0, 0, 0
17:44:29, 1617.90, 31.77, 34.08, 30.500, 0, 0, 0, 0, 0, 0, 0, 0, 0, 0, 0, 0, 0, 0, 0, 0, 0, 0, 0, 0, 0, 0, 0, 0
17:44:30, 1619.10, 31.77, 34.10, 30.508, 0, 0, 0, 0, 0, 0, 0, 0, 0, 0, 0, 0, 0, 0, 0, 0, 0, 0, 0, 0, 0, 0, 0, 0
17:44:30, 1606.00, 31.77, 34.08, 30.508, 0, 0, 0, 0, 0, 0, 0, 0, 0, 0, 0, 0, 0, 0, 0, 0, 0, 0, 0, 0, 0, 0, 0, 0
17:44:31, 1593.20, 31.77, 34.10, 30.508, 0, 0, 0, 0, 0, 0, 0, 0, 0, 0, 0, 0, 0, 0, 0, 0, 0, 0, 0, 0, 0, 0, 0, 0
17:44:32, 1594.90, 31.77, 34.12, 30.516, 0, 0, 0, 0, 0, 0, 0, 0, 0, 0, 0, 0, 0, 0, 0, 0, 0, 0, 0, 0, 0, 0, 0, 0
17:44:32, 1593.00, 31.77, 34.08, 30.516, 0, 0, 0, 0, 0, 0, 0, 0, 0, 0, 0, 0, 0, 0, 0, 0, 0, 0, 0, 0, 0, 0, 0, 0
17:44:33, 1581.50, 31.77, 34.08, 30.500, 0, 0, 0, 0, 0, 0, 0, 0, 0, 0, 0, 0, 0, 0, 0, 0, 0, 0, 0, 0, 0, 0, 0, 0
17:44:34, 1575.70, 31.77, 34.08, 30.516, 0, 0, 0, 0, 0, 0, 0, 0, 0, 0, 0, 0, 0, 0, 0, 0, 0, 0, 0, 0, 0, 0, 0, 0
17:44:34, 1566.60, 31.77, 34.08, 30.516, 0, 0, 0, 0, 0, 0, 0, 0, 0, 0, 0, 0, 0, 0, 0, 0, 0, 0, 0, 0, 0, 0, 0, 0
17:44:35, 1557.80, 31.78, 34.10, 30.500, 0, 0, 0, 0, 0, 0, 0, 0, 0, 0, 0, 0, 0, 0, 0, 0, 0, 0, 0, 0, 0, 0, 0, 0
17:44:36, 1550.90, 31.78, 34.08, 30.508, 0, 0, 0, 0, 0, 0, 0, 0, 0, 0, 0, 0, 0, 0, 0, 0, 0, 0, 0, 0, 0, 0, 0, 0
17:44:36, 1546.30, 31.78, 34.10, 30.508, 0, 0, 0, 0, 0, 0, 0, 0, 0, 0, 0, 0, 0, 0, 0, 0, 0, 0, 0, 0, 0, 0, 0, 0
17:44:37, 1540.80, 31.78, 34.12, 30.508, 0, 0, 0, 0, 0, 0, 0, 0, 0, 0, 0, 0, 0, 0, 0, 0, 0, 0, 0, 0, 0, 0, 0, 0
17:44:38, 1537.10, 31.79, 34.08, 30.508, 0, 0, 0, 0, 0, 0, 0, 0, 0, 0, 0, 0, 0, 0, 0, 0, 0, 0, 0, 0, 0, 0, 0, 0
17:44:38, 1533.60, 31.79, 34.10, 30.508, 0, 0, 0, 0, 0, 0, 0, 0, 0, 0, 0, 0, 0, 0, 0, 0, 0, 0, 0, 0, 0, 0, 0, 0
17:44:39, 1527.20, 31.79, 34.08, 30.508, 0, 0, 0, 0, 0, 0, 0, 0, 0, 0, 0, 0, 0, 0, 0, 0, 0, 0, 0, 0, 0, 0, 0, 0
17:44:40, 1522.00, 31.79, 34.10, 30.508, 0, 0, 0, 0, 0, 0, 0, 0, 0, 0, 0, 0, 0, 0, 0, 0, 0, 0, 0, 0, 0, 0, 0, 0
17:44:40, 1519.90, 31.79, 34.10, 30.516, 0, 0, 0, 0, 0, 0, 0, 0, 0, 0, 0, 0, 0, 0, 0, 0, 0, 0, 0, 0, 0, 0, 0, 0
17:44:41, 1517.20, 31.78, 34.10, 30.516, 0, 0, 0, 0, 0, 0, 0, 0, 0, 0, 0, 0, 0, 0, 0, 0, 0, 0, 0, 0, 0, 0, 0, 0
17:44:42, 1504.60, 31.78, 34.08, 30.516, 0, 0, 0, 0, 0, 0, 0, 0, 0, 0, 0, 0, 0, 0, 0, 0, 0, 0, 0, 0, 0, 0, 0, 0
17:44:42, 1501.70, 31.79, 34.08, 30.516, 0, 0, 0, 0, 0, 0, 0, 0, 0, 0, 0, 0, 0, 0, 0, 0, 0, 0, 0, 0, 0, 0, 0, 0
17:44:43, 1501.20, 31.79, 34.10, 30.516, 0, 0, 0, 0, 0, 0, 0, 0, 0, 0, 0, 0, 0, 0, 0, 0, 0, 0, 0, 0, 0, 0, 0, 0
17:44:44, 1509.00, 31.78, 34.10, 30.516, 0, 0, 0, 0, 0, 0, 0, 0, 0, 0, 0, 0, 0, 0, 0, 0, 0, 0, 0, 0, 0, 0, 0, 0
17:44:44, 1506.50, 31.78, 34.10, 30.516, 0, 0, 0, 0, 0, 0, 0, 0, 0, 0, 0, 0, 0, 0, 0, 0, 0, 0, 0, 0, 0, 0, 0, 0
17:44:45, 1499.50, 31.78, 34.06, 30.508, 0, 0, 0, 0, 0, 0, 0, 0, 0, 0, 0, 0, 0, 0, 0, 0, 0, 0, 0, 0, 0, 0, 0, 0
17:44:46, 1497.40, 31.78, 34.06, 30.508, 0, 0, 0, 0, 0, 0, 0, 0, 0, 0, 0, 0, 0, 0, 0, 0, 0, 0, 0, 0, 0, 0, 0, 0
17:44:46, 1493.10, 31.78, 34.06, 30.516, 0, 0, 0, 0, 0, 0, 0, 0, 0, 0, 0, 0, 0, 0, 0, 0, 0, 0, 0, 0, 0, 0, 0, 0
17:44:47, 1486.00, 31.78, 34.10, 30.516, 0, 0, 0, 0, 0, 0, 0, 1, 0, 0, 0, 0, 0, 0, 0, 0, 0, 0, 0, 0, 0, 0, 0, 0
17:44:48, 1480.90, 31.78, 34.12, 30.516, 0, 0, 0, 0, 0, 0, 0, 1, 0, 0, 0, 0, 0, 0, 0, 0, 0, 0, 0, 0, 0, 0, 0, 0
17:44:48, 1476.80, 31.78, 34.08, 30.516, 0, 0, 0, 0, 0, 0, 0, 1, 0, 0, 0, 0, 0, 0, 0, 0, 0, 0, 0, 0, 0, 0, 0, 0
17:44:49, 1469.40, 31.78, 34.04, 30.523, 0, 0, 0, 0, 0, 0, 0, 1, 0, 0, 0, 0, 0, 0, 0, 0, 0, 0, 0, 0, 0, 0, 0, 0
17:44:50, 1465.50, 31.78, 34.14, 30.523, 0, 0, 0, 0, 0, 0, 0, 1, 0, 0, 0, 0, 0, 0, 0, 0, 0, 0, 0, 0, 0, 0, 0, 0
17:44:50, 1460.80, 31.78, 34.08, 30.523, 0, 0, 0, 0, 0, 0, 0, 1, 0, 0, 0, 0, 0, 0, 0, 0, 0, 0, 0, 0, 0, 0, 0, 0
17:44:51, 1454.30, 31.79, 34.06, 30.531, 0, 0, 0, 0, 0, 0, 0, 1, 0, 0, 0, 0, 0, 0, 0, 0, 0, 0, 0, 0, 0, 0, 0, 0
17:44:52, 1448.30, 31.79, 34.14, 30.531, 0, 0, 0, 0, 0, 0, 0, 1, 1, 0, 0, 0, 0, 0, 0, 0, 0, 0, 0, 0, 0, 0, 0, 0
17:44:52, 1441.10, 31.79, 34.06, 30.523, 0, 0, 0, 0, 0, 0, 0, 1, 1, 0, 0, 0, 0, 0, 0, 0, 0, 0, 0, 0, 0, 0, 0, 0
17:44:53, 1435.20, 31.79, 34.10, 30.523, 0, 0, 0, 0, 0, 0, 0, 1, 1, 0, 0, 0, 0, 0, 0, 0, 0, 0, 0, 0, 0, 0, 0, 0
17:44:54, 1429.50, 31.79, 34.14, 30.523, 0, 0, 0, 0, 0, 0, 1, 1, 1, 0, 0, 0, 0, 0, 0, 0, 0, 0, 0, 0, 0, 0, 0, 0
17:44:54, 1422.80, 31.79, 34.08, 30.523, 0, 0, 0, 0, 0, 0, 1, 1, 1, 0, 0, 0, 0, 0, 0, 0, 0, 0, 0, 0, 0, 0, 0, 0
17:44:55, 1416.10, 31.80, 34.08, 30.523, 0, 0, 0, 0, 0, 0, 1, 1, 1, 0, 0, 0, 0, 0, 0, 0, 0, 0, 0, 0, 0, 0, 0, 0
17:44:56, 1408.60, 31.80, 34.10, 30.523, 0, 0, 0, 0, 0, 0, 1, 1, 1, 0, 0, 0, 0, 0, 0, 0, 0, 0, 0, 0, 0, 0, 0, 0
17:44:56, 1402.80, 31.80, 34.10, 30.516, 0, 0, 0, 0, 0, 0, 1, 1, 1, 0, 0, 0, 0, 0, 0, 0, 0, 0, 0, 0, 0, 0, 0, 0
17:44:57, 1398.60, 31.80, 34.04, 30.516, 0, 0, 0, 0, 0, 0, 1, 2, 1, 0, 0, 0, 0, 0, 0, 0, 0, 0, 0, 0, 0, 0, 0, 0
17:44:58, 1391.20, 31.80, 34.04, 30.523, 0, 0, 0, 0, 0, 0, 1, 2, 1, 0, 0, 0, 0, 0, 0, 0, 0, 0, 0, 0, 0, 0, 0, 0
17:44:58, 1384.50, 31.79, 34.10, 30.516, 0, 0, 0, 0, 0, 0, 1, 2, 2, 0, 0, 0, 0, 0, 0, 0, 0, 0, 0, 0, 0, 0, 0, 0
17:44:59, 1379.00, 31.80, 34.04, 30.516, 0, 0, 0, 0, 0, 0, 1, 2, 2, 0, 0, 0, 0, 0, 0, 0, 0, 0, 0, 0, 0, 0, 0, 0
17:45:00, 1373.80, 31.80, 34.10, 30.523, 0, 0, 0, 0, 0, 0, 2, 3, 2, 0, 0, 0, 0, 0, 0, 0, 0, 0, 0, 0, 0, 0, 0, 0
17:45:00, 1364.40, 31.80, 34.06, 30.523, 0, 0, 0, 0, 1, 0, 2, 3, 3, 0, 0, 0, 0, 0, 0, 0, 0, 0, 0, 0, 0, 0, 0, 0
17:45:01, 1355.20, 31.80, 34.06, 30.523, 0, 0, 0, 0, 0, 0, 2, 4, 3, 0, 0, 0, 0, 0, 0, 0, 0, 0, 0, 1, 0, 0, 0, 0
17:45:02, 1348.80, 31.80, 34.06, 30.516, 0, 0, 0, 0, 0, 0, 3, 5, 4, 0, 0, 0, 0, 0, 0, 0, 0, 0, 0, 1, 1, 0, 0, 0
17:45:02, 1342.40, 31.80, 34.08, 30.531, 0, 0, 0, 1, 0, 1, 3, 6, 5, 0, 0, 0, 0, 0, 0, 0, 0, 0, 0, 1, 1, 0, 0, 0
17:45:03, 1334.70, 31.80, 34.06, 30.531, 0, 0, 0, 1, 0, 1, 4, 7, 6, 1, 0, 0, 0, 0, 0, 0, 0, 0, 1, 2, 1, 0, 0, 0
17:45:04, 1325.20, 31.80, 34.08, 30.523, 1, 0, 0, 1, 0, 1, 5, 9, 7, 1, 0, 0, 0, 0, 0, 0, 0, 0, 1, 3, 2, 0, 0, 0
17:45:04, 1319.10, 31.81, 34.04, 30.523, 0, 0, 1, 1, 0, 2, 6, 11, 9, 1, 0, 0, 0, 0, 0, 0, 0, 0, 1, 3, 2, 0, 0, 0
17:45:05, 1311.90, 31.81, 34.04, 30.523, 0, 0, 1, 1, 1, 2, 7, 13, 12, 1, 0, 0, 0, 0, 0, 0, 0, 0, 2, 4, 3, 0, 0, 0
17:45:06, 1304.00, 31.81, 34.06, 30.523, 0, 0, 1, 1, 1, 3, 10, 17, 15, 1, 0, 0, 0, 0, 0, 0, 0, 0, 2, 5, 5, 0, 0, 0
17:45:06, 1295.40, 31.81, 34.06, 30.531, 0, 0, 1, 1, 3, 4, 11, 20, 18, 2, 0, 0, 0, 0, 0, 0, 0, 1, 3, 7, 6, 0, 0, 0
17:45:07, 1290.80, 31.81, 34.08, 30.531, 0, 0, 1, 1, 2, 6, 15, 25, 22, 2, 0, 0, 0, 0, 0, 0, 0, 1, 4, 8, 7, 0, 0, 0
17:45:08, 1280.80, 31.81, 34.06, 30.523, 0, 0, 1, 1, 3, 7, 17, 29, 25, 2, 0, 0, 0, 0, 0, 0, 1, 2, 5, 10, 9, 0, 0, 0
17:45:08, 1274.10, 31.81, 34.08, 30.531, 1, 1, 1, 2, 4, 9, 23, 38, 33, 3, 0, 0, 0, 0, 0, 0, 1, 2, 7, 12, 11, 0, 0, 0
17:45:09, 1267.50, 31.81, 34.08, 30.531, 1, 1, 2, 2, 5, 12, 28, 46, 43, 4, 0, 0, 0, 0, 0, 0, 1, 3, 9, 15, 14, 0, 0, 0
17:45:10, 1262.30, 31.81, 34.04, 30.523, 1, 1, 2, 3, 7, 15, 34, 56, 54, 5, 0, 0, 0, 0, 0, 0, 1, 4, 10, 18, 16, 1, 0, 0
17:45:10, 1250.30, 31.81, 34.04, 30.531, 2, 2, 2, 3, 8, 18, 40, 65, 60, 5, 0, 0, 0, 0, 0, 0, 2, 5, 14, 23, 21, 1, 0, 0
17:45:11, 1243.80, 31.81, 34.04, 30.531, 2, 2, 3, 4, 12, 25, 54, 86, 79, 7, 0, 0, 0, 0, 0, 0, 3, 6, 17, 28, 26, 2, 0, 0
17:45:12, 1238.30, 31.81, 34.04, 30.523, 3, 3, 4, 5, 14, 29, 62, 98, 91, 8, 0, 0, 1, 0, 0, 1, 4, 8, 20, 33, 31, 2, 0, 0
17:45:12, 1230.00, 31.81, 34.06, 30.531, 3, 3, 4, 6, 16, 33, 69, 108, 107, 9, 0, 0, 1, 1, 1, 1, 4, 10, 25, 40, 38, 3, 0, 0
17:45:13, 1222.60, 31.81, 34.10, 30.531, 4, 4, 5, 7, 22, 43, 88, 136, 136, 12, 0, 0, 1, 1, 1, 2, 6, 13, 30, 49, 47, 4, 0, 0
17:45:14, 1213.70, 31.81, 34.06, 30.531, 5, 5, 6, 8, 25, 49, 99, 152, 142, 12, 0, 0, 2, 1, 1, 2, 8, 16, 38, 61, 58, 5, 0, 0
17:45:14, 1207.90, 31.81, 34.08, 30.539, 6, 6, 8, 12, 35, 66, 131, 200, 196, 17, 0, 0, 2, 2, 1, 2, 9, 19, 45, 70, 69, 6, 0, 0
17:45:15, 1201.80, 31.81, 34.08, 30.539, 8, 8, 9, 15, 45, 84, 163, 245, 251, 22, 0, 0, 3, 2, 2, 3, 12, 24, 54, 85, 86, 7, 0, 0
17:45:16, 1193.80, 31.81, 34.10, 30.531, 10, 10, 12, 19, 56, 103, 195, 290, 308, 27, 0, 0, 3, 3, 3, 4, 15, 31, 67, 103, 104, 9, 0, 0
17:45:16, 1188.70, 31.81, 34.06, 30.531, 13, 13, 15, 25, 77, 137, 254, 372, 382, 33, 0, 0, 4, 3, 4, 5, 18, 37, 79, 120, 122, 11, 0, 0
17:45:17, 1181.20, 31.82, 34.10, 30.539, 15, 14, 18, 30, 92, 163, 296, 431, 419, 36, 0, 0, 5, 4, 4, 7, 23, 46, 97, 147, 151, 14, 0, 0
17:45:18, 1173.10, 31.82, 34.06, 30.539, 20, 19, 23, 41, 120, 209, 370, 534, 512, 43, 0, 0, 6, 6, 6, 9, 31, 59, 123, 183, 189, 17, 0, 0
17:45:18, 1166.00, 31.82, 34.08, 30.539, 25, 23, 29, 53, 148, 252, 438, 626, 628, 53, 0, 0, 8, 7, 8, 12, 39, 74, 150, 220, 232, 21, 0, 0
17:45:19, 1160.90, 31.82, 34.10, 30.531, 31, 30, 37, 71, 192, 322, 552, 779, 821, 70, 0, 0, 9, 8, 9, 14, 47, 88, 176, 257, 275, 25, 0, 0
17:45:20, 1155.00, 31.82, 34.06, 30.539, 36, 34, 44, 85, 224, 371, 627, 878, 920, 78, 0, 0, 11, 10, 11, 17, 57, 106, 207, 298, 321, 30, 0, 0
17:45:20, 1154.70, 31.82, 34.06, 30.539, 44, 43, 55, 109, 289, 472, 794, 1098, 1272, 108, 0, 0, 12, 11, 12, 20, 60, 111, 215, 309, 349, 32, 0, 0
17:45:21, 1148.80, 31.82, 34.08, 30.539, 43, 41, 53, 104, 273, 444, 736, 1022, 1067, 91, 0, 0, 13, 12, 13, 21, 69, 126, 242, 345, 375, 35, 0, 0
17:45:22, 1139.20, 31.83, 34.06, 30.547, 52, 47, 64, 126, 320, 515, 824, 1144, 1183, 101, 0, 0, 17, 15, 17, 29, 93, 167, 313, 440, 481, 45, 0, 0
17:45:22, 1134.70, 31.83, 34.06, 30.547, 71, 68, 94, 189, 446, 697, 1112, 1525, 1602, 137, 0, 0, 20, 18, 21, 35, 108, 191, 355, 497, 544, 51, 0, 0
17:45:23, 1128.10, 31.83, 34.10, 30.547, 78, 76, 106, 216, 484, 748, 1178, 1609, 1644, 141, 0, 0, 23, 21, 24, 41, 126, 221, 404, 562, 621, 59, 0, 0
17:45:24, 1118.90, 31.83, 34.06, 30.555, 89, 82, 120, 239, 614, 928, 1423, 1940, 2005, 174, 0, 0, 29, 27, 32, 56, 170, 291, 521, 714, 818, 78, 0, 0
17:45:24, 1113.50, 31.83, 34.08, 30.555, 123, 124, 186, 383, 867, 1270, 1944, 2610, 3215, 277, 0, 0, 35, 32, 38, 69, 207, 348, 614, 836, 987, 94, 0, 0
17:45:25, 1109.30, 31.83, 34.06, 30.539, 153, 160, 245, 508, 1116, 1601, 2439, 3208, 4127, 358, 0, 0, 39, 36, 44, 80, 230, 384, 668, 905, 1074, 103, 0, 0
17:45:26, 1102.30, 31.83, 34.08, 30.547, 174, 173, 270, 545, 1220, 1727, 2593, 3458, 3576, 314, 0, 0, 45, 42, 52, 97, 277, 458, 784, 1055, 1240, 119, 0, 0
17:45:26, 1092.50, 31.83, 34.04, 30.547, 223, 227, 366, 720, 1482, 2056, 2975, 3934, 3711, 337, 0, 0, 60, 56, 73, 139, 384, 616, 1024, 1361, 1644, 160, 0, 0
17:45:27, 1088.50, 31.83, 34.04, 30.547, 292, 323, 540, 1076, 2071, 2831, 4054, 5318, 4816, 446, 0, 0, 68, 64, 85, 165, 426, 677, 1115, 1473, 1839, 180, 0, 0
17:45:28, 1080.80, 31.83, 34.04, 30.547, 322, 343, 580, 1107, 2059, 2747, 3805, 5078, 4713, 449, 0, 0, 80, 75, 103, 201, 519, 808, 1309, 1712, 2154, 212, 0, 0
17:45:28, 1075.40, 31.84, 34.10, 30.547, 428, 495, 841, 1583, 3317, 4230, 6061, 7929, 7944, 758, 0, 0, 94, 89, 127, 251, 618, 940, 1498, 1938, 2561, 253, 0, 0
17:45:29, 1064.80, 31.84, 34.06, 30.547, 547, 670, 1147, 2131, 3696, 4649, 6365, 8369, 10932, 1045, 0, 0, 115, 111, 165, 329, 816, 1206, 1874, 2397, 3273, 328, 0, 0
17:45:30, 1058.10, 31.84, 34.08, 30.555, 736, 1032, 1817, 3161, 6626, 7599, 10318, 14473, 21688, 2167, 0, 0, 144, 144, 226, 449, 1015, 1464, 2227, 2810, 3980, 405, 0, 0
17:45:30, 1054.00, 31.84, 34.04, 30.555, 1067, 1545, 2622, 4294, 6718, 7825, 10254, 13821, 19982, 2036, 0, 0, 162, 164, 265, 524, 1128, 1606, 2411, 3021, 4296, 443, 0, 0
17:45:31, 1045.00, 31.84, 34.04, 30.586, 1072, 1598, 2757, 4516, 7004, 8340, 10562, 14120, 13913, 1659, 0, 0, 181, 186, 306, 602, 1337, 1867, 2759, 3422, 4880, 513, 0, 0
17:45:32, 1037.10, 31.84, 34.06, 30.625, 1760, 3248, 4761, 8152, 14465, 15288, 24517, 27012, 16686, 2454, 0, 0, 224, 243, 415, 801, 1656, 2258, 3268, 4005, 5888, 635, 0, 0
17:45:32, 1028.90, 31.85, 34.04, 30.625, 1084, 1769, 2928, 4154, 6983, 7910, 10220, 12664, 12793, 2167, 0, 0, 274, 318, 561, 1050, 2037, 2697, 3813, 4620, 7203, 820, 0, 0
17:45:33, 1021.90, 31.85, 34.04, 30.648, 7572, 16254, 19668, 30586, 17046, 22332, 22829, 30299, 15575, 3364, 0, 0, 334, 411, 733, 1328, 2494, 3216, 4461, 5350, 8876, 1078, 0, 0
17:45:34, 1016.80, 31.85, 34.02, 30.648, 7656, 14484, 20759, 26397, 28135, 35713, 34905, 36000, 17005, 4871, 1, 1, 395, 513, 914, 1600, 2810, 3555, 4864, 5798, 10124, 1307, 0, 0
17:45:34, 1018.40, 31.86, 34.04, 30.680, 7996, 17375, 20860, 28573, 35401, 35663, 35325, 36000, 17932, 6286, 1, 1, 382, 494, 881, 1550, 2696, 3430, 4709, 5615, 9485, 1193, 0, 0
17:45:35, 1019.40, 31.86, 34.06, 30.687, 6216, 9131, 13299, 16321, 32392, 33609, 34967, 35109, 36000, 28423, 1, 1, 342, 426, 765, 1375, 2511, 3252, 4510, 5406, 8553, 1003, 0, 0
17:45:36, 1013.10, 31.86, 34.08, 30.687, 9313, 13668, 21829, 23394, 35491, 36000, 36000, 36000, 23153, 8264, 1, 1, 1704, 2718, 3991, 5236, 9045, 10860, 12139, 14902, 30649, 8933, 0, 0
17:45:36, 1013.60, 31.85, 34.04, 30.680, 6686, 14647, 17422, 24771, 27923, 19839, 32258, 36000, 18679, 6809, 1, 1, 5711, 9781, 13559, 17083, 23737, 24140, 31963, 35178, 36000, 36000, 1, 1
