Secchi Depth (cm) = 9999
Forel Ule Scale = 99
pH Colour Scale = 99
SensingSecchi S/N = A016
Latitude (degs N) = 34.19234
Longitude (degs E) = -77.95712
Date = 2026-08-14
Time (UTC), Pressure (mbar) MS5803, Temp (deg C) MS5803, Temp (deg C) 10KTHERM, Temp (deg C) TMP117, ED 415nm, ED 445nm, ED 480nm, ED 515nm, ED 555nm, ED 590nm, ED 630nm, ED 680nm, ED Clear, ED NIR, ED D-SAT, ED A-SAT, EU 415nm, EU 445nm, EU 480nm, EU 515nm, EU 555nm, EU 590nm, EU 630nm, EU 680nm, EU Clear, EU NIR, EU D-SAT, EU A-SAT
17:09:32, 1006.40, 34.49, 34.26, 32.266, 313, 453, 582, 724, 868, 974, 1377, 1731, 4798, 3692, 0, 0, 26463, 36000, 36000, 36000, 36000, 36000, 36000, 36000, 36000, 36000, 1, 1
17:09:32, 1005.40, 34.49, 34.24, 32.266, 311, 455, 586, 731, 871, 976, 1381, 1728, 4767, 3647, 0, 0, 26403, 36000, 36000, 36000, 36000, 36000, 36000, 36000, 36000, 36000, 1, 1
17:09:33, 1005.40, 34.49, 34.28, 32.219, 315, 459, 591, 738, 877, 985, 1391, 1744, 4853, 3714, 0, 0, 26601, 36000, 36000, 36000, 36000, 36000, 36000, 36000, 36000, 36000, 1, 1
17:09:34, 1012.60, 35.05, 34.26, 32.211, 335, 486, 626, 779, 947, 1081, 1535, 1999, 5542, 4340, 0, 0, 32698, 36000, 36000, 36000, 36000, 36000, 36000, 36000, 36000, 36000, 1, 1
17:09:34, 1013.70, 35.11, 34.30, 32.211, 1092, 1564, 2163, 2459, 9312, 7136, 11965, 10407, 36000, 35016, 1, 1, 3145, 4865, 6673, 8456, 7463, 7699, 9133, 9640, 31547, 10436, 0, 0
17:09:35, 1012.10, 35.10, 34.30, 32.211, 6203, 11913, 15337, 17678, 24549, 22686, 26356, 35662, 36000, 36000, 1, 1, 2306, 3572, 4902, 5987, 7313, 8069, 9207, 10227, 26231, 8585, 0, 0
17:09:36, 1013.60, 35.10, 34.32, 32.211, 9828, 15903, 22284, 27779, 32210, 35331, 36000, 36000, 36000, 36000, 1, 1, 2435, 3826, 5228, 7018, 11861, 13640, 15979, 18146, 36000, 25784, 1, 1
17:09:36, 1015.20, 35.10, 34.32, 32.203, 6751, 12026, 15605, 20951, 27805, 32641, 34112, 36000, 36000, 36000, 1, 1, 1858, 2825, 4215, 5602, 4688, 5243, 6183, 6638, 23690, 8278, 0, 0
17:09:37, 1016.70, 34.97, 34.30, 32.016, 7507, 13146, 17030, 23889, 25031, 32360, 32461, 36000, 36000, 36000, 1, 1, 288, 410, 778, 1317, 2340, 2770, 3376, 3582, 7951, 877, 0, 0
17:09:38, 1021.00, 34.79, 34.28, 32.016, 8229, 13562, 19812, 24313, 30210, 32535, 36000, 36000, 36000, 36000, 1, 1, 285, 401, 765, 1308, 2157, 2574, 3149, 3329, 7673, 831, 0, 0
17:09:38, 1023.20, 34.64, 34.28, 31.562, 7532, 12367, 17498, 19711, 22980, 24407, 28545, 29969, 36000, 19865, 1, 1, 250, 340, 657, 1158, 2016, 2441, 3002, 3149, 7392, 780, 0, 0
17:09:39, 1017.60, 34.51, 34.33, 31.391, 6992, 12743, 19293, 23412, 29726, 31990, 36000, 36000, 36000, 29448, 1, 1, 271, 379, 715, 1238, 2105, 2536, 3108, 3258, 7694, 854, 0, 0
17:09:40, 1019.50, 34.40, 34.30, 31.391, 8527, 13260, 20148, 21336, 16386, 18432, 19533, 22920, 33875, 13006, 0, 1, 262, 360, 682, 1203, 2048, 2506, 3058, 3221, 7078, 776, 0, 0
17:09:40, 1021.80, 34.31, 34.30, 31.328, 6120, 10970, 14888, 18540, 27580, 25881, 31934, 31957, 27266, 8332, 0, 0, 223, 300, 572, 1037, 1846, 2297, 2803, 2954, 5878, 624, 0, 0
17:09:41, 1018.70, 34.25, 34.30, 31.312, 5068, 9500, 10781, 19293, 26069, 24917, 35126, 33483, 30012, 7744, 0, 1, 224, 306, 579, 1043, 1865, 2313, 2811, 2962, 5555, 597, 0, 0
17:09:42, 1019.80, 34.21, 34.26, 31.312, 6988, 12677, 18631, 22682, 28127, 32688, 35846, 35895, 36000, 22424, 1, 1, 240, 332, 628, 1116, 1892, 2333, 2835, 2980, 5622, 605, 0, 0
17:09:42, 1024.30, 34.17, 34.22, 31.297, 5278, 9354, 15236, 18411, 25095, 27504, 31411, 32633, 36000, 21880, 1, 1, 217, 291, 560, 1017, 1794, 2231, 2726, 2859, 5091, 523, 0, 0
17:09:43, 1027.70, 34.13, 34.28, 31.297, 5401, 9188, 17113, 18261, 25454, 29930, 32314, 34902, 36000, 17687, 1, 1, 199, 258, 502, 934, 1705, 2138, 2624, 2745, 4712, 466, 0, 0
17:09:43, 1027.60, 34.11, 34.26, 31.297, 4828, 9562, 14888, 20537, 21417, 23103, 25475, 31672, 36000, 16745, 1, 1, 191, 248, 483, 892, 1616, 2024, 2486, 2595, 4487, 446, 0, 0
17:09:44, 1029.90, 34.07, 34.26, 31.305, 4684, 9439, 13169, 19866, 25329, 26449, 33205, 35768, 36000, 18080, 1, 1, 181, 232, 453, 845, 1529, 1924, 2367, 2467, 4224, 414, 0, 0
17:09:45, 1031.20, 34.04, 34.26, 31.312, 4618, 8457, 14401, 19471, 21975, 23618, 27388, 31476, 36000, 14329, 1, 1, 158, 196, 382, 728, 1349, 1718, 2119, 2200, 3587, 345, 0, 0
17:09:45, 1030.60, 34.03, 34.28, 31.312, 4505, 6856, 12179, 16598, 22810, 24984, 26326, 33664, 36000, 17284, 1, 1, 159, 196, 383, 729, 1397, 1776, 2191, 2276, 3713, 355, 0, 0
17:09:46, 1031.80, 34.02, 34.24, 31.305, 4311, 6697, 11446, 15283, 22530, 25028, 27226, 30256, 36000, 16433, 1, 1, 163, 204, 399, 754, 1457, 1846, 2278, 2368, 3962, 379, 0, 0
17:09:47, 1031.40, 34.01, 34.28, 31.312, 4325, 7010, 13312, 15801, 20538, 22608, 25044, 27548, 36000, 15131, 1, 1, 182, 230, 451, 849, 1596, 2012, 2482, 2589, 4429, 427, 0, 0
17:09:47, 1035.80, 33.99, 34.26, 31.312, 5246, 8211, 15555, 18473, 17136, 20131, 20469, 27756, 36000, 14796, 1, 1, 170, 211, 417, 789, 1583, 2010, 2485, 2595, 4382, 415, 0, 0
17:09:48, 1034.00, 33.97, 34.26, 31.305, 2872, 5610, 9071, 13613, 25005, 27196, 29726, 33095, 36000, 13931, 1, 1, 170, 204, 401, 780, 1535, 1962, 2431, 2533, 4093, 380, 0, 0
17:09:49, 1034.20, 33.94, 34.26, 31.305, 4451, 7786, 11959, 15602, 15290, 19280, 19663, 27300, 36000, 14963, 1, 1, 155, 191, 373, 712, 1366, 1743, 2160, 2242, 3646, 338, 0, 0
17:09:49, 1034.70, 33.91, 34.28, 31.312, 3016, 5364, 8601, 11791, 20738, 27375, 26163, 33774, 36000, 16906, 1, 1, 158, 192, 377, 723, 1441, 1828, 2265, 2361, 3993, 373, 0, 0
17:09:50, 1031.20, 33.88, 34.26, 31.305, 5499, 9482, 14791, 21066, 15775, 20512, 20568, 28284, 36000, 13784, 1, 1, 186, 232, 458, 864, 1737, 2177, 2691, 2813, 4999, 477, 0, 0
17:09:51, 1025.00, 33.85, 34.26, 31.305, 7394, 12806, 19260, 25430, 20964, 25210, 26872, 33926, 36000, 20778, 1, 1, 228, 303, 591, 1070, 1959, 2410, 2960, 3103, 5728, 579, 0, 0
17:09:51, 1027.90, 33.82, 34.22, 31.297, 4777, 8237, 12119, 16942, 22583, 26232, 26013, 30398, 36000, 24195, 1, 1, 216, 279, 549, 1013, 1905, 2366, 2918, 3057, 5516, 538, 0, 0
17:09:52, 1027.70, 33.79, 34.24, 31.305, 4385, 7508, 11120, 13473, 17498, 22358, 24208, 32014, 36000, 33181, 1, 1, 218, 291, 570, 1017, 1780, 2195, 2702, 2826, 5227, 520, 0, 0
17:09:53, 1028.50, 33.77, 34.24, 31.305, 4932, 9514, 14449, 20423, 17729, 20511, 21658, 27186, 36000, 15215, 1, 1, 199, 256, 504, 928, 1774, 2197, 2716, 2838, 5226, 507, 0, 0
17:09:53, 1031.50, 33.75, 34.24, 31.297, 7278, 12506, 19747, 25342, 22625, 25112, 26348, 32658, 36000, 21589, 1, 1, 185, 238, 467, 858, 1616, 2017, 2490, 2598, 4625, 445, 0, 0
17:09:54, 1029.10, 33.73, 34.26, 31.297, 2982, 5229, 8422, 12136, 29183, 32188, 32237, 34667, 36000, 28876, 1, 1, 202, 258, 509, 946, 1800, 2244, 2766, 2891, 5163, 503, 0, 0
17:09:55, 1030.80, 33.71, 34.26, 31.297, 5582, 8981, 15643, 18356, 20139, 22347, 24978, 27636, 36000, 15527, 1, 1, 204, 263, 516, 954, 1713, 2140, 2634, 2746, 4897, 479, 0, 0
17:09:55, 1029.80, 33.69, 34.22, 31.289, 3814, 6925, 11836, 15906, 20954, 23331, 26625, 30958, 36000, 13402, 1, 1, 200, 249, 490, 931, 1718, 2166, 2663, 2781, 4740, 457, 0, 0
17:09:56, 1029.40, 33.67, 34.24, 31.289, 4111, 8105, 12165, 17900, 21640, 21606, 26048, 35547, 36000, 18222, 1, 1, 174, 219, 426, 803, 1402, 1785, 2193, 2271, 3686, 349, 0, 0
17:09:57, 1031.20, 33.65, 34.26, 31.289, 4573, 7784, 13795, 16335, 14939, 16450, 18197, 26510, 36000, 10872, 1, 1, 156, 187, 366, 714, 1368, 1758, 2162, 2239, 3494, 319, 0, 0
17:09:57, 1030.60, 33.64, 34.22, 31.242, 4090, 7440, 12303, 13613, 13191, 13462, 15550, 21862, 36000, 8853, 1, 1, 161, 196, 384, 739, 1457, 1861, 2285, 2370, 3841, 360, 0, 0
17:09:58, 1032.90, 33.62, 34.22, 31.211, 4745, 9357, 14429, 20735, 16502, 17237, 24261, 26488, 36000, 8712, 1, 1, 175, 216, 423, 811, 1539, 1965, 2413, 2513, 4212, 404, 0, 0
17:09:59, 1033.50, 33.60, 34.24, 31.211, 2552, 4647, 8059, 10569, 13792, 14573, 18665, 21356, 36000, 6282, 1, 1, 168, 205, 401, 777, 1523, 1952, 2400, 2500, 4155, 397, 0, 0
17:09:59, 1031.40, 33.57, 34.24, 31.195, 3195, 6532, 10704, 15184, 22686, 23186, 31698, 34596, 36000, 6616, 1, 1, 181, 225, 439, 844, 1572, 2003, 2453, 2562, 4407, 434, 0, 0
17:10:00, 1033.90, 33.56, 34.24, 31.187, 2891, 5369, 8800, 11919, 23234, 24832, 30193, 31384, 36000, 13825, 1, 1, 168, 210, 407, 779, 1430, 1830, 2245, 2337, 4092, 402, 0, 0
17:10:01, 1033.70, 33.55, 34.18, 31.187, 3107, 6607, 10018, 14226, 15242, 16598, 20320, 23646, 35296, 6554, 0, 1, 158, 192, 374, 727, 1378, 1771, 2176, 2258, 3725, 357, 0, 0
17:10:01, 1033.80, 33.54, 34.22, 31.172, 3517, 6223, 11266, 14010, 20272, 22242, 26894, 30152, 36000, 9794, 1, 1, 166, 203, 398, 768, 1465, 1870, 2295, 2386, 4038, 388, 0, 0
17:10:02, 1035.70, 33.52, 34.24, 31.172, 3288, 5746, 10469, 12943, 15312, 16290, 22926, 25505, 36000, 7728, 1, 1, 162, 198, 387, 748, 1416, 1807, 2222, 2307, 3986, 384, 0, 0
17:10:03, 1034.60, 33.51, 34.22, 31.195, 2477, 4868, 8031, 10500, 16929, 15958, 20506, 25812, 33600, 6686, 0, 1, 170, 206, 404, 788, 1504, 1924, 2363, 2461, 4133, 397, 0, 0
17:10:03, 1033.20, 33.49, 34.24, 31.180, 2489, 4715, 7580, 10458, 23984, 21407, 27787, 32025, 36000, 7843, 1, 1, 180, 220, 431, 836, 1599, 2038, 2499, 2604, 4433, 428, 0, 0
17:10:04, 1033.00, 33.48, 34.24, 31.180, 3000, 5918, 10193, 14629, 23246, 25010, 28738, 31165, 36000, 9209, 1, 1, 179, 222, 433, 832, 1549, 1972, 2417, 2519, 4389, 432, 0, 0
17:10:05, 1034.50, 33.47, 34.20, 31.195, 4975, 9210, 15387, 21282, 19467, 20725, 26649, 29988, 36000, 10169, 1, 1, 158, 193, 376, 730, 1411, 1812, 2227, 2313, 3833, 365, 0, 0
17:10:05, 1033.10, 33.46, 34.24, 31.203, 4646, 9246, 14806, 21240, 16887, 18184, 21162, 25103, 36000, 9219, 1, 1, 144, 173, 337, 655, 1265, 1628, 2003, 2067, 3307, 305, 0, 0
17:10:06, 1032.00, 33.45, 34.20, 31.203, 3402, 6695, 10661, 14725, 13431, 13091, 16323, 20058, 35613, 7692, 0, 1, 145, 176, 343, 665, 1290, 1653, 2032, 2098, 3348, 308, 0, 0
17:10:07, 1033.60, 33.44, 34.22, 31.219, 4756, 6857, 12866, 16105, 20455, 22402, 25762, 28809, 36000, 13411, 1, 1, 147, 177, 347, 671, 1312, 1684, 2072, 2142, 3447, 318, 0, 0
17:10:07, 1030.70, 33.43, 34.22, 31.234, 3113, 6166, 9650, 13611, 20862, 22358, 25731, 29475, 36000, 11804, 1, 1, 162, 198, 387, 747, 1490, 1899, 2333, 2424, 3982, 374, 0, 0
17:10:08, 1026.90, 33.43, 34.20, 31.234, 2398, 3990, 5973, 8370, 14720, 13348, 16228, 23147, 36000, 7985, 1, 1, 193, 248, 483, 901, 1689, 2117, 2584, 2699, 4708, 471, 0, 0
17:10:09, 1024.00, 33.42, 34.24, 31.211, 4594, 8849, 14907, 19652, 26178, 20932, 27566, 30983, 35218, 7597, 0, 1, 216, 280, 544, 1017, 1865, 2336, 2841, 2985, 5151, 518, 0, 0
17:10:09, 1023.50, 33.42, 34.22, 31.219, 3937, 7085, 8405, 11030, 11053, 11165, 14029, 17275, 16876, 3376, 0, 0, 222, 294, 568, 1046, 1862, 2322, 2820, 2963, 5351, 556, 0, 0
17:10:10, 1027.00, 33.40, 34.20, 31.219, 6448, 11869, 18944, 23780, 24120, 27981, 30492, 32829, 36000, 17838, 1, 1, 193, 255, 491, 907, 1629, 2045, 2493, 2605, 4736, 485, 0, 0
17:10:11, 1030.70, 33.39, 34.24, 31.227, 3683, 6780, 10505, 14883, 23275, 23924, 26958, 29722, 36000, 14217, 1, 1, 169, 212, 413, 786, 1436, 1831, 2240, 2326, 3836, 370, 0, 0
17:10:11, 1039.90, 33.38, 34.18, 31.250, 3914, 6904, 11788, 16150, 18987, 23847, 23433, 29668, 36000, 13621, 1, 1, 126, 148, 288, 574, 1122, 1460, 1801, 1857, 2864, 256, 0, 0
17:10:12, 1053.90, 33.36, 34.24, 31.250, 2185, 3550, 6222, 10057, 9481, 12097, 13170, 16539, 36000, 5755, 1, 1, 117, 131, 256, 518, 1075, 1411, 1768, 1828, 3061, 276, 0, 0
17:10:12, 1060.90, 33.34, 34.24, 31.266, 1162, 1907, 3672, 5703, 9525, 11683, 13212, 18577, 35774, 4894, 0, 1, 121, 128, 247, 518, 1117, 1483, 1874, 1938, 3270, 293, 0, 0
17:10:13, 1067.20, 33.33, 34.20, 31.250, 1170, 1950, 3679, 5880, 8270, 9666, 11955, 14803, 27844, 2903, 0, 0, 121, 126, 239, 513, 1091, 1462, 1846, 1909, 3266, 290, 0, 0
17:10:14, 1075.50, 33.31, 34.18, 31.250, 867, 1318, 2601, 4389, 6859, 7922, 10030, 12725, 21119, 1954, 0, 0, 107, 107, 197, 431, 937, 1279, 1629, 1681, 2827, 250, 0, 0
17:10:14, 1085.80, 33.28, 34.24, 31.172, 726, 1015, 2058, 3720, 5892, 7346, 9203, 11292, 21681, 1999, 0, 0, 88, 85, 150, 335, 800, 1126, 1449, 1492, 2336, 207, 0, 0
17:10:15, 1091.20, 33.24, 34.22, 31.172, 546, 726, 1456, 2816, 5135, 6422, 8353, 9917, 17313, 1487, 0, 0, 80, 76, 131, 295, 710, 1006, 1300, 1337, 2143, 188, 0, 0
17:10:16, 1093.80, 33.19, 34.18, 30.945, 504, 641, 1309, 2630, 4727, 6096, 7823, 9287, 17685, 1492, 0, 0, 75, 71, 118, 269, 704, 1009, 1311, 1345, 2044, 181, 0, 0
17:10:16, 1100.20, 33.15, 34.24, 30.820, 483, 600, 1203, 2452, 4378, 5798, 7342, 8906, 18729, 1578, 0, 0, 67, 62, 103, 235, 604, 876, 1142, 1172, 1818, 160, 0, 0
17:10:17, 1110.80, 33.12, 34.24, 30.820, 383, 465, 915, 1918, 3375, 4545, 5797, 7187, 16122, 1450, 0, 0, 57, 52, 84, 193, 500, 739, 971, 994, 1543, 135, 0, 0
17:10:18, 1117.00, 33.09, 34.18, 30.766, 287, 325, 618, 1340, 2608, 3494, 4681, 5367, 8752, 695, 0, 0, 52, 47, 72, 165, 450, 675, 892, 913, 1412, 124, 0, 0
17:10:18, 1118.60, 33.06, 34.20, 30.750, 254, 283, 540, 1191, 2317, 3116, 4193, 4848, 7426, 588, 0, 0, 51, 46, 70, 160, 438, 660, 873, 893, 1374, 120, 0, 0
17:10:19, 1124.10, 33.04, 34.16, 30.750, 262, 290, 543, 1202, 2306, 3156, 4165, 4918, 9965, 849, 0, 0, 46, 41, 62, 141, 400, 607, 807, 823, 1256, 110, 0, 0
17:10:20, 1127.00, 33.02, 34.18, 30.734, 238, 258, 478, 1077, 2175, 3006, 4067, 4706, 7760, 610, 0, 0, 44, 39, 58, 133, 385, 590, 786, 801, 1199, 106, 0, 0
17:10:20, 1137.40, 33.00, 34.24, 30.734, 206, 221, 398, 896, 1726, 2403, 3208, 3806, 8020, 711, 0, 0, 38, 34, 49, 111, 325, 506, 680, 693, 1046, 92, 0, 0
17:10:21, 1145.50, 32.98, 34.20, 30.734, 168, 174, 305, 707, 1508, 2140, 2938, 3344, 5616, 446, 0, 0, 34, 30, 42, 94, 288, 454, 615, 626, 945, 83, 0, 0
17:10:22, 1149.40, 32.97, 34.22, 30.734, 146, 148, 253, 589, 1321, 1898, 2626, 2986, 5152, 416, 0, 0, 31, 28, 38, 84, 272, 434, 592, 601, 883, 78, 0, 0
17:10:22, 1153.70, 32.95, 34.20, 30.727, 139, 142, 238, 557, 1286, 1855, 2570, 2928, 5028, 406, 0, 0, 30, 26, 36, 79, 252, 403, 550, 561, 857, 75, 0, 0
17:10:23, 1158.10, 32.94, 34.22, 30.727, 131, 131, 217, 507, 1161, 1698, 2357, 2698, 4726, 389, 0, 0, 28, 25, 33, 73, 236, 381, 522, 532, 800, 70, 0, 0
17:10:24, 1166.20, 32.93, 34.18, 30.719, 118, 117, 191, 447, 1012, 1491, 2066, 2378, 4254, 355, 0, 0, 26, 23, 30, 65, 209, 342, 473, 481, 727, 64, 0, 0
17:10:24, 1170.90, 32.91, 34.16, 30.719, 98, 95, 146, 343, 853, 1281, 1819, 2053, 2989, 237, 0, 0, 23, 20, 26, 56, 192, 318, 442, 449, 651, 58, 0, 0
17:10:25, 1172.90, 32.90, 34.20, 30.719, 91, 89, 137, 320, 832, 1253, 1779, 2014, 2933, 234, 0, 0, 23, 20, 26, 55, 187, 311, 432, 440, 652, 57, 0, 0
17:10:26, 1174.30, 32.88, 34.20, 30.703, 91, 89, 136, 319, 815, 1233, 1753, 1982, 2930, 234, 0, 0, 23, 20, 25, 53, 184, 306, 426, 434, 639, 56, 0, 0
17:10:26, 1176.80, 32.87, 34.18, 30.687, 91, 87, 133, 311, 795, 1206, 1709, 1936, 3049, 247, 0, 0, 22, 19, 25, 52, 181, 302, 421, 429, 629, 55, 0, 0
17:10:27, 1184.80, 32.86, 34.18, 30.687, 81, 78, 118, 270, 660, 1004, 1409, 1611, 2984, 260, 0, 0, 21, 18, 23, 47, 159, 269, 378, 385, 573, 50, 0, 0
17:10:28, 1189.80, 32.84, 34.18, 30.672, 72, 69, 101, 233, 618, 961, 1378, 1564, 2500, 206, 0, 0, 18, 16, 20, 40, 145, 249, 352, 358, 520, 46, 0, 0
17:10:28, 1194.00, 32.83, 34.18, 30.672, 68, 65, 95, 217, 590, 922, 1316, 1496, 2489, 208, 0, 0, 18, 15, 19, 39, 139, 239, 339, 345, 516, 45, 0, 0
17:10:29, 1194.90, 32.82, 34.20, 30.641, 63, 61, 87, 198, 533, 840, 1210, 1369, 2090, 172, 0, 0, 17, 15, 19, 38, 137, 235, 335, 341, 495, 43, 0, 0
17:10:30, 1198.00, 32.80, 34.20, 30.594, 64, 61, 87, 198, 543, 856, 1236, 1396, 2107, 172, 0, 0, 17, 15, 18, 36, 132, 228, 324, 329, 478, 42, 0, 0
17:10:30, 1203.30, 32.78, 34.20, 30.594, 58, 55, 78, 175, 482, 765, 1099, 1245, 2074, 176, 0, 0, 16, 14, 17, 33, 120, 210, 300, 305, 450, 40, 0, 0
17:10:31, 1204.50, 32.76, 34.18, 30.586, 53, 50, 70, 156, 435, 700, 1020, 1148, 1521, 122, 0, 0, 15, 13, 16, 31, 117, 205, 294, 299, 415, 37, 0, 0
17:10:32, 1206.20, 32.75, 34.16, 30.578, 53, 50, 70, 157, 451, 723, 1053, 1185, 1704, 139, 0, 0, 14, 13, 15, 30, 114, 200, 287, 292, 430, 38, 0, 0
17:10:32, 1207.60, 32.75, 34.20, 30.578, 51, 48, 67, 148, 427, 688, 998, 1128, 1795, 150, 0, 0, 14, 12, 15, 29, 109, 192, 276, 281, 405, 36, 0, 0
17:10:33, 1205.20, 32.75, 34.16, 30.570, 50, 48, 66, 148, 426, 686, 999, 1127, 1592, 130, 0, 0, 15, 13, 16, 30, 115, 202, 290, 295, 425, 37, 0, 0
17:10:34, 1205.70, 32.74, 34.18, 30.570, 53, 51, 70, 157, 445, 715, 1043, 1174, 1639, 133, 0, 0, 15, 13, 16, 31, 116, 203, 291, 296, 423, 37, 0, 0
17:10:34, 1205.30, 32.74, 34.18, 30.570, 53, 50, 69, 154, 428, 690, 1007, 1134, 1478, 119, 0, 0, 15, 13, 16, 31, 118, 209, 299, 304, 421, 37, 0, 0
17:10:35, 1209.00, 32.74, 34.20, 30.570, 53, 50, 69, 154, 444, 713, 1040, 1170, 1605, 130, 0, 0, 15, 13, 15, 30, 117, 205, 294, 300, 460, 41, 0, 0
17:10:36, 1212.70, 32.73, 34.18, 30.578, 44, 42, 57, 126, 381, 619, 904, 1018, 1533, 127, 0, 0, 13, 11, 13, 26, 102, 182, 263, 267, 369, 33, 0, 0
17:10:36, 1212.30, 32.72, 34.14, 30.578, 46, 43, 58, 129, 385, 627, 918, 1033, 1373, 111, 0, 0, 14, 12, 14, 27, 103, 184, 266, 270, 392, 34, 0, 0
17:10:37, 1213.70, 32.71, 34.20, 30.578, 45, 43, 58, 129, 367, 600, 881, 991, 1315, 107, 0, 0, 13, 11, 14, 26, 100, 179, 259, 263, 376, 33, 0, 0
17:10:38, 1217.60, 32.70, 34.18, 30.578, 45, 42, 57, 126, 368, 603, 881, 995, 1510, 126, 0, 0, 13, 11, 13, 26, 98, 175, 253, 258, 388, 34, 0, 0
17:10:38, 1220.70, 32.69, 34.18, 30.578, 43, 39, 53, 116, 345, 568, 834, 940, 1441, 120, 0, 0, 12, 10, 12, 23, 90, 161, 235, 239, 350, 31, 0, 0
17:10:39, 1221.20, 32.67, 34.16, 30.555, 40, 38, 50, 110, 333, 551, 812, 915, 1347, 111, 0, 0, 12, 10, 12, 22, 88, 158, 231, 235, 339, 30, 0, 0
17:10:40, 1221.70, 32.66, 34.18, 30.539, 39, 37, 50, 108, 329, 545, 804, 904, 1288, 106, 0, 0, 12, 10, 12, 22, 87, 157, 229, 233, 335, 29, 0, 0
17:10:40, 1223.90, 32.65, 34.20, 30.539, 39, 36, 48, 105, 319, 529, 782, 880, 1268, 104, 0, 0, 11, 10, 11, 21, 84, 152, 223, 226, 320, 28, 0, 0
17:10:41, 1225.90, 32.64, 34.14, 30.531, 37, 35, 46, 100, 311, 518, 767, 862, 1192, 97, 0, 0, 11, 9, 11, 21, 82, 150, 219, 223, 324, 28, 0, 0
17:10:42, 1228.20, 32.63, 34.22, 30.523, 35, 33, 44, 94, 285, 477, 704, 794, 1237, 105, 0, 0, 10, 9, 10, 19, 77, 141, 207, 211, 296, 26, 0, 0
17:10:42, 1228.60, 32.62, 34.18, 30.523, 35, 33, 43, 92, 285, 477, 709, 796, 1107, 91, 0, 0, 10, 9, 10, 19, 77, 140, 207, 210, 295, 26, 0, 0
17:10:43, 1229.10, 32.62, 34.18, 30.508, 35, 33, 43, 91, 281, 472, 702, 789, 1109, 91, 0, 0, 10, 9, 10, 19, 76, 140, 206, 209, 295, 26, 0, 0
17:10:43, 1229.50, 32.61, 34.14, 30.508, 35, 33, 43, 91, 284, 477, 710, 799, 1102, 90, 0, 0, 10, 9, 10, 19, 77, 141, 208, 211, 301, 27, 0, 0
17:10:44, 1231.80, 32.61, 34.16, 30.516, 34, 32, 43, 90, 280, 472, 702, 790, 1149, 95, 0, 0, 10, 9, 10, 19, 74, 136, 200, 204, 291, 25, 0, 0
17:10:45, 1233.50, 32.60, 34.20, 30.508, 33, 31, 41, 86, 268, 453, 676, 761, 1083, 89, 0, 0, 10, 8, 9, 18, 72, 132, 196, 199, 283, 25, 0, 0
17:10:45, 1238.50, 32.59, 34.18, 30.508, 33, 30, 39, 82, 253, 429, 639, 720, 1091, 92, 0, 0, 9, 8, 9, 17, 68, 127, 188, 192, 281, 25, 0, 0
17:10:46, 1243.30, 32.58, 34.14, 30.508, 28, 26, 34, 70, 218, 374, 559, 630, 970, 82, 0, 0, 8, 7, 8, 14, 59, 111, 166, 169, 233, 20, 0, 0
17:10:47, 1244.40, 32.57, 34.18, 30.508, 27, 25, 32, 66, 210, 363, 547, 614, 874, 73, 0, 0, 8, 7, 8, 14, 58, 109, 163, 166, 226, 20, 0, 0
17:10:47, 1248.10, 32.56, 34.18, 30.508, 26, 24, 31, 64, 202, 349, 527, 592, 814, 67, 0, 0, 8, 6, 7, 13, 55, 104, 156, 159, 224, 19, 0, 0
17:10:48, 1251.40, 32.55, 34.16, 30.500, 24, 22, 29, 58, 187, 326, 492, 553, 803, 67, 0, 0, 7, 6, 7, 12, 51, 96, 145, 147, 207, 18, 0, 0
17:10:49, 1252.10, 32.54, 34.22, 30.500, 22, 21, 26, 52, 169, 296, 450, 505, 624, 51, 0, 0, 7, 6, 7, 12, 50, 96, 144, 146, 199, 17, 0, 0
17:10:49, 1254.60, 32.53, 34.16, 30.500, 22, 20, 25, 51, 168, 295, 449, 504, 636, 52, 0, 0, 7, 5, 6, 11, 48, 91, 137, 139, 193, 17, 0, 0
17:10:50, 1256.60, 32.52, 34.18, 30.484, 21, 19, 25, 49, 160, 282, 431, 483, 625, 51, 0, 0, 6, 5, 6, 10, 45, 86, 130, 132, 182, 16, 0, 0
17:10:51, 1256.40, 32.51, 34.16, 30.484, 20, 19, 24, 47, 156, 276, 422, 473, 628, 52, 0, 0, 6, 5, 6, 10, 45, 85, 129, 132, 185, 16, 0, 0
17:10:51, 1258.20, 32.51, 34.14, 30.484, 20, 19, 24, 48, 158, 279, 425, 477, 669, 56, 0, 0, 6, 5, 6, 10, 44, 84, 127, 129, 182, 16, 0, 0
17:10:52, 1260.20, 32.50, 34.16, 30.469, 19, 18, 23, 45, 149, 263, 402, 451, 618, 51, 0, 0, 6, 5, 5, 10, 42, 80, 121, 123, 170, 15, 0, 0
17:10:53, 1262.80, 32.49, 34.16, 30.477, 20, 17, 22, 43, 141, 250, 383, 429, 561, 46, 0, 0, 6, 4, 5, 9, 40, 76, 116, 118, 161, 14, 0, 0
17:10:53, 1264.40, 32.49, 34.16, 30.477, 17, 16, 21, 40, 132, 237, 363, 407, 521, 43, 0, 0, 5, 4, 5, 9, 38, 74, 113, 114, 155, 13, 0, 0
17:10:54, 1265.50, 32.48, 34.14, 30.477, 18, 16, 20, 39, 133, 237, 363, 407, 563, 47, 0, 0, 5, 4, 5, 8, 37, 72, 110, 112, 155, 13, 0, 0
17:10:55, 1267.80, 32.46, 34.14, 30.477, 17, 16, 20, 38, 127, 228, 349, 392, 554, 47, 0, 0, 5, 4, 5, 8, 36, 69, 106, 108, 153, 13, 0, 0
17:10:55, 1272.30, 32.46, 34.16, 30.477, 16, 15, 19, 36, 121, 217, 333, 373, 535, 45, 0, 0, 5, 4, 5, 8, 34, 66, 101, 102, 146, 13, 0, 0
17:10:56, 1272.80, 32.45, 34.14, 30.461, 15, 14, 17, 33, 112, 203, 314, 351, 473, 39, 0, 0, 4, 4, 4, 7, 32, 63, 97, 99, 136, 12, 0, 0
17:10:57, 1273.30, 32.44, 34.20, 30.461, 15, 14, 17, 33, 113, 206, 317, 356, 489, 41, 0, 0, 4, 4, 4, 7, 32, 63, 96, 98, 135, 11, 0, 0
17:10:57, 1275.00, 32.44, 34.16, 30.461, 14, 13, 16, 31, 104, 190, 294, 330, 407, 33, 0, 0, 4, 4, 4, 7, 32, 62, 96, 98, 131, 11, 0, 0
17:10:58, 1278.10, 32.43, 34.14, 30.469, 14, 13, 17, 31, 105, 192, 298, 333, 421, 35, 0, 0, 4, 3, 4, 7, 31, 60, 93, 94, 132, 11, 0, 0
17:10:59, 1282.90, 32.43, 34.16, 30.469, 13, 13, 16, 29, 100, 184, 285, 319, 425, 36, 0, 0, 4, 3, 4, 6, 29, 56, 87, 88, 123, 10, 0, 0
17:10:59, 1287.10, 32.43, 34.14, 30.477, 12, 11, 14, 26, 91, 168, 262, 292, 408, 34, 0, 0, 4, 3, 3, 6, 26, 52, 80, 82, 112, 9, 0, 0
17:11:00, 1288.40, 32.43, 34.14, 30.477, 11, 11, 13, 24, 85, 157, 248, 276, 350, 29, 0, 0, 4, 3, 3, 6, 25, 50, 78, 79, 107, 9, 0, 0
17:11:01, 1292.00, 32.42, 34.14, 30.477, 11, 11, 13, 24, 84, 156, 245, 273, 394, 34, 0, 0, 3, 3, 3, 5, 24, 49, 76, 78, 110, 9, 0, 0
17:11:01, 1294.70, 32.42, 34.12, 30.477, 11, 10, 13, 23, 79, 148, 233, 259, 354, 30, 0, 0, 3, 2, 3, 5, 22, 45, 70, 71, 97, 8, 0, 0
17:11:02, 1300.60, 32.41, 34.14, 30.477, 9, 9, 11, 19, 71, 134, 213, 236, 303, 25, 0, 0, 3, 2, 2, 4, 21, 42, 66, 67, 93, 8, 0, 0
17:11:03, 1305.70, 32.40, 34.16, 30.477, 9, 9, 11, 19, 66, 125, 199, 222, 305, 26, 0, 0, 3, 2, 2, 4, 19, 38, 60, 61, 83, 7, 0, 0
17:11:03, 1310.20, 32.39, 34.16, 30.477, 8, 7, 9, 16, 56, 108, 173, 192, 228, 19, 0, 0, 2, 2, 2, 4, 17, 36, 57, 58, 75, 6, 0, 0
17:11:04, 1314.20, 32.38, 34.16, 30.484, 7, 7, 9, 15, 53, 102, 165, 183, 217, 18, 0, 0, 2, 2, 2, 3, 16, 33, 53, 54, 72, 6, 0, 0
17:11:05, 1318.40, 32.37, 34.14, 30.484, 7, 7, 8, 14, 51, 99, 160, 178, 227, 19, 0, 0, 2, 1, 2, 3, 15, 31, 50, 51, 69, 6, 0, 0
17:11:05, 1322.70, 32.36, 34.18, 30.477, 7, 6, 8, 13, 48, 94, 152, 169, 231, 20, 0, 0, 2, 1, 2, 3, 14, 30, 48, 49, 69, 5, 0, 0
17:11:06, 1324.80, 32.35, 34.16, 30.484, 6, 6, 8, 13, 46, 90, 146, 162, 218, 18, 0, 0, 2, 1, 1, 2, 13, 27, 44, 45, 62, 5, 0, 0
17:11:07, 1327.50, 32.35, 34.14, 30.484, 6, 5, 7, 11, 42, 83, 136, 150, 201, 17, 0, 0, 2, 1, 1, 2, 12, 26, 42, 43, 59, 5, 0, 0
17:11:07, 1329.90, 32.34, 34.18, 30.477, 7, 5, 7, 11, 41, 81, 133, 147, 193, 16, 0, 0, 1, 1, 1, 2, 12, 25, 41, 42, 55, 4, 0, 0
17:11:08, 1334.70, 32.34, 34.14, 30.477, 5, 5, 7, 10, 38, 76, 124, 138, 178, 15, 0, 0, 1, 1, 1, 2, 11, 23, 38, 39, 52, 4, 0, 0
17:11:09, 1340.60, 32.33, 34.16, 30.477, 5, 5, 6, 9, 34, 69, 112, 125, 172, 15, 0, 0, 1, 1, 1, 2, 10, 21, 35, 36, 49, 4, 0, 0
17:11:09, 1344.70, 32.33, 34.14, 30.477, 4, 4, 5, 8, 30, 61, 102, 113, 138, 12, 0, 0, 1, 1, 1, 2, 9, 19, 32, 33, 42, 3, 0, 0
17:11:10, 1347.30, 32.32, 34.12, 30.477, 4, 4, 5, 8, 29, 59, 98, 109, 138, 12, 0, 0, 1, 1, 1, 1, 8, 18, 30, 31, 42, 3, 0, 0
17:11:11, 1350.70, 32.31, 34.14, 30.477, 4, 4, 5, 8, 28, 57, 94, 104, 140, 12, 0, 0, 1, 1, 1, 1, 8, 18, 29, 30, 41, 3, 0, 0
17:11:11, 1353.90, 32.31, 34.18, 30.477, 4, 3, 5, 7, 26, 53, 89, 99, 127, 11, 0, 0, 1, 0, 0, 1, 8, 16, 27, 28, 37, 3, 0, 0
17:11:12, 1358.30, 32.30, 34.16, 30.477, 3, 3, 4, 7, 25, 50, 83, 92, 120, 10, 0, 0, 1, 0, 0, 1, 7, 15, 25, 26, 34, 2, 0, 0
17:11:13, 1362.20, 32.29, 34.14, 30.477, 3, 3, 4, 6, 21, 44, 75, 83, 101, 9, 0, 0, 1, 0, 0, 1, 6, 14, 24, 24, 31, 2, 0, 0
17:11:13, 1365.30, 32.29, 34.18, 30.477, 3, 3, 4, 6, 20, 42, 72, 80, 98, 8, 0, 0, 1, 0, 0, 1, 6, 13, 23, 23, 30, 2, 0, 0
17:11:14, 1369.60, 32.28, 34.14, 30.477, 4, 2, 4, 5, 19, 40, 68, 75, 95, 8, 0, 0, 1, 0, 0, 1, 6, 12, 21, 22, 29, 2, 0, 0
17:11:14, 1375.00, 32.28, 34.14, 30.477, 2, 2, 3, 5, 17, 37, 63, 70, 91, 8, 0, 0, 0, 0, 0, 1, 5, 11, 19, 20, 27, 2, 0, 0
17:11:15, 1379.20, 32.28, 34.16, 30.477, 2, 2, 3, 4, 16, 33, 57, 63, 81, 7, 0, 0, 0, 0, 0, 0, 4, 10, 17, 18, 23, 1, 0, 0
17:11:16, 1381.90, 32.27, 34.14, 30.477, 2, 2, 3, 4, 16, 32, 55, 60, 78, 7, 0, 0, 0, 0, 0, 0, 4, 10, 17, 17, 24, 1, 0, 0
17:11:16, 1382.70, 32.27, 34.16, 30.477, 2, 2, 3, 4, 14, 30, 52, 58, 76, 6, 0, 0, 0, 0, 0, 0, 4, 10, 16, 17, 22, 1, 0, 0
17:11:17, 1387.40, 32.27, 34.18, 30.477, 2, 2, 3, 4, 13, 29, 50, 55, 72, 6, 0, 0, 0, 0, 0, 0, 4, 9, 16, 16, 22, 1, 0, 0
17:11:18, 1391.30, 32.26, 34.12, 30.477, 2, 2, 2, 3, 12, 26, 45, 50, 63, 5, 0, 0, 0, 0, 0, 0, 3, 8, 14, 14, 18, 1, 0, 0
17:11:18, 1393.70, 32.26, 34.16, 30.469, 2, 1, 2, 3, 11, 24, 42, 46, 56, 5, 0, 0, 0, 0, 0, 0, 3, 8, 13, 14, 17, 1, 0, 0
17:11:19, 1395.30, 32.25, 34.16, 30.477, 1, 1, 2, 3, 11, 24, 42, 46, 59, 5, 0, 0, 0, 0, 0, 0, 3, 7, 13, 13, 18, 1, 0, 0
17:11:20, 1398.20, 32.25, 34.16, 30.477, 1, 1, 2, 3, 10, 23, 40, 45, 59, 5, 0, 0, 0, 0, 0, 0, 3, 7, 13, 13, 18, 1, 0, 0
17:11:20, 1400.00, 32.25, 34.18, 30.469, 2, 1, 2, 3, 11, 22, 39, 43, 55, 5, 0, 0, 0, 0, 0, 0, 3, 7, 12, 13, 17, 1, 0, 0
17:11:21, 1402.00, 32.24, 34.12, 30.469, 1, 1, 2, 3, 10, 22, 38, 42, 52, 5, 0, 0, 0, 0, 0, 0, 3, 7, 12, 12, 16, 1, 0, 0
17:11:22, 1402.40, 32.23, 34.12, 30.469, 1, 1, 2, 3, 9, 21, 36, 40, 48, 4, 0, 0, 0, 0, 0, 0, 3, 6, 11, 12, 15, 0, 0, 0
17:11:22, 1404.70, 32.23, 34.16, 30.469, 1, 1, 2, 3, 9, 20, 35, 39, 46, 4, 0, 0, 0, 0, 0, 0, 3, 6, 11, 11, 15, 1, 0, 0
17:11:23, 1407.70, 32.22, 34.14, 30.469, 1, 1, 2, 3, 8, 19, 34, 37, 48, 4, 0, 0, 0, 0, 0, 0, 2, 6, 11, 11, 14, 1, 0, 0
17:11:24, 1408.90, 32.22, 34.14, 30.469, 1, 1, 2, 2, 8, 18, 32, 35, 40, 3, 0, 0, 0, 0, 0, 0, 2, 6, 10, 10, 14, 0, 0, 0
17:11:24, 1410.40, 32.22, 34.12, 30.469, 1, 1, 2, 2, 8, 18, 31, 35, 42, 4, 0, 0, 0, 0, 0, 0, 2, 5, 10, 10, 13, 0, 0, 0
17:11:25, 1412.80, 32.22, 34.14, 30.469, 1, 1, 2, 2, 7, 17, 31, 34, 42, 4, 0, 0, 0, 0, 0, 0, 2, 5, 10, 10, 13, 0, 0, 0
17:11:26, 1416.10, 32.21, 34.16, 30.469, 1, 1, 2, 2, 8, 16, 29, 33, 43, 4, 0, 0, 0, 0, 0, 0, 2, 5, 9, 9, 12, 0, 0, 0
17:11:26, 1419.50, 32.21, 34.18, 30.469, 1, 1, 2, 2, 7, 15, 28, 31, 39, 3, 0, 0, 0, 0, 0, 0, 2, 5, 8, 9, 11, 0, 0, 0
17:11:27, 1423.00, 32.20, 34.14, 30.469, 1, 1, 1, 2, 6, 14, 26, 29, 35, 3, 0, 0, 0, 0, 0, 0, 2, 4, 8, 8, 11, 0, 0, 0
17:11:28, 1425.20, 32.20, 34.12, 30.461, 1, 1, 1, 2, 6, 13, 24, 27, 32, 3, 0, 0, 0, 0, 0, 0, 2, 4, 8, 8, 10, 0, 0, 0
17:11:28, 1429.10, 32.19, 34.16, 30.469, 0, 1, 1, 2, 5, 13, 24, 26, 33, 3, 0, 0, 0, 0, 0, 0, 1, 4, 7, 8, 10, 0, 0, 0
17:11:29, 1433.70, 32.19, 34.12, 30.469, 0, 0, 1, 2, 5, 12, 22, 24, 32, 3, 0, 0, 0, 0, 0, 0, 1, 4, 7, 7, 9, 0, 0, 0
17:11:30, 1433.90, 32.18, 34.16, 30.461, 0, 0, 1, 2, 5, 11, 21, 23, 27, 2, 0, 0, 0, 0, 0, 0, 1, 4, 7, 7, 9, 0, 0, 0
17:11:30, 1433.80, 32.18, 34.14, 30.469, 0, 0, 1, 2, 5, 11, 20, 22, 25, 2, 0, 0, 0, 0, 0, 0, 1, 3, 7, 7, 9, 0, 0, 0
17:11:31, 1435.20, 32.17, 34.16, 30.469, 0, 0, 1, 2, 4, 11, 20, 22, 25, 2, 0, 0, 0, 0, 0, 0, 1, 3, 6, 7, 8, 0, 0, 0
17:11:32, 1438.20, 32.17, 34.16, 30.453, 0, 0, 1, 2, 4, 11, 20, 22, 26, 2, 0, 0, 0, 0, 0, 0, 1, 3, 6, 6, 8, 0, 0, 0
17:11:32, 1440.90, 32.16, 34.12, 30.461, 0, 0, 1, 2, 4, 10, 19, 21, 26, 2, 0, 0, 0, 0, 0, 0, 1, 3, 6, 6, 8, 0, 0, 0
17:11:33, 1441.00, 32.16, 34.16, 30.461, 0, 0, 1, 1, 5, 10, 18, 20, 24, 2, 0, 0, 0, 0, 0, 0, 1, 3, 5, 6, 7, 0, 0, 0
17:11:34, 1442.00, 32.16, 34.14, 30.461, 0, 0, 1, 1, 4, 10, 18, 20, 24, 2, 0, 0, 0, 0, 0, 0, 1, 3, 5, 6, 7, 0, 0, 0
17:11:34, 1443.40, 32.16, 34.14, 30.461, 0, 0, 1, 1, 4, 9, 18, 20, 24, 2, 0, 0, 0, 0, 0, 0, 1, 3, 5, 6, 7, 0, 0, 0
17:11:35, 1445.40, 32.15, 34.14, 30.461, 1, 0, 1, 1, 4, 9, 17, 19, 23, 2, 0, 0, 0, 0, 0, 0, 1, 3, 5, 5, 7, 0, 0, 0
17:11:36, 1446.20, 32.15, 34.14, 30.453, 0, 0, 1, 1, 3, 9, 17, 18, 21, 2, 0, 0, 0, 0, 0, 0, 1, 3, 5, 5, 7, 0, 0, 0
17:11:36, 1446.00, 32.15, 34.12, 30.453, 1, 0, 1, 1, 3, 8, 16, 18, 20, 2, 0, 0, 0, 0, 0, 0, 1, 3, 5, 5, 6, 0, 0, 0
17:11:37, 1445.70, 32.15, 34.16, 30.453, 0, 0, 1, 1, 3, 8, 16, 18, 20, 2, 0, 0, 0, 0, 0, 0, 1, 2, 5, 5, 7, 0, 0, 0
17:11:38, 1447.10, 32.15, 34.16, 30.461, 0, 0, 1, 1, 3, 9, 16, 18, 21, 2, 0, 0, 0, 0, 0, 0, 1, 2, 5, 5, 7, 0, 0, 0
17:11:38, 1449.40, 32.15, 34.12, 30.461, 0, 0, 1, 1, 3, 8, 16, 18, 23, 2, 0, 0, 0, 0, 0, 0, 1, 2, 5, 5, 7, 0, 0, 0
17:11:39, 1450.00, 32.14, 34.12, 30.469, 0, 0, 1, 1, 3, 8, 15, 17, 19, 2, 0, 0, 0, 0, 0, 0, 1, 2, 5, 5, 6, 0, 0, 0
17:11:40, 1451.60, 32.14, 34.12, 30.461, 0, 0, 1, 1, 3, 8, 15, 17, 20, 2, 0, 0, 0, 0, 0, 0, 1, 2, 4, 5, 6, 0, 0, 0
17:11:40, 1451.60, 32.14, 34.14, 30.461, 0, 0, 1, 1, 3, 8, 15, 16, 19, 2, 0, 0, 0, 0, 0, 0, 1, 2, 4, 5, 6, 0, 0, 0
17:11:41, 1453.80, 32.13, 34.14, 30.461, 0, 0, 1, 1, 3, 8, 15, 16, 20, 2, 0, 0, 0, 0, 0, 0, 1, 2, 4, 4, 6, 0, 0, 0
17:11:42, 1455.70, 32.13, 34.16, 30.469, 0, 0, 1, 1, 3, 7, 14, 16, 19, 2, 0, 0, 0, 0, 0, 0, 1, 2, 4, 4, 6, 0, 0, 0
17:11:42, 1459.00, 32.13, 34.12, 30.469, 0, 0, 1, 1, 3, 7, 14, 15, 19, 2, 0, 0, 0, 0, 0, 0, 0, 2, 4, 4, 5, 0, 0, 0
17:11:43, 1458.00, 32.12, 34.14, 30.461, 0, 0, 1, 1, 3, 7, 13, 14, 17, 2, 0, 0, 0, 0, 0, 0, 1, 2, 4, 4, 5, 0, 0, 0
17:11:44, 1456.10, 32.12, 34.14, 30.469, 0, 0, 1, 1, 3, 6, 13, 14, 16, 1, 0, 0, 0, 0, 0, 0, 1, 2, 4, 4, 5, 0, 0, 0
17:11:44, 1455.60, 32.11, 34.12, 30.469, 1, 0, 1, 1, 3, 7, 13, 14, 16, 1, 0, 0, 0, 0, 0, 0, 1, 2, 4, 4, 6, 0, 0, 0
17:11:45, 1453.60, 32.11, 34.12, 30.469, 0, 0, 1, 1, 3, 7, 13, 14, 16, 1, 0, 0, 0, 0, 0, 0, 1, 2, 4, 4, 5, 0, 0, 0
17:11:45, 1448.60, 32.11, 34.12, 30.469, 0, 0, 1, 1, 2, 6, 13, 14, 15, 1, 0, 0, 0, 0, 0, 0, 1, 2, 5, 5, 6, 0, 0, 0
17:11:46, 1444.10, 32.10, 34.16, 30.469, 0, 0, 1, 1, 3, 7, 14, 15, 17, 1, 0, 0, 0, 0, 0, 0, 1, 3, 5, 5, 6, 0, 0, 0
17:11:47, 1441.30, 32.10, 34.14, 30.461, 0, 0, 1, 1, 3, 8, 15, 17, 19, 2, 0, 0, 0, 0, 0, 0, 1, 3, 5, 6, 7, 0, 0, 0
17:11:47, 1439.10, 32.09, 34.16, 30.461, 0, 0, 1, 1, 3, 9, 16, 18, 20, 2, 0, 0, 0, 0, 0, 0, 1, 3, 5, 5, 7, 0, 0, 0
17:11:48, 1436.00, 32.09, 34.12, 30.461, 0, 0, 1, 1, 4, 9, 17, 19, 22, 2, 0, 0, 0, 0, 0, 0, 1, 3, 6, 6, 7, 0, 0, 0
17:11:49, 1434.50, 32.09, 34.14, 30.461, 0, 0, 1, 1, 4, 9, 18, 19, 22, 2, 0, 0, 0, 0, 0, 0, 1, 3, 6, 6, 8, 0, 0, 0
17:11:49, 1431.90, 32.09, 34.14, 30.461, 0, 0, 1, 1, 4, 10, 18, 20, 22, 2, 0, 0, 0, 0, 0, 0, 1, 3, 6, 6, 8, 0, 0, 0
17:11:50, 1430.40, 32.10, 34.12, 30.461, 0, 0, 1, 1, 4, 10, 19, 20, 23, 2, 0, 0, 0, 0, 0, 0, 1, 3, 6, 6, 8, 0, 0, 0
17:11:51, 1430.20, 32.09, 34.16, 30.461, 0, 0, 1, 1, 4, 9, 18, 19, 22, 2, 0, 0, 0, 0, 0, 0, 1, 3, 6, 6, 8, 0, 0, 0
17:11:51, 1428.60, 32.09, 34.12, 30.461, 0, 0, 1, 1, 4, 10, 18, 20, 22, 2, 0, 0, 0, 0, 0, 0, 1, 4, 7, 7, 9, 0, 0, 0
17:11:52, 1424.60, 32.09, 34.14, 30.453, 0, 0, 1, 1, 4, 10, 18, 20, 20, 2, 0, 0, 0, 0, 0, 0, 2, 4, 8, 8, 9, 0, 0, 0
17:11:53, 1424.30, 32.09, 34.12, 30.461, 0, 0, 1, 1, 4, 9, 17, 19, 18, 2, 0, 0, 0, 0, 0, 0, 2, 4, 7, 7, 9, 0, 0, 0
17:11:53, 1426.30, 32.08, 34.12, 30.461, 0, 0, 1, 1, 4, 10, 19, 21, 23, 2, 0, 0, 0, 0, 0, 0, 1, 4, 7, 7, 9, 0, 0, 0
17:11:54, 1424.40, 32.08, 34.12, 30.461, 0, 0, 1, 1, 4, 10, 19, 21, 23, 2, 0, 0, 0, 0, 0, 0, 2, 4, 7, 7, 9, 0, 0, 0
17:11:55, 1422.10, 32.08, 34.16, 30.469, 0, 0, 1, 1, 4, 10, 18, 20, 22, 2, 0, 0, 0, 0, 0, 0, 2, 4, 7, 8, 9, 0, 0, 0
17:11:55, 1425.30, 32.07, 34.14, 30.469, 0, 0, 1, 2, 5, 11, 21, 23, 28, 2, 0, 0, 0, 0, 0, 0, 1, 4, 7, 7, 9, 0, 0, 0
17:11:56, 1419.80, 32.07, 34.16, 30.469, 0, 0, 1, 2, 4, 10, 19, 21, 21, 2, 0, 0, 0, 0, 0, 0, 2, 5, 8, 9, 11, 0, 0, 0
17:11:57, 1419.10, 32.07, 34.12, 30.477, 0, 0, 1, 2, 5, 11, 21, 23, 25, 2, 0, 0, 0, 0, 0, 0, 2, 5, 9, 10, 12, 0, 0, 0
17:11:57, 1422.40, 32.06, 34.12, 30.477, 0, 0, 1, 2, 5, 12, 22, 25, 28, 2, 0, 0, 0, 0, 0, 0, 1, 4, 8, 8, 10, 0, 0, 0
17:11:58, 1426.20, 32.05, 34.12, 30.477, 0, 0, 1, 2, 5, 12, 22, 24, 28, 2, 0, 0, 0, 0, 0, 0, 2, 4, 7, 8, 10, 0, 0, 0
17:11:59, 1426.60, 32.04, 34.10, 30.477, 0, 0, 1, 2, 5, 11, 20, 22, 25, 2, 0, 0, 0, 0, 0, 0, 1, 4, 7, 7, 9, 0, 0, 0
17:11:59, 1419.80, 32.03, 34.14, 30.477, 0, 0, 1, 1, 4, 10, 19, 21, 21, 2, 0, 0, 0, 0, 0, 0, 2, 4, 8, 9, 10, 0, 0, 0
17:12:00, 1418.00, 32.03, 34.14, 30.477, 0, 0, 1, 2, 5, 11, 21, 23, 24, 2, 0, 0, 0, 0, 0, 0, 2, 4, 8, 8, 10, 0, 0, 0
17:12:01, 1414.70, 32.03, 34.16, 30.477, 0, 0, 1, 2, 5, 11, 20, 22, 24, 2, 0, 0, 0, 0, 0, 0, 2, 5, 9, 9, 11, 0, 0, 0
17:12:01, 1418.40, 32.03, 34.12, 30.477, 0, 1, 1, 2, 6, 13, 24, 27, 31, 3, 0, 0, 0, 0, 0, 0, 2, 4, 8, 8, 10, 0, 0, 0
17:12:02, 1416.40, 32.03, 34.16, 30.469, 0, 0, 1, 2, 5, 11, 21, 23, 23, 2, 0, 0, 0, 0, 0, 0, 2, 5, 9, 9, 11, 0, 0, 0
17:12:03, 1417.50, 32.02, 34.12, 30.469, 1, 1, 1, 2, 6, 13, 24, 26, 29, 3, 0, 0, 0, 0, 0, 0, 2, 4, 8, 8, 11, 0, 0, 0
17:12:03, 1418.50, 32.02, 34.12, 30.469, 1, 1, 1, 2, 6, 13, 25, 27, 36, 3, 0, 0, 0, 0, 0, 0, 2, 4, 8, 8, 10, 0, 0, 0
17:12:04, 1417.10, 32.02, 34.16, 30.453, 0, 1, 1, 2, 5, 12, 23, 25, 27, 2, 0, 0, 0, 0, 0, 0, 2, 4, 8, 8, 10, 0, 0, 0
17:12:05, 1414.40, 32.02, 34.12, 30.453, 1, 0, 1, 2, 5, 12, 22, 25, 26, 2, 0, 0, 0, 0, 0, 0, 2, 5, 9, 9, 12, 0, 0, 0
17:12:05, 1408.70, 32.02, 34.12, 30.453, 0, 1, 1, 2, 5, 11, 21, 23, 22, 2, 0, 0, 0, 0, 0, 0, 2, 6, 10, 10, 12, 0, 0, 0
17:12:06, 1403.30, 32.02, 34.12, 30.453, 0, 1, 1, 2, 5, 12, 23, 25, 24, 2, 0, 0, 0, 0, 0, 0, 3, 7, 12, 12, 14, 0, 0, 0
17:12:07, 1406.90, 32.02, 34.14, 30.453, 1, 1, 2, 2, 7, 17, 30, 33, 39, 3, 0, 0, 0, 0, 0, 0, 2, 6, 10, 10, 13, 0, 0, 0
17:12:07, 1405.30, 32.01, 34.12, 30.453, 1, 1, 2, 2, 7, 16, 28, 31, 35, 3, 0, 0, 0, 0, 0, 0, 3, 6, 11, 12, 14, 1, 0, 0
17:12:08, 1400.90, 32.01, 34.12, 30.453, 1, 1, 2, 2, 6, 15, 27, 29, 30, 3, 0, 0, 0, 0, 0, 0, 3, 7, 12, 13, 15, 1, 0, 0
17:12:09, 1400.20, 32.01, 34.12, 30.453, 1, 1, 2, 2, 8, 18, 32, 35, 41, 4, 0, 0, 0, 0, 0, 0, 3, 6, 12, 12, 14, 0, 0, 0
17:12:09, 1397.50, 32.01, 34.16, 30.445, 1, 1, 2, 2, 9, 18, 32, 36, 41, 3, 0, 0, 0, 0, 0, 0, 3, 7, 12, 12, 15, 1, 0, 0
17:12:10, 1394.40, 32.00, 34.12, 30.453, 1, 1, 2, 2, 8, 18, 32, 36, 40, 3, 0, 0, 0, 0, 0, 0, 3, 7, 12, 13, 16, 1, 0, 0
17:12:11, 1390.50, 32.01, 34.12, 30.453, 1, 1, 2, 3, 9, 20, 36, 40, 46, 4, 0, 0, 0, 0, 0, 0, 3, 8, 13, 14, 17, 1, 0, 0
17:12:11, 1387.80, 32.01, 34.12, 30.461, 1, 1, 2, 3, 10, 21, 38, 42, 49, 4, 0, 0, 0, 0, 0, 0, 3, 8, 14, 14, 18, 1, 0, 0
17:12:12, 1386.00, 32.01, 34.12, 30.469, 1, 1, 2, 3, 10, 23, 41, 45, 53, 5, 0, 0, 0, 0, 0, 0, 4, 8, 14, 15, 18, 1, 0, 0
17:12:13, 1382.80, 32.01, 34.14, 30.469, 1, 1, 2, 3, 11, 24, 43, 48, 57, 5, 0, 0, 0, 0, 0, 0, 4, 9, 16, 16, 20, 1, 0, 0
17:12:13, 1387.80, 32.01, 34.14, 30.461, 1, 1, 2, 3, 11, 25, 44, 48, 67, 6, 0, 0, 0, 0, 0, 0, 4, 8, 15, 15, 21, 1, 0, 0
17:12:14, 1387.50, 32.01, 34.12, 30.469, 1, 1, 2, 3, 10, 22, 39, 43, 47, 4, 0, 0, 0, 0, 0, 0, 4, 10, 17, 18, 20, 1, 0, 0
17:12:15, 1391.80, 32.01, 34.14, 30.469, 1, 1, 2, 3, 10, 23, 40, 45, 57, 5, 0, 0, 0, 0, 0, 0, 3, 8, 14, 14, 18, 1, 0, 0
17:12:15, 1386.50, 32.00, 34.14, 30.461, 1, 1, 2, 3, 8, 18, 33, 36, 36, 3, 0, 0, 0, 0, 0, 0, 4, 10, 17, 18, 21, 1, 0, 0
17:12:16, 1387.80, 32.00, 34.16, 30.461, 1, 1, 2, 3, 10, 21, 38, 42, 45, 4, 0, 0, 0, 0, 0, 0, 4, 9, 16, 17, 20, 1, 0, 0
17:12:17, 1382.80, 31.99, 34.12, 30.461, 1, 1, 2, 3, 9, 21, 37, 41, 43, 4, 0, 0, 0, 0, 0, 0, 5, 10, 18, 19, 22, 1, 0, 0
17:12:17, 1378.40, 31.98, 34.14, 30.461, 1, 1, 2, 3, 10, 22, 39, 43, 45, 4, 0, 0, 0, 0, 0, 1, 5, 10, 18, 18, 22, 1, 0, 0
17:12:18, 1383.10, 31.98, 34.12, 30.461, 2, 2, 2, 3, 10, 23, 40, 45, 67, 6, 0, 0, 0, 0, 0, 0, 4, 9, 15, 15, 20, 1, 0, 0
17:12:19, 1383.80, 31.98, 34.14, 30.469, 1, 1, 2, 3, 11, 22, 39, 43, 48, 4, 0, 0, 0, 0, 0, 0, 4, 8, 15, 15, 19, 1, 0, 0
17:12:19, 1383.00, 31.98, 34.12, 30.469, 1, 1, 2, 3, 9, 19, 34, 38, 39, 3, 0, 0, 0, 0, 0, 0, 4, 9, 16, 16, 20, 1, 0, 0
17:12:20, 1385.80, 31.98, 34.10, 30.469, 1, 1, 2, 3, 11, 25, 43, 48, 59, 5, 0, 0, 0, 0, 0, 0, 4, 8, 15, 15, 20, 1, 0, 0
17:12:20, 1392.80, 31.98, 34.14, 30.469, 1, 1, 2, 3, 11, 24, 41, 46, 60, 5, 0, 0, 0, 0, 0, 0, 4, 8, 15, 15, 22, 1, 0, 0
17:12:21, 1401.90, 31.97, 34.16, 30.469, 1, 1, 2, 3, 9, 20, 35, 39, 48, 4, 0, 0, 0, 0, 0, 0, 2, 6, 11, 11, 15, 1, 0, 0
17:12:22, 1400.10, 31.97, 34.12, 30.469, 1, 1, 2, 2, 8, 16, 29, 32, 38, 3, 0, 0, 0, 0, 0, 0, 3, 7, 12, 12, 15, 1, 0, 0
17:12:22, 1406.40, 31.97, 34.14, 30.469, 1, 1, 2, 2, 8, 18, 32, 35, 44, 4, 0, 0, 0, 0, 0, 0, 2, 6, 10, 11, 14, 1, 0, 0
17:12:23, 1410.50, 31.97, 34.12, 30.469, 1, 1, 2, 2, 6, 15, 27, 30, 43, 4, 0, 0, 0, 0, 0, 0, 2, 5, 10, 10, 13, 0, 0, 0
17:12:24, 1407.80, 31.96, 34.12, 30.469, 1, 1, 1, 2, 6, 14, 26, 29, 30, 3, 0, 0, 0, 0, 0, 0, 2, 6, 11, 11, 13, 0, 0, 0
17:12:24, 1403.90, 31.96, 34.14, 30.453, 1, 1, 1, 2, 6, 14, 25, 28, 28, 2, 0, 0, 0, 0, 0, 0, 3, 6, 11, 12, 14, 1, 0, 0
17:12:25, 1405.20, 31.96, 34.14, 30.461, 1, 1, 1, 2, 6, 15, 27, 30, 31, 3, 0, 0, 0, 0, 0, 0, 3, 6, 11, 11, 14, 1, 0, 0
17:12:26, 1401.10, 31.95, 34.14, 30.461, 1, 1, 2, 2, 7, 15, 28, 31, 33, 3, 0, 0, 0, 0, 0, 0, 3, 7, 12, 12, 14, 1, 0, 0
17:12:26, 1396.50, 31.96, 34.14, 30.461, 1, 1, 2, 2, 7, 17, 30, 33, 35, 3, 0, 0, 0, 0, 0, 0, 3, 7, 13, 13, 16, 1, 0, 0
17:12:27, 1398.10, 31.96, 34.12, 30.461, 1, 1, 2, 2, 8, 18, 32, 36, 40, 3, 0, 0, 0, 0, 0, 0, 3, 7, 12, 12, 15, 1, 0, 0
17:12:28, 1401.40, 31.95, 34.14, 30.461, 1, 1, 2, 3, 8, 19, 33, 37, 52, 5, 0, 0, 0, 0, 0, 0, 3, 6, 11, 12, 16, 1, 0, 0
17:12:28, 1401.80, 31.96, 34.14, 30.461, 1, 1, 2, 2, 8, 18, 33, 36, 45, 4, 0, 0, 0, 0, 0, 0, 3, 6, 11, 12, 14, 1, 0, 0
17:12:29, 1399.40, 31.96, 34.14, 30.461, 1, 1, 2, 2, 7, 16, 29, 32, 35, 3, 0, 0, 0, 0, 0, 0, 3, 6, 11, 12, 14, 1, 0, 0
17:12:30, 1401.10, 31.96, 34.14, 30.461, 1, 1, 2, 2, 8, 18, 33, 36, 43, 4, 0, 0, 0, 0, 0, 0, 2, 6, 11, 11, 15, 1, 0, 0
17:12:30, 1405.70, 31.95, 34.10, 30.461, 1, 1, 2, 2, 8, 18, 31, 35, 45, 4, 0, 0, 0, 0, 0, 0, 2, 6, 10, 10, 14, 1, 0, 0
17:12:31, 1402.50, 31.95, 34.12, 30.469, 1, 1, 2, 2, 7, 15, 27, 30, 33, 3, 0, 0, 0, 0, 0, 0, 2, 6, 10, 11, 13, 0, 0, 0
17:12:32, 1403.30, 31.95, 34.12, 30.469, 1, 1, 2, 2, 7, 17, 30, 33, 39, 3, 0, 0, 0, 0, 0, 0, 2, 6, 10, 10, 14, 0, 0, 0
17:12:32, 1401.30, 31.96, 34.14, 30.469, 1, 1, 2, 2, 7, 17, 31, 34, 42, 4, 0, 0, 0, 0, 0, 0, 2, 6, 10, 11, 13, 0, 0, 0
17:12:33, 1394.50, 31.96, 34.14, 30.469, 1, 1, 2, 2, 7, 17, 31, 34, 36, 3, 0, 0, 0, 0, 0, 0, 3, 7, 12, 12, 15, 1, 0, 0
17:12:34, 1387.80, 31.96, 34.12, 30.461, 1, 1, 2, 2, 9, 19, 34, 38, 41, 3, 0, 0, 0, 0, 0, 0, 3, 8, 14, 14, 17, 1, 0, 0
17:12:34, 1384.20, 31.95, 34.14, 30.461, 1, 1, 2, 3, 10, 22, 38, 43, 53, 5, 0, 0, 0, 0, 0, 0, 4, 8, 14, 15, 18, 1, 0, 0
17:12:35, 1373.80, 31.95, 34.14, 30.461, 1, 1, 2, 3, 10, 21, 38, 41, 43, 4, 0, 0, 0, 0, 0, 0, 4, 10, 17, 18, 21, 1, 0, 0
17:12:36, 1370.60, 31.95, 34.12, 30.461, 1, 1, 2, 3, 12, 25, 44, 49, 52, 4, 0, 0, 0, 0, 0, 0, 4, 10, 17, 17, 22, 1, 0, 0
17:12:36, 1363.50, 31.95, 34.12, 30.461, 2, 1, 2, 3, 12, 26, 45, 50, 56, 5, 0, 0, 1, 0, 0, 1, 5, 11, 19, 19, 24, 1, 0, 0
17:12:37, 1354.80, 31.94, 34.12, 30.461, 2, 2, 3, 4, 13, 27, 47, 52, 56, 5, 0, 0, 1, 0, 0, 1, 6, 13, 22, 23, 28, 2, 0, 0
17:12:38, 1356.80, 31.94, 34.08, 30.461, 2, 2, 3, 5, 18, 38, 64, 71, 94, 8, 0, 0, 1, 0, 0, 1, 6, 13, 21, 22, 29, 2, 0, 0
17:12:38, 1352.10, 31.94, 34.10, 30.461, 2, 2, 3, 4, 17, 35, 59, 66, 72, 6, 0, 0, 1, 0, 0, 1, 6, 13, 23, 23, 30, 2, 0, 0
17:12:39, 1344.30, 31.94, 34.14, 30.461, 2, 2, 3, 4, 16, 34, 56, 63, 66, 6, 0, 0, 1, 1, 0, 1, 8, 16, 27, 28, 34, 2, 0, 0
17:12:40, 1348.00, 31.93, 34.10, 30.453, 3, 3, 4, 5, 23, 46, 76, 85, 106, 9, 0, 0, 1, 0, 0, 1, 7, 15, 25, 26, 35, 2, 0, 0
17:12:40, 1350.60, 31.93, 34.14, 30.461, 3, 3, 4, 6, 20, 42, 70, 79, 111, 10, 0, 0, 1, 0, 0, 1, 6, 14, 23, 24, 31, 2, 0, 0
17:12:41, 1347.70, 31.93, 34.12, 30.461, 2, 2, 3, 5, 18, 38, 63, 71, 78, 6, 0, 0, 1, 0, 0, 1, 7, 15, 24, 25, 32, 2, 0, 0
17:12:42, 1343.40, 31.93, 34.12, 30.453, 2, 2, 3, 5, 18, 38, 63, 70, 76, 6, 0, 0, 1, 1, 0, 1, 8, 17, 28, 28, 35, 2, 0, 0
17:12:42, 1347.20, 31.93, 34.18, 30.461, 3, 3, 4, 6, 22, 45, 75, 84, 115, 10, 0, 0, 1, 0, 0, 1, 7, 15, 24, 25, 33, 2, 0, 0
17:12:43, 1344.90, 31.93, 34.14, 30.461, 3, 3, 4, 5, 20, 41, 68, 75, 88, 7, 0, 0, 1, 0, 0, 1, 7, 16, 26, 27, 33, 2, 0, 0
17:12:44, 1347.10, 31.92, 34.16, 30.453, 3, 3, 4, 5, 20, 41, 68, 76, 85, 7, 0, 0, 1, 0, 1, 1, 7, 15, 25, 26, 35, 2, 0, 0
17:12:44, 1347.00, 31.92, 34.10, 30.453, 3, 3, 4, 6, 21, 44, 74, 82, 108, 9, 0, 0, 1, 0, 0, 1, 7, 15, 25, 25, 32, 2, 0, 0
17:12:45, 1345.60, 31.92, 34.12, 30.453, 3, 3, 4, 5, 20, 41, 69, 76, 86, 7, 0, 0, 1, 0, 0, 1, 7, 15, 25, 26, 33, 2, 0, 0
17:12:46, 1348.20, 31.92, 34.10, 30.453, 3, 3, 4, 6, 19, 40, 67, 74, 83, 7, 0, 0, 1, 0, 0, 1, 7, 15, 24, 25, 34, 2, 0, 0
17:12:46, 1346.20, 31.92, 34.10, 30.461, 4, 3, 4, 6, 21, 43, 73, 81, 106, 9, 0, 0, 1, 0, 0, 1, 7, 16, 26, 27, 33, 2, 0, 0
17:12:47, 1341.30, 31.92, 34.12, 30.461, 3, 3, 4, 6, 22, 45, 75, 83, 94, 8, 0, 0, 1, 0, 0, 1, 8, 16, 27, 27, 35, 2, 0, 0
17:12:48, 1334.50, 31.92, 34.08, 30.453, 3, 3, 4, 6, 24, 48, 80, 89, 104, 9, 0, 0, 1, 1, 1, 1, 8, 18, 30, 31, 40, 3, 0, 0
17:12:48, 1331.00, 31.92, 34.10, 30.453, 3, 3, 5, 7, 26, 53, 87, 97, 117, 10, 0, 0, 1, 1, 1, 2, 9, 20, 32, 33, 43, 3, 0, 0
17:12:49, 1329.70, 31.92, 34.10, 30.461, 4, 4, 5, 8, 30, 61, 99, 111, 144, 12, 0, 0, 1, 1, 1, 2, 10, 21, 34, 34, 47, 4, 0, 0
17:12:50, 1325.40, 31.92, 34.14, 30.461, 4, 4, 5, 9, 31, 61, 100, 112, 138, 12, 0, 0, 1, 1, 1, 2, 11, 22, 36, 37, 48, 4, 0, 0
17:12:50, 1321.20, 31.92, 34.10, 30.461, 5, 4, 6, 9, 32, 64, 105, 117, 141, 12, 0, 0, 1, 1, 1, 2, 11, 23, 38, 39, 50, 4, 0, 0
17:12:51, 1324.90, 31.92, 34.12, 30.453, 5, 5, 6, 10, 37, 73, 118, 131, 169, 14, 0, 0, 1, 1, 1, 2, 12, 25, 40, 41, 59, 5, 0, 0
17:12:52, 1326.30, 31.91, 34.08, 30.453, 4, 4, 6, 9, 33, 66, 108, 120, 160, 14, 0, 0, 1, 1, 1, 2, 11, 23, 37, 38, 48, 4, 0, 0
17:12:52, 1324.00, 31.91, 34.10, 30.453, 5, 4, 6, 9, 34, 69, 112, 125, 157, 13, 0, 0, 1, 1, 1, 2, 11, 22, 36, 37, 50, 4, 0, 0
17:12:53, 1317.00, 31.91, 34.12, 30.453, 5, 4, 6, 9, 33, 66, 108, 120, 146, 12, 0, 0, 2, 1, 1, 2, 12, 25, 41, 41, 53, 4, 0, 0
17:12:54, 1307.70, 31.91, 34.08, 30.453, 6, 5, 7, 12, 44, 86, 139, 154, 193, 16, 0, 0, 2, 1, 1, 3, 14, 29, 47, 47, 63, 5, 0, 0
17:12:54, 1291.80, 31.92, 34.08, 30.453, 7, 6, 8, 14, 52, 100, 159, 176, 251, 21, 0, 0, 3, 2, 2, 4, 22, 43, 68, 70, 99, 8, 0, 0
17:12:55, 1295.90, 31.91, 34.06, 30.453, 9, 8, 11, 19, 68, 128, 203, 226, 304, 26, 0, 0, 3, 2, 2, 4, 18, 37, 59, 60, 82, 7, 0, 0
17:12:56, 1293.00, 31.91, 34.08, 30.461, 8, 8, 10, 17, 59, 112, 179, 199, 269, 23, 0, 0, 3, 2, 2, 4, 19, 39, 61, 62, 84, 7, 0, 0
17:12:56, 1289.60, 31.91, 34.12, 30.461, 9, 8, 10, 18, 65, 123, 195, 217, 284, 24, 0, 0, 3, 2, 2, 4, 20, 41, 65, 66, 85, 7, 0, 0
17:12:57, 1282.10, 31.91, 34.10, 30.469, 9, 8, 11, 19, 67, 127, 199, 222, 272, 22, 0, 0, 3, 2, 3, 5, 23, 45, 71, 73, 95, 8, 0, 0
17:12:58, 1278.40, 31.91, 34.08, 30.477, 10, 10, 12, 22, 80, 148, 232, 258, 328, 27, 0, 0, 3, 3, 3, 5, 24, 48, 76, 77, 104, 9, 0, 0
17:12:58, 1268.60, 31.91, 34.10, 30.477, 11, 11, 13, 25, 87, 157, 244, 272, 357, 30, 0, 0, 4, 3, 3, 6, 30, 58, 90, 92, 124, 11, 0, 0
17:12:59, 1261.40, 31.91, 34.12, 30.469, 13, 12, 16, 30, 103, 187, 288, 321, 466, 40, 0, 0, 4, 4, 4, 7, 34, 66, 102, 104, 142, 12, 0, 0
17:13:00, 1253.50, 31.91, 34.10, 30.492, 15, 14, 18, 34, 114, 204, 312, 349, 472, 40, 0, 0, 5, 4, 5, 9, 39, 75, 115, 117, 156, 13, 0, 0
17:13:00, 1248.60, 31.91, 34.10, 30.492, 18, 17, 21, 41, 141, 248, 377, 423, 574, 48, 0, 0, 6, 5, 5, 10, 42, 81, 123, 125, 166, 14, 0, 0
17:13:01, 1249.20, 31.92, 34.12, 30.500, 19, 18, 23, 46, 153, 268, 405, 454, 652, 55, 0, 0, 6, 5, 6, 10, 43, 81, 123, 126, 182, 16, 0, 0
17:13:02, 1247.90, 31.92, 34.12, 30.531, 18, 17, 22, 44, 141, 248, 376, 420, 552, 46, 0, 0, 6, 5, 6, 10, 43, 81, 123, 126, 174, 15, 0, 0
17:13:02, 1250.30, 31.93, 34.08, 30.531, 20, 19, 24, 47, 152, 267, 404, 453, 661, 56, 0, 0, 6, 5, 5, 10, 41, 78, 118, 120, 166, 14, 0, 0
17:13:03, 1251.00, 31.93, 34.10, 30.531, 18, 17, 22, 43, 138, 244, 370, 414, 546, 45, 0, 0, 5, 5, 5, 9, 40, 76, 116, 118, 162, 14, 0, 0
17:13:04, 1253.50, 31.93, 34.14, 30.516, 18, 17, 22, 43, 141, 249, 378, 423, 607, 51, 0, 0, 5, 4, 5, 9, 38, 73, 112, 114, 161, 14, 0, 0
17:13:04, 1251.20, 31.93, 34.10, 30.516, 17, 16, 21, 41, 134, 237, 360, 402, 538, 45, 0, 0, 5, 4, 5, 9, 39, 75, 114, 117, 157, 13, 0, 0
17:13:05, 1247.80, 31.93, 34.14, 30.500, 18, 17, 21, 42, 142, 250, 379, 425, 580, 48, 0, 0, 5, 5, 5, 10, 42, 80, 121, 123, 166, 14, 0, 0
17:13:05, 1248.50, 31.93, 34.06, 30.500, 19, 18, 23, 46, 149, 260, 394, 441, 584, 48, 0, 0, 6, 5, 5, 10, 42, 79, 120, 122, 172, 15, 0, 0
17:13:06, 1253.00, 31.93, 34.06, 30.508, 19, 18, 23, 46, 149, 262, 397, 447, 639, 54, 0, 0, 5, 4, 5, 9, 39, 75, 113, 116, 167, 14, 0, 0
17:13:07, 1255.40, 31.93, 34.06, 30.508, 17, 16, 21, 41, 131, 232, 354, 397, 573, 48, 0, 0, 5, 4, 5, 8, 37, 70, 107, 110, 146, 13, 0, 0
17:13:07, 1259.10, 31.93, 34.12, 30.508, 17, 16, 20, 39, 129, 229, 348, 390, 574, 49, 0, 0, 5, 4, 5, 8, 35, 68, 104, 106, 154, 13, 0, 0
17:13:08, 1257.80, 31.93, 34.08, 30.500, 15, 14, 18, 35, 111, 199, 304, 340, 462, 39, 0, 0, 5, 4, 4, 8, 34, 65, 100, 102, 142, 12, 0, 0
17:13:09, 1246.20, 31.93, 34.14, 30.500, 13, 11, 15, 28, 114, 203, 308, 344, 454, 38, 0, 0, 5, 4, 5, 9, 42, 80, 123, 125, 167, 14, 0, 0
17:13:09, 1235.10, 31.93, 34.06, 30.500, 17, 16, 20, 41, 148, 258, 389, 435, 569, 47, 0, 0, 7, 6, 6, 12, 53, 100, 150, 153, 199, 17, 0, 0
17:13:10, 1228.10, 31.93, 34.08, 30.523, 23, 21, 28, 58, 189, 323, 481, 540, 699, 57, 0, 0, 8, 7, 8, 15, 59, 109, 163, 166, 227, 20, 0, 0
17:13:11, 1220.50, 31.94, 34.08, 30.609, 26, 24, 32, 67, 196, 332, 493, 552, 769, 64, 0, 0, 9, 8, 9, 17, 70, 128, 191, 195, 272, 24, 0, 0
17:13:11, 1215.10, 31.95, 34.08, 30.609, 28, 26, 35, 76, 236, 392, 579, 647, 994, 85, 0, 0, 10, 8, 10, 19, 74, 135, 199, 203, 282, 25, 0, 0
17:13:12, 1207.50, 31.96, 34.10, 30.680, 30, 28, 37, 81, 258, 426, 623, 701, 921, 76, 0, 0, 11, 10, 12, 22, 85, 153, 223, 228, 315, 28, 0, 0
17:13:13, 1201.90, 31.96, 34.10, 30.711, 36, 33, 45, 99, 303, 492, 718, 807, 1051, 86, 0, 0, 12, 10, 12, 24, 93, 165, 240, 246, 349, 31, 0, 0
17:13:13, 1190.50, 31.97, 34.06, 30.711, 41, 38, 52, 117, 341, 545, 791, 887, 1241, 103, 0, 0, 15, 13, 15, 31, 118, 206, 297, 304, 432, 38, 0, 0
17:13:14, 1183.40, 31.98, 34.06, 30.727, 52, 50, 70, 161, 452, 708, 1022, 1156, 1617, 133, 0, 0, 16, 14, 17, 35, 132, 227, 325, 332, 460, 41, 0, 0
17:13:15, 1174.80, 31.98, 34.06, 30.742, 58, 54, 78, 179, 495, 766, 1097, 1249, 1567, 126, 0, 0, 19, 16, 20, 42, 150, 254, 360, 368, 527, 47, 0, 0
17:13:15, 1162.30, 31.99, 34.08, 30.742, 63, 60, 87, 203, 521, 793, 1129, 1267, 1867, 156, 0, 0, 24, 21, 27, 57, 205, 338, 474, 485, 713, 63, 0, 0
17:13:16, 1154.40, 32.00, 34.10, 30.750, 78, 78, 120, 282, 692, 1023, 1451, 1646, 2570, 217, 0, 0, 26, 23, 30, 65, 224, 366, 508, 519, 744, 66, 0, 0
17:13:17, 1149.00, 32.01, 34.10, 30.758, 90, 89, 140, 327, 787, 1146, 1607, 1838, 2507, 204, 0, 0, 29, 25, 34, 74, 239, 387, 533, 545, 790, 70, 0, 0
17:13:17, 1145.40, 32.01, 34.12, 30.758, 104, 106, 174, 408, 960, 1389, 1933, 2199, 3473, 285, 0, 0, 28, 25, 33, 73, 247, 398, 548, 560, 814, 72, 0, 0
17:13:18, 1134.40, 32.01, 34.10, 30.758, 93, 95, 155, 365, 860, 1221, 1709, 1921, 2953, 250, 0, 0, 34, 30, 42, 92, 310, 489, 668, 681, 1010, 90, 0, 0
17:13:19, 1123.60, 32.02, 34.10, 30.773, 108, 112, 189, 438, 863, 1208, 1658, 1862, 2596, 210, 0, 0, 40, 36, 51, 114, 349, 541, 729, 743, 1082, 96, 0, 0
17:13:19, 1113.50, 32.03, 34.08, 30.773, 121, 123, 218, 491, 903, 1239, 1648, 1846, 2318, 179, 0, 0, 45, 40, 59, 133, 395, 603, 804, 817, 1210, 107, 0, 0
17:13:20, 1103.00, 32.03, 34.08, 30.773, 108, 116, 221, 493, 888, 1168, 1533, 1634, 2527, 207, 0, 0, 51, 46, 70, 160, 458, 684, 902, 916, 1441, 128, 0, 0
17:13:21, 1091.30, 32.04, 34.08, 30.773, 101, 117, 236, 505, 913, 1162, 1491, 1587, 2702, 228, 0, 0, 57, 52, 82, 189, 504, 740, 966, 976, 1534, 136, 0, 0
17:13:21, 1081.20, 32.05, 34.10, 30.805, 122, 151, 315, 629, 1125, 1395, 1753, 1905, 2841, 232, 0, 0, 56, 52, 85, 194, 528, 766, 989, 996, 1480, 131, 0, 0
17:13:22, 1071.20, 32.06, 34.10, 30.852, 158, 214, 449, 832, 1351, 1627, 2009, 2220, 3253, 271, 0, 0, 58, 54, 90, 204, 535, 769, 985, 987, 1478, 131, 0, 0
17:13:23, 1054.50, 32.07, 34.06, 30.852, 207, 309, 627, 1076, 1772, 2077, 2510, 2846, 4794, 453, 0, 0, 67, 66, 118, 258, 635, 882, 1113, 1115, 1714, 154, 0, 0
17:13:23, 1047.60, 32.08, 34.08, 30.875, 491, 832, 1586, 2445, 4199, 4764, 5675, 6641, 12612, 1310, 0, 0, 76, 78, 145, 309, 716, 975, 1214, 1228, 1894, 174, 0, 0
17:13:24, 1038.60, 32.10, 34.06, 31.094, 1106, 1935, 3514, 4941, 12063, 11530, 15186, 21129, 31400, 3361, 0, 0, 101, 112, 215, 440, 940, 1241, 1527, 1558, 2567, 239, 0, 0
17:13:25, 1029.30, 32.12, 34.06, 31.094, 1543, 3084, 4612, 6723, 11276, 11290, 15298, 20810, 14438, 1738, 0, 0, 122, 146, 283, 555, 1069, 1383, 1686, 1722, 3002, 281, 0, 0
17:13:25, 1026.80, 32.15, 34.08, 31.195, 3456, 6889, 11298, 15294, 13954, 15068, 18917, 21269, 24059, 4089, 0, 0, 116, 142, 274, 529, 1000, 1295, 1575, 1607, 2819, 264, 0, 0
17:13:26, 1021.50, 32.17, 34.08, 31.281, 770, 1218, 1850, 2276, 2600, 2773, 3125, 3703, 4664, 881, 0, 0, 120, 151, 290, 547, 1050, 1345, 1629, 1666, 2955, 280, 0, 0
17:13:27, 1018.10, 32.19, 34.08, 31.281, 1112, 1824, 2608, 3150, 4372, 4543, 5366, 6147, 9950, 2268, 0, 0, 143, 189, 362, 659, 1187, 1494, 1794, 1853, 3394, 334, 0, 0
17:13:27, 1021.10, 32.22, 34.08, 31.344, 3917, 6665, 8795, 9779, 12941, 12722, 13247, 20953, 16602, 4026, 0, 0, 177, 239, 461, 834, 1588, 1966, 2371, 2475, 4960, 522, 0, 0
17:13:28, 1018.50, 32.24, 34.08, 31.375, 4502, 4057, 8737, 6489, 7877, 8115, 7919, 10438, 14570, 3452, 0, 0, 229, 314, 601, 1077, 1953, 2392, 2875, 3020, 6131, 661, 0, 0
17:13:29, 1013.20, 32.25, 34.06, 31.375, 4642, 9481, 9451, 14871, 11198, 13078, 13940, 17973, 18365, 4433, 0, 0, 231, 314, 603, 1091, 1947, 2392, 2880, 3020, 6068, 642, 0, 0
17:13:29, 1013.30, 32.24, 34.12, 31.383, 6041, 9966, 14443, 21059, 23502, 20957, 32764, 32636, 31141, 10030, 0, 1, 3523, 5357, 7574, 10146, 19997, 19335, 24411, 28018, 36000, 27490, 1, 1
17:13:30, 1012.80, 32.19, 34.06, 31.367, 7304, 11882, 19191, 21377, 26665, 26068, 35259, 36000, 36000, 36000, 1, 1, 18325, 28736, 36000, 36000, 36000, 36000, 36000, 36000, 36000, 36000, 1, 1
17:13:31, 1012.80, 32.22, 34.08, 31.367, 5376, 12268, 14625, 18614, 23228, 25518, 31580, 35435, 36000, 22063, 1, 1, 15132, 23729, 35393, 36000, 36000, 36000, 36000, 36000, 36000, 36000, 1, 1
17:13:31, 1012.40, 32.24, 34.10, 31.242, 4810, 4252, 8084, 8304, 4987, 6675, 5618, 7332, 15461, 5329, 0, 0, 8456, 13968, 19641, 23752, 29887, 30253, 36000, 36000, 36000, 36000, 1, 1
17:13:32, 1012.40, 32.24, 34.10, 30.937, 1991, 2484, 3630, 3738, 3813, 3920, 4279, 4910, 13289, 4545, 0, 0, 10158, 17667, 24046, 29749, 35665, 36000, 36000, 36000, 36000, 36000, 1, 1
17:13:33, 1012.10, 32.23, 34.10, 30.937, 714, 974, 1311, 1487, 1704, 1879, 2446, 2981, 9408, 5375, 0, 0, 14964, 26075, 35702, 36000, 36000, 36000, 36000, 36000, 36000, 36000, 1, 1
17:13:33, 1013.10, 32.26, 34.14, 30.562, 1742, 2161, 3154, 3263, 4319, 4277, 4747, 5562, 13755, 4677, 0, 0, 17363, 28453, 36000, 36000, 36000, 36000, 36000, 36000, 36000, 36000, 1, 1
