Secchi Depth (cm) = 9999
Forel Ule Scale = 99
pH Colour Scale = 99
SensingSecchi S/N = A016
Latitude (degs N) = 34.22111
Longitude (degs E) = -77.97797
Date = 2026-08-14
Time (UTC), Pressure (mbar) MS5803, Temp (deg C) MS5803, Temp (deg C) 10KTHERM, Temp (deg C) TMP117, ED 415nm, ED 445nm, ED 480nm, ED 515nm, ED 555nm, ED 590nm, ED 630nm, ED 680nm, ED Clear, ED NIR, ED D-SAT, ED A-SAT, EU 415nm, EU 445nm, EU 480nm, EU 515nm, EU 555nm, EU 590nm, EU 630nm, EU 680nm, EU Clear, EU NIR, EU D-SAT, EU A-SAT
16:50:00, 1012.00, 31.74, 32.62, 34.172, 2551, 4287, 5816, 7455, 8230, 7180, 11518, 9246, 36000, 31962, 1, 1, 6488, 9027, 10715, 12794, 15591, 19428, 27923, 36000, 36000, 36000, 1, 1
16:50:00, 1013.10, 31.78, 32.64, 34.211, 1716, 2671, 3581, 4379, 5755, 5619, 7705, 6979, 34406, 14477, 0, 1, 7012, 9384, 11080, 13144, 18519, 24006, 33180, 36000, 36000, 36000, 1, 1
16:50:01, 1014.10, 31.78, 32.64, 34.211, 9234, 17989, 21478, 30922, 35535, 36000, 36000, 36000, 36000, 36000, 1, 1, 8954, 12827, 16949, 20481, 25521, 31674, 36000, 36000, 36000, 36000, 1, 1
16:50:02, 1011.90, 31.80, 32.66, 34.094, 11418, 20753, 28176, 35296, 36000, 36000, 36000, 36000, 36000, 36000, 1, 1, 10081, 18064, 23078, 30920, 35143, 36000, 36000, 36000, 36000, 36000, 1, 1
16:50:02, 1013.70, 31.82, 32.68, 33.922, 3004, 4338, 6042, 6555, 26890, 27913, 29680, 33034, 32758, 20706, 0, 1, 3011, 5069, 6866, 9337, 7740, 8467, 10165, 10845, 29698, 8859, 0, 0
16:50:03, 1013.50, 31.88, 32.66, 33.922, 4876, 4706, 7354, 7865, 23829, 25169, 26930, 30278, 30788, 13178, 0, 0, 1263, 2018, 2933, 3892, 6095, 6728, 8022, 8753, 20391, 4361, 0, 0
16:50:04, 1014.20, 31.89, 32.64, 33.742, 7453, 13049, 16694, 20076, 35649, 35804, 36000, 36000, 36000, 33969, 1, 1, 411, 561, 1008, 1776, 2914, 3634, 4594, 5078, 9872, 1167, 0, 0
16:50:04, 1019.40, 31.94, 32.70, 33.109, 10407, 17829, 25811, 28139, 35356, 36000, 36000, 36000, 36000, 36000, 1, 1, 409, 544, 1001, 1787, 3397, 4208, 5330, 5833, 12766, 1440, 0, 0
16:50:05, 1019.70, 31.99, 32.66, 33.109, 7030, 13496, 16238, 20898, 22839, 22272, 31122, 36000, 36000, 36000, 1, 1, 481, 648, 1187, 2097, 3794, 4695, 5886, 6504, 14289, 1646, 0, 0
16:50:06, 1022.90, 32.02, 32.64, 32.453, 8527, 15597, 18443, 22787, 25565, 26946, 28671, 35863, 36000, 36000, 1, 1, 496, 651, 1190, 2094, 3813, 4769, 5978, 6615, 14234, 1675, 0, 0
16:50:06, 1027.20, 32.05, 32.62, 32.227, 5385, 9636, 15317, 18765, 29400, 29960, 31238, 32232, 36000, 23149, 1, 1, 364, 454, 829, 1553, 3034, 3886, 4925, 5417, 10828, 1255, 0, 0
16:50:07, 1028.90, 32.08, 32.66, 32.227, 2466, 4687, 6511, 8874, 20636, 23051, 25184, 29070, 33734, 7576, 0, 1, 333, 406, 745, 1432, 2481, 3216, 4116, 4499, 8302, 925, 0, 0
16:50:08, 1029.00, 32.10, 32.64, 32.086, 3469, 6198, 8946, 11931, 17719, 16464, 24256, 28083, 18459, 3649, 0, 0, 317, 379, 689, 1349, 2519, 3286, 4199, 4588, 8165, 904, 0, 0
16:50:08, 1030.70, 32.12, 32.62, 31.992, 2826, 5351, 8404, 11924, 14324, 18438, 19003, 23248, 17113, 3058, 0, 0, 276, 318, 575, 1150, 2197, 2915, 3748, 4099, 6789, 721, 0, 0
16:50:09, 1028.50, 32.13, 32.66, 31.992, 6947, 12324, 15066, 23200, 17412, 17456, 21916, 28423, 23669, 4047, 0, 0, 292, 339, 618, 1224, 2327, 3043, 3903, 4285, 7588, 816, 0, 0
16:50:01, 1025.30, 32.15, 32.64, 31.953, 6506, 13001, 19075, 22181, 17376, 18761, 23754, 30158, 36000, 12922, 1, 1, 332, 402, 739, 1412, 2817, 3590, 4591, 5026, 10085, 1107, 0, 0
16:50:10, 1028.50, 32.16, 32.62, 31.961, 6149, 10145, 14710, 19228, 20014, 24258, 24836, 35766, 36000, 35424, 1, 1, 333, 409, 754, 1424, 2673, 3428, 4402, 4805, 9874, 1058, 0, 0
16:50:11, 1028.90, 32.18, 32.60, 31.961, 5464, 9155, 15428, 22060, 23327, 28704, 29369, 35512, 36000, 23088, 1, 1, 324, 390, 720, 1381, 2736, 3513, 4525, 4940, 9993, 1078, 0, 0
16:50:11, 1031.90, 32.19, 32.62, 31.961, 6075, 10538, 15942, 20931, 20857, 23947, 28029, 32586, 36000, 16299, 1, 1, 293, 344, 635, 1244, 2346, 3058, 3962, 4322, 8443, 887, 0, 0
16:50:12, 1029.70, 32.20, 32.62, 31.961, 1856, 3055, 4019, 9066, 12512, 15191, 17930, 22580, 36000, 12741, 1, 1, 308, 364, 671, 1307, 2497, 3242, 4179, 4578, 8547, 916, 0, 0
16:50:13, 1031.90, 32.21, 32.64, 31.945, 2881, 4511, 7009, 10470, 18061, 21710, 25828, 28038, 36000, 9683, 1, 1, 287, 331, 605, 1196, 2275, 2982, 3850, 4220, 7622, 809, 0, 0
16:50:13, 1033.60, 32.22, 32.60, 31.945, 3153, 6441, 9927, 14600, 21241, 23330, 26992, 33024, 36000, 14876, 1, 1, 268, 308, 561, 1119, 2140, 2824, 3658, 4010, 7280, 769, 0, 0
16:50:14, 1030.40, 32.23, 32.60, 31.945, 2403, 3230, 5447, 8096, 7090, 10462, 11256, 13033, 22793, 3520, 0, 0, 291, 332, 606, 1205, 2298, 3018, 3891, 4266, 7503, 797, 0, 0
16:50:15, 1032.10, 32.24, 32.62, 31.906, 3398, 6339, 10910, 13641, 17055, 18531, 21274, 28413, 36000, 12651, 1, 1, 279, 323, 592, 1169, 2253, 2956, 3822, 4188, 7665, 813, 0, 0
16:50:15, 1034.00, 32.25, 32.62, 31.898, 4258, 8193, 15398, 19094, 19894, 19150, 22330, 31988, 36000, 12879, 1, 1, 275, 315, 574, 1141, 2192, 2891, 3755, 4107, 7523, 793, 0, 0
16:50:16, 1033.40, 32.25, 32.62, 31.898, 5349, 10318, 17676, 19504, 19734, 18461, 24317, 30773, 36000, 11479, 1, 1, 277, 316, 577, 1151, 2246, 2956, 3836, 4197, 7622, 803, 0, 0
16:50:17, 1035.30, 32.26, 32.60, 31.883, 2887, 5800, 8561, 12015, 19417, 18744, 22649, 33697, 36000, 9512, 1, 1, 264, 299, 544, 1089, 2147, 2827, 3672, 4024, 7408, 776, 0, 0
16:50:17, 1037.30, 32.27, 32.58, 31.891, 2893, 5414, 9247, 13292, 15527, 16351, 19996, 26319, 36000, 7136, 1, 1, 246, 272, 489, 997, 2009, 2689, 3508, 3846, 6606, 684, 0, 0
16:50:18, 1036.50, 32.27, 32.58, 31.891, 2061, 3444, 5242, 8002, 7497, 8764, 9960, 12528, 19920, 2759, 0, 0, 250, 272, 488, 1002, 2051, 2749, 3585, 3930, 6607, 678, 0, 0
16:50:19, 1035.30, 32.28, 32.60, 31.883, 2949, 4073, 6489, 10027, 10819, 11912, 14211, 18418, 33545, 4497, 0, 1, 262, 293, 533, 1075, 2172, 2866, 3731, 4079, 7601, 790, 0, 0
16:50:19, 1035.30, 32.29, 32.60, 31.891, 3684, 7012, 11757, 15057, 12311, 14066, 18665, 23505, 36000, 9755, 1, 1, 279, 318, 580, 1158, 2282, 3001, 3904, 4262, 8111, 843, 0, 0
16:50:20, 1036.00, 32.30, 32.64, 31.891, 4164, 6712, 12694, 16211, 16982, 17646, 21384, 28267, 36000, 12365, 1, 1, 262, 295, 537, 1080, 2129, 2827, 3691, 4030, 7430, 765, 0, 0
16:50:21, 1032.60, 32.30, 32.56, 31.898, 2068, 2705, 4286, 7356, 7254, 9573, 12330, 13362, 29985, 3827, 0, 0, 285, 321, 585, 1171, 2320, 3060, 3972, 4347, 7581, 797, 0, 0
16:50:21, 1034.10, 32.31, 32.60, 31.906, 3010, 4725, 6820, 10074, 16722, 16315, 21483, 27830, 35993, 5411, 0, 1, 267, 303, 552, 1105, 2138, 2818, 3653, 4009, 7198, 761, 0, 0
16:50:22, 1035.50, 32.31, 32.60, 31.906, 2841, 5390, 9273, 13733, 20427, 18126, 26054, 30923, 35846, 6801, 0, 1, 252, 279, 504, 1024, 2063, 2755, 3585, 3930, 6652, 691, 0, 0
16:50:23, 1033.90, 32.32, 32.60, 31.906, 3139, 4404, 7174, 10406, 10625, 12451, 15000, 18588, 31088, 4316, 0, 0, 268, 301, 547, 1101, 2234, 2946, 3829, 4189, 7676, 806, 0, 0
16:50:23, 1031.90, 32.32, 32.56, 31.906, 2473, 4120, 5648, 10272, 14882, 17885, 22339, 24204, 36000, 14316, 1, 1, 304, 355, 653, 1276, 2509, 3259, 4218, 4601, 9013, 955, 0, 0
16:50:24, 1037.20, 32.33, 32.58, 31.906, 3648, 5987, 9862, 15724, 17809, 24440, 22579, 33572, 36000, 20089, 1, 1, 277, 318, 582, 1152, 2193, 2890, 3768, 4105, 7963, 821, 0, 0
16:50:25, 1040.20, 32.34, 32.58, 31.930, 2483, 4075, 7352, 11137, 19044, 22146, 24190, 31739, 36000, 16011, 1, 1, 244, 267, 480, 980, 1938, 2610, 3439, 3750, 6739, 686, 0, 0
16:50:25, 1032.00, 32.34, 32.60, 31.930, 2038, 3178, 4985, 8081, 6708, 9208, 10722, 12364, 23579, 3219, 0, 0, 280, 311, 564, 1138, 2270, 3007, 3909, 4272, 7243, 759, 0, 0
16:50:26, 1031.20, 32.35, 32.60, 31.930, 3685, 6353, 8740, 12349, 27910, 27521, 32796, 35663, 36000, 9926, 1, 1, 272, 316, 579, 1144, 2219, 2908, 3764, 4120, 7475, 795, 0, 0
16:50:27, 1029.30, 32.35, 32.56, 31.914, 3326, 5238, 7634, 10849, 9424, 13131, 15311, 17586, 27346, 3967, 0, 0, 298, 344, 633, 1246, 2405, 3145, 4067, 4443, 7939, 841, 0, 0
16:50:27, 1025.70, 32.36, 32.60, 31.914, 3591, 6347, 8763, 13419, 13882, 14923, 21269, 20122, 36000, 15075, 1, 1, 349, 426, 791, 1501, 2808, 3592, 4618, 5036, 9980, 1086, 0, 0
16:50:28, 1024.10, 32.36, 32.62, 31.930, 2788, 5720, 7189, 12213, 13407, 14444, 22373, 14406, 36000, 23201, 1, 1, 383, 482, 895, 1658, 2874, 3655, 4683, 5113, 10128, 1120, 0, 0
16:50:29, 1025.90, 32.37, 32.58, 31.977, 3892, 6642, 8294, 12929, 13302, 16146, 20264, 22858, 36000, 14169, 1, 1, 338, 416, 767, 1451, 2574, 3305, 4239, 4639, 8791, 969, 0, 0
16:50:29, 1024.80, 32.37, 32.60, 31.977, 6569, 12068, 19468, 23733, 17729, 20844, 23787, 29849, 34898, 7179, 0, 1, 322, 381, 701, 1358, 2585, 3357, 4301, 4716, 8134, 880, 0, 0
16:50:30, 1021.60, 32.38, 32.60, 32.000, 4505, 9612, 11631, 16632, 32169, 29955, 34509, 35874, 34725, 6756, 0, 1, 327, 397, 729, 1397, 2612, 3371, 4304, 4725, 8192, 901, 0, 0
16:50:31, 1022.30, 32.39, 32.56, 32.016, 4816, 9836, 13445, 16038, 35987, 26795, 36000, 36000, 36000, 10857, 1, 1, 338, 423, 777, 1458, 2607, 3336, 4262, 4682, 8658, 977, 0, 0
16:50:31, 1019.90, 32.40, 32.58, 32.016, 5117, 9518, 11960, 14791, 13183, 16301, 17462, 19846, 30156, 6601, 0, 0, 371, 468, 862, 1603, 2806, 3568, 4542, 4992, 9146, 1040, 0, 0
16:50:32, 1022.70, 32.40, 32.60, 32.016, 7116, 14227, 16682, 23965, 23830, 19645, 25509, 36000, 36000, 21973, 1, 1, 353, 451, 831, 1539, 2714, 3428, 4371, 4789, 9505, 1080, 0, 0
16:50:33, 1022.70, 32.41, 32.56, 32.031, 3770, 6213, 8780, 12393, 7477, 11794, 12684, 14624, 26869, 5074, 0, 0, 339, 419, 776, 1463, 2655, 3385, 4324, 4741, 8851, 991, 0, 0
16:50:33, 1023.40, 32.41, 32.58, 32.031, 3752, 7288, 11015, 11637, 21547, 20262, 23142, 30019, 36000, 17488, 1, 1, 338, 417, 771, 1452, 2622, 3360, 4300, 4715, 8627, 960, 0, 0
16:50:34, 1024.50, 32.42, 32.60, 32.039, 5716, 12048, 17744, 23120, 27448, 28059, 29989, 34011, 36000, 26980, 1, 1, 325, 402, 743, 1406, 2538, 3263, 4184, 4583, 8481, 942, 0, 0
16:50:35, 1022.40, 32.43, 32.56, 32.047, 4385, 6455, 8751, 13054, 13118, 17027, 20512, 22460, 35607, 8084, 0, 1, 343, 426, 787, 1482, 2664, 3396, 4333, 4757, 8971, 1006, 0, 0
16:50:35, 1022.30, 32.44, 32.58, 32.047, 3688, 5088, 7301, 10971, 9337, 15648, 17190, 17744, 32396, 6897, 0, 0, 342, 426, 785, 1471, 2643, 3365, 4292, 4713, 8898, 1000, 0, 0
16:50:36, 1020.20, 32.44, 32.62, 32.039, 5398, 8963, 11950, 15629, 6972, 16855, 13257, 14515, 25761, 5461, 0, 0, 345, 427, 786, 1473, 2661, 3399, 4332, 4759, 8672, 975, 0, 0
16:50:37, 1019.40, 32.45, 32.60, 32.047, 6074, 12609, 17525, 17336, 23527, 18672, 26131, 32884, 36000, 8095, 1, 1, 343, 437, 804, 1487, 2592, 3294, 4197, 4611, 8465, 967, 0, 0
16:50:37, 1020.80, 32.46, 32.58, 32.047, 5470, 11018, 10994, 16432, 21100, 19871, 26061, 30883, 27483, 5869, 0, 0, 329, 415, 763, 1428, 2571, 3277, 4181, 4589, 8392, 945, 0, 0
16:50:38, 1016.50, 32.46, 32.58, 32.039, 9835, 9973, 18862, 21514, 11265, 13772, 12768, 17794, 21062, 4130, 0, 0, 364, 463, 856, 1584, 2848, 3608, 4589, 5035, 9151, 1038, 0, 0
16:50:39, 1019.10, 32.47, 32.58, 32.039, 6773, 12036, 17335, 18507, 22723, 23350, 29675, 35934, 36000, 35883, 1, 1, 398, 521, 958, 1729, 3077, 3858, 4917, 5365, 10816, 1233, 0, 0
16:50:39, 1026.70, 32.47, 32.60, 32.063, 5413, 10238, 13403, 18606, 23372, 27876, 26022, 33961, 36000, 34894, 1, 1, 386, 492, 914, 1674, 2975, 3774, 4820, 5249, 11029, 1208, 0, 0
16:50:40, 1026.70, 32.48, 32.60, 32.055, 2718, 5625, 8316, 11730, 12416, 12931, 17223, 20510, 36000, 22266, 1, 1, 334, 408, 757, 1437, 2682, 3441, 4431, 4823, 9533, 1031, 0, 0
16:50:41, 1022.30, 32.49, 32.60, 32.055, 2536, 4956, 7137, 10062, 12264, 12846, 15463, 20791, 36000, 12616, 1, 1, 327, 397, 734, 1399, 2707, 3474, 4452, 4863, 9032, 993, 0, 0
16:50:41, 1015.70, 32.49, 32.60, 32.023, 5059, 7933, 10228, 14897, 23550, 23886, 24992, 35204, 36000, 23376, 1, 1, 389, 504, 922, 1674, 3008, 3789, 4805, 5280, 9929, 1157, 0, 0
16:50:42, 1018.80, 32.50, 32.62, 32.047, 8343, 11060, 14530, 19491, 20574, 22688, 25734, 30196, 35567, 9616, 0, 1, 367, 464, 850, 1575, 2739, 3490, 4436, 4869, 8632, 982, 0, 0
16:50:42, 1023.10, 32.51, 32.62, 32.047, 5435, 11028, 12889, 18448, 22118, 23329, 28936, 29267, 23679, 6434, 0, 0, 313, 397, 726, 1351, 2401, 3031, 3873, 4241, 8218, 998, 0, 0
16:50:43, 1032.60, 32.51, 32.60, 32.039, 8275, 14165, 20603, 24216, 20791, 22387, 25306, 27846, 34898, 9578, 0, 1, 270, 316, 578, 1134, 2086, 2751, 3562, 3891, 6666, 708, 0, 0
16:50:44, 1037.40, 32.52, 32.58, 32.023, 2311, 4115, 6918, 9939, 15573, 16866, 23389, 24582, 24189, 3726, 0, 0, 239, 266, 480, 975, 1920, 2580, 3370, 3675, 6131, 633, 0, 0
16:50:44, 1043.40, 32.52, 32.58, 32.023, 2152, 3806, 6452, 9831, 15282, 18106, 24047, 27817, 28502, 3871, 0, 0, 211, 226, 400, 832, 1704, 2338, 3091, 3372, 5477, 552, 0, 0
16:50:45, 1043.30, 32.52, 32.62, 32.000, 1842, 2260, 4161, 5602, 9298, 10557, 13405, 16532, 13302, 1907, 0, 0, 217, 232, 410, 854, 1704, 2323, 3065, 3349, 5497, 556, 0, 0
16:50:46, 1051.50, 32.52, 32.60, 31.953, 2060, 3428, 6436, 10088, 15478, 18449, 23935, 28033, 35716, 4993, 0, 1, 181, 187, 324, 687, 1445, 2020, 2705, 2962, 4669, 460, 0, 0
16:50:46, 1059.50, 32.52, 32.60, 31.953, 1334, 2049, 3817, 6553, 11095, 13366, 17882, 21669, 27402, 2974, 0, 0, 158, 157, 263, 568, 1249, 1777, 2415, 2653, 4174, 404, 0, 0
16:50:47, 1071.50, 32.52, 32.58, 31.930, 1094, 1588, 2884, 5127, 6386, 7840, 10423, 12721, 20166, 2108, 0, 0, 129, 123, 196, 427, 984, 1450, 2013, 2225, 3317, 313, 0, 0
16:50:48, 1076.70, 32.52, 32.60, 31.922, 698, 878, 1531, 2937, 5429, 6817, 9367, 11633, 14184, 1352, 0, 0, 115, 109, 168, 368, 887, 1319, 1846, 2042, 3140, 294, 0, 0
16:50:48, 1080.60, 32.52, 32.62, 31.922, 560, 685, 1251, 2485, 4342, 5585, 7621, 9208, 12391, 1171, 0, 0, 105, 98, 148, 324, 811, 1219, 1718, 1904, 2875, 268, 0, 0
16:50:49, 1092.90, 32.52, 32.60, 31.883, 494, 601, 1056, 2134, 3521, 4688, 6493, 8017, 15678, 1668, 0, 0, 90, 83, 121, 262, 638, 992, 1426, 1589, 2258, 210, 0, 0
16:50:50, 1096.60, 32.52, 32.60, 31.844, 378, 413, 692, 1465, 2982, 4053, 5693, 7054, 10291, 922, 0, 0, 79, 72, 101, 219, 588, 922, 1334, 1490, 2124, 196, 0, 0
16:50:50, 1103.50, 32.52, 32.60, 31.844, 364, 404, 680, 1448, 2854, 3950, 5565, 6911, 11657, 1079, 0, 0, 72, 65, 91, 194, 519, 822, 1204, 1347, 2032, 187, 0, 0
16:50:51, 1107.50, 32.51, 32.60, 31.711, 287, 305, 499, 1086, 2339, 3303, 4682, 5818, 9420, 848, 0, 0, 64, 58, 79, 166, 466, 748, 1105, 1239, 1833, 168, 0, 0
16:50:52, 1110.80, 32.51, 32.60, 31.562, 277, 296, 479, 1045, 2250, 3231, 4577, 5667, 10122, 914, 0, 0, 60, 54, 73, 153, 431, 696, 1034, 1162, 1718, 157, 0, 0
16:50:52, 1114.20, 32.50, 32.60, 31.562, 261, 277, 441, 966, 2066, 2991, 4248, 5214, 9572, 862, 0, 0, 58, 53, 70, 146, 417, 679, 1012, 1139, 1730, 158, 0, 0
16:50:53, 1120.70, 32.49, 32.62, 31.430, 228, 239, 373, 826, 1709, 2509, 3575, 4400, 8381, 767, 0, 0, 53, 48, 62, 127, 370, 609, 919, 1037, 1563, 142, 0, 0
16:50:54, 1125.40, 32.47, 32.60, 31.430, 186, 191, 290, 644, 1435, 2148, 3105, 3835, 7042, 633, 0, 0, 45, 41, 52, 104, 318, 532, 811, 917, 1344, 122, 0, 0
16:50:54, 1130.00, 32.46, 32.58, 31.320, 176, 178, 269, 597, 1362, 2047, 2969, 3655, 6682, 598, 0, 0, 42, 38, 48, 96, 288, 488, 749, 849, 1257, 114, 0, 0
16:50:55, 1136.00, 32.45, 32.60, 31.187, 152, 153, 226, 498, 1169, 1791, 2635, 3267, 5831, 515, 0, 0, 37, 33, 41, 81, 250, 428, 664, 756, 1104, 100, 0, 0
16:50:56, 1138.40, 32.43, 32.58, 31.187, 136, 136, 197, 433, 1053, 1624, 2412, 2969, 5073, 442, 0, 0, 34, 30, 37, 72, 231, 398, 622, 708, 1014, 92, 0, 0
16:50:56, 1142.00, 32.42, 32.58, 31.078, 129, 128, 184, 404, 976, 1510, 2240, 2770, 4897, 433, 0, 0, 33, 30, 36, 69, 220, 382, 598, 683, 985, 89, 0, 0
16:50:57, 1146.40, 32.41, 32.58, 31.016, 120, 120, 169, 369, 901, 1409, 2106, 2605, 4443, 389, 0, 0, 31, 28, 33, 63, 204, 357, 563, 644, 927, 84, 0, 0
16:50:58, 1157.60, 32.39, 32.60, 31.016, 98, 95, 132, 282, 687, 1091, 1645, 2036, 3630, 328, 0, 0, 25, 22, 26, 49, 151, 271, 435, 500, 684, 62, 0, 0
16:50:58, 1163.60, 32.38, 32.56, 30.914, 81, 79, 106, 225, 586, 953, 1470, 1820, 2895, 250, 0, 0, 21, 19, 22, 40, 132, 240, 390, 450, 619, 56, 0, 0
16:50:59, 1167.30, 32.36, 32.60, 30.781, 71, 69, 91, 191, 512, 844, 1313, 1625, 2553, 220, 0, 0, 19, 17, 19, 35, 119, 219, 358, 414, 568, 51, 0, 0
16:51:00, 1170.20, 32.34, 32.58, 30.781, 67, 65, 85, 178, 479, 792, 1233, 1527, 2471, 216, 0, 0, 19, 17, 19, 34, 118, 217, 355, 412, 571, 52, 0, 0
16:51:00, 1176.40, 32.32, 32.56, 30.727, 59, 56, 73, 149, 406, 678, 1057, 1318, 2198, 195, 0, 0, 17, 15, 17, 30, 100, 185, 307, 357, 486, 44, 0, 0
16:51:01, 1185.60, 32.30, 32.60, 30.695, 52, 50, 63, 128, 342, 581, 918, 1147, 1844, 162, 0, 0, 14, 12, 14, 24, 80, 152, 255, 297, 400, 36, 0, 0
16:51:02, 1194.10, 32.29, 32.58, 30.695, 43, 41, 51, 100, 278, 482, 777, 973, 1471, 127, 0, 0, 11, 10, 11, 18, 65, 125, 213, 249, 332, 30, 0, 0
16:51:02, 1197.00, 32.27, 32.58, 30.695, 36, 35, 42, 82, 241, 424, 693, 869, 1258, 108, 0, 0, 10, 9, 10, 16, 60, 117, 200, 233, 310, 28, 0, 0
16:51:03, 1200.70, 32.25, 32.56, 30.711, 34, 32, 40, 76, 222, 392, 637, 802, 1223, 107, 0, 0, 10, 9, 10, 16, 57, 111, 190, 223, 298, 27, 0, 0
16:51:04, 1206.80, 32.24, 32.58, 30.711, 29, 28, 35, 65, 190, 339, 554, 699, 1074, 95, 0, 0, 9, 7, 8, 13, 48, 96, 166, 195, 256, 23, 0, 0
16:51:04, 1214.10, 32.23, 32.60, 30.703, 25, 24, 30, 54, 162, 294, 487, 614, 911, 79, 0, 0, 7, 6, 7, 11, 41, 82, 144, 170, 220, 20, 0, 0
16:51:05, 1221.10, 32.22, 32.60, 30.687, 22, 21, 25, 46, 139, 256, 429, 543, 779, 67, 0, 0, 6, 5, 6, 9, 35, 70, 124, 146, 187, 16, 0, 0
16:51:06, 1224.70, 32.21, 32.60, 30.687, 19, 18, 22, 39, 123, 228, 387, 490, 689, 59, 0, 0, 6, 5, 5, 8, 32, 65, 115, 136, 174, 15, 0, 0
16:51:06, 1229.80, 32.19, 32.58, 30.609, 19, 17, 21, 36, 113, 210, 355, 452, 660, 58, 0, 0, 5, 5, 5, 8, 30, 62, 111, 131, 170, 15, 0, 0
16:51:07, 1238.90, 32.18, 32.55, 30.531, 16, 15, 18, 31, 99, 187, 320, 407, 572, 50, 0, 0, 5, 4, 4, 6, 25, 52, 95, 112, 144, 13, 0, 0
16:51:08, 1245.50, 32.17, 32.58, 30.531, 12, 12, 14, 24, 75, 146, 256, 324, 428, 37, 0, 0, 4, 3, 3, 5, 20, 42, 77, 91, 112, 10, 0, 0
16:51:08, 1248.30, 32.15, 32.56, 30.500, 11, 11, 13, 22, 70, 136, 238, 303, 416, 36, 0, 0, 3, 3, 3, 5, 19, 41, 75, 89, 111, 10, 0, 0
16:51:09, 1252.90, 32.14, 32.58, 30.500, 11, 10, 12, 20, 65, 126, 220, 281, 396, 35, 0, 0, 3, 3, 3, 4, 18, 39, 71, 85, 107, 9, 0, 0
16:51:10, 1260.00, 32.13, 32.60, 30.484, 9, 9, 11, 17, 56, 110, 193, 248, 347, 31, 0, 0, 3, 2, 2, 4, 15, 33, 61, 73, 90, 8, 0, 0
16:51:10, 1264.40, 32.12, 32.60, 30.484, 8, 8, 9, 15, 48, 96, 173, 221, 295, 26, 0, 0, 2, 2, 2, 3, 13, 29, 55, 65, 79, 7, 0, 0
16:51:11, 1268.90, 32.11, 32.60, 30.484, 8, 7, 9, 14, 45, 90, 162, 207, 283, 25, 0, 0, 2, 2, 2, 3, 13, 27, 52, 62, 75, 6, 0, 0
16:51:12, 1272.30, 32.10, 32.60, 30.484, 7, 7, 8, 12, 41, 83, 149, 191, 258, 23, 0, 0, 2, 2, 2, 2, 12, 25, 48, 58, 69, 6, 0, 0
16:51:12, 1273.90, 32.08, 32.60, 30.500, 7, 6, 8, 12, 40, 81, 147, 188, 250, 22, 0, 0, 2, 1, 2, 3, 11, 25, 48, 57, 70, 6, 0, 0
16:51:13, 1277.40, 32.08, 32.60, 30.500, 6, 6, 8, 11, 38, 77, 140, 179, 243, 21, 0, 0, 2, 1, 1, 2, 11, 23, 45, 54, 65, 5, 0, 0
16:51:14, 1282.90, 32.07, 32.56, 30.508, 6, 6, 7, 11, 35, 72, 132, 169, 223, 20, 0, 0, 2, 1, 1, 2, 10, 21, 41, 50, 60, 5, 0, 0
16:51:14, 1289.50, 32.06, 32.58, 30.516, 5, 5, 7, 9, 31, 65, 120, 153, 198, 17, 0, 0, 1, 1, 1, 2, 9, 19, 37, 45, 53, 4, 0, 0
16:51:15, 1294.70, 32.05, 32.58, 30.516, 5, 5, 6, 8, 28, 58, 107, 137, 176, 15, 0, 0, 1, 1, 1, 2, 7, 17, 33, 40, 47, 4, 0, 0
16:51:16, 1298.20, 32.04, 32.55, 30.508, 4, 4, 5, 8, 25, 54, 101, 130, 163, 14, 0, 0, 1, 1, 1, 1, 7, 16, 32, 38, 46, 3, 0, 0
16:51:16, 1303.70, 32.03, 32.58, 30.516, 4, 4, 5, 7, 24, 51, 96, 123, 156, 14, 0, 0, 1, 1, 1, 1, 7, 15, 29, 36, 42, 3, 0, 0
16:51:17, 1311.90, 32.03, 32.60, 30.516, 4, 4, 5, 6, 21, 44, 84, 108, 134, 12, 0, 0, 1, 1, 0, 1, 5, 12, 25, 30, 35, 3, 0, 0
16:51:17, 1319.20, 32.02, 32.58, 30.508, 3, 3, 4, 5, 17, 38, 72, 93, 114, 10, 0, 0, 1, 0, 0, 1, 5, 11, 22, 27, 32, 2, 0, 0
16:51:18, 1322.60, 32.01, 32.60, 30.508, 3, 3, 4, 5, 15, 33, 65, 84, 100, 9, 0, 0, 1, 0, 0, 1, 4, 10, 21, 25, 29, 2, 0, 0
16:51:19, 1327.40, 32.00, 32.60, 30.508, 2, 2, 3, 5, 15, 32, 63, 81, 99, 9, 0, 0, 1, 0, 0, 1, 4, 9, 19, 24, 28, 2, 0, 0
16:51:19, 1335.10, 31.99, 32.56, 30.500, 2, 2, 3, 4, 13, 29, 56, 73, 89, 8, 0, 0, 0, 0, 0, 0, 3, 8, 17, 21, 24, 1, 0, 0
16:51:20, 1340.80, 31.99, 32.56, 30.500, 2, 2, 3, 3, 11, 24, 49, 63, 74, 7, 0, 0, 0, 0, 0, 0, 3, 7, 15, 19, 21, 1, 0, 0
16:51:21, 1342.60, 31.98, 32.55, 30.500, 2, 2, 3, 3, 10, 23, 46, 60, 69, 6, 0, 0, 0, 0, 0, 0, 3, 7, 15, 18, 20, 1, 0, 0
16:51:21, 1345.90, 31.97, 32.58, 30.484, 2, 2, 2, 3, 10, 22, 44, 58, 68, 6, 0, 0, 0, 0, 0, 0, 3, 6, 14, 17, 20, 1, 0, 0
16:51:22, 1351.40, 31.97, 32.58, 30.484, 1, 1, 2, 3, 9, 20, 41, 54, 63, 6, 0, 0, 0, 0, 0, 0, 2, 6, 13, 16, 19, 1, 0, 0
16:51:23, 1356.60, 31.97, 32.58, 30.484, 1, 1, 2, 3, 8, 18, 37, 48, 55, 5, 0, 0, 0, 0, 0, 0, 2, 5, 11, 14, 16, 1, 0, 0
16:51:23, 1360.70, 31.96, 32.55, 30.461, 1, 1, 2, 2, 8, 17, 34, 45, 52, 5, 0, 0, 0, 0, 0, 0, 2, 5, 10, 13, 15, 1, 0, 0
16:51:24, 1363.10, 31.95, 32.56, 30.461, 1, 1, 2, 2, 6, 15, 32, 42, 48, 4, 0, 0, 0, 0, 0, 0, 2, 4, 10, 13, 14, 1, 0, 0
16:51:25, 1366.30, 31.95, 32.60, 30.453, 1, 1, 2, 2, 6, 15, 31, 41, 47, 4, 0, 0, 0, 0, 0, 0, 2, 4, 10, 12, 14, 1, 0, 0
16:51:25, 1370.80, 31.94, 32.60, 30.437, 1, 1, 2, 2, 6, 14, 29, 38, 43, 4, 0, 0, 0, 0, 0, 0, 1, 4, 9, 12, 13, 0, 0, 0
16:51:26, 1375.90, 31.93, 32.60, 30.437, 1, 1, 2, 2, 5, 12, 26, 34, 39, 3, 0, 0, 0, 0, 0, 0, 1, 3, 8, 10, 11, 0, 0, 0
16:51:27, 1379.70, 31.93, 32.55, 30.414, 1, 1, 1, 2, 5, 11, 24, 32, 35, 3, 0, 0, 0, 0, 0, 0, 1, 3, 7, 10, 11, 0, 0, 0
16:51:27, 1383.50, 31.92, 32.56, 30.391, 0, 1, 1, 2, 4, 10, 22, 29, 32, 3, 0, 0, 0, 0, 0, 0, 1, 3, 7, 9, 10, 0, 0, 0
16:51:28, 1385.50, 31.91, 32.58, 30.391, 0, 1, 1, 2, 4, 10, 21, 28, 30, 3, 0, 0, 0, 0, 0, 0, 1, 3, 7, 9, 9, 0, 0, 0
16:51:29, 1390.00, 31.91, 32.58, 30.375, 0, 0, 1, 2, 4, 9, 20, 27, 30, 3, 0, 0, 0, 0, 0, 0, 1, 2, 6, 8, 9, 0, 0, 0
16:51:29, 1397.70, 31.90, 32.60, 30.375, 0, 0, 1, 1, 3, 8, 18, 24, 27, 2, 0, 0, 0, 0, 0, 0, 1, 2, 5, 7, 8, 0, 0, 0
16:51:30, 1403.10, 31.89, 32.58, 30.375, 0, 0, 1, 1, 2, 7, 15, 20, 22, 2, 0, 0, 0, 0, 0, 0, 1, 2, 4, 6, 6, 0, 0, 0
16:51:31, 1403.40, 31.89, 32.55, 30.367, 0, 0, 1, 1, 2, 6, 14, 19, 20, 2, 0, 0, 0, 0, 0, 0, 1, 2, 4, 6, 6, 0, 0, 0
16:51:31, 1405.90, 31.88, 32.60, 30.375, 0, 0, 1, 1, 2, 6, 14, 19, 21, 2, 0, 0, 0, 0, 0, 0, 1, 1, 4, 6, 6, 0, 0, 0
16:51:32, 1415.80, 31.87, 32.58, 30.375, 0, 0, 1, 1, 2, 6, 13, 18, 20, 2, 0, 0, 0, 0, 0, 0, 0, 1, 4, 5, 6, 0, 0, 0
16:51:33, 1436.60, 31.87, 32.56, 30.367, 0, 0, 1, 1, 1, 4, 9, 13, 14, 1, 0, 0, 0, 0, 0, 0, 0, 0, 2, 3, 3, 0, 0, 0
16:51:33, 1435.40, 31.86, 32.58, 30.375, 0, 0, 1, 1, 1, 3, 7, 10, 9, 1, 0, 0, 0, 0, 0, 0, 0, 0, 2, 3, 3, 0, 0, 0
16:51:34, 1433.90, 31.86, 32.56, 30.375, 0, 0, 1, 1, 1, 3, 8, 10, 10, 1, 0, 0, 0, 0, 0, 0, 0, 1, 2, 3, 3, 0, 0, 0
16:51:35, 1433.80, 31.85, 32.55, 30.367, 0, 0, 1, 1, 1, 3, 8, 11, 11, 1, 0, 0, 0, 0, 0, 0, 0, 0, 2, 3, 3, 0, 0, 0
16:51:35, 1434.50, 31.85, 32.60, 30.367, 0, 0, 1, 1, 1, 3, 8, 11, 11, 1, 0, 0, 0, 0, 0, 0, 0, 0, 2, 3, 3, 0, 0, 0
16:51:36, 1434.50, 31.84, 32.56, 30.375, 0, 0, 1, 0, 1, 3, 8, 11, 12, 1, 0, 0, 0, 0, 0, 0, 0, 0, 2, 3, 3, 0, 0, 0
16:51:37, 1445.10, 31.84, 32.58, 30.367, 0, 0, 1, 1, 1, 3, 8, 10, 11, 1, 0, 0, 0, 0, 0, 0, 0, 0, 2, 3, 3, 0, 0, 0
16:51:37, 1449.90, 31.83, 32.56, 30.367, 0, 0, 1, 1, 0, 2, 6, 8, 8, 1, 0, 0, 0, 0, 0, 0, 0, 0, 1, 2, 2, 0, 0, 0
16:51:38, 1446.60, 31.83, 32.60, 30.359, 0, 0, 1, 1, 0, 2, 6, 8, 8, 1, 0, 0, 0, 0, 0, 0, 0, 0, 1, 2, 2, 0, 0, 0
16:51:39, 1448.60, 31.83, 32.55, 30.367, 1, 0, 1, 1, 0, 2, 6, 8, 9, 1, 0, 0, 0, 0, 0, 0, 0, 0, 1, 2, 2, 0, 0, 0
16:51:39, 1440.90, 31.82, 32.58, 30.367, 0, 0, 1, 1, 0, 2, 6, 8, 8, 1, 0, 0, 0, 0, 0, 0, 0, 0, 2, 3, 3, 0, 0, 0
16:51:40, 1452.00, 31.81, 32.58, 30.375, 0, 0, 1, 1, 1, 2, 7, 9, 9, 1, 0, 0, 0, 0, 0, 0, 0, 0, 1, 2, 2, 0, 0, 0
16:51:41, 1466.10, 31.81, 32.55, 30.367, 0, 0, 1, 1, 0, 2, 5, 7, 7, 1, 0, 0, 0, 0, 0, 0, 0, 0, 1, 2, 1, 0, 0, 0
16:51:41, 1483.40, 31.80, 32.58, 30.367, 0, 0, 0, 1, 0, 1, 3, 5, 5, 1, 0, 0, 0, 0, 0, 0, 0, 0, 0, 1, 1, 0, 0, 0
16:51:42, 1490.30, 31.80, 32.56, 30.352, 0, 0, 0, 0, 0, 1, 3, 4, 4, 0, 0, 0, 0, 0, 0, 0, 0, 0, 0, 1, 1, 0, 0, 0
16:51:43, 1500.50, 31.79, 32.60, 30.352, 0, 0, 0, 0, 0, 0, 2, 3, 3, 0, 0, 0, 0, 0, 0, 0, 0, 0, 0, 0, 0, 0, 0, 0
16:51:43, 1507.40, 31.78, 32.62, 30.352, 0, 0, 0, 0, 0, 0, 2, 3, 3, 0, 0, 0, 0, 0, 0, 0, 0, 0, 0, 0, 0, 0, 0, 0
16:51:44, 1507.60, 31.78, 32.58, 30.336, 0, 0, 0, 0, 0, 0, 2, 2, 2, 0, 0, 0, 0, 0, 0, 0, 0, 0, 0, 0, 0, 0, 0, 0
16:51:45, 1510.10, 31.78, 32.58, 30.344, 0, 0, 0, 0, 0, 0, 2, 2, 2, 0, 0, 0, 0, 0, 0, 0, 0, 0, 0, 0, 0, 0, 0, 0
16:51:45, 1510.90, 31.77, 32.60, 30.344, 0, 0, 0, 0, 0, 0, 2, 2, 2, 0, 0, 0, 0, 0, 0, 0, 0, 0, 0, 0, 0, 0, 0, 0
16:51:46, 1513.70, 31.77, 32.60, 30.336, 0, 0, 0, 0, 0, 0, 1, 2, 2, 0, 0, 0, 0, 0, 0, 0, 0, 0, 0, 0, 0, 0, 0, 0
16:51:47, 1519.60, 31.76, 32.62, 30.336, 0, 0, 0, 0, 0, 0, 1, 2, 2, 0, 0, 0, 0, 0, 0, 0, 0, 0, 0, 0, 0, 0, 0, 0
16:51:47, 1527.60, 31.76, 32.58, 30.336, 0, 0, 0, 0, 0, 0, 1, 2, 2, 0, 0, 0, 0, 0, 0, 0, 0, 0, 0, 0, 0, 0, 0, 0
16:51:48, 1528.10, 31.75, 32.55, 30.336, 0, 0, 0, 0, 0, 0, 1, 2, 1, 0, 0, 0, 0, 0, 0, 0, 0, 0, 0, 0, 0, 0, 0, 0
16:51:48, 1526.50, 31.75, 32.58, 30.336, 0, 0, 0, 0, 0, 0, 1, 2, 2, 0, 0, 0, 0, 0, 0, 0, 0, 0, 0, 0, 0, 0, 0, 0
16:51:49, 1530.70, 31.74, 32.60, 30.336, 0, 0, 0, 0, 0, 0, 1, 2, 2, 0, 0, 0, 0, 0, 0, 0, 0, 0, 0, 0, 0, 0, 0, 0
16:51:50, 1531.40, 31.74, 32.58, 30.336, 0, 0, 0, 0, 0, 0, 1, 2, 2, 0, 0, 0, 0, 0, 0, 0, 0, 0, 0, 0, 0, 0, 0, 0
16:51:50, 1531.50, 31.74, 32.60, 30.336, 0, 0, 0, 0, 0, 0, 1, 2, 1, 0, 0, 0, 0, 0, 0, 0, 0, 0, 0, 0, 0, 0, 0, 0
16:51:51, 1534.50, 31.73, 32.60, 30.344, 0, 0, 0, 0, 0, 0, 1, 2, 2, 0, 0, 0, 0, 0, 0, 0, 0, 0, 0, 0, 0, 0, 0, 0
16:51:52, 1541.80, 31.73, 32.60, 30.344, 0, 0, 0, 0, 0, 0, 1, 1, 1, 0, 0, 0, 0, 0, 0, 0, 0, 0, 0, 0, 0, 0, 0, 0
16:51:52, 1541.70, 31.73, 32.56, 30.344, 0, 0, 0, 0, 0, 0, 1, 1, 1, 0, 0, 0, 0, 0, 0, 0, 0, 0, 0, 0, 0, 0, 0, 0
16:51:53, 1540.40, 31.73, 32.58, 30.336, 0, 0, 0, 0, 0, 0, 1, 1, 1, 0, 0, 0, 0, 0, 0, 0, 0, 0, 0, 0, 0, 0, 0, 0
16:51:54, 1542.50, 31.72, 32.58, 30.344, 0, 0, 0, 0, 0, 0, 1, 0, 1, 0, 0, 0, 0, 0, 0, 0, 0, 0, 0, 0, 0, 0, 0, 0
16:51:54, 1546.00, 31.72, 32.56, 30.344, 0, 0, 0, 0, 0, 0, 1, 1, 1, 0, 0, 0, 0, 0, 0, 0, 0, 0, 0, 0, 0, 0, 0, 0
16:51:55, 1547.20, 31.72, 32.56, 30.336, 0, 0, 0, 0, 0, 0, 1, 1, 1, 0, 0, 0, 0, 0, 0, 0, 0, 0, 0, 0, 0, 0, 0, 0
16:51:56, 1545.30, 31.72, 32.56, 30.344, 0, 0, 0, 0, 0, 0, 1, 1, 1, 0, 0, 0, 0, 0, 0, 0, 0, 0, 0, 0, 0, 0, 0, 0
16:51:56, 1544.10, 31.72, 32.60, 30.344, 0, 0, 0, 0, 0, 0, 1, 1, 1, 0, 0, 0, 0, 0, 0, 0, 0, 0, 0, 0, 0, 0, 0, 0
16:51:57, 1544.50, 31.71, 32.58, 30.344, 0, 0, 0, 0, 0, 0, 1, 1, 1, 0, 0, 0, 0, 0, 0, 0, 0, 0, 0, 0, 0, 0, 0, 0
16:51:58, 1547.50, 31.71, 32.56, 30.344, 0, 0, 0, 0, 0, 0, 1, 1, 1, 0, 0, 0, 0, 0, 0, 0, 0, 0, 0, 0, 0, 0, 0, 0
16:51:58, 1549.00, 31.71, 32.56, 30.344, 0, 0, 0, 0, 0, 0, 1, 1, 1, 0, 0, 0, 0, 0, 0, 0, 0, 0, 0, 0, 0, 0, 0, 0
16:51:59, 1552.20, 31.71, 32.60, 30.344, 0, 0, 0, 0, 0, 0, 1, 1, 1, 0, 0, 0, 0, 0, 0, 0, 0, 0, 0, 0, 0, 0, 0, 0
16:52:00, 1554.20, 31.71, 32.56, 30.344, 0, 0, 0, 0, 0, 0, 1, 1, 1, 0, 0, 0, 0, 0, 0, 0, 0, 0, 0, 0, 0, 0, 0, 0
16:52:00, 1555.30, 31.70, 32.60, 30.344, 0, 0, 0, 0, 0, 0, 1, 1, 1, 0, 0, 0, 0, 0, 0, 0, 0, 0, 0, 0, 0, 0, 0, 0
16:52:01, 1559.40, 31.70, 32.58, 30.336, 0, 0, 0, 0, 0, 0, 1, 1, 1, 0, 0, 0, 0, 0, 0, 0, 0, 0, 0, 0, 0, 0, 0, 0
16:52:02, 1559.50, 31.70, 32.58, 30.336, 0, 0, 0, 0, 0, 0, 1, 1, 1, 0, 0, 0, 0, 0, 0, 0, 0, 0, 0, 0, 0, 0, 0, 0
16:52:02, 1562.20, 31.69, 32.58, 30.336, 0, 0, 0, 0, 0, 0, 1, 1, 1, 0, 0, 0, 0, 0, 0, 0, 0, 0, 0, 0, 0, 0, 0, 0
16:52:03, 1561.60, 31.69, 32.60, 30.344, 0, 0, 0, 0, 0, 0, 1, 1, 1, 0, 0, 0, 0, 0, 0, 0, 0, 0, 0, 0, 0, 0, 0, 0
16:52:04, 1561.80, 31.69, 32.53, 30.344, 0, 0, 0, 0, 0, 0, 1, 1, 1, 0, 0, 0, 0, 0, 0, 0, 0, 0, 0, 0, 0, 0, 0, 0
16:52:04, 1563.20, 31.69, 32.58, 30.344, 0, 0, 0, 0, 0, 0, 1, 1, 1, 0, 0, 0, 0, 0, 0, 0, 0, 0, 0, 0, 0, 0, 0, 0
16:52:05, 1565.50, 31.68, 32.60, 30.344, 0, 0, 0, 0, 0, 0, 1, 1, 1, 0, 0, 0, 0, 0, 0, 0, 0, 0, 0, 0, 0, 0, 0, 0
16:52:06, 1566.00, 31.68, 32.55, 30.344, 0, 0, 0, 0, 0, 0, 1, 1, 1, 0, 0, 0, 0, 0, 0, 0, 0, 0, 0, 0, 0, 0, 0, 0
16:52:06, 1566.80, 31.68, 32.56, 30.336, 0, 0, 0, 0, 0, 0, 1, 1, 1, 0, 0, 0, 0, 0, 0, 0, 0, 0, 0, 0, 0, 0, 0, 0
16:52:07, 1567.20, 31.67, 32.60, 30.344, 0, 0, 0, 0, 0, 0, 1, 1, 1, 0, 0, 0, 0, 0, 0, 0, 0, 0, 0, 0, 0, 0, 0, 0
16:52:08, 1570.70, 31.67, 32.60, 30.344, 0, 0, 0, 0, 0, 0, 1, 1, 1, 0, 0, 0, 0, 0, 0, 0, 0, 0, 0, 0, 0, 0, 0, 0
16:52:08, 1571.80, 31.67, 32.58, 30.344, 0, 0, 0, 0, 0, 0, 1, 1, 1, 0, 0, 0, 0, 0, 0, 0, 0, 0, 0, 0, 0, 0, 0, 0
16:52:09, 1572.60, 31.67, 32.56, 30.344, 0, 0, 0, 0, 0, 0, 1, 1, 1, 0, 0, 0, 0, 0, 0, 0, 0, 0, 0, 0, 0, 0, 0, 0
16:52:10, 1571.50, 31.67, 32.60, 30.344, 0, 0, 0, 0, 0, 0, 1, 1, 1, 0, 0, 0, 0, 0, 0, 0, 0, 0, 0, 0, 0, 0, 0, 0
16:52:10, 1570.70, 31.67, 32.60, 30.344, 0, 0, 0, 0, 0, 0, 1, 1, 1, 0, 0, 0, 0, 0, 0, 0, 0, 0, 0, 0, 0, 0, 0, 0
16:52:11, 1572.90, 31.67, 32.58, 30.344, 0, 0, 0, 0, 0, 0, 1, 1, 1, 0, 0, 0, 0, 0, 0, 0, 0, 0, 0, 0, 0, 0, 0, 0
16:52:12, 1579.50, 31.66, 32.58, 30.344, 0, 0, 0, 0, 0, 0, 1, 1, 1, 0, 0, 0, 0, 0, 0, 0, 0, 0, 0, 0, 0, 0, 0, 0
16:52:12, 1581.30, 31.66, 32.58, 30.336, 0, 0, 0, 0, 0, 0, 1, 1, 1, 0, 0, 0, 0, 0, 0, 0, 0, 0, 0, 0, 0, 0, 0, 0
16:52:13, 1580.20, 31.65, 32.55, 30.344, 0, 0, 0, 0, 0, 0, 1, 1, 1, 0, 0, 0, 0, 0, 0, 0, 0, 0, 0, 0, 0, 0, 0, 0
16:52:14, 1579.70, 31.65, 32.58, 30.344, 0, 0, 0, 0, 0, 0, 1, 1, 1, 0, 0, 0, 0, 0, 0, 0, 0, 0, 0, 0, 0, 0, 0, 0
16:52:14, 1582.00, 31.65, 32.60, 30.336, 0, 0, 0, 0, 0, 0, 1, 1, 1, 0, 0, 0, 0, 0, 0, 0, 0, 0, 0, 0, 0, 0, 0, 0
16:52:15, 1586.50, 31.65, 32.56, 30.336, 0, 0, 0, 0, 0, 0, 1, 1, 1, 0, 0, 0, 0, 0, 0, 0, 0, 0, 0, 0, 0, 0, 0, 0
16:52:16, 1586.60, 31.65, 32.58, 30.336, 0, 0, 0, 0, 0, 0, 1, 1, 1, 0, 0, 0, 0, 0, 0, 0, 0, 0, 0, 0, 0, 0, 0, 0
16:52:16, 1589.00, 31.65, 32.58, 30.336, 0, 0, 0, 0, 0, 0, 0, 1, 1, 0, 0, 0, 0, 0, 0, 0, 0, 0, 0, 0, 0, 0, 0, 0
16:52:17, 1589.60, 31.64, 32.58, 30.336, 0, 0, 0, 0, 0, 0, 0, 1, 1, 0, 0, 0, 0, 0, 0, 0, 0, 0, 0, 0, 0, 0, 0, 0
16:52:18, 1597.20, 31.64, 32.56, 30.336, 0, 0, 0, 0, 0, 0, 0, 1, 1, 0, 0, 0, 0, 0, 0, 0, 0, 0, 0, 0, 0, 0, 0, 0
16:52:18, 1600.10, 31.64, 32.58, 30.336, 0, 0, 0, 0, 0, 0, 0, 1, 0, 0, 0, 0, 0, 0, 0, 0, 0, 0, 0, 0, 0, 0, 0, 0
16:52:19, 1602.80, 31.64, 32.56, 30.336, 0, 0, 0, 0, 0, 0, 0, 1, 0, 0, 0, 0, 0, 0, 0, 0, 0, 0, 0, 0, 0, 0, 0, 0
16:52:19, 1603.60, 31.63, 32.58, 30.344, 0, 0, 0, 0, 0, 0, 0, 1, 0, 0, 0, 0, 0, 0, 0, 0, 0, 0, 0, 0, 0, 0, 0, 0
16:52:20, 1602.40, 31.63, 32.58, 30.344, 0, 0, 0, 0, 0, 0, 0, 1, 0, 0, 0, 0, 0, 0, 0, 0, 0, 0, 0, 0, 0, 0, 0, 0
16:52:21, 1606.00, 31.63, 32.56, 30.344, 0, 0, 0, 0, 0, 0, 0, 1, 0, 0, 0, 0, 0, 0, 0, 0, 0, 0, 0, 0, 0, 0, 0, 0
16:52:21, 1610.50, 31.63, 32.56, 30.344, 0, 0, 0, 0, 0, 0, 0, 1, 0, 0, 0, 0, 0, 0, 0, 0, 0, 0, 0, 0, 0, 0, 0, 0
16:52:22, 1612.60, 31.64, 32.60, 30.344, 0, 0, 0, 0, 0, 0, 0, 1, 0, 0, 0, 0, 0, 0, 0, 0, 0, 0, 0, 0, 0, 0, 0, 0
16:52:23, 1611.90, 31.64, 32.60, 30.344, 0, 0, 0, 0, 0, 0, 0, 1, 0, 0, 0, 0, 0, 0, 0, 0, 0, 0, 0, 0, 0, 0, 0, 0
16:52:23, 1612.70, 31.63, 32.60, 30.344, 0, 0, 0, 0, 0, 0, 0, 1, 0, 0, 0, 0, 0, 0, 0, 0, 0, 0, 0, 0, 0, 0, 0, 0
16:52:24, 1615.00, 31.63, 32.58, 30.344, 0, 0, 0, 0, 0, 0, 0, 1, 0, 0, 0, 0, 0, 0, 0, 0, 0, 0, 0, 0, 0, 0, 0, 0
16:52:25, 1622.60, 31.63, 32.56, 30.344, 0, 0, 0, 0, 0, 0, 0, 1, 0, 0, 0, 0, 0, 0, 0, 0, 0, 0, 0, 0, 0, 0, 0, 0
16:52:25, 1623.40, 31.63, 32.60, 30.344, 0, 0, 0, 0, 0, 0, 0, 1, 0, 0, 0, 0, 0, 0, 0, 0, 0, 0, 0, 0, 0, 0, 0, 0
16:52:26, 1626.50, 31.63, 32.55, 30.344, 0, 0, 0, 0, 0, 0, 0, 1, 0, 0, 0, 0, 0, 0, 0, 0, 0, 0, 0, 0, 0, 0, 0, 0
16:52:27, 1625.80, 31.63, 32.58, 30.344, 0, 0, 0, 0, 0, 0, 0, 1, 0, 0, 0, 0, 0, 0, 0, 0, 0, 0, 0, 0, 0, 0, 0, 0
16:52:27, 1627.70, 31.62, 32.56, 30.336, 0, 0, 0, 0, 0, 0, 0, 1, 0, 0, 0, 0, 0, 0, 0, 0, 0, 0, 0, 0, 0, 0, 0, 0
16:52:28, 1629.70, 31.62, 32.60, 30.344, 0, 0, 0, 0, 0, 0, 0, 1, 0, 0, 0, 0, 0, 0, 0, 0, 0, 0, 0, 0, 0, 0, 0, 0
16:52:29, 1628.30, 31.62, 32.60, 30.344, 0, 0, 0, 0, 0, 0, 0, 1, 0, 0, 0, 0, 0, 0, 0, 0, 0, 0, 0, 0, 0, 0, 0, 0
16:52:29, 1627.80, 31.62, 32.58, 30.336, 0, 0, 0, 0, 0, 0, 0, 1, 0, 0, 0, 0, 0, 0, 0, 0, 0, 0, 0, 0, 0, 0, 0, 0
16:52:30, 1627.20, 31.61, 32.60, 30.336, 0, 0, 0, 0, 0, 0, 0, 1, 0, 0, 0, 0, 0, 0, 0, 0, 0, 0, 0, 0, 0, 0, 0, 0
16:52:31, 1629.00, 31.61, 32.60, 30.336, 0, 0, 0, 0, 0, 0, 0, 1, 0, 0, 0, 0, 0, 0, 0, 0, 0, 0, 0, 0, 0, 0, 0, 0
16:52:31, 1634.20, 31.61, 32.58, 30.336, 0, 0, 0, 0, 0, 0, 0, 1, 0, 0, 0, 0, 0, 0, 0, 0, 0, 0, 0, 0, 0, 0, 0, 0
16:52:32, 1636.20, 31.61, 32.58, 30.336, 0, 0, 0, 0, 0, 0, 0, 1, 0, 0, 0, 0, 0, 0, 0, 0, 0, 0, 0, 0, 0, 0, 0, 0
16:52:33, 1640.70, 31.61, 32.60, 30.344, 0, 0, 0, 0, 0, 0, 0, 1, 0, 0, 0, 0, 0, 0, 0, 0, 0, 0, 0, 0, 0, 0, 0, 0
16:52:33, 1645.80, 31.61, 32.60, 30.336, 0, 0, 0, 0, 0, 0, 0, 0, 0, 0, 0, 0, 0, 0, 0, 0, 0, 0, 0, 0, 0, 0, 0, 0
16:52:34, 1648.20, 31.60, 32.60, 30.336, 0, 0, 0, 0, 0, 0, 0, 0, 0, 0, 0, 0, 0, 0, 0, 0, 0, 0, 0, 0, 0, 0, 0, 0
16:52:35, 1653.10, 31.60, 32.60, 30.336, 0, 0, 0, 0, 0, 0, 0, 0, 0, 0, 0, 0, 0, 0, 0, 0, 0, 0, 0, 0, 0, 0, 0, 0
16:52:35, 1658.00, 31.60, 32.60, 30.336, 0, 0, 0, 0, 0, 0, 0, 0, 0, 0, 0, 0, 0, 0, 0, 0, 0, 0, 0, 0, 0, 0, 0, 0
16:52:36, 1662.70, 31.60, 32.58, 30.336, 0, 0, 0, 0, 0, 0, 0, 0, 0, 0, 0, 0, 0, 0, 0, 0, 0, 0, 0, 0, 0, 0, 0, 0
16:52:37, 1666.60, 31.59, 32.60, 30.336, 0, 0, 0, 0, 0, 0, 0, 0, 0, 0, 0, 0, 0, 0, 0, 0, 0, 0, 0, 0, 0, 0, 0, 0
16:52:37, 1674.80, 31.59, 32.62, 30.336, 0, 0, 0, 0, 0, 0, 0, 0, 0, 0, 0, 0, 0, 0, 0, 0, 0, 0, 0, 0, 0, 0, 0, 0
16:52:38, 1679.30, 31.59, 32.60, 30.336, 0, 0, 0, 0, 0, 0, 0, 0, 0, 0, 0, 0, 0, 0, 0, 0, 0, 0, 0, 0, 0, 0, 0, 0
16:52:39, 1677.20, 31.58, 32.58, 30.336, 0, 0, 0, 0, 0, 0, 0, 0, 0, 0, 0, 0, 0, 0, 0, 0, 0, 0, 0, 0, 0, 0, 0, 0
16:52:39, 1670.10, 31.58, 32.60, 30.336, 0, 0, 0, 0, 0, 0, 0, 0, 0, 0, 0, 0, 0, 0, 0, 0, 0, 0, 0, 0, 0, 0, 0, 0
16:52:40, 1664.10, 31.58, 32.62, 30.336, 0, 0, 0, 0, 0, 0, 0, 0, 0, 0, 0, 0, 0, 0, 0, 0, 0, 0, 0, 0, 0, 0, 0, 0
16:52:41, 1665.60, 31.58, 32.60, 30.336, 0, 0, 0, 0, 0, 0, 0, 0, 0, 0, 0, 0, 0, 0, 0, 0, 0, 0, 0, 0, 0, 0, 0, 0
16:52:41, 1669.30, 31.58, 32.58, 30.344, 0, 0, 0, 0, 0, 0, 0, 0, 0, 0, 0, 0, 0, 0, 0, 0, 0, 0, 0, 0, 0, 0, 0, 0
16:52:42, 1670.90, 31.58, 32.58, 30.344, 0, 0, 0, 0, 0, 0, 0, 0, 0, 0, 0, 0, 0, 0, 0, 0, 0, 0, 0, 0, 0, 0, 0, 0
16:52:43, 1670.80, 31.58, 32.58, 30.336, 0, 0, 0, 0, 0, 0, 0, 0, 0, 0, 0, 0, 0, 0, 0, 0, 0, 0, 0, 0, 0, 0, 0, 0
16:52:43, 1670.70, 31.58, 32.60, 30.336, 0, 0, 0, 0, 0, 0, 0, 0, 0, 0, 0, 0, 0, 0, 0, 0, 0, 0, 0, 0, 0, 0, 0, 0
16:52:44, 1670.70, 31.58, 32.58, 30.336, 0, 0, 0, 0, 0, 0, 0, 0, 0, 0, 0, 0, 0, 0, 0, 0, 0, 0, 0, 0, 0, 0, 0, 0
16:52:45, 1670.20, 31.58, 32.60, 30.336, 0, 0, 0, 0, 0, 0, 0, 0, 0, 0, 0, 0, 0, 0, 0, 0, 0, 0, 0, 0, 0, 0, 0, 0
16:52:45, 1668.40, 31.58, 32.60, 30.336, 0, 0, 0, 0, 0, 0, 0, 0, 0, 0, 0, 0, 0, 0, 0, 0, 0, 0, 0, 0, 0, 0, 0, 0
16:52:46, 1667.40, 31.58, 32.58, 30.336, 0, 0, 0, 0, 0, 0, 0, 0, 0, 0, 0, 0, 0, 0, 0, 0, 0, 0, 0, 0, 0, 0, 0, 0
16:52:47, 1666.60, 31.58, 32.60, 30.336, 0, 0, 0, 0, 0, 0, 0, 0, 0, 0, 0, 0, 0, 0, 0, 0, 0, 0, 0, 0, 0, 0, 0, 0
16:52:47, 1666.80, 31.59, 32.60, 30.336, 0, 0, 0, 0, 0, 0, 0, 0, 0, 0, 0, 0, 0, 0, 0, 0, 0, 0, 0, 0, 0, 0, 0, 0
16:52:48, 1666.30, 31.59, 32.60, 30.336, 0, 0, 0, 0, 0, 0, 0, 0, 0, 0, 0, 0, 0, 0, 0, 0, 0, 0, 0, 0, 0, 0, 0, 0
16:52:49, 1665.70, 31.59, 32.60, 30.336, 0, 0, 0, 0, 0, 0, 0, 0, 0, 0, 0, 0, 0, 0, 0, 0, 0, 0, 0, 0, 0, 0, 0, 0
16:52:49, 1662.70, 31.59, 32.60, 30.336, 0, 0, 0, 0, 0, 0, 0, 0, 0, 0, 0, 0, 0, 0, 0, 0, 0, 0, 0, 0, 0, 0, 0, 0
16:52:50, 1662.70, 31.58, 32.60, 30.336, 0, 0, 0, 0, 0, 0, 0, 0, 0, 0, 0, 0, 0, 0, 0, 0, 0, 0, 0, 0, 0, 0, 0, 0
16:52:51, 1660.00, 31.58, 32.58, 30.336, 0, 0, 0, 0, 0, 0, 0, 0, 0, 0, 0, 0, 0, 0, 0, 0, 0, 0, 0, 0, 0, 0, 0, 0
16:52:51, 1656.20, 31.58, 32.60, 30.336, 0, 0, 0, 0, 0, 0, 0, 0, 0, 0, 0, 0, 0, 0, 0, 0, 0, 0, 0, 0, 0, 0, 0, 0
16:52:52, 1651.90, 31.57, 32.62, 30.336, 0, 0, 0, 0, 0, 0, 0, 0, 0, 0, 0, 0, 0, 0, 0, 0, 0, 0, 0, 0, 0, 0, 0, 0
16:52:53, 1648.40, 31.56, 32.60, 30.336, 0, 0, 0, 0, 0, 0, 0, 0, 0, 0, 0, 0, 0, 0, 0, 0, 0, 0, 0, 0, 0, 0, 0, 0
16:52:53, 1646.30, 31.56, 32.62, 30.336, 0, 0, 0, 0, 0, 0, 0, 0, 0, 0, 0, 0, 0, 0, 0, 0, 0, 0, 0, 0, 0, 0, 0, 0
16:52:54, 1642.70, 31.55, 32.58, 30.328, 0, 0, 0, 0, 0, 0, 0, 0, 0, 0, 0, 0, 0, 0, 0, 0, 0, 0, 0, 0, 0, 0, 0, 0
16:52:55, 1641.30, 31.55, 32.60, 30.336, 0, 0, 0, 0, 0, 0, 0, 0, 0, 0, 0, 0, 0, 0, 0, 0, 0, 0, 0, 0, 0, 0, 0, 0
16:52:55, 1639.60, 31.54, 32.58, 30.336, 0, 0, 0, 0, 0, 0, 0, 0, 0, 0, 0, 0, 0, 0, 0, 0, 0, 0, 0, 0, 0, 0, 0, 0
16:52:56, 1637.90, 31.54, 32.60, 30.336, 0, 0, 0, 0, 0, 0, 0, 0, 0, 0, 0, 0, 0, 0, 0, 0, 0, 0, 0, 0, 0, 0, 0, 0
16:52:57, 1634.80, 31.53, 32.58, 30.336, 0, 0, 0, 0, 0, 0, 0, 1, 0, 0, 0, 0, 0, 0, 0, 0, 0, 0, 0, 0, 0, 0, 0, 0
16:52:57, 1631.30, 31.52, 32.60, 30.336, 0, 0, 0, 0, 0, 0, 0, 0, 0, 0, 0, 0, 0, 0, 0, 0, 0, 0, 0, 0, 0, 0, 0, 0
16:52:58, 1626.30, 31.52, 32.58, 30.328, 0, 0, 0, 0, 0, 0, 0, 1, 0, 0, 0, 0, 0, 0, 0, 0, 0, 0, 0, 0, 0, 0, 0, 0
16:52:59, 1622.30, 31.51, 32.60, 30.344, 0, 0, 0, 0, 0, 0, 0, 1, 0, 0, 0, 0, 0, 0, 0, 0, 0, 0, 0, 0, 0, 0, 0, 0
16:52:59, 1619.80, 31.51, 32.56, 30.344, 0, 0, 0, 0, 0, 0, 0, 1, 0, 0, 0, 0, 0, 0, 0, 0, 0, 0, 0, 0, 0, 0, 0, 0
16:53:00, 1615.20, 31.51, 32.62, 30.336, 0, 0, 0, 0, 0, 0, 0, 1, 0, 0, 0, 0, 0, 0, 0, 0, 0, 0, 0, 0, 0, 0, 0, 0
16:53:01, 1614.20, 31.51, 32.60, 30.336, 0, 0, 0, 0, 0, 0, 0, 1, 0, 0, 0, 0, 0, 0, 0, 0, 0, 0, 0, 0, 0, 0, 0, 0
16:53:01, 1612.60, 31.51, 32.60, 30.336, 0, 0, 0, 0, 0, 0, 0, 1, 0, 0, 0, 0, 0, 0, 0, 0, 0, 0, 0, 0, 0, 0, 0, 0
16:53:02, 1609.20, 31.51, 32.60, 30.336, 0, 0, 0, 0, 0, 0, 0, 1, 0, 0, 0, 0, 0, 0, 0, 0, 0, 0, 0, 0, 0, 0, 0, 0
16:53:02, 1606.70, 31.52, 32.58, 30.336, 0, 0, 0, 0, 0, 0, 0, 1, 0, 0, 0, 0, 0, 0, 0, 0, 0, 0, 0, 0, 0, 0, 0, 0
16:53:03, 1602.20, 31.52, 32.58, 30.336, 0, 0, 0, 0, 0, 0, 0, 1, 0, 0, 0, 0, 0, 0, 0, 0, 0, 0, 0, 0, 0, 0, 0, 0
16:53:04, 1597.80, 31.52, 32.62, 30.336, 0, 0, 0, 0, 0, 0, 0, 1, 0, 0, 0, 0, 0, 0, 0, 0, 0, 0, 0, 0, 0, 0, 0, 0
16:53:04, 1594.70, 31.53, 32.60, 30.336, 0, 0, 0, 0, 0, 0, 0, 1, 0, 0, 0, 0, 0, 0, 0, 0, 0, 0, 0, 0, 0, 0, 0, 0
16:53:05, 1589.30, 31.53, 32.60, 30.336, 0, 0, 0, 0, 0, 0, 0, 1, 0, 0, 0, 0, 0, 0, 0, 0, 0, 0, 0, 0, 0, 0, 0, 0
16:53:06, 1582.30, 31.53, 32.58, 30.344, 0, 0, 0, 0, 0, 0, 1, 1, 1, 0, 0, 0, 0, 0, 0, 0, 0, 0, 0, 0, 0, 0, 0, 0
16:53:06, 1576.70, 31.54, 32.62, 30.344, 0, 0, 0, 0, 0, 0, 1, 1, 1, 0, 0, 0, 0, 0, 0, 0, 0, 0, 0, 0, 0, 0, 0, 0
16:53:07, 1571.70, 31.54, 32.62, 30.336, 0, 0, 0, 0, 0, 0, 1, 1, 1, 0, 0, 0, 0, 0, 0, 0, 0, 0, 0, 0, 0, 0, 0, 0
16:53:08, 1567.40, 31.54, 32.62, 30.336, 0, 0, 0, 0, 0, 0, 1, 1, 1, 0, 0, 0, 0, 0, 0, 0, 0, 0, 0, 0, 0, 0, 0, 0
16:53:08, 1565.50, 31.54, 32.60, 30.336, 0, 0, 0, 0, 0, 0, 1, 1, 1, 0, 0, 0, 0, 0, 0, 0, 0, 0, 0, 0, 0, 0, 0, 0
16:53:09, 1565.70, 31.55, 32.58, 30.336, 0, 0, 0, 0, 0, 0, 1, 1, 1, 0, 0, 0, 0, 0, 0, 0, 0, 0, 0, 0, 0, 0, 0, 0
16:53:10, 1563.70, 31.55, 32.58, 30.344, 0, 0, 0, 0, 0, 0, 1, 1, 1, 0, 0, 0, 0, 0, 0, 0, 0, 0, 0, 0, 0, 0, 0, 0
16:53:10, 1561.30, 31.55, 32.58, 30.344, 0, 0, 0, 0, 0, 0, 1, 1, 1, 0, 0, 0, 0, 0, 0, 0, 0, 0, 0, 0, 0, 0, 0, 0
16:53:11, 1559.10, 31.55, 32.58, 30.336, 0, 0, 0, 0, 0, 0, 1, 1, 1, 0, 0, 0, 0, 0, 0, 0, 0, 0, 0, 0, 0, 0, 0, 0
16:53:12, 1558.70, 31.55, 32.62, 30.344, 0, 0, 0, 0, 0, 0, 1, 1, 1, 0, 0, 0, 0, 0, 0, 0, 0, 0, 0, 0, 0, 0, 0, 0
16:53:12, 1557.00, 31.55, 32.58, 30.344, 0, 0, 0, 0, 0, 0, 1, 1, 1, 0, 0, 0, 0, 0, 0, 0, 0, 0, 0, 0, 0, 0, 0, 0
16:53:13, 1552.30, 31.55, 32.58, 30.336, 0, 0, 0, 0, 0, 0, 1, 1, 1, 0, 0, 0, 0, 0, 0, 0, 0, 0, 0, 0, 0, 0, 0, 0
16:53:14, 1546.80, 31.56, 32.62, 30.344, 0, 0, 0, 0, 0, 0, 1, 1, 1, 0, 0, 0, 0, 0, 0, 0, 0, 0, 0, 0, 0, 0, 0, 0
16:53:14, 1544.10, 31.56, 32.60, 30.344, 0, 0, 0, 0, 0, 0, 1, 1, 1, 0, 0, 0, 0, 0, 0, 0, 0, 0, 0, 0, 0, 0, 0, 0
16:53:15, 1538.20, 31.55, 32.60, 30.336, 0, 0, 0, 0, 0, 0, 1, 2, 1, 0, 0, 0, 0, 0, 0, 0, 0, 0, 0, 0, 0, 0, 0, 0
16:53:16, 1529.30, 31.56, 32.60, 30.336, 0, 0, 0, 0, 0, 0, 1, 2, 2, 0, 0, 0, 0, 0, 0, 0, 0, 0, 0, 0, 0, 0, 0, 0
16:53:16, 1528.40, 31.56, 32.62, 30.344, 0, 0, 0, 0, 0, 0, 1, 2, 2, 0, 0, 0, 0, 0, 0, 0, 0, 0, 0, 0, 0, 0, 0, 0
16:53:17, 1521.80, 31.56, 32.60, 30.336, 0, 0, 0, 0, 0, 0, 1, 2, 2, 0, 0, 0, 0, 0, 0, 0, 0, 0, 0, 0, 0, 0, 0, 0
16:53:18, 1516.00, 31.56, 32.62, 30.336, 0, 0, 0, 0, 0, 0, 1, 2, 2, 0, 0, 0, 0, 0, 0, 0, 0, 0, 0, 0, 0, 0, 0, 0
16:53:18, 1511.20, 31.56, 32.62, 30.336, 0, 0, 0, 0, 0, 0, 2, 2, 2, 0, 0, 0, 0, 0, 0, 0, 0, 0, 0, 0, 0, 0, 0, 0
16:53:19, 1507.60, 31.56, 32.60, 30.336, 0, 0, 0, 0, 0, 0, 2, 3, 2, 0, 0, 0, 0, 0, 0, 0, 0, 0, 0, 0, 0, 0, 0, 0
16:53:20, 1503.60, 31.56, 32.60, 30.336, 0, 0, 0, 0, 0, 0, 2, 3, 2, 0, 0, 0, 0, 0, 0, 0, 0, 0, 0, 1, 0, 0, 0, 0
16:53:20, 1498.60, 31.56, 32.58, 30.336, 0, 0, 0, 0, 0, 0, 2, 3, 2, 0, 0, 0, 0, 0, 0, 0, 0, 0, 0, 1, 0, 0, 0, 0
16:53:21, 1492.30, 31.56, 32.62, 30.344, 0, 0, 0, 0, 0, 0, 2, 3, 3, 0, 0, 0, 0, 0, 0, 0, 0, 0, 0, 1, 0, 0, 0, 0
16:53:22, 1488.90, 31.55, 32.58, 30.344, 0, 0, 0, 0, 0, 1, 3, 4, 4, 0, 0, 0, 0, 0, 0, 0, 0, 0, 0, 1, 1, 0, 0, 0
16:53:22, 1482.40, 31.56, 32.62, 30.336, 0, 0, 0, 0, 0, 1, 3, 4, 4, 0, 0, 0, 0, 0, 0, 0, 0, 0, 0, 1, 1, 0, 0, 0
16:53:23, 1481.60, 31.55, 32.66, 30.344, 0, 0, 0, 1, 0, 1, 3, 4, 4, 0, 0, 0, 0, 0, 0, 0, 0, 0, 0, 1, 1, 0, 0, 0
16:53:24, 1477.00, 31.56, 32.62, 30.344, 0, 0, 0, 1, 0, 1, 3, 4, 4, 0, 0, 0, 0, 0, 0, 0, 0, 0, 0, 1, 1, 0, 0, 0
16:53:24, 1475.80, 31.56, 32.58, 30.344, 0, 0, 0, 1, 0, 1, 3, 5, 4, 0, 0, 0, 0, 0, 0, 0, 0, 0, 1, 1, 1, 0, 0, 0
16:53:25, 1469.50, 31.55, 32.58, 30.344, 0, 0, 0, 1, 0, 1, 3, 5, 4, 0, 0, 0, 0, 0, 0, 0, 0, 0, 1, 1, 1, 0, 0, 0
16:53:26, 1468.50, 31.55, 32.58, 30.344, 0, 0, 0, 1, 0, 1, 4, 6, 6, 1, 0, 0, 0, 0, 0, 0, 0, 0, 1, 1, 1, 0, 0, 0
16:53:26, 1464.30, 31.55, 32.60, 30.344, 1, 0, 0, 1, 0, 1, 4, 6, 6, 1, 0, 0, 0, 0, 0, 0, 0, 0, 1, 2, 1, 0, 0, 0
16:53:27, 1459.40, 31.55, 32.60, 30.344, 0, 0, 0, 1, 0, 1, 4, 6, 5, 1, 0, 0, 0, 0, 0, 0, 0, 0, 1, 2, 2, 0, 0, 0
16:53:28, 1454.10, 31.56, 32.62, 30.344, 0, 0, 0, 1, 0, 1, 4, 6, 6, 1, 0, 0, 0, 0, 0, 0, 0, 0, 1, 2, 2, 0, 0, 0
16:53:28, 1451.60, 31.56, 32.62, 30.352, 0, 0, 0, 1, 0, 2, 5, 7, 7, 1, 0, 0, 0, 0, 0, 0, 0, 0, 1, 2, 2, 0, 0, 0
16:53:29, 1450.50, 31.55, 32.60, 30.352, 0, 0, 1, 1, 0, 2, 5, 7, 7, 1, 0, 0, 0, 0, 0, 0, 0, 0, 1, 2, 2, 0, 0, 0
16:53:30, 1445.30, 31.55, 32.58, 30.352, 0, 0, 1, 1, 0, 2, 5, 8, 7, 1, 0, 0, 0, 0, 0, 0, 0, 0, 1, 2, 2, 0, 0, 0
16:53:30, 1445.70, 31.55, 32.58, 30.352, 0, 0, 1, 1, 0, 2, 6, 8, 7, 1, 0, 0, 0, 0, 0, 0, 0, 0, 1, 2, 2, 0, 0, 0
16:53:31, 1442.90, 31.55, 32.60, 30.352, 0, 0, 1, 1, 0, 2, 5, 7, 6, 1, 0, 0, 0, 0, 0, 0, 0, 0, 2, 3, 2, 0, 0, 0
16:53:32, 1436.80, 31.55, 32.62, 30.352, 0, 0, 1, 1, 0, 2, 6, 8, 7, 1, 0, 0, 0, 0, 0, 0, 0, 0, 2, 3, 3, 0, 0, 0
16:53:32, 1432.00, 31.55, 32.58, 30.352, 0, 0, 1, 1, 1, 2, 7, 9, 8, 1, 0, 0, 0, 0, 0, 0, 0, 0, 2, 3, 3, 0, 0, 0
16:53:33, 1428.80, 31.55, 32.62, 30.352, 0, 0, 1, 1, 1, 3, 8, 11, 11, 1, 0, 0, 0, 0, 0, 0, 0, 1, 2, 3, 3, 0, 0, 0
16:53:34, 1423.80, 31.55, 32.60, 30.352, 0, 0, 1, 1, 1, 3, 8, 11, 11, 1, 0, 0, 0, 0, 0, 0, 0, 1, 3, 4, 4, 0, 0, 0
16:53:34, 1421.60, 31.55, 32.62, 30.359, 0, 0, 1, 1, 1, 3, 9, 12, 12, 1, 0, 0, 0, 0, 0, 0, 0, 1, 3, 4, 4, 0, 0, 0
16:53:35, 1419.30, 31.55, 32.58, 30.359, 0, 0, 1, 1, 1, 4, 9, 13, 13, 1, 0, 0, 0, 0, 0, 0, 0, 1, 3, 4, 4, 0, 0, 0
16:53:36, 1417.10, 31.55, 32.58, 30.359, 0, 0, 1, 1, 1, 4, 9, 13, 12, 1, 0, 0, 0, 0, 0, 0, 0, 1, 3, 4, 4, 0, 0, 0
16:53:36, 1411.20, 31.55, 32.60, 30.359, 0, 0, 1, 1, 1, 4, 10, 13, 12, 1, 0, 0, 0, 0, 0, 0, 0, 1, 3, 5, 5, 0, 0, 0
16:53:37, 1410.00, 31.55, 32.62, 30.359, 0, 0, 1, 1, 1, 4, 11, 15, 15, 1, 0, 0, 0, 0, 0, 0, 0, 1, 4, 5, 5, 0, 0, 0
16:53:38, 1406.70, 31.55, 32.62, 30.359, 0, 0, 1, 1, 2, 5, 11, 15, 16, 1, 0, 0, 0, 0, 0, 0, 0, 1, 4, 5, 5, 0, 0, 0
16:53:38, 1402.20, 31.56, 32.62, 30.367, 0, 0, 1, 1, 2, 5, 12, 16, 16, 1, 0, 0, 0, 0, 0, 0, 0, 1, 4, 6, 6, 0, 0, 0
16:53:39, 1401.50, 31.56, 32.64, 30.367, 0, 0, 1, 1, 3, 5, 13, 17, 17, 1, 0, 0, 0, 0, 0, 0, 1, 2, 4, 6, 6, 0, 0, 0
16:53:40, 1401.00, 31.56, 32.60, 30.352, 0, 0, 1, 1, 2, 6, 14, 19, 21, 2, 0, 0, 0, 0, 0, 0, 0, 1, 4, 6, 6, 0, 0, 0
16:53:40, 1397.50, 31.56, 32.60, 30.359, 0, 0, 1, 1, 2, 6, 13, 18, 18, 2, 0, 0, 0, 0, 0, 0, 1, 2, 5, 6, 6, 0, 0, 0
16:53:41, 1395.40, 31.56, 32.60, 30.359, 0, 0, 1, 1, 2, 6, 14, 19, 18, 2, 0, 0, 0, 0, 0, 0, 1, 2, 5, 7, 7, 0, 0, 0
16:53:42, 1398.60, 31.56, 32.62, 30.359, 0, 0, 1, 1, 2, 6, 15, 20, 20, 2, 0, 0, 0, 0, 0, 0, 1, 2, 5, 7, 7, 0, 0, 0
16:53:42, 1398.90, 31.56, 32.62, 30.359, 0, 0, 1, 1, 2, 6, 15, 20, 21, 2, 0, 0, 0, 0, 0, 0, 1, 1, 5, 6, 6, 0, 0, 0
16:53:43, 1393.60, 31.56, 32.62, 30.359, 0, 0, 1, 1, 2, 6, 14, 19, 20, 2, 0, 0, 0, 0, 0, 0, 1, 2, 5, 7, 7, 0, 0, 0
16:53:43, 1390.70, 31.56, 32.60, 30.359, 0, 0, 1, 1, 2, 7, 16, 21, 22, 2, 0, 0, 0, 0, 0, 0, 1, 2, 5, 7, 8, 0, 0, 0
16:53:44, 1389.00, 31.55, 32.62, 30.359, 0, 0, 1, 1, 3, 7, 16, 22, 22, 2, 0, 0, 0, 0, 0, 0, 1, 2, 6, 8, 8, 0, 0, 0
16:53:45, 1384.40, 31.55, 32.58, 30.359, 0, 0, 1, 1, 3, 7, 17, 23, 22, 2, 0, 0, 0, 0, 0, 0, 1, 2, 6, 8, 8, 0, 0, 0
16:53:45, 1381.60, 31.55, 32.62, 30.359, 0, 0, 1, 1, 3, 8, 18, 24, 24, 2, 0, 0, 0, 0, 0, 0, 1, 2, 6, 9, 9, 0, 0, 0
16:53:46, 1380.70, 31.55, 32.60, 30.359, 0, 0, 1, 1, 3, 9, 19, 26, 26, 2, 0, 0, 0, 0, 0, 0, 1, 3, 7, 9, 9, 0, 0, 0
16:53:47, 1382.30, 31.55, 32.58, 30.359, 0, 0, 1, 2, 4, 9, 21, 28, 31, 3, 0, 0, 0, 0, 0, 0, 1, 2, 7, 9, 9, 0, 0, 0
16:53:47, 1382.00, 31.56, 32.64, 30.359, 0, 0, 1, 1, 3, 9, 20, 27, 29, 3, 0, 0, 0, 0, 0, 0, 1, 2, 6, 9, 9, 0, 0, 0
16:53:48, 1376.90, 31.55, 32.56, 30.359, 0, 0, 1, 1, 3, 8, 19, 26, 25, 2, 0, 0, 0, 0, 0, 0, 1, 3, 7, 10, 10, 0, 0, 0
16:53:49, 1371.80, 31.56, 32.62, 30.359, 0, 0, 1, 2, 4, 9, 21, 28, 27, 2, 0, 0, 0, 0, 0, 0, 1, 3, 8, 11, 11, 0, 0, 0
16:53:49, 1373.90, 31.55, 32.64, 30.367, 1, 1, 1, 2, 4, 11, 24, 33, 34, 3, 0, 0, 0, 0, 0, 0, 1, 3, 8, 11, 12, 0, 0, 0
16:53:50, 1368.90, 31.55, 32.60, 30.367, 0, 1, 1, 2, 4, 10, 23, 31, 32, 3, 0, 0, 0, 0, 0, 0, 1, 3, 8, 11, 12, 0, 0, 0
16:53:51, 1365.50, 31.55, 32.60, 30.359, 1, 1, 1, 2, 5, 11, 25, 33, 36, 3, 0, 0, 0, 0, 0, 0, 1, 4, 9, 12, 13, 0, 0, 0
16:53:51, 1363.00, 31.56, 32.62, 30.367, 1, 1, 2, 2, 5, 12, 26, 35, 36, 3, 0, 0, 0, 0, 0, 0, 2, 4, 10, 13, 13, 1, 0, 0
16:53:52, 1364.60, 31.56, 32.62, 30.367, 1, 1, 2, 2, 5, 13, 28, 37, 39, 3, 0, 0, 0, 0, 0, 0, 2, 4, 9, 12, 13, 0, 0, 0
16:53:53, 1363.30, 31.55, 32.60, 30.367, 1, 1, 2, 2, 5, 12, 26, 35, 34, 3, 0, 0, 0, 0, 0, 0, 2, 4, 10, 13, 13, 1, 0, 0
16:53:53, 1361.10, 31.55, 32.60, 30.367, 1, 1, 1, 2, 5, 12, 27, 36, 34, 3, 0, 0, 0, 0, 0, 0, 2, 4, 10, 13, 13, 1, 0, 0
16:53:54, 1359.30, 31.55, 32.60, 30.367, 1, 1, 2, 2, 6, 13, 29, 39, 39, 3, 0, 0, 0, 0, 0, 0, 2, 4, 10, 13, 14, 1, 0, 0
16:53:55, 1357.60, 31.55, 32.62, 30.359, 1, 1, 2, 2, 6, 15, 31, 42, 46, 4, 0, 0, 0, 0, 0, 0, 2, 5, 11, 14, 15, 1, 0, 0
16:53:55, 1355.50, 31.55, 32.64, 30.367, 1, 1, 2, 2, 6, 15, 33, 44, 47, 4, 0, 0, 0, 0, 0, 0, 2, 5, 11, 14, 15, 1, 0, 0
16:53:56, 1353.50, 31.55, 32.60, 30.367, 1, 1, 2, 2, 6, 15, 32, 43, 43, 4, 0, 0, 0, 0, 0, 0, 2, 5, 12, 15, 15, 1, 0, 0
16:53:57, 1352.70, 31.55, 32.62, 30.359, 1, 1, 2, 2, 6, 15, 32, 43, 41, 4, 0, 0, 0, 0, 0, 0, 2, 5, 12, 15, 16, 1, 0, 0
16:53:57, 1347.70, 31.55, 32.64, 30.375, 1, 1, 2, 2, 6, 15, 33, 44, 42, 4, 0, 0, 0, 0, 0, 0, 2, 5, 12, 16, 17, 1, 0, 0
16:53:58, 1341.20, 31.56, 32.60, 30.375, 1, 1, 2, 2, 8, 18, 38, 50, 54, 5, 0, 0, 0, 0, 0, 0, 3, 6, 15, 19, 20, 1, 0, 0
16:53:59, 1340.70, 31.55, 32.60, 30.367, 1, 1, 2, 3, 8, 19, 40, 53, 60, 5, 0, 0, 0, 0, 0, 0, 3, 7, 15, 19, 21, 1, 0, 0
16:53:59, 1335.30, 31.55, 32.62, 30.375, 2, 2, 2, 3, 8, 19, 40, 53, 58, 5, 0, 0, 0, 0, 0, 0, 3, 7, 16, 21, 22, 1, 0, 0
16:54:00, 1331.50, 31.55, 32.64, 30.375, 1, 1, 2, 3, 9, 21, 43, 57, 59, 5, 0, 0, 1, 0, 0, 0, 3, 8, 17, 22, 24, 1, 0, 0
16:54:01, 1326.70, 31.56, 32.62, 30.367, 2, 2, 2, 3, 9, 21, 44, 58, 57, 5, 0, 0, 1, 0, 0, 1, 4, 9, 19, 24, 25, 2, 0, 0
16:54:01, 1322.60, 31.55, 32.62, 30.367, 2, 2, 3, 4, 12, 26, 53, 70, 73, 6, 0, 0, 1, 0, 0, 1, 4, 9, 20, 26, 27, 2, 0, 0
16:54:02, 1317.10, 31.55, 32.60, 30.375, 2, 2, 3, 4, 14, 30, 61, 80, 91, 8, 0, 0, 1, 0, 0, 1, 5, 11, 22, 28, 31, 2, 0, 0
16:54:03, 1311.80, 31.55, 32.58, 30.375, 3, 3, 3, 5, 16, 34, 67, 89, 109, 10, 0, 0, 1, 0, 0, 1, 5, 12, 26, 32, 37, 3, 0, 0
16:54:03, 1306.20, 31.55, 32.66, 30.375, 3, 3, 4, 5, 18, 37, 72, 95, 118, 10, 0, 0, 1, 1, 0, 1, 6, 14, 29, 36, 41, 3, 0, 0
16:54:04, 1301.50, 31.55, 32.62, 30.359, 3, 3, 4, 6, 20, 42, 81, 107, 127, 11, 0, 0, 1, 1, 1, 1, 6, 14, 30, 37, 42, 3, 0, 0
16:54:05, 1294.30, 31.55, 32.60, 30.359, 3, 3, 4, 6, 20, 42, 81, 107, 127, 11, 0, 0, 1, 1, 1, 1, 7, 17, 34, 43, 48, 4, 0, 0
16:54:05, 1291.00, 31.55, 32.60, 30.359, 4, 4, 5, 7, 25, 53, 100, 131, 155, 13, 0, 0, 1, 1, 1, 2, 8, 18, 37, 45, 50, 4, 0, 0
16:54:06, 1287.50, 31.56, 32.66, 30.344, 4, 4, 5, 8, 27, 54, 102, 134, 153, 13, 0, 0, 2, 1, 1, 2, 8, 19, 38, 47, 52, 4, 0, 0
16:54:07, 1281.80, 31.55, 32.60, 30.336, 4, 4, 5, 8, 26, 55, 102, 133, 147, 13, 0, 0, 2, 1, 1, 2, 10, 22, 43, 53, 58, 5, 0, 0
16:54:07, 1281.20, 31.55, 32.62, 30.336, 6, 5, 7, 10, 32, 66, 123, 160, 191, 17, 0, 0, 2, 1, 1, 2, 10, 22, 44, 53, 58, 4, 0, 0
16:54:08, 1273.70, 31.55, 32.62, 30.336, 5, 5, 6, 9, 31, 63, 118, 153, 181, 16, 0, 0, 2, 2, 2, 3, 12, 26, 51, 62, 68, 6, 0, 0
16:54:09, 1268.60, 31.55, 32.60, 30.328, 6, 6, 7, 11, 38, 77, 140, 182, 231, 20, 0, 0, 2, 2, 2, 3, 13, 27, 53, 65, 74, 6, 0, 0
16:54:09, 1257.70, 31.55, 32.60, 30.328, 7, 6, 8, 12, 43, 86, 156, 202, 256, 22, 0, 0, 3, 2, 2, 3, 16, 34, 66, 80, 92, 8, 0, 0
16:54:10, 1251.20, 31.55, 32.60, 30.328, 9, 8, 10, 16, 56, 108, 193, 250, 344, 30, 0, 0, 3, 3, 3, 4, 19, 39, 74, 90, 108, 9, 0, 0
16:54:11, 1244.00, 31.55, 32.62, 30.328, 9, 9, 11, 17, 60, 116, 205, 265, 379, 33, 0, 0, 4, 3, 3, 5, 21, 45, 84, 101, 122, 10, 0, 0
16:54:11, 1236.40, 31.55, 32.64, 30.328, 11, 11, 13, 21, 75, 143, 252, 323, 447, 39, 0, 0, 4, 4, 4, 6, 25, 51, 95, 114, 137, 12, 0, 0
16:54:12, 1228.90, 31.54, 32.60, 30.336, 13, 13, 15, 26, 83, 157, 273, 351, 475, 41, 0, 0, 5, 4, 5, 7, 29, 60, 109, 130, 154, 13, 0, 0
16:54:13, 1225.50, 31.54, 32.64, 30.359, 15, 14, 17, 30, 98, 183, 315, 405, 561, 48, 0, 0, 6, 5, 5, 8, 32, 64, 116, 140, 171, 15, 0, 0
16:54:13, 1217.10, 31.55, 32.60, 30.359, 17, 16, 19, 33, 108, 201, 344, 441, 625, 54, 0, 0, 6, 5, 6, 9, 37, 74, 133, 159, 195, 17, 0, 0
16:54:14, 1206.90, 31.55, 32.60, 30.375, 19, 18, 22, 40, 135, 245, 414, 530, 757, 65, 0, 0, 7, 6, 7, 11, 44, 87, 153, 182, 220, 19, 0, 0
16:54:15, 1201.00, 31.55, 32.62, 30.430, 25, 24, 29, 54, 173, 309, 515, 657, 934, 79, 0, 0, 8, 7, 8, 13, 50, 97, 170, 201, 252, 22, 0, 0
16:54:15, 1195.40, 31.55, 32.64, 30.430, 28, 27, 33, 63, 193, 342, 570, 724, 1072, 92, 0, 0, 10, 8, 9, 15, 59, 112, 195, 230, 296, 26, 0, 0
16:54:16, 1190.00, 31.55, 32.66, 30.570, 32, 31, 38, 73, 224, 391, 647, 823, 1233, 106, 0, 0, 10, 9, 10, 17, 64, 121, 209, 246, 318, 28, 0, 0
16:54:17, 1183.80, 31.56, 32.62, 30.570, 36, 35, 44, 86, 264, 455, 746, 946, 1398, 119, 0, 0, 11, 10, 11, 18, 69, 130, 222, 261, 335, 30, 0, 0
16:54:17, 1181.60, 31.57, 32.60, 30.648, 41, 40, 50, 101, 300, 512, 832, 1052, 1531, 130, 0, 0, 12, 11, 12, 20, 75, 141, 239, 282, 371, 33, 0, 0
16:54:18, 1174.90, 31.57, 32.64, 30.664, 44, 43, 54, 110, 319, 541, 878, 1111, 1556, 131, 0, 0, 13, 11, 13, 22, 83, 154, 259, 304, 385, 35, 0, 0
16:54:19, 1169.10, 31.58, 32.60, 30.664, 52, 50, 64, 133, 385, 642, 1026, 1298, 1916, 163, 0, 0, 15, 14, 16, 27, 97, 178, 297, 348, 458, 41, 0, 0
16:54:19, 1164.80, 31.59, 32.58, 30.664, 59, 57, 75, 155, 438, 722, 1146, 1444, 2159, 184, 0, 0, 16, 14, 17, 30, 106, 194, 321, 375, 493, 44, 0, 0
16:54:20, 1159.00, 31.60, 32.64, 30.672, 67, 65, 86, 181, 504, 820, 1286, 1621, 2534, 217, 0, 0, 19, 16, 19, 35, 122, 220, 361, 422, 574, 52, 0, 0
16:54:21, 1151.30, 31.60, 32.60, 30.672, 79, 78, 104, 222, 600, 961, 1491, 1879, 3083, 268, 0, 0, 23, 20, 24, 45, 154, 272, 440, 513, 719, 65, 0, 0
16:54:21, 1144.00, 31.61, 32.60, 30.695, 94, 92, 128, 274, 726, 1143, 1758, 2207, 3671, 320, 0, 0, 26, 23, 28, 52, 180, 314, 501, 581, 827, 75, 0, 0
16:54:22, 1137.60, 31.61, 32.64, 30.859, 112, 110, 156, 338, 876, 1360, 2077, 2590, 4209, 362, 0, 0, 28, 25, 31, 58, 197, 339, 537, 621, 884, 80, 0, 0
16:54:23, 1130.00, 31.62, 32.64, 30.859, 132, 133, 193, 422, 1054, 1610, 2423, 3041, 5282, 461, 0, 0, 34, 30, 37, 73, 231, 392, 614, 708, 1023, 93, 0, 0
16:54:23, 1120.40, 31.62, 32.62, 30.992, 159, 161, 240, 528, 1312, 1968, 2935, 3660, 6465, 565, 0, 0, 40, 36, 46, 92, 291, 482, 743, 853, 1258, 114, 0, 0
16:54:24, 1113.90, 31.63, 32.62, 31.156, 207, 213, 333, 731, 1673, 2444, 3560, 4433, 8330, 749, 0, 0, 49, 44, 58, 118, 353, 575, 871, 999, 1512, 137, 0, 0
16:54:25, 1107.40, 31.63, 32.58, 31.156, 241, 252, 403, 883, 1984, 2865, 4137, 5132, 9532, 852, 0, 0, 54, 49, 65, 137, 405, 650, 975, 1113, 1692, 153, 0, 0
16:54:25, 1102.00, 31.65, 32.64, 31.297, 281, 297, 486, 1053, 2282, 3274, 4703, 5855, 11122, 1010, 0, 0, 59, 54, 73, 153, 451, 715, 1067, 1215, 1850, 168, 0, 0
16:54:26, 1094.70, 31.66, 32.60, 31.453, 330, 363, 607, 1301, 2615, 3651, 5116, 6351, 12899, 1221, 0, 0, 72, 65, 92, 196, 552, 857, 1263, 1433, 2236, 203, 0, 0
16:54:27, 1085.10, 31.67, 32.60, 31.453, 373, 416, 722, 1526, 3015, 4146, 5755, 7134, 14632, 1401, 0, 0, 80, 73, 106, 228, 658, 1000, 1455, 1642, 2576, 235, 0, 0
16:54:27, 1077.80, 31.69, 32.62, 31.547, 471, 564, 1007, 2047, 4346, 5840, 7844, 9885, 21507, 2158, 0, 0, 97, 91, 138, 298, 782, 1162, 1666, 1876, 3029, 277, 0, 0
16:54:28, 1070.60, 31.70, 32.60, 31.492, 633, 785, 1441, 2870, 5560, 7356, 9905, 12344, 27434, 2726, 0, 0, 109, 103, 160, 347, 899, 1314, 1865, 2095, 3411, 315, 0, 0
16:54:29, 1063.80, 31.72, 32.64, 31.492, 802, 1056, 1955, 3733, 6377, 8337, 10605, 13631, 32237, 3556, 0, 0, 132, 127, 207, 445, 1087, 1552, 2173, 2433, 4098, 383, 0, 0
16:54:29, 1054.90, 31.73, 32.60, 31.453, 988, 1394, 2561, 4684, 7898, 10146, 12469, 16528, 36000, 5190, 1, 1, 164, 164, 278, 590, 1394, 1935, 2664, 2971, 5231, 498, 0, 0
16:54:30, 1048.40, 31.74, 32.60, 31.445, 1408, 2250, 3934, 6811, 9927, 12628, 14498, 20149, 36000, 8164, 1, 1, 200, 210, 371, 768, 1689, 2289, 3105, 3453, 6311, 613, 0, 0
16:54:30, 1041.40, 31.75, 32.60, 31.445, 1693, 2801, 5010, 8211, 11500, 14243, 16087, 22250, 36000, 8921, 1, 1, 225, 243, 439, 894, 1951, 2589, 3476, 3855, 7183, 713, 0, 0
16:54:31, 1034.60, 31.76, 32.60, 31.570, 2256, 3864, 6688, 10105, 16378, 20461, 21581, 29100, 36000, 13533, 1, 1, 252, 288, 534, 1052, 2103, 2732, 3633, 4020, 7681, 782, 0, 0
16:54:32, 1029.10, 31.77, 32.66, 31.664, 3706, 6087, 10128, 16163, 18028, 23763, 23585, 33853, 36000, 18322, 1, 1, 284, 341, 639, 1220, 2319, 2957, 3888, 4301, 8349, 879, 0, 0
16:54:32, 1023.00, 31.78, 32.64, 31.664, 5268, 8606, 13359, 20798, 21370, 27410, 26170, 35367, 36000, 27661, 1, 1, 303, 380, 712, 1316, 2427, 3052, 3974, 4413, 8511, 934, 0, 0
16:54:33, 1021.50, 31.79, 32.60, 31.781, 7614, 11637, 21664, 23724, 29894, 34590, 35711, 36000, 36000, 36000, 1, 1, 299, 389, 722, 1300, 2365, 2955, 3833, 4263, 8322, 936, 0, 0
16:54:34, 1018.80, 31.81, 32.64, 31.781, 7657, 13373, 20226, 28086, 35804, 35499, 36000, 36000, 36000, 36000, 1, 1, 332, 440, 812, 1443, 2593, 3220, 4142, 4618, 8831, 1023, 0, 0
16:54:34, 1020.30, 31.82, 32.66, 31.844, 4272, 7664, 10426, 11712, 29335, 28368, 30762, 34147, 36000, 32935, 1, 1, 327, 425, 787, 1426, 2529, 3177, 4104, 4572, 8292, 935, 0, 0
16:54:35, 1020.00, 31.84, 32.68, 31.891, 7482, 12745, 21906, 22990, 30956, 29377, 35220, 36000, 36000, 35945, 1, 1, 361, 475, 879, 1574, 2738, 3423, 4411, 4908, 9139, 1043, 0, 0
16:54:36, 1021.70, 31.86, 32.62, 31.891, 6391, 12168, 19452, 22323, 22290, 24417, 31525, 35982, 36000, 35120, 1, 1, 385, 511, 947, 1681, 2783, 3464, 4471, 4962, 9727, 1113, 0, 0
16:54:36, 1023.40, 31.88, 32.60, 31.906, 6346, 12452, 17471, 21045, 20741, 24704, 22311, 32931, 36000, 31812, 1, 1, 343, 442, 825, 1497, 2556, 3212, 4164, 4628, 8880, 990, 0, 0
16:54:37, 1015.40, 31.90, 32.64, 31.914, 5836, 9709, 15580, 17184, 33888, 30166, 35487, 36000, 36000, 35773, 1, 1, 321, 415, 770, 1401, 2486, 3098, 3996, 4454, 8480, 971, 0, 0
16:54:38, 1013.20, 31.89, 32.64, 31.914, 13500, 16413, 28292, 30171, 32685, 36000, 33116, 36000, 36000, 36000, 1, 1, 5010, 7266, 10747, 14166, 13131, 15010, 17912, 19415, 36000, 18162, 1, 1
16:54:38, 1013.30, 31.91, 32.66, 31.914, 9120, 14592, 19280, 19551, 24718, 35516, 28023, 36000, 36000, 36000, 1, 1, 5602, 8008, 11693, 14261, 13840, 16008, 18379, 21922, 36000, 17914, 1, 1
16:54:39, 1013.30, 31.93, 32.64, 31.781, 8033, 14262, 20055, 24798, 28170, 28783, 29575, 33059, 36000, 35391, 1, 1, 3661, 5567, 8500, 10207, 18794, 18930, 25363, 26485, 36000, 33872, 1, 1
16:54:40, 1013.60, 31.94, 32.68, 31.781, 12199, 15794, 22824, 34381, 35037, 36000, 35647, 36000, 36000, 36000, 1, 1, 4378, 7718, 10312, 13775, 16580, 18742, 22535, 25788, 36000, 17832, 1, 1
16:54:40, 1013.30, 31.95, 32.68, 31.492, 6406, 6028, 11599, 8179, 35689, 36000, 36000, 36000, 36000, 36000, 1, 1, 3277, 5291, 7502, 9420, 11223, 11884, 15038, 16123, 36000, 17731, 1, 1
16:54:41, 1013.20, 31.93, 32.64, 31.180, 9048, 20077, 28826, 34484, 36000, 35999, 36000, 36000, 36000, 36000, 1, 1, 4542, 6821, 10104, 11921, 14285, 15840, 19265, 21888, 36000, 21149, 1, 1
16:54:42, 1013.40, 31.92, 32.68, 31.180, 10868, 20274, 29830, 34515, 35145, 36000, 36000, 36000, 36000, 36000, 1, 1, 3981, 6503, 8963, 12034, 14097, 15988, 18455, 20604, 36000, 18350, 1, 1
16:54:42, 1013.20, 31.89, 32.68, 30.898, 10805, 19820, 31995, 33335, 35291, 34562, 36000, 36000, 36000, 21185, 1, 1, 4157, 7276, 9681, 12816, 15423, 16509, 20861, 22987, 36000, 24963, 1, 1
16:54:43, 1013.30, 31.89, 32.68, 30.602, 7556, 5126, 10717, 10332, 27274, 26654, 29599, 33163, 34613, 11212, 0, 1, 4225, 7490, 9951, 12897, 12809, 13999, 17924, 19822, 36000, 17100, 1, 1
16:54:44, 1014.00, 31.87, 32.66, 30.602, 9910, 19993, 28944, 27525, 36000, 29048, 35829, 36000, 36000, 28896, 1, 1, 3816, 6762, 8925, 11966, 13375, 15287, 18496, 21639, 36000, 16077, 1, 1
16:54:44, 1013.40, 31.85, 32.72, 30.297, 11335, 23844, 31400, 35987, 35981, 35998, 36000, 36000, 36000, 36000, 1, 1, 3588, 6437, 8523, 11359, 15151, 16982, 21695, 24848, 36000, 22163, 1, 1
