Secchi Depth (cm) = 9999
Forel Ule Scale = 99
pH Colour Scale = 99
SensingSecchi S/N = A017
Latitude (degs N) = 34.14028
Longitude (degs E) = -77.86233
Date = 2026-06-30
Time (UTC), Pressure (mbar) MS5803, Temp (deg C) MS5803, Temp (deg C) 10KTHERM, Temp (deg C) TMP117, ED 415nm, ED 445nm, ED 480nm, ED 515nm, ED 555nm, ED 590nm, ED 630nm, ED 680nm, ED Clear, ED NIR, ED D-SAT, ED A-SAT, EU 415nm, EU 445nm, EU 480nm, EU 515nm, EU 555nm, EU 590nm, EU 630nm, EU 680nm, EU Clear, EU NIR, EU D-SAT, EU A-SAT
18:51:24, 1013.00, 27.28, 26.55, 29.820, 876, 1327, 1889, 2141, 2618, 2563, 2938, 2982, 16514, 5303, 0, 0, 16008, 27110, 35532, 36000, 36000, 36000, 36000, 36000, 36000, 36000, 1, 1
18:51:24, 1013.00, 27.29, 26.57, 29.852, 1966, 2756, 4162, 4420, 6665, 6287, 7838, 7618, 36000, 28822, 1, 1, 10793, 18619, 24373, 29172, 32651, 34212, 36000, 36000, 36000, 36000, 1, 1
18:51:25, 1013.20, 27.30, 26.60, 29.852, 6127, 7759, 12828, 12377, 17307, 16515, 17245, 21595, 36000, 36000, 1, 1, 6857, 9895, 13324, 16979, 22012, 25223, 33470, 36000, 36000, 36000, 1, 1
18:51:26, 1013.00, 27.30, 26.58, 29.867, 5108, 6896, 9766, 11662, 9298, 12192, 11869, 15060, 25644, 10113, 0, 0, 6965, 10623, 15074, 19043, 13252, 13361, 15838, 15985, 36000, 31467, 1, 1
18:51:26, 1013.10, 27.31, 26.58, 29.883, 10510, 17118, 24343, 27640, 13309, 15518, 14513, 20894, 19493, 7315, 0, 0, 3564, 5396, 8221, 9958, 15357, 17311, 18896, 22175, 24274, 6855, 0, 0
18:51:27, 1013.20, 27.32, 26.58, 29.883, 8986, 15579, 20539, 26192, 23237, 24943, 29386, 32437, 26526, 9727, 0, 1, 3790, 7398, 10335, 15046, 23787, 28252, 26739, 30588, 30609, 7146, 0, 0
18:51:28, 1017.00, 27.32, 26.55, 29.898, 8635, 14997, 20308, 23598, 27767, 30612, 34094, 36000, 36000, 18037, 1, 1, 850, 1391, 2762, 4482, 6244, 6376, 6977, 6443, 14876, 1306, 0, 0
18:51:28, 1020.30, 27.33, 26.55, 29.852, 10142, 16525, 25688, 26432, 26195, 30899, 32422, 34008, 34317, 16403, 0, 1, 820, 1338, 2681, 4376, 6400, 6564, 7182, 6661, 15930, 1403, 0, 0
18:51:29, 1019.30, 27.34, 26.55, 29.852, 8791, 17885, 33241, 25345, 35380, 32178, 35347, 36000, 36000, 26418, 1, 1, 877, 1431, 2844, 4605, 6793, 6976, 7624, 7119, 18291, 1658, 0, 0
18:51:30, 1020.10, 27.34, 26.55, 29.797, 10764, 22152, 27452, 21683, 35935, 28549, 28616, 35927, 36000, 22049, 1, 1, 921, 1500, 2966, 4774, 6836, 7031, 7673, 7176, 18568, 1687, 0, 0
18:51:30, 1020.40, 27.35, 26.55, 29.773, 7562, 20117, 26583, 22360, 35889, 28632, 29253, 35869, 36000, 19609, 1, 1, 871, 1417, 2817, 4556, 6812, 7013, 7644, 7171, 19168, 1724, 0, 0
18:51:31, 1020.20, 27.36, 26.58, 29.773, 7292, 18775, 32508, 28609, 35929, 33195, 36000, 36000, 36000, 30670, 1, 1, 819, 1329, 2640, 4273, 6644, 6846, 7456, 7008, 18978, 1704, 0, 0
18:51:32, 1022.60, 27.37, 26.55, 29.758, 6776, 19127, 26490, 24097, 35745, 27122, 29194, 35906, 36000, 19715, 1, 1, 825, 1341, 2678, 4353, 6500, 6713, 7312, 6874, 18292, 1614, 0, 0
18:51:32, 1023.40, 27.37, 26.57, 29.750, 6982, 17739, 31160, 27472, 36000, 29896, 35781, 36000, 36000, 26986, 1, 1, 873, 1422, 2835, 4593, 6892, 7102, 7736, 7245, 19140, 1681, 0, 0
18:51:33, 1022.60, 27.38, 26.53, 29.750, 6749, 18564, 24742, 23394, 36000, 31207, 36000, 36000, 36000, 32900, 1, 1, 885, 1443, 2873, 4657, 6915, 7121, 7760, 7261, 19067, 1671, 0, 0
18:51:34, 1023.10, 27.38, 26.57, 29.742, 6041, 19247, 22493, 18897, 32660, 26000, 36000, 36000, 36000, 35697, 1, 1, 894, 1460, 2902, 4699, 6650, 6860, 7473, 7001, 18434, 1618, 0, 0
18:51:34, 1023.90, 27.39, 26.57, 29.750, 6343, 19706, 20781, 20740, 31323, 25783, 35833, 36000, 36000, 32871, 1, 1, 862, 1405, 2810, 4571, 6501, 6718, 7325, 6874, 18172, 1584, 0, 0
18:51:35, 1024.50, 27.40, 26.60, 29.750, 6729, 21360, 17465, 22747, 35051, 28932, 34999, 36000, 36000, 34822, 1, 1, 852, 1386, 2768, 4495, 6383, 6600, 7192, 6755, 17984, 1564, 0, 0
18:51:36, 1024.30, 27.41, 26.57, 29.742, 6528, 18968, 15389, 25806, 35436, 26954, 33619, 36000, 36000, 31753, 1, 1, 841, 1366, 2731, 4447, 6453, 6670, 7275, 6824, 18404, 1596, 0, 0
18:51:36, 1023.90, 27.41, 26.51, 29.750, 6524, 19763, 17385, 22734, 34345, 27079, 32921, 36000, 36000, 32913, 1, 1, 871, 1418, 2824, 4587, 6541, 6765, 7366, 6906, 18739, 1622, 0, 0
18:51:37, 1024.30, 27.42, 26.53, 29.750, 6461, 19859, 15676, 21146, 33829, 24215, 27595, 35984, 36000, 34047, 1, 1, 900, 1466, 2918, 4738, 6796, 7025, 7661, 7168, 19541, 1673, 0, 0
18:51:38, 1022.20, 27.42, 26.57, 29.742, 6677, 19580, 14090, 27002, 36000, 25819, 31596, 32834, 36000, 35509, 1, 1, 915, 1493, 2961, 4800, 7003, 7228, 7886, 7374, 20270, 1743, 0, 0
18:51:38, 1022.50, 27.43, 26.57, 29.742, 6862, 11531, 17631, 28819, 32127, 32697, 35917, 36000, 36000, 36000, 1, 1, 867, 1410, 2812, 4578, 6756, 6978, 7608, 7105, 19220, 1629, 0, 0
18:51:39, 1022.10, 27.44, 26.53, 29.742, 7972, 14502, 20698, 36000, 28915, 35993, 36000, 36000, 36000, 36000, 1, 1, 868, 1421, 2819, 4574, 6849, 7062, 7724, 7210, 19474, 1655, 0, 0
18:51:40, 1022.50, 27.44, 26.53, 29.742, 7265, 12830, 16142, 34222, 25209, 35074, 36000, 36000, 36000, 35591, 1, 1, 905, 1488, 2932, 4729, 6960, 7166, 7856, 7352, 20100, 1736, 0, 0
18:51:40, 1022.70, 27.45, 26.55, 29.750, 7340, 12494, 15882, 27815, 22421, 32429, 36000, 36000, 36000, 34828, 1, 1, 905, 1487, 2935, 4740, 6913, 7120, 7816, 7314, 20008, 1722, 0, 0
18:51:41, 1022.60, 27.45, 26.53, 29.750, 6610, 10964, 14567, 22885, 20783, 29880, 36000, 36000, 36000, 36000, 1, 1, 895, 1472, 2898, 4675, 6624, 6832, 7495, 7016, 19218, 1654, 0, 0
18:51:42, 1023.00, 27.46, 26.53, 29.742, 7139, 12138, 15949, 25983, 22172, 31802, 36000, 36000, 36000, 33630, 1, 1, 869, 1428, 2831, 4593, 6657, 6870, 7544, 7044, 19267, 1638, 0, 0
18:51:42, 1019.80, 27.47, 26.57, 29.750, 7501, 14691, 18486, 28646, 24701, 35907, 36000, 36000, 36000, 36000, 1, 1, 927, 1529, 2995, 4809, 6907, 7105, 7785, 7271, 20110, 1747, 0, 0
18:51:43, 1019.50, 27.47, 26.55, 29.750, 8346, 15036, 18657, 30834, 21988, 32396, 36000, 36000, 36000, 36000, 1, 1, 931, 1531, 3003, 4826, 7055, 7254, 7947, 7419, 20534, 1783, 0, 0
18:51:44, 1018.80, 27.48, 26.55, 29.742, 8226, 15560, 18508, 27760, 27338, 35992, 32865, 36000, 36000, 36000, 1, 1, 946, 1559, 3043, 4878, 7067, 7257, 7947, 7428, 20692, 1820, 0, 0
18:51:44, 1018.60, 27.49, 26.57, 29.742, 8246, 13666, 17328, 27008, 21873, 31186, 35420, 36000, 36000, 36000, 1, 1, 972, 1604, 3117, 4973, 7215, 7406, 8123, 7603, 21208, 1867, 0, 0
18:51:45, 1020.20, 27.49, 26.53, 29.742, 8073, 15864, 19395, 26089, 22305, 28771, 33680, 36000, 36000, 36000, 1, 1, 957, 1582, 3081, 4922, 7035, 7235, 7945, 7435, 20457, 1778, 0, 0
18:51:46, 1020.40, 27.50, 26.57, 29.734, 8130, 16654, 19138, 22425, 28087, 36000, 25544, 36000, 36000, 36000, 1, 1, 927, 1530, 2985, 4780, 6945, 7142, 7851, 7354, 20247, 1768, 0, 0
18:51:46, 1021.10, 27.51, 26.57, 29.742, 7145, 14880, 17449, 19994, 28626, 33529, 25332, 36000, 36000, 36000, 1, 1, 901, 1485, 2912, 4688, 6771, 6970, 7674, 7182, 19796, 1719, 0, 0
18:51:47, 1022.00, 27.51, 26.58, 29.742, 7492, 14916, 18887, 22804, 28159, 35160, 24825, 36000, 36000, 36000, 1, 1, 867, 1427, 2810, 4544, 6628, 6832, 7528, 7060, 19425, 1692, 0, 0
18:51:48, 1021.30, 27.51, 26.58, 29.734, 7160, 14340, 17826, 24784, 25998, 35203, 26327, 36000, 36000, 35913, 1, 1, 889, 1467, 2883, 4652, 6616, 6815, 7494, 7010, 19290, 1666, 0, 0
18:51:48, 1020.80, 27.52, 26.57, 29.742, 7442, 13794, 17222, 35887, 23634, 35187, 36000, 36000, 36000, 35954, 1, 1, 920, 1511, 2969, 4786, 7020, 7235, 7913, 7396, 20288, 1748, 0, 0
18:51:49, 1020.10, 27.53, 26.58, 29.742, 7711, 13871, 17057, 35537, 20378, 30471, 36000, 36000, 36000, 36000, 1, 1, 980, 1611, 3160, 5087, 7283, 7492, 8170, 7626, 20952, 1806, 0, 0
18:51:50, 1019.90, 27.54, 26.60, 29.734, 8112, 14394, 17120, 34746, 19408, 29650, 36000, 36000, 36000, 36000, 1, 1, 1012, 1664, 3251, 5203, 7305, 7506, 8171, 7631, 20939, 1819, 0, 0
18:51:50, 1019.10, 27.54, 26.55, 29.742, 7751, 13675, 16695, 34294, 18641, 28549, 36000, 35994, 36000, 36000, 1, 1, 985, 1615, 3161, 5077, 7411, 7623, 8308, 7774, 21520, 1877, 0, 0
18:51:51, 1020.40, 27.55, 26.57, 29.742, 7666, 15149, 18124, 35686, 33190, 32633, 36000, 36000, 36000, 36000, 1, 1, 906, 1487, 2912, 4675, 6963, 7179, 7859, 7384, 20461, 1783, 0, 0
18:51:51, 1021.20, 27.55, 26.57, 29.734, 8063, 14329, 19901, 36000, 27569, 34016, 36000, 36000, 36000, 35597, 1, 1, 831, 1367, 2677, 4302, 6326, 6521, 7160, 6717, 18985, 1660, 0, 0
18:51:52, 1021.80, 27.56, 26.58, 29.742, 7638, 14967, 19918, 36000, 29565, 36000, 36000, 36000, 36000, 35959, 1, 1, 812, 1332, 2621, 4234, 6500, 6692, 7330, 6858, 19194, 1671, 0, 0
18:51:53, 1022.30, 27.57, 26.57, 29.742, 6780, 12222, 15268, 30977, 23853, 32989, 36000, 36000, 36000, 34350, 1, 1, 888, 1455, 2879, 4663, 6958, 7169, 7812, 7298, 19974, 1716, 0, 0
18:51:53, 1021.50, 27.57, 26.58, 29.734, 6780, 11284, 14865, 23232, 21903, 24620, 36000, 34693, 36000, 36000, 1, 1, 955, 1560, 3084, 4985, 7266, 7486, 8148, 7614, 20754, 1791, 0, 0
18:51:54, 1022.70, 27.58, 26.58, 29.734, 6632, 12486, 15256, 20782, 28971, 26023, 36000, 35354, 36000, 36000, 1, 1, 919, 1498, 2965, 4795, 6784, 7001, 7641, 7164, 19431, 1694, 0, 0
18:51:55, 1022.90, 27.58, 26.60, 29.734, 7019, 16492, 14211, 24855, 31001, 28094, 36000, 36000, 36000, 36000, 1, 1, 897, 1464, 2887, 4659, 6485, 6710, 7323, 6885, 18989, 1651, 0, 0
18:51:55, 1030.10, 27.59, 26.64, 29.734, 7020, 19662, 16627, 28919, 33295, 28631, 32863, 36000, 36000, 24554, 1, 1, 761, 1239, 2491, 4096, 5973, 6216, 6798, 6373, 17317, 1454, 0, 0
18:51:56, 1034.60, 27.59, 26.57, 29.742, 5255, 11766, 13944, 26660, 24889, 23831, 33773, 34588, 36000, 17742, 1, 1, 723, 1165, 2396, 4017, 6031, 6300, 6911, 6463, 17039, 1395, 0, 0
18:51:57, 1037.20, 27.60, 26.60, 29.742, 4475, 9172, 12152, 21846, 19562, 20102, 33939, 30023, 36000, 16824, 1, 1, 726, 1161, 2396, 4032, 6063, 6355, 6992, 6557, 17079, 1399, 0, 0
18:51:57, 1043.20, 27.60, 26.58, 29.734, 4099, 8589, 10752, 17077, 19797, 20073, 31428, 29742, 36000, 13528, 1, 1, 649, 1024, 2146, 3669, 5449, 5770, 6398, 6024, 15238, 1241, 0, 0
18:51:58, 1050.60, 27.61, 26.60, 29.734, 3373, 7010, 9649, 16824, 17096, 17940, 26506, 26003, 36000, 9443, 1, 1, 552, 852, 1819, 3179, 4904, 5240, 5842, 5518, 13828, 1125, 0, 0
18:51:59, 1057.70, 27.62, 26.62, 29.734, 2484, 5013, 7586, 12927, 14402, 15540, 22093, 21335, 36000, 6699, 1, 1, 493, 745, 1615, 2882, 4503, 4862, 5460, 5171, 12543, 1017, 0, 0
18:51:59, 1062.00, 27.62, 26.62, 29.734, 2162, 4232, 6871, 11861, 12416, 14160, 19857, 18549, 36000, 5413, 1, 1, 455, 672, 1468, 2664, 4242, 4630, 5245, 5006, 11841, 968, 0, 0
18:52:00, 1066.90, 27.63, 26.64, 29.734, 1776, 3434, 5687, 9566, 10961, 11692, 15980, 15704, 36000, 4573, 1, 1, 423, 611, 1334, 2432, 3898, 4305, 4924, 4760, 11063, 921, 0, 0
18:52:01, 1072.30, 27.63, 26.60, 29.734, 1363, 2605, 4439, 7250, 9923, 10645, 14021, 14179, 36000, 3833, 1, 1, 367, 516, 1132, 2099, 3382, 3775, 4334, 4208, 9585, 804, 0, 0
18:52:01, 1076.50, 27.64, 26.64, 29.750, 1170, 2175, 3885, 6417, 7696, 8587, 11284, 11119, 36000, 2979, 1, 1, 329, 451, 991, 1862, 3098, 3499, 4033, 3955, 8899, 750, 0, 0
18:52:02, 1082.30, 27.64, 26.58, 29.750, 984, 1791, 3293, 5408, 6841, 7693, 9696, 10064, 35986, 2693, 0, 1, 306, 411, 896, 1693, 2712, 3111, 3639, 3611, 8176, 712, 0, 0
18:52:03, 1086.40, 27.65, 26.60, 29.766, 761, 1380, 2625, 4337, 6141, 6971, 8611, 8996, 29047, 2061, 0, 0, 236, 306, 654, 1255, 2208, 2579, 3039, 3038, 7242, 651, 0, 0
18:52:03, 1090.20, 27.65, 26.60, 29.789, 715, 1295, 2495, 4144, 6149, 7018, 8555, 9008, 27918, 1948, 0, 0, 225, 291, 629, 1219, 1988, 2313, 2723, 2705, 6298, 562, 0, 0
18:52:04, 1094.00, 27.66, 26.60, 29.789, 579, 1023, 2017, 3316, 4886, 5433, 6566, 7023, 22046, 1617, 0, 0, 123, 153, 325, 624, 731, 852, 1031, 1029, 2969, 310, 0, 0
18:52:05, 1090.70, 27.66, 26.60, 29.805, 659, 1173, 2375, 3911, 5845, 6578, 7867, 8335, 15389, 1048, 0, 0, 8, 9, 21, 42, 63, 73, 91, 87, 132, 11, 0, 0
18:52:05, 1091.00, 27.67, 26.62, 29.812, 645, 1118, 2234, 3707, 5819, 6380, 7884, 8405, 14845, 997, 0, 0, 6, 8, 18, 37, 64, 73, 92, 86, 125, 10, 0, 0
18:52:06, 1091.60, 27.67, 26.64, 29.812, 618, 1065, 2148, 3599, 5288, 5841, 7204, 7502, 13229, 884, 0, 0, 7, 8, 20, 40, 73, 84, 104, 99, 146, 11, 0, 0
18:52:07, 1091.00, 27.68, 26.60, 29.820, 582, 1002, 2020, 3387, 5551, 6125, 7588, 7940, 13794, 922, 0, 0, 7, 9, 21, 43, 79, 90, 111, 106, 156, 12, 0, 0
18:52:07, 1093.10, 27.68, 26.62, 29.820, 644, 1113, 2234, 3723, 5736, 6314, 7827, 8213, 14269, 954, 0, 0, 7, 9, 21, 42, 77, 88, 110, 104, 151, 12, 0, 0
18:52:08, 1093.50, 27.69, 26.62, 29.820, 612, 1048, 2132, 3608, 5462, 6055, 7512, 7821, 13499, 898, 0, 0, 7, 9, 20, 42, 78, 89, 111, 104, 159, 12, 0, 0
18:52:09, 1089.60, 27.69, 26.62, 29.828, 624, 1074, 2171, 3657, 5637, 6201, 7638, 8047, 13956, 929, 0, 0, 7, 9, 22, 43, 74, 84, 106, 99, 145, 12, 0, 0
18:52:09, 1089.90, 27.70, 26.64, 29.828, 674, 1182, 2336, 3831, 6051, 6568, 8026, 8816, 15965, 1086, 0, 0, 6, 8, 18, 36, 84, 98, 122, 114, 198, 19, 0, 0
18:52:10, 1089.20, 27.70, 26.64, 29.828, 588, 1067, 2100, 3467, 4833, 5320, 6455, 6909, 22077, 1662, 0, 0, 168, 209, 449, 867, 1898, 2210, 2604, 2638, 6324, 588, 0, 0
18:52:11, 1079.90, 27.71, 26.62, 29.828, 807, 1492, 2831, 4603, 6619, 7474, 8808, 9705, 30254, 2190, 0, 0, 302, 402, 880, 1663, 2955, 3352, 3901, 3850, 9185, 801, 0, 0
18:52:11, 1079.30, 27.71, 26.64, 29.836, 985, 1823, 3369, 5585, 7842, 9008, 11098, 11658, 36000, 2744, 1, 1, 307, 408, 889, 1663, 2827, 3197, 3748, 3693, 8784, 785, 0, 0
18:52:12, 1070.60, 27.72, 26.62, 29.836, 998, 1857, 3417, 5603, 8830, 10171, 12783, 12984, 36000, 3036, 1, 1, 348, 485, 1063, 1978, 3435, 3822, 4405, 4263, 9991, 846, 0, 0
18:52:13, 1064.20, 27.73, 26.64, 29.828, 1597, 3047, 5355, 9136, 10760, 12584, 16282, 15716, 36000, 3856, 1, 1, 406, 587, 1283, 2339, 3896, 4273, 4874, 4680, 11143, 926, 0, 0
18:52:13, 1061.10, 27.73, 26.62, 29.836, 1897, 3649, 6233, 10804, 12071, 13896, 19351, 18386, 36000, 4827, 1, 1, 434, 640, 1396, 2531, 4090, 4452, 5036, 4792, 11554, 947, 0, 0
18:52:14, 1055.80, 27.74, 26.66, 29.836, 1982, 3834, 6414, 10955, 14719, 16508, 23889, 22674, 36000, 6499, 1, 1, 496, 750, 1631, 2923, 4735, 5098, 5699, 5377, 13092, 1052, 0, 0
18:52:15, 1045.20, 27.74, 26.64, 29.812, 2789, 5610, 8457, 13952, 14564, 15702, 23965, 21760, 36000, 8138, 1, 1, 584, 900, 1918, 3354, 5459, 5821, 6481, 6140, 15308, 1245, 0, 0
18:52:15, 1035.40, 27.75, 26.64, 29.797, 3740, 7877, 9689, 14297, 25994, 18841, 21487, 27673, 36000, 16097, 1, 1, 709, 1134, 2336, 3923, 5852, 6132, 6741, 6345, 16729, 1395, 0, 0
18:52:16, 1029.40, 27.75, 26.64, 29.797, 4938, 11815, 13712, 21338, 33392, 31461, 35075, 36000, 36000, 17824, 1, 1, 731, 1179, 2413, 4018, 6118, 6356, 6932, 6485, 17441, 1476, 0, 0
18:52:17, 1024.10, 27.76, 26.64, 29.773, 7176, 16111, 19683, 33479, 35872, 35690, 36000, 36000, 36000, 28823, 1, 1, 828, 1341, 2686, 4379, 6485, 6708, 7318, 6884, 18674, 1640, 0, 0
18:52:17, 1020.00, 27.76, 26.64, 29.758, 8341, 20688, 23567, 25479, 35934, 36000, 35988, 36000, 36000, 32023, 1, 1, 843, 1373, 2712, 4370, 6287, 6478, 7027, 6614, 18299, 1636, 0, 0
18:52:18, 1018.60, 27.77, 26.67, 29.758, 8442, 21186, 27651, 25947, 31368, 23166, 34348, 36000, 36000, 35114, 1, 1, 924, 1506, 2979, 4792, 6734, 6926, 7505, 7030, 19047, 1706, 0, 0
18:52:19, 1018.70, 27.77, 26.69, 29.734, 8718, 27613, 23879, 27426, 36000, 29622, 36000, 36000, 36000, 36000, 1, 1, 958, 1563, 3072, 4915, 7182, 7355, 7968, 7451, 20156, 1826, 0, 0
18:52:19, 1017.80, 27.78, 26.69, 29.742, 5104, 15919, 19232, 16531, 34057, 27279, 35629, 36000, 36000, 36000, 1, 1, 991, 1612, 3179, 5103, 7617, 7802, 8454, 7899, 21391, 1934, 0, 0
18:52:20, 1016.70, 27.78, 26.67, 29.742, 7691, 25084, 30834, 25278, 36000, 33281, 35965, 36000, 36000, 36000, 1, 1, 952, 1549, 3036, 4851, 6896, 7080, 7693, 7228, 19345, 1774, 0, 0
18:52:21, 1014.00, 27.79, 26.69, 29.734, 9628, 21063, 36000, 34704, 36000, 35526, 36000, 36000, 36000, 36000, 1, 1, 906, 1480, 2907, 4644, 6573, 6710, 7256, 6773, 18395, 1685, 0, 0
18:52:21, 1013.80, 27.79, 26.71, 29.734, 9057, 23204, 35690, 28869, 36000, 33128, 35700, 36000, 36000, 36000, 1, 1, 6905, 14722, 19029, 22755, 20655, 20630, 23348, 23858, 36000, 10379, 1, 1
18:52:22, 1013.90, 27.79, 26.71, 29.734, 4610, 8703, 9869, 22576, 33041, 35003, 29489, 35940, 36000, 15092, 1, 1, 4536, 7568, 11505, 15355, 17701, 18885, 20200, 22440, 36000, 8569, 1, 1
18:52:23, 1013.70, 27.79, 26.67, 29.617, 12641, 20569, 30457, 35387, 36000, 36000, 36000, 36000, 36000, 36000, 1, 1, 3436, 4856, 7331, 9826, 13077, 13109, 16282, 16149, 36000, 12859, 1, 1
