Secchi Depth (cm) = 9999
Forel Ule Scale = 99
pH Colour Scale = 99
SensingSecchi S/N = A017
Latitude (degs N) = 34.13997
Longitude (degs E) = -77.86252
Date = 2026-06-30
Time (UTC), Pressure (mbar) MS5803, Temp (deg C) MS5803, Temp (deg C) 10KTHERM, Temp (deg C) TMP117, ED 415nm, ED 445nm, ED 480nm, ED 515nm, ED 555nm, ED 590nm, ED 630nm, ED 680nm, ED Clear, ED NIR, ED D-SAT, ED A-SAT, EU 415nm, EU 445nm, EU 480nm, EU 515nm, EU 555nm, EU 590nm, EU 630nm, EU 680nm, EU Clear, EU NIR, EU D-SAT, EU A-SAT
18:57:48, 1012.20, 27.73, 28.92, 27.195, 1086, 1526, 2121, 2384, 2441, 2567, 2747, 2699, 14954, 4119, 0, 0, 8211, 12311, 16660, 20855, 23702, 26421, 35461, 36000, 36000, 36000, 1, 1
18:57:48, 1012.50, 27.74, 28.98, 27.195, 1195, 2111, 2764, 3114, 3788, 3184, 3983, 4443, 20118, 6507, 0, 0, 7747, 11714, 15731, 19310, 25045, 28084, 35583, 36000, 36000, 36000, 1, 1
18:57:49, 1012.30, 27.74, 28.91, 27.172, 7103, 7277, 12957, 11059, 27285, 35049, 36000, 36000, 36000, 36000, 1, 1, 9571, 13460, 19416, 25927, 22830, 22677, 29388, 27390, 36000, 36000, 1, 1
18:57:50, 1012.30, 27.74, 28.94, 27.148, 8502, 15230, 20716, 26512, 8618, 13121, 7963, 14776, 13798, 4552, 0, 0, 1543, 2592, 4227, 6301, 8254, 8182, 8789, 8238, 19042, 2251, 0, 0
18:57:50, 1015.70, 27.74, 28.96, 27.148, 4034, 7856, 10324, 18920, 30006, 33108, 33436, 32883, 31081, 9052, 0, 1, 762, 1248, 2470, 3989, 6475, 6472, 6883, 6244, 15744, 1424, 0, 0
18:57:51, 1019.60, 27.75, 28.92, 27.617, 12349, 18311, 36000, 31124, 36000, 32912, 35017, 36000, 36000, 33613, 1, 1, 778, 1279, 2544, 4100, 5892, 5928, 6265, 5755, 15288, 1380, 0, 0
18:57:52, 1021.50, 27.77, 28.92, 28.492, 8312, 13576, 29710, 24244, 27137, 25504, 27384, 30641, 36000, 18720, 1, 1, 749, 1223, 2459, 3999, 5879, 5936, 6260, 5757, 15493, 1377, 0, 0
18:57:52, 1022.20, 27.80, 28.91, 28.492, 7058, 17590, 28945, 26145, 25443, 21057, 27139, 35043, 36000, 23957, 1, 1, 839, 1371, 2749, 4451, 6382, 6433, 6784, 6240, 16881, 1496, 0, 0
18:57:53, 1019.30, 27.84, 28.89, 28.977, 8097, 20094, 27303, 26239, 35900, 25294, 35942, 36000, 36000, 36000, 1, 1, 913, 1496, 2953, 4719, 6822, 6874, 7254, 6710, 18520, 1691, 0, 0
18:57:54, 1021.20, 27.88, 28.85, 29.258, 7767, 21453, 29050, 27015, 25364, 21056, 26100, 33126, 36000, 26127, 1, 1, 859, 1409, 2801, 4501, 6369, 6421, 6767, 6235, 17095, 1526, 0, 0
18:57:54, 1022.70, 27.91, 28.85, 29.258, 7036, 20951, 26112, 24395, 36000, 25604, 29270, 36000, 36000, 24941, 1, 1, 798, 1307, 2625, 4263, 6260, 6311, 6648, 6112, 16832, 1490, 0, 0
18:57:55, 1023.00, 27.94, 28.83, 29.391, 5763, 18054, 21498, 20199, 35911, 26657, 29204, 36000, 36000, 16746, 1, 1, 776, 1273, 2574, 4206, 6258, 6301, 6644, 6084, 16309, 1435, 0, 0
18:57:56, 1022.20, 27.97, 28.89, 29.523, 7206, 18898, 31636, 27936, 35550, 26681, 29390, 35999, 36000, 20237, 1, 1, 807, 1327, 2667, 4335, 6365, 6398, 6749, 6179, 16411, 1450, 0, 0
18:57:56, 1023.00, 28.00, 28.80, 29.523, 7826, 18976, 26484, 22964, 35801, 29836, 30600, 35961, 36000, 16314, 1, 1, 778, 1276, 2576, 4203, 6050, 6083, 6416, 5850, 15302, 1344, 0, 0
18:57:57, 1026.80, 28.02, 28.81, 29.594, 7973, 15275, 27685, 22151, 27835, 26706, 29384, 33977, 36000, 12411, 1, 1, 702, 1145, 2351, 3896, 5752, 5789, 6116, 5524, 14128, 1216, 0, 0
18:57:58, 1024.90, 28.05, 28.80, 29.641, 8855, 13110, 20104, 18892, 23073, 27722, 29688, 36000, 36000, 8083, 1, 1, 696, 1137, 2331, 3872, 5832, 5859, 6204, 5605, 14175, 1228, 0, 0
18:57:58, 1023.80, 28.07, 28.80, 29.641, 7717, 12946, 26820, 22584, 24793, 31122, 33899, 36000, 36000, 7604, 1, 1, 705, 1152, 2353, 3898, 5778, 5802, 6147, 5554, 13923, 1213, 0, 0
18:57:59, 1024.40, 28.10, 28.78, 29.664, 7624, 14078, 31329, 23012, 22371, 29313, 32589, 36000, 35591, 6472, 1, 1, 701, 1144, 2341, 3888, 5767, 5794, 6141, 5533, 13667, 1179, 0, 0
18:58:00, 1026.30, 28.12, 28.76, 29.687, 6543, 12173, 26343, 19270, 24026, 29679, 31231, 35916, 34727, 5379, 0, 1, 690, 1125, 2317, 3872, 5734, 5767, 6109, 5486, 13415, 1143, 0, 0
18:58:00, 1024.50, 28.14, 28.76, 29.687, 6676, 12980, 25919, 19517, 21300, 28295, 29048, 36000, 32524, 4555, 1, 1, 703, 1148, 2356, 3920, 5816, 5843, 6193, 5574, 13599, 1166, 0, 0
18:58:01, 1026.30, 28.17, 28.78, 29.703, 6347, 12461, 23188, 17967, 21504, 28417, 29166, 36000, 32375, 4500, 1, 1, 690, 1126, 2318, 3868, 5721, 5754, 6094, 5485, 13488, 1156, 0, 0
18:58:02, 1026.90, 28.19, 28.74, 29.719, 6337, 12302, 23593, 18654, 21594, 27212, 28579, 36000, 31702, 4268, 1, 1, 679, 1108, 2288, 3831, 5676, 5707, 6045, 5431, 13259, 1131, 0, 0
18:58:02, 1024.60, 28.21, 28.74, 29.719, 6674, 12094, 27339, 20397, 25162, 33868, 34896, 36000, 36000, 5373, 1, 1, 685, 1118, 2295, 3824, 5739, 5767, 6111, 5505, 13517, 1163, 0, 0
18:58:03, 1026.10, 28.22, 28.74, 29.719, 6998, 12777, 28968, 24183, 25404, 30258, 33447, 36000, 36000, 8549, 1, 1, 681, 1110, 2280, 3798, 5652, 5686, 6020, 5427, 13460, 1158, 0, 0
18:58:04, 1028.60, 28.23, 28.72, 29.727, 6917, 11705, 24443, 20595, 26066, 28384, 29791, 35722, 36000, 8805, 1, 1, 666, 1083, 2243, 3759, 5614, 5664, 5982, 5398, 13663, 1164, 0, 0
18:58:04, 1029.70, 28.25, 28.74, 29.727, 6760, 12155, 28629, 21469, 30739, 31026, 33334, 36000, 36000, 11164, 1, 1, 681, 1107, 2287, 3816, 5627, 5676, 5993, 5413, 13711, 1172, 0, 0
18:58:05, 1026.80, 28.26, 28.71, 29.727, 7179, 13106, 21242, 18476, 30201, 27525, 31639, 36000, 36000, 10367, 1, 1, 687, 1117, 2303, 3828, 5700, 5747, 6069, 5510, 14264, 1234, 0, 0
18:58:06, 1030.70, 28.28, 28.71, 29.727, 6966, 13719, 22091, 19034, 28322, 23115, 24976, 34000, 36000, 8230, 1, 1, 688, 1121, 2309, 3835, 5502, 5555, 5860, 5299, 13581, 1159, 0, 0
18:58:06, 1033.70, 28.30, 28.71, 29.734, 5940, 10373, 14742, 14902, 28177, 24594, 26543, 35244, 36000, 6412, 1, 1, 602, 974, 2048, 3470, 5195, 5261, 5539, 4993, 12540, 1045, 0, 0
18:58:07, 1039.30, 28.31, 28.71, 29.734, 6770, 11374, 17717, 17224, 21979, 22317, 24508, 33937, 36000, 5781, 1, 1, 566, 912, 1936, 3311, 4900, 4965, 5218, 4676, 11968, 992, 0, 0
18:58:08, 1050.10, 28.32, 28.67, 29.734, 3843, 7037, 14291, 14341, 18110, 20211, 22941, 32315, 35407, 3716, 0, 1, 457, 721, 1588, 2827, 4374, 4457, 4671, 4128, 10068, 811, 0, 0
18:58:08, 1052.40, 28.35, 28.71, 29.742, 2555, 4608, 8533, 9877, 17870, 19588, 21975, 31514, 36000, 3402, 1, 1, 423, 659, 1472, 2658, 4212, 4302, 4507, 3971, 9700, 778, 0, 0
18:58:09, 1058.90, 28.36, 28.71, 29.750, 2628, 4740, 8965, 10563, 13323, 14827, 16790, 22838, 28941, 2380, 0, 0, 382, 589, 1332, 2438, 3806, 3897, 4079, 3573, 8696, 694, 0, 0
18:58:10, 1067.30, 28.38, 28.69, 29.750, 2207, 4013, 7673, 9485, 9848, 10859, 12438, 15397, 21548, 1590, 0, 0, 319, 476, 1105, 2092, 3383, 3486, 3641, 3161, 7480, 593, 0, 0
18:58:10, 1069.00, 28.39, 28.69, 29.750, 1741, 3184, 6241, 8008, 10677, 11963, 13799, 17899, 22959, 1698, 0, 0, 309, 459, 1069, 2034, 3288, 3387, 3537, 3058, 7175, 567, 0, 0
18:58:11, 1079.40, 28.40, 28.67, 29.750, 1447, 2643, 5042, 6960, 8430, 9422, 10799, 13003, 17019, 1202, 0, 0, 254, 364, 869, 1706, 2800, 2908, 3029, 2598, 6078, 479, 0, 0
18:58:12, 1085.70, 28.41, 28.69, 29.750, 984, 1812, 3511, 5104, 6947, 7735, 9002, 10586, 13787, 944, 0, 0, 221, 308, 746, 1502, 2518, 2628, 2733, 2330, 5410, 428, 0, 0
18:58:12, 1092.30, 28.42, 28.67, 29.758, 815, 1454, 2822, 4344, 6252, 7047, 8155, 9523, 11854, 804, 0, 0, 194, 263, 644, 1327, 2240, 2352, 2448, 2073, 4726, 374, 0, 0
18:58:13, 1095.30, 28.43, 28.67, 29.758, 631, 1108, 2152, 3484, 4981, 5512, 6430, 7196, 9538, 635, 0, 0, 171, 225, 556, 1166, 2073, 2184, 2275, 1921, 4311, 341, 0, 0
18:58:14, 1097.60, 28.43, 28.65, 29.758, 634, 1101, 2156, 3489, 4948, 5411, 6295, 6816, 9633, 639, 0, 0, 169, 224, 553, 1160, 2003, 2112, 2202, 1856, 4144, 328, 0, 0
18:58:14, 1107.30, 28.44, 28.69, 29.750, 521, 876, 1750, 2877, 3982, 4344, 5005, 5487, 7783, 512, 0, 0, 141, 180, 450, 967, 1739, 1850, 1936, 1625, 3536, 281, 0, 0
18:58:15, 1111.00, 28.44, 28.65, 29.750, 424, 688, 1416, 2393, 3647, 4009, 4606, 5012, 7099, 463, 0, 0, 132, 166, 416, 904, 1621, 1731, 1812, 1519, 3298, 262, 0, 0
18:58:16, 1119.30, 28.45, 28.71, 29.750, 410, 666, 1384, 2393, 3578, 3939, 4639, 4959, 7572, 485, 0, 0, 113, 138, 348, 769, 1401, 1512, 1589, 1335, 2865, 227, 0, 0
18:58:16, 1123.50, 28.46, 28.69, 29.750, 323, 506, 1078, 1913, 2983, 3311, 3839, 4054, 6217, 398, 0, 0, 104, 123, 311, 698, 1322, 1437, 1516, 1276, 2710, 215, 0, 0
18:58:17, 1131.80, 28.47, 28.65, 29.758, 301, 468, 1006, 1816, 2849, 3168, 3672, 3835, 6380, 407, 0, 0, 92, 107, 269, 611, 1143, 1256, 1334, 1129, 2389, 190, 0, 0
18:58:17, 1133.60, 28.49, 28.65, 29.758, 236, 352, 780, 1447, 2405, 2690, 3108, 3196, 5107, 326, 0, 0, 86, 98, 244, 560, 1096, 1213, 1294, 1099, 2300, 184, 0, 0
18:58:18, 1138.90, 28.50, 28.63, 29.766, 231, 344, 761, 1416, 2337, 2624, 2993, 3097, 5253, 337, 0, 0, 80, 91, 228, 524, 992, 1103, 1186, 1013, 2127, 170, 0, 0
18:58:19, 1147.10, 28.51, 28.67, 29.766, 195, 285, 638, 1223, 1965, 2218, 2534, 2558, 4437, 285, 0, 0, 67, 74, 183, 427, 821, 927, 1013, 874, 1804, 145, 0, 0
18:58:19, 1153.00, 28.52, 28.67, 29.766, 163, 232, 525, 1035, 1708, 1934, 2214, 2201, 3929, 253, 0, 0, 56, 61, 148, 346, 659, 752, 824, 719, 1500, 121, 0, 0
18:58:20, 1160.60, 28.53, 28.65, 29.766, 139, 196, 449, 907, 1503, 1704, 1959, 1921, 3564, 230, 0, 0, 38, 40, 97, 230, 423, 487, 539, 467, 1054, 87, 0, 0
18:58:21, 1167.50, 28.55, 28.67, 29.766, 117, 161, 372, 772, 1317, 1500, 1729, 1687, 3108, 201, 0, 0, 19, 20, 48, 114, 194, 228, 251, 221, 574, 50, 0, 0
18:58:21, 1170.10, 28.56, 28.65, 29.766, 99, 133, 309, 654, 1142, 1305, 1490, 1438, 2723, 178, 0, 0, 11, 10, 26, 62, 128, 150, 166, 147, 429, 37, 0, 0
18:58:22, 1171.00, 28.57, 28.65, 29.766, 84, 109, 254, 544, 852, 986, 1102, 1063, 1677, 111, 0, 0, 0, 0, 0, 0, 0, 0, 0, 0, 0, 0, 0, 0
18:58:23, 1169.30, 28.58, 28.65, 29.773, 75, 91, 213, 450, 817, 942, 1050, 1017, 1509, 101, 0, 0, 0, 0, 0, 0, 0, 0, 0, 0, 0, 0, 0, 0
18:58:23, 1168.60, 28.60, 28.65, 29.773, 82, 101, 235, 493, 887, 1023, 1138, 1104, 1669, 111, 0, 0, 0, 0, 0, 0, 0, 0, 0, 0, 0, 0, 0, 0
18:58:24, 1170.20, 28.61, 28.63, 29.773, 85, 105, 245, 515, 909, 1046, 1162, 1124, 1736, 115, 0, 0, 0, 0, 0, 0, 0, 0, 0, 0, 0, 0, 0, 0
18:58:25, 1171.60, 28.61, 28.63, 29.773, 80, 98, 230, 488, 842, 974, 1080, 1037, 1607, 107, 0, 0, 0, 0, 0, 0, 0, 0, 0, 0, 0, 0, 0, 0
18:58:25, 1170.90, 28.62, 28.63, 29.773, 78, 96, 224, 477, 858, 989, 1102, 1061, 1650, 110, 0, 0, 0, 0, 0, 0, 0, 0, 0, 0, 0, 0, 0, 0
18:58:26, 1169.40, 28.62, 28.63, 29.781, 82, 101, 236, 500, 905, 1044, 1163, 1121, 1766, 117, 0, 0, 0, 0, 0, 0, 0, 0, 0, 0, 0, 0, 0, 0
18:58:27, 1167.50, 28.62, 28.63, 29.781, 87, 111, 258, 545, 984, 1132, 1265, 1217, 1982, 131, 0, 0, 0, 0, 0, 0, 9, 11, 12, 11, 30, 2, 0, 0
18:58:27, 1157.20, 28.62, 28.65, 29.781, 115, 159, 368, 768, 1280, 1460, 1653, 1613, 2979, 193, 0, 0, 34, 36, 87, 207, 479, 556, 611, 534, 1157, 94, 0, 0
18:58:28, 1152.00, 28.62, 28.63, 29.773, 138, 191, 438, 881, 1493, 1700, 1926, 1910, 3353, 215, 0, 0, 50, 54, 133, 316, 649, 739, 806, 699, 1453, 117, 0, 0
18:58:29, 1147.10, 28.63, 28.65, 29.773, 153, 216, 492, 978, 1697, 1925, 2201, 2195, 3759, 241, 0, 0, 57, 62, 152, 357, 742, 840, 913, 792, 1644, 132, 0, 0
18:58:29, 1138.40, 28.65, 28.61, 29.773, 178, 254, 572, 1104, 1905, 2153, 2428, 2475, 4061, 260, 0, 0, 72, 81, 200, 463, 949, 1056, 1137, 973, 2006, 161, 0, 0
18:58:30, 1131.30, 28.66, 28.65, 29.766, 222, 327, 724, 1351, 2274, 2549, 2922, 3017, 4562, 292, 0, 0, 83, 96, 240, 550, 1090, 1197, 1272, 1078, 2239, 178, 0, 0
18:58:31, 1124.40, 28.66, 28.63, 29.766, 259, 394, 864, 1579, 2652, 2958, 3396, 3528, 5218, 334, 0, 0, 93, 110, 278, 628, 1213, 1319, 1389, 1171, 2488, 198, 0, 0
18:58:31, 1120.20, 28.66, 28.63, 29.766, 324, 515, 1110, 2000, 3128, 3468, 4003, 4153, 6288, 403, 0, 0, 106, 127, 321, 716, 1389, 1505, 1585, 1341, 2881, 229, 0, 0
18:58:32, 1113.70, 28.68, 28.61, 29.758, 363, 597, 1273, 2232, 3528, 3907, 4525, 4724, 7146, 460, 0, 0, 125, 154, 386, 846, 1624, 1745, 1832, 1550, 3385, 268, 0, 0
18:58:33, 1103.00, 28.68, 28.65, 29.766, 447, 765, 1605, 2688, 4244, 4732, 5546, 6084, 8532, 553, 0, 0, 152, 196, 489, 1045, 1919, 2032, 2118, 1787, 4005, 317, 0, 0
18:58:33, 1095.90, 28.69, 28.63, 29.766, 543, 940, 1906, 3132, 4739, 5220, 6080, 6489, 9575, 625, 0, 0, 168, 221, 550, 1156, 2132, 2245, 2339, 1979, 4489, 355, 0, 0
18:58:34, 1092.00, 28.70, 28.63, 29.766, 662, 1167, 2308, 3673, 5835, 6523, 7562, 8598, 10898, 731, 0, 0, 194, 262, 643, 1328, 2383, 2499, 2608, 2216, 4990, 394, 0, 0
18:58:35, 1079.70, 28.70, 28.63, 29.766, 715, 1277, 2475, 3827, 5458, 5843, 7021, 7623, 9948, 674, 0, 0, 237, 331, 803, 1615, 2849, 2958, 3087, 2626, 5774, 455, 0, 0
18:58:35, 1070.70, 28.70, 28.63, 29.766, 890, 1548, 2828, 4156, 6018, 6355, 7344, 8221, 11006, 787, 0, 0, 285, 414, 984, 1917, 3248, 3346, 3492, 2983, 6585, 517, 0, 0
18:58:36, 1066.20, 28.71, 28.67, 29.766, 1046, 1890, 3332, 4880, 8193, 9155, 10577, 12980, 14046, 1028, 0, 0, 306, 450, 1060, 2043, 3563, 3667, 3827, 3294, 7423, 586, 0, 0
18:58:37, 1058.90, 28.72, 28.63, 29.766, 1551, 2908, 5162, 6898, 9026, 10171, 11720, 15237, 15220, 1183, 0, 0, 349, 530, 1219, 2282, 3777, 3860, 4042, 3506, 7921, 627, 0, 0
18:58:37, 1048.80, 28.73, 28.63, 29.766, 1543, 2897, 5039, 6651, 7242, 7744, 8956, 10230, 14072, 1149, 0, 0, 380, 589, 1329, 2429, 3891, 3956, 4148, 3612, 8134, 647, 0, 0
18:58:38, 1043.40, 28.74, 28.61, 29.758, 2123, 3776, 6057, 8193, 11143, 13111, 14044, 18457, 17605, 1636, 0, 0, 438, 690, 1524, 2726, 4312, 4366, 4588, 4019, 9273, 746, 0, 0
18:58:39, 1035.30, 28.75, 28.61, 29.758, 3132, 5534, 7844, 10819, 17063, 21867, 22091, 30284, 20393, 2252, 0, 0, 514, 827, 1776, 3090, 4807, 4845, 5109, 4522, 10485, 853, 0, 0
18:58:39, 1024.20, 28.76, 28.63, 29.766, 3997, 7199, 10198, 12654, 17484, 19076, 23357, 32559, 18510, 2557, 0, 1, 626, 1025, 2129, 3567, 5598, 5609, 5923, 5321, 12713, 1064, 0, 0
18:58:40, 1021.80, 28.76, 28.67, 29.750, 8597, 13420, 18759, 18041, 24201, 30251, 29380, 36000, 35801, 7583, 1, 1, 783, 1295, 2605, 4244, 6124, 6119, 6459, 5845, 15002, 1313, 0, 0
18:58:41, 1020.50, 28.77, 28.65, 29.750, 9250, 14550, 20049, 18303, 27792, 20969, 21595, 31899, 36000, 7078, 1, 1, 788, 1301, 2632, 4294, 6387, 6397, 6749, 6153, 15990, 1413, 0, 0
18:58:41, 1014.90, 28.78, 28.63, 29.766, 9573, 21641, 32378, 25588, 35998, 35921, 36000, 36000, 36000, 35970, 1, 1, 838, 1383, 2723, 4321, 6553, 6555, 6921, 6377, 17193, 1577, 0, 0
18:58:42, 1020.00, 28.79, 28.63, 29.773, 8317, 25138, 33369, 28935, 33181, 30672, 31206, 34962, 35533, 27226, 0, 1, 845, 1397, 2769, 4427, 6524, 6534, 6894, 6336, 17062, 1537, 0, 0
18:58:43, 1015.90, 28.80, 28.61, 29.773, 9932, 20320, 24370, 22983, 33879, 28925, 30115, 34734, 36000, 22475, 1, 1, 841, 1391, 2753, 4398, 6374, 6384, 6721, 6202, 16654, 1528, 0, 0
18:58:43, 1014.30, 28.80, 28.69, 29.766, 9004, 22855, 35800, 33543, 36000, 28379, 29683, 36000, 36000, 34696, 1, 1, 910, 1500, 2928, 4618, 6786, 6787, 7154, 6621, 18506, 1726, 0, 0
18:58:44, 1015.60, 28.81, 28.67, 29.773, 8242, 22575, 33390, 29443, 36000, 28664, 30660, 36000, 36000, 36000, 1, 1, 922, 1516, 2963, 4681, 6381, 6406, 6754, 6260, 17650, 1626, 0, 0
18:58:45, 1013.40, 28.81, 28.69, 29.773, 9128, 25065, 27877, 24056, 36000, 30767, 31693, 36000, 36000, 35610, 1, 1, 1163, 1896, 3379, 5081, 11448, 11465, 12659, 13360, 34158, 6520, 0, 1
18:58:45, 1012.80, 28.81, 28.67, 29.750, 11235, 10283, 13445, 32161, 30308, 25899, 36000, 36000, 36000, 36000, 1, 1, 4375, 7221, 10203, 15513, 27332, 28876, 35103, 35110, 36000, 17204, 1, 1
18:58:46, 1013.10, 28.81, 28.65, 29.625, 11839, 23524, 24659, 19554, 36000, 34307, 35480, 36000, 36000, 34992, 1, 1, 11760, 18667, 26718, 33763, 36000, 36000, 36000, 36000, 36000, 36000, 1, 1
18:58:47, 1012.90, 28.80, 28.67, 29.625, 4049, 6986, 6168, 15109, 14159, 25776, 25971, 23810, 36000, 23114, 1, 1, 12746, 18932, 26993, 35999, 36000, 36000, 36000, 36000, 36000, 36000, 1, 1
18:58:47, 1012.80, 28.78, 28.71, 29.414, 4144, 7609, 11587, 12594, 13635, 12829, 15480, 15233, 23051, 11968, 0, 0, 11906, 17436, 24346, 31778, 36000, 36000, 36000, 36000, 36000, 36000, 1, 1
