Secchi Depth (cm) = 9999
Forel Ule Scale = 99
pH Colour Scale = 99
SensingSecchi S/N = A017
Latitude (degs N) = 34.13981
Longitude (degs E) = -77.86255
Date = 2026-07-02
Time (UTC), Pressure (mbar) MS5803, Temp (deg C) MS5803, Temp (deg C) 10KTHERM, Temp (deg C) TMP117, ED 415nm, ED 445nm, ED 480nm, ED 515nm, ED 555nm, ED 590nm, ED 630nm, ED 680nm, ED Clear, ED NIR, ED D-SAT, ED A-SAT, EU 415nm, EU 445nm, EU 480nm, EU 515nm, EU 555nm, EU 590nm, EU 630nm, EU 680nm, EU Clear, EU NIR, EU D-SAT, EU A-SAT
19:49:00, 1016.90, 29.45, 31.94, 26.711, 7532, 14622, 19685, 22603, 26304, 28011, 34243, 36000, 36000, 36000, 1, 1, 6039, 7646, 8863, 12320, 14099, 18892, 28642, 36000, 36000, 36000, 1, 1
19:49:00, 1016.70, 29.45, 31.92, 26.711, 7926, 14990, 19396, 23174, 25666, 27201, 33056, 36000, 36000, 36000, 1, 1, 7648, 9296, 11511, 15172, 27024, 33860, 36000, 36000, 36000, 36000, 1, 1
19:49:01, 1016.60, 29.46, 31.94, 26.672, 6326, 6760, 10576, 11171, 12405, 16097, 12663, 19769, 16469, 5156, 0, 0, 13809, 18191, 24672, 33333, 36000, 36000, 36000, 36000, 36000, 36000, 1, 1
19:49:02, 1016.80, 29.47, 31.90, 26.633, 2740, 2402, 3902, 3712, 4016, 5535, 4206, 5643, 10441, 3365, 0, 0, 13199, 18391, 25777, 34539, 36000, 36000, 36000, 36000, 36000, 36000, 1, 1
19:49:02, 1016.60, 29.47, 31.96, 26.633, 5897, 5638, 8878, 10137, 13560, 18377, 15767, 23220, 29103, 7413, 0, 0, 13633, 19552, 26612, 35792, 36000, 36000, 36000, 36000, 36000, 36000, 1, 1
19:49:03, 1016.70, 29.48, 31.94, 26.594, 9687, 17641, 24772, 27380, 36000, 35608, 36000, 36000, 36000, 19975, 1, 1, 8600, 11433, 16372, 21234, 25676, 28475, 35944, 36000, 36000, 36000, 1, 1
19:49:04, 1016.90, 29.48, 31.92, 26.500, 7404, 12703, 17027, 22517, 35686, 35975, 36000, 36000, 36000, 31133, 1, 1, 7984, 10400, 14753, 19067, 21155, 24552, 31000, 36000, 36000, 36000, 1, 1
19:49:04, 1017.00, 29.49, 31.90, 26.500, 7441, 8069, 16225, 12675, 16819, 18969, 14784, 23234, 36000, 36000, 1, 1, 7993, 9746, 13886, 17145, 20134, 23623, 31757, 36000, 36000, 36000, 1, 1
19:49:05, 1016.60, 29.49, 31.92, 26.391, 2904, 3635, 5154, 6349, 5439, 6361, 6519, 6697, 30062, 9385, 0, 0, 9264, 11907, 16753, 21744, 26568, 31867, 36000, 36000, 36000, 36000, 1, 1
19:49:06, 1016.90, 29.49, 31.94, 26.297, 2764, 4049, 5171, 7382, 17170, 17681, 18974, 19786, 27626, 21365, 0, 0, 5889, 8994, 13382, 16869, 9311, 9188, 11604, 11685, 21600, 4641, 0, 0
19:49:06, 1021.90, 29.49, 31.96, 26.297, 1108, 1674, 2277, 2558, 3242, 3139, 4483, 4159, 10579, 4601, 0, 0, 1059, 1716, 3261, 5096, 5680, 5875, 6652, 6311, 14848, 1464, 0, 0
19:49:07, 1026.00, 29.50, 31.96, 27.531, 2638, 2986, 4549, 5635, 9548, 10743, 11535, 13534, 36000, 20883, 1, 1, 1062, 1707, 3284, 5192, 6578, 6842, 7628, 7379, 19399, 1820, 0, 0
19:49:08, 1028.00, 29.51, 31.94, 28.945, 5893, 10746, 14062, 20403, 12083, 12337, 16854, 15736, 36000, 33764, 1, 1, 876, 1403, 2751, 4451, 6278, 6548, 7299, 7038, 18283, 1652, 0, 0
19:49:08, 1025.80, 29.53, 31.96, 28.945, 5393, 8226, 12067, 15284, 18345, 18414, 24353, 25518, 36000, 35979, 1, 1, 817, 1316, 2559, 4098, 5992, 6234, 6960, 6739, 17824, 1697, 0, 0
19:49:09, 1027.00, 29.56, 31.94, 29.797, 4547, 6753, 9810, 11219, 21751, 17948, 16344, 26619, 36000, 34302, 1, 1, 708, 1123, 2248, 3680, 5394, 5601, 6241, 5984, 15359, 1417, 0, 0
19:49:10, 1022.70, 29.58, 32.00, 30.297, 6623, 11806, 12423, 18468, 28856, 20099, 19241, 24112, 36000, 36000, 1, 1, 870, 1412, 2726, 4324, 6144, 6344, 7102, 6848, 17990, 1756, 0, 0
19:49:10, 1024.50, 29.60, 31.96, 30.297, 7579, 11687, 26779, 17475, 10906, 27140, 10825, 20347, 36000, 32361, 1, 1, 885, 1415, 2772, 4432, 6498, 6709, 7523, 7252, 18382, 1807, 0, 0
19:49:11, 1023.20, 29.62, 31.96, 30.539, 6833, 20045, 17731, 19126, 18922, 21154, 27572, 36000, 36000, 36000, 1, 1, 822, 1324, 2595, 4163, 6083, 6280, 7055, 6772, 16565, 1642, 0, 0
19:49:12, 1024.20, 29.64, 31.98, 30.711, 6922, 13493, 18661, 19723, 29415, 30698, 31466, 32198, 36000, 31963, 1, 1, 759, 1218, 2415, 3919, 5922, 6116, 6909, 6594, 15439, 1511, 0, 0
19:49:12, 1030.40, 29.66, 31.96, 30.711, 8470, 11903, 14006, 29293, 17198, 26575, 26842, 24374, 36000, 18000, 1, 1, 693, 1108, 2228, 3672, 5232, 5424, 6126, 5794, 12926, 1202, 0, 0
19:49:13, 1027.80, 29.68, 31.94, 30.812, 5546, 10605, 12617, 19127, 30352, 18967, 21519, 33536, 36000, 10375, 1, 1, 581, 919, 1863, 3111, 4829, 5017, 5662, 5392, 12476, 1208, 0, 0
19:49:14, 1027.40, 29.70, 31.94, 30.906, 5751, 11513, 14687, 16151, 29692, 25387, 30054, 33745, 36000, 11620, 1, 1, 619, 983, 1990, 3315, 4969, 5166, 5841, 5541, 12524, 1208, 0, 0
19:49:14, 1023.60, 29.71, 31.96, 30.906, 6450, 14621, 23111, 20739, 34206, 32343, 36000, 36000, 36000, 33803, 1, 1, 653, 1041, 2070, 3403, 5318, 5517, 6231, 5933, 13272, 1309, 0, 0
19:49:15, 1022.80, 29.73, 31.98, 30.945, 9478, 17700, 17806, 18517, 36000, 29967, 30714, 36000, 36000, 24515, 1, 1, 739, 1183, 2336, 3796, 5693, 5884, 6655, 6356, 14649, 1494, 0, 0
19:49:16, 1026.70, 29.75, 31.98, 30.984, 4495, 6815, 8432, 14554, 16091, 19570, 33258, 22868, 33794, 7690, 0, 1, 748, 1201, 2394, 3927, 5696, 5899, 6681, 6370, 14676, 1440, 0, 0
19:49:16, 1029.70, 29.77, 31.94, 30.984, 4799, 13514, 16192, 16257, 15780, 15264, 18697, 21329, 36000, 9607, 1, 1, 709, 1133, 2279, 3765, 5568, 5775, 6530, 6203, 14059, 1324, 0, 0
19:49:17, 1027.70, 29.78, 31.96, 31.008, 5334, 9274, 11051, 17755, 18706, 18661, 21588, 27671, 36000, 16734, 1, 1, 695, 1101, 2223, 3670, 5582, 5794, 6541, 6257, 14956, 1442, 0, 0
19:49:18, 1023.40, 29.80, 31.92, 31.031, 6766, 8697, 12291, 19000, 24181, 22723, 30196, 35716, 36000, 27953, 1, 1, 797, 1279, 2542, 4132, 6302, 6504, 7335, 7026, 16592, 1629, 0, 0
19:49:18, 1022.60, 29.81, 32.00, 31.031, 8001, 8877, 11775, 29962, 18252, 32839, 35907, 28204, 36000, 21766, 1, 1, 871, 1404, 2754, 4408, 6172, 6364, 7180, 6894, 16847, 1722, 0, 0
19:49:19, 1024.50, 29.83, 31.92, 31.031, 5839, 9712, 11812, 17430, 12378, 12285, 17613, 15689, 31487, 6189, 0, 0, 787, 1270, 2520, 4095, 5634, 5835, 6579, 6281, 14496, 1453, 0, 0
19:49:20, 1023.80, 29.84, 31.92, 31.039, 8223, 15111, 15641, 18203, 27668, 27945, 29817, 32879, 35633, 10730, 0, 1, 715, 1149, 2280, 3727, 5453, 5650, 6370, 6040, 12884, 1210, 0, 0
19:49:20, 1025.50, 29.86, 31.96, 31.039, 5961, 12006, 17194, 21592, 24524, 24429, 28574, 35128, 25064, 4731, 0, 1, 673, 1077, 2164, 3577, 5236, 5430, 6102, 5783, 12530, 1164, 0, 0
19:49:21, 1027.20, 29.87, 31.94, 31.047, 4474, 8847, 14287, 13950, 5482, 5079, 6785, 7766, 10713, 2117, 0, 0, 678, 1066, 2175, 3627, 5238, 5431, 6101, 5758, 12526, 1119, 0, 0
19:49:22, 1031.60, 29.88, 31.94, 31.047, 1181, 1932, 2692, 3086, 6380, 5429, 7288, 7528, 10346, 2190, 0, 0, 695, 1095, 2239, 3747, 5433, 5651, 6347, 5975, 12571, 1098, 0, 0
19:49:22, 1039.20, 29.89, 31.98, 31.047, 4054, 4163, 8106, 7277, 11719, 13487, 14334, 18534, 13956, 2035, 0, 0, 485, 744, 1579, 2745, 4179, 4380, 4920, 4616, 9914, 860, 0, 0
19:49:23, 1044.60, 29.90, 31.98, 31.047, 2178, 2955, 5153, 5491, 7226, 7862, 7827, 10717, 12537, 1526, 0, 0, 426, 642, 1389, 2467, 3734, 3928, 4408, 4123, 8973, 776, 0, 0
19:49:24, 1050.30, 29.92, 31.92, 31.047, 2037, 2467, 4541, 5148, 6039, 7044, 6707, 9048, 11961, 1336, 0, 0, 383, 567, 1245, 2247, 3463, 3661, 4125, 3851, 8291, 705, 0, 0
19:49:24, 1062.30, 29.93, 31.96, 31.055, 1204, 1482, 2808, 3407, 4381, 4999, 5211, 6517, 9024, 856, 0, 0, 274, 388, 881, 1668, 2515, 2687, 3024, 2797, 5957, 498, 0, 0
19:49:25, 1068.40, 29.94, 31.96, 31.047, 864, 1316, 2356, 3385, 4221, 4668, 5258, 6446, 8729, 728, 0, 0, 208, 286, 660, 1287, 2065, 2222, 2500, 2303, 4865, 404, 0, 0
19:49:26, 1075.60, 29.95, 31.92, 31.047, 654, 1036, 1895, 2877, 3866, 4280, 4959, 5832, 8452, 655, 0, 0, 161, 215, 504, 1009, 1692, 1832, 2065, 1895, 3989, 330, 0, 0
19:49:26, 1081.20, 29.97, 31.92, 31.055, 458, 702, 1345, 2084, 3097, 3517, 3986, 4736, 7174, 542, 0, 0, 133, 173, 411, 840, 1450, 1578, 1776, 1625, 3439, 282, 0, 0
19:49:27, 1084.80, 29.98, 31.94, 31.062, 443, 639, 1231, 1958, 2406, 2797, 3151, 3602, 6231, 467, 0, 0, 125, 160, 381, 787, 1379, 1503, 1694, 1546, 3346, 275, 0, 0
19:49:28, 1090.40, 29.99, 31.92, 31.062, 273, 406, 801, 1342, 1982, 2295, 2668, 2872, 6036, 445, 0, 0, 107, 134, 322, 677, 1167, 1280, 1445, 1318, 2910, 237, 0, 0
19:49:28, 1094.40, 30.00, 31.96, 31.062, 311, 470, 926, 1606, 1984, 2286, 2729, 2858, 6485, 472, 0, 0, 98, 122, 294, 623, 1098, 1207, 1365, 1244, 2807, 228, 0, 0
19:49:29, 1100.00, 30.01, 31.96, 31.062, 224, 351, 707, 1250, 1996, 2270, 2763, 2892, 6849, 494, 0, 0, 80, 97, 235, 506, 921, 1018, 1151, 1046, 2338, 188, 0, 0
19:49:30, 1104.60, 30.02, 31.94, 31.062, 191, 304, 619, 1115, 1758, 1992, 2487, 2571, 6406, 470, 0, 0, 69, 82, 199, 435, 787, 875, 989, 898, 2006, 161, 0, 0
19:49:30, 1108.90, 30.03, 31.96, 31.062, 186, 296, 602, 1118, 1566, 1760, 2200, 2223, 5834, 431, 0, 0, 61, 72, 175, 388, 707, 787, 887, 804, 1805, 144, 0, 0
19:49:31, 1113.70, 30.04, 31.96, 31.062, 166, 267, 553, 1026, 1482, 1648, 2076, 2085, 5758, 434, 0, 0, 53, 62, 150, 338, 620, 694, 780, 707, 1584, 126, 0, 0
19:49:32, 1121.50, 30.05, 31.94, 31.062, 134, 210, 449, 845, 1243, 1378, 1726, 1726, 4923, 372, 0, 0, 42, 47, 115, 265, 482, 544, 611, 551, 1216, 96, 0, 0
19:49:32, 1132.90, 30.06, 31.96, 31.062, 96, 144, 317, 614, 969, 1096, 1361, 1385, 3736, 277, 0, 0, 27, 29, 71, 171, 323, 368, 414, 370, 800, 64, 0, 0
19:49:33, 1138.70, 30.07, 31.94, 31.070, 71, 102, 227, 459, 747, 856, 1059, 1073, 2756, 200, 0, 0, 21, 21, 52, 128, 258, 297, 335, 299, 641, 51, 0, 0
19:49:34, 1142.00, 30.08, 31.92, 31.070, 55, 76, 171, 352, 595, 687, 847, 864, 2190, 159, 0, 0, 17, 17, 43, 106, 221, 256, 289, 258, 549, 43, 0, 0
19:49:34, 1142.40, 30.10, 31.92, 31.070, 48, 66, 148, 307, 555, 646, 785, 807, 2019, 145, 0, 0, 17, 17, 42, 105, 219, 253, 286, 256, 547, 44, 0, 0
19:49:35, 1147.40, 30.11, 31.92, 31.070, 44, 59, 134, 279, 493, 574, 692, 705, 1805, 130, 0, 0, 15, 15, 36, 91, 186, 217, 246, 221, 471, 37, 0, 0
19:49:36, 1152.40, 30.12, 31.94, 31.070, 40, 53, 120, 253, 463, 541, 650, 662, 1657, 119, 0, 0, 13, 13, 30, 77, 161, 189, 215, 193, 413, 33, 0, 0
19:49:36, 1161.10, 30.13, 31.94, 31.062, 34, 43, 99, 214, 384, 451, 542, 551, 1335, 95, 0, 0, 10, 9, 23, 59, 124, 147, 169, 153, 324, 25, 0, 0
19:49:37, 1168.30, 30.14, 31.94, 31.070, 24, 29, 67, 150, 282, 335, 401, 405, 938, 67, 0, 0, 7, 7, 16, 43, 98, 117, 136, 124, 256, 20, 0, 0
19:49:38, 1175.70, 30.15, 31.94, 31.070, 19, 22, 50, 115, 214, 257, 305, 307, 729, 52, 0, 0, 6, 6, 13, 35, 77, 94, 110, 102, 202, 16, 0, 0
19:49:38, 1180.20, 30.15, 31.92, 31.070, 14, 16, 35, 82, 161, 195, 232, 231, 565, 41, 0, 0, 5, 4, 10, 28, 62, 76, 90, 84, 164, 13, 0, 0
19:49:39, 1181.30, 30.16, 31.94, 31.070, 13, 15, 33, 78, 160, 194, 231, 229, 547, 40, 0, 0, 4, 4, 9, 26, 58, 71, 85, 79, 155, 12, 0, 0
19:49:40, 1185.10, 30.17, 31.94, 31.070, 12, 14, 30, 73, 146, 178, 212, 210, 508, 37, 0, 0, 3, 3, 8, 20, 46, 57, 68, 65, 129, 10, 0, 0
19:49:40, 1191.00, 30.18, 31.94, 31.070, 11, 12, 26, 64, 124, 150, 180, 178, 431, 32, 0, 0, 2, 2, 5, 14, 24, 30, 37, 36, 81, 6, 0, 0
19:49:41, 1194.00, 30.19, 31.92, 31.070, 9, 10, 22, 54, 112, 137, 164, 161, 371, 27, 0, 0, 0, 0, 0, 0, 0, 0, 0, 0, 0, 0, 0, 0
19:49:42, 1194.10, 30.20, 31.94, 31.070, 8, 9, 19, 49, 106, 130, 155, 153, 351, 25, 0, 0, 0, 0, 0, 0, 0, 0, 0, 0, 0, 0, 0, 0
19:49:42, 1194.60, 30.21, 31.92, 31.070, 8, 9, 18, 46, 96, 118, 140, 139, 310, 22, 0, 0, 0, 0, 0, 0, 0, 0, 0, 0, 0, 0, 0, 0
19:49:43, 1194.60, 30.22, 31.92, 31.070, 8, 9, 18, 46, 97, 120, 143, 141, 317, 23, 0, 0, 0, 0, 0, 0, 0, 0, 0, 0, 0, 0, 0, 0
19:49:44, 1193.10, 30.23, 31.92, 31.070, 7, 8, 16, 41, 89, 109, 130, 128, 299, 22, 0, 0, 0, 0, 0, 1, 9, 12, 15, 15, 41, 3, 0, 0
19:49:44, 1192.00, 30.24, 31.94, 31.062, 7, 8, 17, 42, 95, 116, 139, 137, 323, 24, 0, 0, 0, 0, 1, 5, 12, 15, 19, 18, 47, 3, 0, 0
19:49:45, 1191.90, 30.24, 31.94, 31.070, 8, 9, 20, 49, 104, 128, 154, 153, 345, 25, 0, 0, 1, 1, 2, 7, 17, 22, 27, 26, 64, 5, 0, 0
19:49:46, 1190.40, 30.25, 31.86, 31.070, 8, 9, 21, 49, 104, 128, 154, 154, 355, 26, 0, 0, 0, 0, 2, 6, 16, 21, 25, 25, 60, 4, 0, 0
19:49:46, 1185.90, 30.26, 31.90, 31.070, 10, 12, 25, 62, 132, 162, 196, 196, 440, 32, 0, 0, 3, 2, 6, 16, 40, 50, 60, 58, 127, 10, 0, 0
19:49:47, 1178.90, 30.27, 31.94, 31.070, 12, 14, 30, 73, 160, 194, 235, 234, 547, 39, 0, 0, 4, 3, 8, 23, 57, 70, 83, 78, 163, 13, 0, 0
19:49:48, 1168.90, 30.27, 31.96, 31.070, 18, 21, 48, 112, 244, 293, 355, 357, 839, 60, 0, 0, 6, 5, 13, 35, 86, 103, 120, 112, 227, 18, 0, 0
19:49:48, 1159.20, 30.28, 31.92, 31.070, 29, 36, 81, 183, 379, 449, 549, 556, 1309, 93, 0, 0, 9, 9, 21, 54, 128, 151, 174, 159, 331, 26, 0, 0
19:49:49, 1150.50, 30.29, 31.98, 31.078, 40, 51, 116, 253, 509, 596, 732, 741, 1782, 127, 0, 0, 13, 13, 32, 79, 179, 208, 238, 216, 455, 36, 0, 0
19:49:50, 1150.40, 30.30, 31.92, 31.078, 49, 66, 149, 317, 567, 656, 807, 813, 2069, 150, 0, 0, 15, 15, 38, 93, 191, 221, 252, 229, 483, 38, 0, 0
19:49:50, 1139.50, 30.31, 31.92, 31.070, 52, 70, 158, 335, 668, 776, 953, 969, 2336, 167, 0, 0, 18, 19, 46, 112, 253, 290, 328, 298, 627, 49, 0, 0
19:49:51, 1126.30, 30.32, 31.94, 31.078, 83, 119, 266, 532, 983, 1122, 1388, 1422, 3701, 270, 0, 0, 29, 32, 78, 184, 390, 442, 498, 452, 980, 77, 0, 0
19:49:52, 1117.50, 30.32, 31.96, 31.078, 125, 190, 413, 792, 1397, 1574, 1958, 2008, 5351, 395, 0, 0, 42, 47, 115, 263, 531, 595, 668, 608, 1336, 106, 0, 0
19:49:52, 1112.50, 30.33, 31.94, 31.070, 165, 259, 555, 1019, 1675, 1863, 2330, 2413, 6859, 523, 0, 0, 54, 63, 155, 344, 654, 730, 818, 746, 1648, 130, 0, 0
19:49:53, 1110.40, 30.34, 31.96, 31.078, 179, 282, 602, 1090, 1665, 1839, 2291, 2345, 6657, 511, 0, 0, 57, 67, 164, 362, 696, 775, 868, 792, 1759, 139, 0, 0
19:49:54, 1100.70, 30.34, 31.96, 31.078, 182, 293, 619, 1107, 1856, 2039, 2532, 2580, 7395, 567, 0, 0, 72, 88, 213, 462, 907, 1004, 1128, 1034, 2325, 184, 0, 0
19:49:54, 1085.50, 30.35, 31.94, 31.078, 286, 484, 986, 1664, 2841, 3028, 3908, 3995, 13026, 1099, 0, 0, 118, 153, 363, 747, 1397, 1528, 1714, 1585, 3629, 287, 0, 0
19:49:55, 1078.90, 30.36, 31.96, 31.078, 487, 870, 1670, 2674, 3790, 3968, 5197, 5419, 18515, 1681, 0, 0, 156, 212, 493, 979, 1697, 1846, 2074, 1933, 4502, 358, 0, 0
19:49:56, 1075.40, 30.36, 31.94, 31.078, 543, 967, 1828, 2816, 4070, 4168, 5532, 5720, 20491, 1976, 0, 0, 169, 233, 538, 1055, 1802, 1956, 2195, 2050, 4768, 379, 0, 0
19:49:56, 1070.50, 30.37, 31.94, 31.078, 615, 1066, 2029, 3065, 4299, 4514, 5770, 6127, 22811, 2128, 0, 0, 175, 243, 560, 1092, 1898, 2051, 2296, 2149, 4971, 395, 0, 0
19:49:57, 1056.30, 30.38, 31.96, 31.086, 991, 1736, 3145, 4624, 5836, 6205, 8005, 8571, 34736, 3638, 0, 1, 260, 381, 850, 1570, 2742, 2924, 3266, 3095, 7318, 591, 0, 0
19:49:58, 1045.10, 30.39, 31.94, 31.086, 1679, 2667, 4744, 6134, 8473, 8945, 11921, 12338, 36000, 8503, 1, 1, 404, 627, 1331, 2315, 3763, 3965, 4447, 4275, 10480, 878, 0, 0
19:49:58, 1040.40, 30.39, 31.94, 31.086, 2390, 3251, 6102, 6478, 8866, 8363, 11266, 11149, 36000, 14448, 1, 1, 517, 819, 1689, 2843, 4445, 4666, 5221, 5050, 12557, 1076, 0, 0
19:49:59, 1038.80, 30.40, 31.94, 31.086, 2372, 2951, 5884, 5802, 9225, 8666, 11660, 11475, 36000, 17381, 1, 1, 556, 881, 1810, 3027, 4534, 4752, 5332, 5149, 12921, 1112, 0, 0
19:50:00, 1026.60, 30.40, 31.92, 31.086, 2804, 3438, 6753, 6400, 11839, 11564, 16100, 15223, 36000, 26517, 1, 1, 734, 1182, 2326, 3742, 5708, 5933, 6635, 6467, 16781, 1561, 0, 0
19:50:00, 1022.80, 30.41, 31.90, 31.086, 6705, 5236, 13382, 8047, 13509, 10153, 16109, 12614, 36000, 36000, 1, 1, 895, 1459, 2769, 4311, 5895, 6102, 6824, 6690, 17888, 1757, 0, 0
19:50:01, 1022.90, 30.41, 31.92, 31.086, 6134, 5103, 11934, 7804, 16302, 23277, 35629, 31253, 36000, 36000, 1, 1, 892, 1455, 2761, 4292, 6148, 6364, 7125, 7008, 18737, 1859, 0, 0
19:50:02, 1021.80, 30.42, 31.92, 31.086, 6576, 6122, 12909, 9396, 8185, 7240, 9710, 8723, 36000, 30538, 1, 1, 854, 1392, 2656, 4156, 5761, 5965, 6685, 6558, 17569, 1716, 0, 0
19:50:02, 1018.70, 30.42, 31.90, 31.086, 7971, 6440, 14930, 9407, 19946, 19381, 21153, 21520, 36000, 36000, 1, 1, 2615, 4230, 6681, 8956, 9893, 10148, 11580, 12265, 32716, 8105, 0, 1
19:50:03, 1018.40, 30.43, 31.96, 31.016, 7270, 5598, 13571, 8140, 17794, 15938, 13658, 16569, 36000, 36000, 1, 1, 3369, 5404, 8779, 11770, 19129, 18928, 22740, 23021, 36000, 29007, 1, 1
19:50:04, 1018.20, 30.43, 31.94, 31.016, 6166, 4422, 11520, 6709, 16067, 13641, 12823, 15269, 36000, 36000, 1, 1, 4562, 6285, 9663, 13798, 17000, 17632, 23594, 23578, 36000, 33366, 1, 1
19:50:04, 1018.10, 30.42, 31.98, 30.562, 6866, 4789, 12423, 7325, 13613, 10692, 12999, 13681, 36000, 36000, 1, 1, 14504, 18589, 26475, 35073, 36000, 36000, 36000, 36000, 36000, 36000, 1, 1
19:50:05, 1018.20, 30.42, 32.00, 30.227, 7063, 5115, 14065, 7624, 16356, 14292, 21322, 17345, 36000, 36000, 1, 1, 14244, 17297, 23988, 33925, 36000, 36000, 36000, 36000, 36000, 36000, 1, 1
19:50:06, 1018.10, 30.42, 32.00, 30.227, 7370, 4734, 7904, 8070, 9698, 24835, 11037, 16445, 36000, 36000, 1, 1, 1897, 2043, 2913, 4030, 2042, 2262, 3225, 3752, 9007, 6160, 0, 0
19:50:06, 1018.30, 30.41, 32.03, 30.000, 11354, 29105, 34120, 32665, 17630, 36000, 22813, 26174, 36000, 36000, 1, 1, 3605, 3809, 5276, 7587, 8726, 10516, 15516, 17749, 36000, 36000, 1, 1
19:50:07, 1018.00, 30.39, 32.02, 29.812, 9640, 5868, 10867, 13403, 10453, 34967, 12028, 19884, 36000, 36000, 1, 1, 3353, 3538, 4879, 7090, 8432, 10161, 15098, 17170, 36000, 36000, 1, 1
19:50:08, 1018.10, 30.38, 32.00, 29.812, 9442, 6089, 11516, 16184, 10324, 27349, 13361, 18707, 36000, 32534, 1, 1, 777, 961, 1299, 1790, 1459, 1662, 2464, 3087, 9212, 7176, 0, 0
