Secchi Depth (cm) = 9999
Forel Ule Scale = 99
pH Colour Scale = 99
SensingSecchi S/N = A017
Latitude (degs N) = 34.13982
Longitude (degs E) = -77.86253
Date = 2026-07-31
Time (UTC), Pressure (mbar) MS5803, Temp (deg C) MS5803, Temp (deg C) 10KTHERM, Temp (deg C) TMP117, ED 415nm, ED 445nm, ED 480nm, ED 515nm, ED 555nm, ED 590nm, ED 630nm, ED 680nm, ED Clear, ED NIR, ED D-SAT, ED A-SAT, EU 415nm, EU 445nm, EU 480nm, EU 515nm, EU 555nm, EU 590nm, EU 630nm, EU 680nm, EU Clear, EU NIR, EU D-SAT, EU A-SAT
20:08:00, 1009.60, 27.09, 25.86, 30.867, 4650, 5262, 7854, 9695, 9414, 13881, 11922, 14968, 36000, 24529, 1, 1, 3668, 4766, 6362, 7365, 8963, 11527, 17569, 22996, 36000, 36000, 1, 1
20:08:00, 1009.60, 27.09, 25.91, 30.836, 4669, 5293, 7897, 9737, 9436, 13885, 11952, 14940, 36000, 24503, 1, 1, 3628, 4706, 6284, 7268, 8680, 11125, 16800, 22152, 36000, 36000, 1, 1
20:08:01, 1009.40, 27.10, 25.86, 30.828, 4679, 5334, 7905, 9838, 9484, 13842, 12000, 14872, 36000, 24389, 1, 1, 3631, 4706, 6282, 7270, 8764, 11253, 16989, 22433, 36000, 36000, 1, 1
20:08:02, 1009.50, 27.10, 25.89, 30.828, 4721, 5372, 7987, 9886, 9513, 13985, 12000, 14995, 36000, 24696, 1, 1, 3638, 4719, 6303, 7293, 8801, 11303, 17183, 22599, 36000, 36000, 1, 1
20:08:02, 1009.70, 27.09, 25.89, 30.805, 4691, 5322, 7926, 9805, 9479, 14011, 11951, 15042, 36000, 24854, 1, 1, 3843, 4990, 6655, 7721, 9492, 12190, 18712, 24353, 36000, 36000, 1, 1
20:08:03, 1009.50, 27.09, 25.84, 30.805, 4760, 5340, 8026, 9833, 9694, 14431, 12225, 15935, 36000, 26542, 1, 1, 3686, 4728, 6307, 7307, 8862, 11304, 16976, 22472, 36000, 36000, 1, 1
20:08:04, 1009.80, 27.10, 25.86, 30.805, 4806, 5353, 8104, 9841, 9578, 14189, 12000, 15433, 36000, 25579, 1, 1, 3757, 4721, 6363, 7304, 9200, 11582, 16841, 22773, 36000, 36000, 1, 1
20:08:04, 1009.60, 27.10, 25.89, 30.891, 4984, 5555, 8397, 10147, 9944, 14840, 12495, 16152, 36000, 26869, 1, 1, 9252, 12061, 16102, 18746, 26730, 35691, 36000, 36000, 36000, 36000, 1, 1
20:08:05, 1009.60, 27.11, 25.91, 30.984, 4940, 5554, 8346, 10150, 9801, 14558, 12268, 15596, 36000, 25677, 1, 1, 12433, 16440, 21631, 25266, 32555, 36000, 36000, 36000, 36000, 36000, 1, 1
20:08:06, 1010.20, 27.13, 25.89, 30.984, 3428, 4118, 6020, 7229, 2997, 2879, 3293, 3316, 11474, 2447, 0, 0, 8025, 9883, 13038, 15117, 22139, 29972, 36000, 36000, 36000, 36000, 1, 1
20:08:06, 1009.70, 27.14, 25.91, 31.008, 5024, 5506, 8398, 10172, 9823, 14894, 12313, 16525, 36000, 28363, 1, 1, 9465, 12617, 16566, 19608, 26207, 35720, 36000, 36000, 36000, 36000, 1, 1
20:08:07, 1009.70, 27.13, 25.94, 30.953, 4913, 5315, 8137, 9890, 8928, 14032, 11589, 15784, 36000, 28360, 1, 1, 7207, 9639, 12670, 15321, 14850, 18797, 25483, 32766, 36000, 36000, 1, 1
20:08:08, 1009.70, 27.13, 25.91, 30.953, 970, 1564, 2030, 2274, 3052, 2960, 3350, 3370, 11668, 2656, 0, 0, 4796, 6444, 8560, 10597, 12208, 14759, 18491, 23819, 36000, 36000, 1, 1
20:08:08, 1009.60, 27.13, 25.91, 30.914, 1578, 2260, 3073, 3572, 2448, 2434, 2818, 2904, 9956, 2635, 0, 0, 5462, 7478, 9865, 12019, 14311, 17389, 21797, 29809, 36000, 36000, 1, 1
20:08:09, 1009.50, 27.13, 25.93, 30.891, 1269, 2080, 2704, 3049, 3117, 3028, 3416, 3444, 11962, 2757, 0, 0, 5615, 7729, 10163, 12381, 14520, 17709, 22190, 30693, 36000, 36000, 1, 1
20:08:10, 1009.50, 27.13, 25.93, 30.891, 1277, 2107, 2736, 3087, 3180, 3091, 3494, 3530, 12376, 2922, 0, 0, 4797, 6513, 8638, 10686, 12027, 14412, 18084, 23215, 36000, 36000, 1, 1
20:08:10, 1009.70, 27.14, 25.93, 30.867, 1819, 2556, 3579, 3989, 3109, 3040, 3464, 3516, 11956, 3022, 0, 0, 4755, 6471, 8606, 10641, 12678, 15120, 19067, 25040, 36000, 36000, 1, 1
20:08:11, 1009.70, 27.14, 25.93, 30.859, 1275, 2095, 2724, 3082, 3174, 3079, 3492, 3506, 12150, 2755, 0, 0, 4930, 6737, 8935, 10974, 12301, 14580, 18243, 23537, 36000, 36000, 1, 1
20:08:12, 1009.50, 27.14, 25.94, 30.859, 5995, 6356, 10473, 11224, 11468, 17270, 13398, 19931, 36000, 36000, 1, 1, 5065, 6873, 9112, 11206, 12971, 15551, 19526, 25751, 36000, 36000, 1, 1
20:08:12, 1009.50, 27.14, 25.94, 30.844, 6291, 6527, 11518, 10857, 2059, 2185, 2502, 2754, 9401, 3077, 0, 0, 4777, 6470, 8601, 10673, 12296, 14717, 18350, 23615, 36000, 36000, 1, 1
20:08:13, 1009.80, 27.15, 25.93, 30.836, 768, 1125, 1453, 1889, 2961, 3683, 4068, 5027, 14995, 6956, 0, 0, 4605, 6234, 8324, 10293, 12015, 14414, 17929, 22996, 36000, 36000, 1, 1
20:08:14, 1009.70, 27.15, 25.94, 30.836, 6287, 6572, 10989, 11318, 11929, 18040, 13869, 21447, 36000, 36000, 1, 1, 4642, 6247, 8351, 10337, 12000, 14416, 17906, 23033, 36000, 36000, 1, 1
20:08:14, 1009.80, 27.15, 25.94, 30.820, 658, 921, 1222, 1769, 10537, 16557, 12985, 20086, 35172, 34328, 0, 1, 4673, 6325, 8461, 10464, 12115, 14482, 17999, 23154, 36000, 36000, 1, 1
20:08:15, 1009.80, 27.15, 25.94, 30.820, 6104, 6137, 10630, 10639, 12552, 18568, 15310, 22125, 36000, 36000, 1, 1, 4673, 6326, 8456, 10479, 12110, 14439, 18046, 23174, 36000, 36000, 1, 1
20:08:16, 1009.60, 27.15, 25.96, 30.820, 5219, 5547, 8802, 10274, 16646, 23163, 21475, 29306, 36000, 36000, 1, 1, 1449, 1769, 2052, 2292, 1364, 2312, 3970, 6045, 17561, 13231, 0, 0
20:08:16, 1009.20, 27.15, 25.96, 30.820, 388, 551, 723, 796, 858, 869, 1038, 1176, 4687, 1229, 0, 0, 266, 323, 378, 417, 595, 909, 1485, 2223, 3970, 2792, 0, 0
20:08:17, 1009.70, 27.16, 25.98, 30.828, 441, 625, 805, 871, 888, 899, 1107, 1237, 4756, 1287, 0, 0, 270, 324, 376, 413, 507, 772, 1256, 1902, 3482, 2437, 0, 0
20:08:18, 1009.50, 27.16, 25.98, 30.828, 459, 658, 857, 914, 1903, 1817, 2704, 2600, 7019, 2397, 0, 0, 321, 367, 421, 458, 782, 1220, 2035, 3173, 5616, 4198, 0, 0
20:08:18, 1009.50, 27.16, 25.96, 30.836, 439, 630, 812, 855, 895, 908, 1136, 1298, 4793, 1288, 0, 0, 438, 496, 569, 616, 732, 1150, 1949, 3098, 5471, 4172, 0, 0
20:08:19, 1009.60, 27.17, 25.98, 30.937, 465, 675, 870, 925, 2474, 2357, 3587, 3376, 8092, 2645, 0, 0, 424, 479, 546, 592, 762, 1202, 2028, 3215, 5647, 4282, 0, 0
20:08:20, 1009.70, 27.17, 25.96, 30.937, 936, 1476, 1943, 2557, 3002, 2898, 4605, 4383, 9214, 4167, 0, 0, 434, 490, 556, 602, 751, 1184, 2013, 3248, 5801, 4500, 0, 0
20:08:20, 1009.50, 27.17, 25.98, 31.016, 1062, 1649, 2141, 2676, 3092, 2860, 4280, 3930, 9337, 3466, 0, 0, 419, 471, 533, 576, 729, 1148, 1952, 3160, 5639, 4387, 0, 0
20:08:21, 1009.60, 27.17, 25.96, 31.102, 1077, 1697, 2197, 2761, 3323, 3047, 4736, 4290, 9508, 3531, 0, 0, 413, 463, 525, 568, 725, 1144, 1947, 3148, 5616, 4349, 0, 0
20:08:22, 1009.40, 27.18, 25.96, 31.102, 1056, 1657, 2164, 2780, 3119, 3003, 4853, 4572, 9521, 3662, 0, 0, 403, 452, 512, 555, 666, 1052, 1806, 2935, 5234, 4102, 0, 0
20:08:22, 1009.50, 27.19, 25.98, 31.172, 1002, 1552, 2031, 2573, 2986, 2770, 4172, 3883, 9185, 3353, 0, 0, 411, 463, 526, 567, 702, 1110, 1888, 3043, 5431, 4237, 0, 0
20:08:23, 1009.40, 27.19, 26.05, 31.250, 765, 1095, 1429, 1949, 3169, 3121, 4878, 4651, 10095, 3892, 0, 0, 467, 528, 605, 654, 667, 1056, 1808, 2924, 5199, 4041, 0, 0
20:08:24, 1009.30, 27.20, 26.02, 31.250, 459, 655, 845, 872, 2205, 2090, 3072, 2955, 7486, 2459, 0, 0, 428, 481, 546, 588, 681, 1070, 1826, 2929, 5215, 4031, 0, 0
20:08:24, 1009.20, 27.20, 26.02, 31.305, 488, 703, 893, 926, 1001, 970, 1148, 1223, 4810, 1101, 0, 0, 998, 1073, 1234, 1341, 2052, 3550, 5672, 8557, 17205, 12692, 0, 0
20:08:25, 1009.00, 27.16, 26.05, 31.367, 621, 971, 1264, 1396, 12055, 12376, 17348, 16493, 22830, 10256, 0, 0, 9294, 11568, 14824, 18892, 35650, 36000, 36000, 36000, 36000, 36000, 1, 1
20:08:26, 1009.50, 27.21, 26.02, 31.367, 3072, 4764, 5989, 9944, 5952, 7656, 9095, 8940, 32242, 13041, 0, 0, 9965, 14428, 20525, 28809, 35702, 36000, 36000, 36000, 36000, 36000, 1, 1
20:08:26, 1009.30, 27.23, 26.03, 31.414, 1539, 2333, 3344, 3840, 8330, 6889, 12653, 9393, 36000, 33627, 1, 1, 4401, 6875, 10382, 14593, 11830, 12384, 15159, 16044, 36000, 9577, 1, 1
20:08:27, 1009.40, 27.25, 26.07, 31.344, 3037, 2923, 4890, 4718, 6860, 6181, 8054, 9234, 11877, 4349, 0, 0, 2097, 3241, 5202, 7282, 10117, 10723, 12590, 13395, 34577, 16905, 0, 1
20:08:28, 1009.60, 27.26, 26.07, 31.344, 2327, 3192, 5117, 5234, 3774, 3613, 5651, 4659, 28828, 11376, 0, 0, 3960, 6496, 9998, 13101, 12443, 13118, 16210, 16621, 35751, 7915, 0, 1
20:08:28, 1009.20, 27.26, 26.05, 31.297, 2150, 3632, 5110, 6086, 13571, 12908, 21228, 16578, 27489, 10022, 0, 0, 1708, 2651, 4413, 6306, 8065, 8475, 9951, 10342, 26413, 5352, 0, 0
20:08:29, 1009.40, 27.27, 26.09, 31.250, 2293, 3301, 5197, 5459, 10601, 8846, 15957, 12485, 36000, 36000, 1, 1, 3335, 5095, 8183, 10420, 15401, 16212, 18591, 21083, 36000, 27290, 1, 1
20:08:30, 1010.80, 27.28, 26.09, 31.250, 2071, 2093, 3144, 3631, 4037, 4958, 4576, 6050, 12267, 4977, 0, 0, 1044, 1631, 2935, 4487, 5911, 6333, 7390, 7335, 15476, 1638, 0, 0
20:08:30, 1011.20, 27.32, 26.09, 31.203, 5140, 7181, 10786, 10965, 7202, 6506, 7898, 9396, 13105, 6139, 0, 0, 785, 1207, 2311, 3712, 5163, 5550, 6463, 6444, 13720, 1437, 0, 0
20:08:31, 1022.80, 27.44, 26.09, 31.289, 6136, 6628, 11065, 11143, 6278, 11692, 6733, 11559, 17070, 7275, 0, 0, 780, 1192, 2350, 3850, 5555, 5984, 7057, 6986, 13280, 1269, 0, 0
20:08:32, 1016.30, 27.56, 26.09, 31.289, 2298, 3284, 5204, 6024, 8878, 9546, 9087, 12641, 13825, 2636, 0, 0, 559, 849, 1695, 2842, 4378, 4719, 5578, 5510, 11492, 1150, 0, 0
20:08:32, 1016.30, 27.67, 26.10, 31.328, 2999, 2314, 3740, 4508, 3421, 4582, 4284, 5044, 12230, 3215, 0, 0, 791, 1235, 2400, 3901, 5622, 6039, 7150, 7114, 17158, 1906, 0, 0
20:08:33, 1023.40, 27.77, 26.07, 31.336, 2109, 2300, 3223, 4623, 4413, 5596, 7258, 5873, 25510, 4308, 0, 0, 884, 1379, 2660, 4359, 6659, 7258, 8594, 8765, 22071, 2316, 0, 0
20:08:34, 1016.90, 27.86, 26.05, 31.336, 1553, 3463, 4306, 7592, 9350, 6029, 14599, 8393, 36000, 26592, 1, 1, 898, 1406, 2680, 4312, 6322, 6869, 8052, 8178, 19857, 2048, 0, 0
20:08:34, 1019.70, 27.94, 26.09, 31.359, 4924, 4758, 11127, 7137, 15248, 9425, 16592, 15082, 31653, 27691, 0, 0, 978, 1563, 2953, 4683, 6471, 7002, 8130, 8257, 20737, 2103, 0, 0
20:08:35, 1016.50, 28.01, 26.10, 31.367, 1836, 2634, 4883, 4613, 7317, 5229, 9303, 7221, 35484, 24672, 0, 1, 861, 1357, 2557, 4074, 6323, 6827, 7952, 8121, 20306, 2205, 0, 0
20:08:36, 1022.50, 28.07, 26.12, 31.367, 3292, 4659, 8471, 8050, 4413, 4260, 5379, 5372, 32492, 9292, 0, 1, 841, 1297, 2500, 4083, 5758, 6281, 7361, 7411, 18040, 1813, 0, 0
20:08:36, 1017.40, 28.13, 26.10, 31.367, 1667, 3171, 5176, 5906, 7633, 5537, 10864, 7645, 36000, 19443, 1, 1, 749, 1172, 2288, 3758, 5286, 5728, 6692, 6712, 16402, 1652, 0, 0
20:08:37, 1021.40, 28.18, 26.12, 31.359, 5357, 10694, 13899, 16591, 17347, 16032, 19985, 23936, 36000, 32454, 1, 1, 803, 1262, 2441, 3983, 6116, 6615, 7706, 7727, 19435, 1958, 0, 0
20:08:38, 1022.00, 28.21, 26.10, 31.359, 1364, 2213, 3481, 4379, 4274, 3960, 5666, 5194, 28410, 6038, 0, 0, 623, 954, 1899, 3200, 5047, 5506, 6432, 6447, 15446, 1519, 0, 0
20:08:38, 1016.90, 28.24, 26.09, 31.367, 1646, 3495, 4871, 7097, 12642, 8126, 16916, 14082, 36000, 28926, 1, 1, 780, 1219, 2366, 3849, 6088, 6568, 7635, 7659, 19224, 1996, 0, 0
20:08:39, 1021.30, 28.27, 26.10, 31.375, 1944, 5136, 6684, 10259, 13166, 9710, 18389, 15078, 36000, 27938, 1, 1, 678, 1040, 2053, 3425, 5529, 6020, 7039, 7094, 17512, 1751, 0, 0
20:08:40, 1022.60, 28.30, 26.10, 31.375, 1582, 3311, 4521, 7115, 12572, 8286, 17629, 13220, 36000, 29981, 1, 1, 760, 1193, 2316, 3774, 5627, 6108, 7117, 7157, 17663, 1776, 0, 0
20:08:40, 1019.70, 28.33, 26.10, 31.375, 1040, 1625, 2609, 3055, 5655, 4463, 7160, 6082, 35690, 17936, 0, 1, 718, 1113, 2173, 3584, 5467, 5941, 6929, 6972, 17203, 1751, 0, 0
20:08:41, 1020.60, 28.36, 26.14, 31.391, 3786, 4925, 9833, 8101, 14392, 14370, 15529, 22132, 36000, 29674, 1, 1, 715, 1108, 2159, 3525, 5737, 6198, 7200, 7270, 18169, 1889, 0, 0
20:08:42, 1023.10, 28.38, 26.16, 31.391, 1305, 1836, 3178, 3545, 4026, 3944, 4795, 5396, 26416, 6728, 0, 0, 643, 979, 1949, 3267, 4988, 5431, 6304, 6299, 15300, 1488, 0, 0
20:08:42, 1027.70, 28.40, 26.14, 31.391, 2697, 2908, 6060, 5181, 5578, 5176, 6774, 6625, 36000, 15012, 1, 1, 620, 940, 1883, 3163, 4624, 5065, 5880, 5884, 13680, 1297, 0, 0
20:08:43, 1025.80, 28.42, 26.10, 31.398, 2061, 2605, 4918, 4954, 11858, 10473, 15091, 14336, 36000, 29688, 1, 1, 625, 951, 1911, 3222, 4855, 5307, 6168, 6197, 14780, 1412, 0, 0
20:08:44, 1023.40, 28.44, 26.14, 31.398, 2639, 2969, 5860, 5436, 5754, 5363, 6542, 7179, 35782, 19113, 0, 1, 723, 1122, 2183, 3568, 4983, 5412, 6271, 6292, 15493, 1530, 0, 0
20:08:44, 1015.40, 28.45, 26.12, 31.391, 1426, 2004, 3289, 3651, 5387, 5432, 6596, 7884, 29642, 8243, 0, 0, 813, 1250, 2435, 3950, 5325, 5775, 6703, 6748, 16650, 1710, 0, 0
20:08:45, 1020.10, 28.48, 26.14, 31.391, 6459, 5768, 13853, 8935, 10797, 11285, 12208, 14633, 29601, 21211, 0, 0, 853, 1337, 2588, 4158, 5666, 6111, 7073, 7089, 17039, 1778, 0, 0
20:08:46, 1020.90, 28.51, 26.16, 31.391, 2755, 2926, 5713, 5541, 5923, 6395, 7050, 8480, 33152, 13396, 0, 1, 686, 1044, 2055, 3383, 4977, 5423, 6297, 6344, 15242, 1561, 0, 0
20:08:46, 1016.00, 28.54, 26.18, 31.398, 4006, 4153, 8298, 6949, 10473, 11680, 10773, 13851, 36000, 31408, 1, 1, 786, 1218, 2349, 3784, 5786, 6237, 7228, 7269, 17486, 1870, 0, 0
20:08:47, 1021.50, 28.56, 26.14, 31.391, 5696, 9415, 11092, 14502, 31537, 19169, 19269, 25869, 36000, 35038, 1, 1, 748, 1157, 2249, 3646, 5613, 6087, 7062, 7100, 17197, 1749, 0, 0
20:08:48, 1023.30, 28.58, 26.18, 31.391, 2234, 2700, 4986, 4814, 6354, 6070, 6963, 8592, 35145, 17441, 0, 1, 661, 1000, 1957, 3214, 5116, 5574, 6482, 6544, 15761, 1623, 0, 0
20:08:48, 1015.30, 28.60, 26.18, 31.391, 2488, 2898, 5514, 5130, 12292, 11764, 10964, 14775, 36000, 36000, 1, 1, 850, 1305, 2472, 3936, 6479, 6938, 8066, 8162, 20622, 2329, 0, 0
20:08:49, 1028.10, 28.62, 26.16, 31.391, 5661, 7785, 14927, 13114, 19879, 21950, 18333, 29996, 36000, 33822, 1, 1, 553, 823, 1661, 2810, 4061, 4472, 5209, 5230, 12074, 1176, 0, 0
20:08:50, 1019.30, 28.64, 26.16, 31.391, 1616, 2234, 3995, 4462, 9521, 8700, 9116, 11873, 36000, 16806, 1, 1, 568, 854, 1700, 2841, 5050, 5485, 6398, 6473, 15505, 1623, 0, 0
20:08:50, 1021.80, 28.67, 26.19, 31.391, 6901, 12061, 12547, 18642, 28070, 26040, 31339, 32448, 36000, 31580, 1, 1, 794, 1237, 2393, 3847, 5503, 5948, 6919, 6998, 17256, 1819, 0, 0
20:08:51, 1039.50, 28.70, 26.16, 31.391, 2704, 3179, 6184, 6087, 6749, 6957, 7887, 9313, 36000, 12163, 1, 1, 370, 525, 1093, 1949, 3123, 3500, 4123, 4169, 9493, 889, 0, 0
20:08:52, 1036.60, 28.73, 26.21, 31.406, 1013, 1439, 2650, 3178, 5770, 5871, 7081, 7995, 36000, 8320, 1, 1, 447, 645, 1333, 2347, 3720, 4147, 4869, 4898, 11701, 1099, 0, 0
20:08:52, 1052.70, 28.76, 26.16, 31.414, 1212, 1837, 3413, 4419, 5622, 6120, 7322, 8440, 33563, 4926, 0, 1, 222, 287, 623, 1205, 1766, 2044, 2430, 2421, 5048, 445, 0, 0
20:08:53, 1056.20, 28.79, 26.18, 31.414, 352, 544, 1041, 1507, 2525, 2750, 3387, 3688, 13170, 1553, 0, 0, 163, 203, 445, 880, 1616, 1879, 2246, 2245, 4662, 411, 0, 0
20:08:54, 1060.00, 28.81, 26.18, 31.430, 490, 785, 1478, 2127, 3213, 3356, 4390, 4592, 17432, 2263, 0, 0, 185, 233, 508, 1004, 1601, 1871, 2237, 2227, 4681, 410, 0, 0
20:08:54, 1067.20, 28.84, 26.16, 31.437, 277, 446, 855, 1414, 2057, 2287, 2978, 3254, 10688, 1095, 0, 0, 105, 123, 269, 559, 1129, 1336, 1609, 1602, 3362, 292, 0, 0
20:08:55, 1076.30, 28.85, 26.16, 31.437, 244, 389, 759, 1231, 1780, 1985, 2532, 2719, 8500, 842, 0, 0, 99, 113, 248, 523, 903, 1084, 1310, 1300, 2646, 228, 0, 0
20:08:56, 1087.10, 28.87, 26.19, 31.461, 141, 209, 425, 755, 1128, 1297, 1658, 1782, 4819, 420, 0, 0, 55, 59, 128, 285, 545, 668, 814, 810, 1589, 136, 0, 0
20:08:56, 1092.80, 28.89, 26.23, 31.469, 103, 150, 307, 567, 931, 1082, 1398, 1499, 3881, 329, 0, 0, 43, 45, 96, 218, 428, 531, 652, 648, 1250, 107, 0, 0
20:08:57, 1096.60, 28.90, 26.23, 31.469, 74, 102, 210, 406, 698, 826, 1060, 1133, 2768, 225, 0, 0, 34, 35, 74, 170, 355, 445, 546, 542, 1031, 88, 0, 0
20:08:58, 1098.70, 28.90, 26.23, 31.492, 63, 86, 179, 349, 625, 744, 953, 1028, 2501, 202, 0, 0, 30, 30, 64, 149, 324, 407, 501, 497, 941, 81, 0, 0
20:08:58, 1106.50, 28.91, 26.21, 31.508, 64, 86, 179, 352, 587, 700, 894, 956, 2308, 184, 0, 0, 26, 26, 54, 128, 251, 319, 395, 390, 738, 63, 0, 0
20:08:59, 1111.00, 28.91, 26.19, 31.508, 42, 55, 113, 234, 407, 495, 637, 684, 1541, 121, 0, 0, 18, 18, 37, 88, 200, 256, 320, 319, 591, 50, 0, 0
20:09:00, 1117.90, 28.92, 26.19, 31.516, 36, 46, 95, 199, 342, 421, 540, 580, 1287, 100, 0, 0, 14, 13, 26, 64, 139, 181, 229, 228, 411, 35, 0, 0
20:09:00, 1123.80, 28.92, 26.21, 31.523, 27, 33, 68, 146, 269, 334, 429, 459, 972, 74, 0, 0, 11, 10, 20, 49, 113, 149, 188, 188, 335, 28, 0, 0
20:09:01, 1127.80, 28.93, 26.21, 31.523, 20, 25, 50, 110, 205, 257, 329, 352, 740, 57, 0, 0, 8, 8, 15, 38, 90, 120, 152, 152, 268, 23, 0, 0
20:09:02, 1129.10, 28.93, 26.23, 31.539, 18, 21, 43, 95, 193, 243, 313, 336, 675, 51, 0, 0, 8, 7, 14, 35, 84, 112, 142, 143, 250, 21, 0, 0
20:09:02, 1134.40, 28.93, 26.21, 31.555, 16, 19, 37, 83, 163, 207, 266, 284, 556, 42, 0, 0, 6, 5, 11, 28, 67, 90, 115, 116, 200, 17, 0, 0
20:09:03, 1137.40, 28.93, 26.19, 31.555, 12, 14, 26, 61, 128, 165, 214, 230, 446, 34, 0, 0, 5, 4, 9, 23, 58, 79, 101, 102, 174, 14, 0, 0
20:09:04, 1144.60, 28.93, 26.19, 31.578, 10, 11, 21, 48, 97, 126, 164, 176, 336, 26, 0, 0, 4, 3, 6, 16, 41, 56, 74, 75, 125, 10, 0, 0
20:09:04, 1149.20, 28.93, 26.23, 31.602, 7, 8, 15, 36, 77, 102, 133, 143, 266, 20, 0, 0, 3, 2, 5, 13, 32, 46, 61, 62, 103, 8, 0, 0
20:09:05, 1152.50, 28.94, 26.25, 31.602, 6, 7, 12, 28, 63, 85, 110, 119, 221, 17, 0, 0, 2, 2, 4, 10, 27, 39, 52, 54, 88, 7, 0, 0
20:09:06, 1159.20, 28.95, 26.21, 31.617, 5, 6, 10, 25, 52, 70, 92, 99, 181, 14, 0, 0, 2, 1, 3, 7, 19, 28, 38, 40, 67, 5, 0, 0
20:09:06, 1162.70, 28.95, 26.23, 31.633, 3, 4, 6, 16, 37, 51, 66, 72, 128, 10, 0, 0, 1, 0, 1, 4, 12, 17, 25, 26, 46, 3, 0, 0
20:09:07, 1168.90, 28.95, 26.19, 31.633, 3, 4, 6, 15, 34, 47, 62, 67, 120, 9, 0, 0, 0, 0, 1, 2, 1, 2, 3, 3, 7, 0, 0, 0
20:09:08, 1171.20, 28.96, 26.21, 31.633, 2, 2, 3, 9, 24, 33, 44, 48, 86, 7, 0, 0, 0, 0, 0, 0, 0, 0, 0, 0, 0, 0, 0, 0
20:09:08, 1171.90, 28.97, 26.23, 31.633, 2, 2, 3, 9, 23, 33, 43, 47, 85, 7, 0, 0, 0, 0, 0, 0, 0, 0, 0, 0, 0, 0, 0, 0
20:09:09, 1171.50, 28.99, 26.23, 31.633, 2, 2, 3, 8, 21, 30, 40, 43, 79, 6, 0, 0, 0, 0, 0, 0, 0, 0, 0, 0, 0, 0, 0, 0
20:09:10, 1170.60, 29.00, 26.23, 31.633, 2, 2, 3, 9, 23, 32, 42, 46, 84, 7, 0, 0, 0, 0, 0, 0, 0, 0, 0, 0, 0, 0, 0, 0
20:09:10, 1169.70, 29.01, 26.26, 31.641, 2, 2, 3, 9, 23, 33, 43, 47, 86, 7, 0, 0, 0, 0, 0, 0, 0, 0, 0, 0, 0, 0, 0, 0
20:09:11, 1166.40, 29.01, 26.23, 31.641, 2, 2, 3, 9, 24, 34, 45, 49, 90, 7, 0, 0, 0, 0, 0, 0, 1, 1, 3, 3, 6, 0, 0, 0
20:09:12, 1159.60, 29.01, 26.26, 31.633, 3, 3, 5, 12, 33, 45, 60, 65, 114, 9, 0, 0, 1, 0, 1, 4, 13, 20, 28, 30, 49, 3, 0, 0
20:09:12, 1156.50, 29.03, 26.28, 31.648, 4, 4, 7, 17, 41, 56, 74, 81, 143, 11, 0, 0, 1, 1, 2, 6, 17, 25, 34, 36, 59, 4, 0, 0
20:09:13, 1153.30, 29.05, 26.21, 31.648, 4, 4, 7, 18, 45, 61, 81, 88, 156, 12, 0, 0, 1, 1, 2, 7, 20, 29, 40, 42, 68, 5, 0, 0
20:09:14, 1147.00, 29.07, 26.25, 31.641, 5, 5, 9, 23, 56, 76, 100, 109, 195, 15, 0, 0, 2, 2, 3, 9, 28, 40, 53, 55, 90, 7, 0, 0
20:09:15, 1143.60, 29.09, 26.23, 31.648, 7, 7, 13, 32, 74, 98, 129, 141, 263, 20, 0, 0, 3, 2, 5, 12, 34, 48, 63, 65, 107, 8, 0, 0
20:09:15, 1137.50, 29.10, 26.23, 31.648, 7, 8, 14, 34, 80, 107, 140, 153, 282, 21, 0, 0, 3, 3, 5, 14, 42, 58, 76, 78, 128, 10, 0, 0
20:09:16, 1139.40, 29.11, 26.23, 31.648, 9, 11, 20, 46, 97, 127, 166, 182, 334, 25, 0, 0, 3, 3, 6, 15, 39, 54, 71, 72, 118, 10, 0, 0
20:09:17, 1135.30, 29.12, 26.28, 31.648, 8, 9, 17, 40, 93, 122, 160, 176, 323, 24, 0, 0, 4, 3, 6, 16, 47, 64, 84, 86, 143, 12, 0, 0
20:09:17, 1132.40, 29.13, 26.28, 31.648, 11, 13, 24, 56, 119, 156, 203, 223, 413, 31, 0, 0, 4, 4, 8, 20, 53, 72, 94, 96, 161, 13, 0, 0
20:09:18, 1123.70, 29.14, 26.28, 31.633, 14, 16, 31, 70, 163, 210, 272, 300, 565, 43, 0, 0, 7, 6, 12, 30, 76, 102, 132, 133, 224, 19, 0, 0
20:09:19, 1120.90, 29.14, 26.26, 31.625, 19, 22, 44, 96, 209, 266, 343, 379, 710, 53, 0, 0, 8, 7, 15, 37, 90, 120, 154, 155, 265, 22, 0, 0
20:09:19, 1117.20, 29.16, 26.26, 31.625, 20, 24, 48, 104, 211, 270, 347, 381, 725, 54, 0, 0, 9, 8, 16, 39, 100, 133, 170, 171, 295, 25, 0, 0
20:09:20, 1107.70, 29.17, 26.26, 31.633, 28, 34, 69, 146, 318, 398, 509, 566, 1119, 85, 0, 0, 14, 13, 26, 62, 162, 211, 266, 268, 474, 41, 0, 0
20:09:21, 1098.50, 29.17, 26.25, 31.625, 51, 66, 137, 271, 539, 660, 830, 930, 2057, 163, 0, 0, 23, 23, 47, 110, 247, 314, 394, 394, 706, 61, 0, 0
20:09:21, 1099.70, 29.18, 26.28, 31.625, 62, 83, 170, 332, 579, 705, 888, 991, 2116, 165, 0, 0, 23, 22, 46, 107, 239, 305, 382, 383, 701, 61, 0, 0
20:09:22, 1094.20, 29.19, 26.28, 31.625, 63, 82, 172, 330, 651, 784, 984, 1088, 2449, 195, 0, 0, 29, 29, 60, 138, 310, 391, 488, 489, 906, 78, 0, 0
20:09:23, 1086.20, 29.20, 26.28, 31.609, 90, 124, 257, 475, 901, 1071, 1339, 1494, 3725, 311, 0, 0, 41, 42, 90, 202, 433, 538, 666, 670, 1276, 110, 0, 0
20:09:23, 1085.20, 29.21, 26.26, 31.609, 113, 163, 334, 605, 988, 1167, 1459, 1625, 3989, 333, 0, 0, 42, 44, 93, 209, 441, 547, 676, 680, 1288, 112, 0, 0
20:09:24, 1082.50, 29.21, 26.30, 31.594, 117, 168, 345, 616, 1027, 1200, 1491, 1647, 4283, 372, 0, 0, 50, 53, 114, 251, 506, 623, 767, 770, 1480, 128, 0, 0
20:09:25, 1074.90, 29.21, 26.28, 31.578, 140, 204, 415, 727, 1239, 1427, 1788, 1952, 5357, 475, 0, 0, 63, 69, 150, 324, 692, 840, 1031, 1038, 2046, 179, 0, 0
20:09:25, 1068.60, 29.21, 26.28, 31.578, 195, 300, 596, 1003, 1695, 1912, 2395, 2604, 7931, 762, 0, 0, 91, 104, 227, 475, 947, 1135, 1384, 1395, 2798, 246, 0, 0
20:09:26, 1071.80, 29.21, 26.32, 31.570, 232, 359, 709, 1166, 1757, 1972, 2501, 2710, 8213, 785, 0, 0, 81, 92, 198, 417, 788, 952, 1163, 1171, 2322, 203, 0, 0
20:09:27, 1065.10, 29.21, 26.28, 31.570, 219, 342, 674, 1119, 1936, 2171, 2775, 3026, 9257, 909, 0, 0, 91, 106, 228, 475, 956, 1142, 1391, 1400, 2811, 248, 0, 0
20:09:27, 1059.90, 29.21, 26.35, 31.570, 352, 582, 1099, 1747, 2447, 2657, 3426, 3626, 11696, 1245, 0, 0, 126, 153, 334, 674, 1224, 1444, 1748, 1760, 3599, 319, 0, 0
20:09:28, 1059.80, 29.22, 26.28, 31.539, 371, 610, 1152, 1785, 2688, 2854, 3803, 3954, 13758, 1601, 0, 0, 129, 159, 343, 688, 1212, 1430, 1734, 1745, 3583, 318, 0, 0
20:09:29, 1048.60, 29.23, 26.30, 31.523, 407, 675, 1266, 1952, 3005, 3186, 4241, 4395, 14860, 1760, 0, 0, 181, 232, 498, 967, 1890, 2185, 2631, 2648, 5716, 520, 0, 0
20:09:29, 1051.60, 29.23, 26.30, 31.523, 598, 1001, 1802, 2629, 3759, 3948, 5236, 5564, 19859, 2589, 0, 0, 198, 257, 550, 1064, 1765, 2051, 2470, 2495, 5329, 484, 0, 0
20:09:30, 1048.80, 29.25, 26.32, 31.508, 396, 670, 1214, 1807, 2609, 2738, 3623, 3731, 13205, 1657, 0, 0, 177, 225, 482, 940, 1676, 1944, 2340, 2356, 5026, 458, 0, 0
20:09:31, 1039.10, 29.27, 26.34, 31.500, 540, 943, 1650, 2450, 4366, 4439, 6234, 6141, 24926, 3631, 0, 0, 282, 387, 809, 1488, 2569, 2918, 3488, 3538, 7954, 761, 0, 0
20:09:31, 1039.90, 29.27, 26.35, 31.500, 1101, 1879, 3292, 4491, 4669, 4747, 6402, 6839, 28373, 4306, 0, 0, 260, 349, 736, 1376, 2284, 2614, 3127, 3164, 6954, 649, 0, 0
20:09:32, 1035.30, 29.29, 26.34, 31.492, 1087, 1667, 3011, 3840, 5801, 6161, 8115, 8673, 35921, 6692, 0, 1, 326, 453, 938, 1690, 2947, 3333, 3987, 4066, 9133, 886, 0, 0
20:09:33, 1029.10, 29.29, 26.35, 31.492, 1929, 2780, 4999, 5876, 7085, 7733, 10087, 10439, 36000, 11887, 1, 1, 495, 719, 1451, 2502, 4044, 4504, 5342, 5453, 12685, 1304, 0, 0
20:09:33, 1029.70, 29.29, 26.37, 31.492, 2028, 2675, 5086, 5429, 5405, 5627, 6285, 7402, 34452, 9198, 0, 1, 446, 635, 1292, 2256, 3740, 4189, 4993, 5106, 11773, 1198, 0, 0
20:09:34, 1019.60, 29.30, 26.35, 31.492, 1982, 2442, 4702, 4854, 8131, 9692, 8812, 11843, 36000, 20181, 1, 1, 594, 878, 1731, 2892, 4884, 5387, 6363, 6539, 14944, 1618, 0, 0
20:09:35, 1023.80, 29.29, 26.35, 31.492, 5658, 11685, 11722, 17734, 17893, 14316, 20269, 18558, 35755, 26282, 0, 1, 779, 1191, 2311, 3744, 5203, 5709, 6719, 6872, 16222, 1702, 0, 0
20:09:35, 1021.90, 29.30, 26.35, 31.492, 1423, 1932, 3292, 3702, 5963, 6584, 7018, 8568, 34720, 12250, 0, 1, 610, 903, 1792, 2999, 4466, 4925, 5812, 5952, 14183, 1506, 0, 0
20:09:36, 1017.50, 29.31, 26.37, 31.477, 4660, 4152, 9136, 6854, 19803, 17406, 13996, 23629, 36000, 36000, 1, 1, 863, 1337, 2531, 4028, 5429, 5910, 6927, 7082, 17069, 1916, 0, 0
20:09:37, 1023.80, 29.32, 26.37, 31.477, 2872, 3943, 7187, 7334, 6988, 6966, 8186, 9268, 35842, 17995, 0, 1, 578, 855, 1693, 2859, 4141, 4598, 5446, 5562, 13331, 1411, 0, 0
20:09:37, 1018.80, 29.33, 26.35, 31.477, 3441, 3376, 7118, 5924, 9162, 8080, 9889, 10665, 36000, 33012, 1, 1, 815, 1263, 2383, 3787, 5681, 6176, 7266, 7481, 18445, 2130, 0, 0
20:09:38, 1021.20, 29.35, 26.35, 31.484, 4548, 4011, 7892, 7429, 10038, 14381, 10715, 15599, 36000, 24978, 1, 1, 696, 1035, 2034, 3364, 5098, 5621, 6630, 6816, 16119, 1728, 0, 0
20:09:39, 1010.10, 29.36, 26.35, 31.461, 2373, 2855, 5087, 4686, 8974, 8120, 8582, 10875, 36000, 32721, 1, 1, 1042, 1611, 2919, 4457, 8996, 9485, 11242, 11662, 32496, 7671, 0, 1
20:09:39, 1010.40, 29.37, 26.37, 31.461, 8692, 9595, 20161, 18687, 9271, 27495, 11125, 15871, 36000, 34104, 1, 1, 4637, 7630, 11508, 15289, 19333, 20079, 24109, 26924, 36000, 27648, 1, 1
20:09:40, 1010.60, 29.39, 26.37, 31.406, 3517, 5825, 5667, 12801, 13854, 12049, 27935, 12252, 29414, 11604, 0, 0, 3718, 5627, 8372, 11773, 11676, 13713, 13564, 16309, 28917, 6829, 0, 0
20:09:41, 1010.30, 29.38, 26.37, 31.117, 2219, 4289, 5482, 8130, 2025, 2019, 2409, 2583, 8620, 2984, 0, 0, 6530, 10236, 15051, 19735, 21618, 23207, 26348, 30729, 36000, 21223, 1, 1
20:09:41, 1010.30, 29.38, 26.39, 31.117, 2263, 2361, 3111, 4623, 6382, 8859, 15668, 7319, 35308, 15092, 0, 1, 6718, 10980, 15551, 20538, 33243, 35197, 36000, 36000, 36000, 31627, 1, 1
20:09:42, 1010.40, 29.36, 26.42, 30.508, 8156, 11849, 17174, 19693, 12823, 11455, 15021, 15100, 36000, 36000, 1, 1, 12336, 16094, 22593, 29505, 36000, 36000, 36000, 36000, 36000, 36000, 1, 1
20:09:43, 1010.20, 29.33, 26.41, 29.562, 5047, 3710, 6238, 9574, 8660, 18530, 21052, 17587, 36000, 16595, 1, 1, 13453, 19220, 25476, 34664, 34826, 36000, 36000, 36000, 36000, 36000, 1, 1
20:09:43, 1010.20, 29.30, 26.44, 29.562, 1675, 1828, 2928, 3175, 2628, 2461, 3631, 3299, 19100, 7413, 0, 0, 15398, 20117, 27639, 35685, 34616, 36000, 36000, 36000, 36000, 36000, 1, 1
20:09:44, 1010.40, 29.27, 26.44, 28.867, 2746, 1790, 4449, 2342, 1180, 1172, 1500, 1598, 5750, 1131, 0, 0, 8288, 11794, 15952, 22231, 15724, 18054, 24770, 27811, 32656, 20993, 0, 1
20:09:45, 1010.10, 29.25, 26.48, 28.492, 558, 771, 1009, 1077, 1646, 1740, 2036, 2406, 7062, 1775, 0, 0, 935, 1344, 1895, 2446, 2942, 3088, 4039, 4670, 20083, 10060, 0, 0
20:09:45, 1010.30, 29.22, 26.46, 28.492, 1453, 2062, 2774, 2944, 36000, 36000, 36000, 36000, 31883, 9943, 1, 1, 1170, 1713, 2344, 3280, 4043, 3970, 6300, 6041, 34982, 24350, 0, 1
20:09:46, 1010.20, 29.18, 26.46, 28.172, 18010, 23053, 25901, 36000, 36000, 36000, 36000, 36000, 34607, 12153, 1, 1, 1352, 1940, 2578, 3737, 4291, 4431, 6909, 6799, 36000, 25782, 1, 1
20:09:47, 1010.10, 29.15, 26.44, 27.930, 20121, 23106, 23853, 36000, 36000, 36000, 36000, 36000, 36000, 36000, 1, 1, 2274, 2899, 4064, 5335, 7618, 8087, 12186, 13543, 36000, 36000, 1, 1
20:09:47, 1010.20, 29.12, 26.44, 27.930, 13802, 23423, 32565, 36000, 36000, 36000, 36000, 36000, 36000, 36000, 1, 1, 2645, 3265, 4492, 5946, 3669, 3786, 5335, 5977, 28726, 22096, 0, 0
20:09:48, 1010.00, 29.09, 26.48, 27.719, 950, 1239, 1721, 1847, 1544, 1611, 2060, 2416, 7762, 2471, 0, 0, 1044, 1527, 2207, 3038, 3520, 3676, 5153, 5616, 12380, 5827, 0, 0
20:09:49, 1010.10, 29.06, 26.53, 27.547, 556, 794, 1047, 1146, 1472, 1471, 1748, 1975, 6967, 1890, 0, 0, 1158, 1654, 2377, 3244, 3630, 3817, 5370, 5978, 13188, 6744, 0, 0
20:09:49, 1009.80, 29.02, 26.48, 27.547, 796, 1113, 1435, 1470, 1502, 1441, 1538, 1554, 6905, 1695, 0, 0, 1316, 1861, 2626, 3883, 11575, 12708, 21103, 21500, 30731, 21729, 0, 0
20:09:50, 1009.90, 28.99, 26.51, 27.391, 988, 1294, 1726, 1767, 1878, 1884, 1949, 2147, 7320, 2066, 0, 0, 1820, 2299, 3102, 4716, 4614, 5043, 7766, 8232, 18431, 11238, 0, 0
20:09:51, 1009.90, 28.96, 26.48, 27.227, 844, 1158, 1494, 1521, 1571, 1504, 1608, 1658, 7016, 1661, 0, 0, 1057, 1418, 1952, 2732, 2989, 3363, 4879, 5633, 12231, 7611, 0, 0
20:09:51, 1009.90, 28.93, 26.46, 27.227, 850, 1160, 1508, 1523, 1605, 1530, 1640, 1688, 7039, 1678, 0, 0, 1157, 1582, 2220, 3089, 3956, 4270, 6435, 6929, 14284, 8506, 0, 0
20:09:52, 1009.80, 28.90, 26.48, 27.078, 861, 1175, 1530, 1548, 1599, 1521, 1632, 1676, 7033, 1664, 0, 0, 1829, 2426, 3389, 4578, 5625, 5936, 8956, 9667, 20024, 12343, 0, 0
20:09:53, 1009.90, 28.87, 26.51, 26.922, 858, 1170, 1523, 1541, 1590, 1516, 1627, 1675, 7024, 1669, 0, 0, 1841, 2451, 3434, 4638, 5504, 5764, 8770, 9341, 19519, 12104, 0, 0
20:09:53, 1009.70, 28.85, 26.51, 26.922, 853, 1166, 1515, 1533, 1588, 1506, 1618, 1657, 7019, 1651, 0, 0, 1493, 2099, 2957, 4121, 4703, 4984, 7372, 7897, 16299, 8999, 0, 0
20:09:54, 1009.90, 28.82, 26.53, 26.750, 865, 1179, 1535, 1555, 1636, 1571, 1810, 1817, 7125, 1748, 0, 0, 1333, 1834, 2560, 3526, 3632, 3970, 5983, 6901, 14765, 9583, 0, 0
20:09:55, 1009.60, 28.79, 26.53, 26.648, 823, 1146, 1622, 1894, 2304, 3079, 5063, 6484, 18978, 8431, 0, 0, 2496, 3474, 4538, 6900, 36000, 36000, 36000, 36000, 36000, 36000, 1, 1
20:09:55, 1009.70, 28.75, 26.53, 26.648, 192, 261, 340, 413, 456, 573, 1062, 1445, 3627, 1881, 0, 0, 33360, 36000, 36000, 36000, 36000, 36000, 36000, 36000, 36000, 36000, 1, 1
20:09:56, 1009.70, 28.74, 26.50, 26.477, 504, 691, 976, 1205, 1159, 1711, 3032, 3744, 9327, 3694, 0, 0, 30443, 36000, 36000, 36000, 36000, 36000, 36000, 36000, 36000, 36000, 1, 1
20:09:57, 1020.40, 28.54, 26.57, 26.375, 294, 378, 518, 605, 590, 746, 1653, 2248, 3696, 1922, 0, 0, 32376, 36000, 36000, 36000, 36000, 36000, 36000, 36000, 36000, 36000, 1, 1
20:09:57, 1009.70, 28.69, 26.55, 26.375, 186, 260, 333, 404, 906, 1329, 2373, 3157, 7663, 3289, 0, 0, 21942, 29262, 36000, 36000, 36000, 36000, 36000, 36000, 36000, 36000, 1, 1
