Secchi Depth (cm) = 9999
Forel Ule Scale = 99
pH Colour Scale = 99
SensingSecchi S/N = A017
Latitude (degs N) = 34.14018
Longitude (degs E) = -77.86243
Date = 2026-07-02
Time (UTC), Pressure (mbar) MS5803, Temp (deg C) MS5803, Temp (deg C) 10KTHERM, Temp (deg C) TMP117, ED 415nm, ED 445nm, ED 480nm, ED 515nm, ED 555nm, ED 590nm, ED 630nm, ED 680nm, ED Clear, ED NIR, ED D-SAT, ED A-SAT, EU 415nm, EU 445nm, EU 480nm, EU 515nm, EU 555nm, EU 590nm, EU 630nm, EU 680nm, EU Clear, EU NIR, EU D-SAT, EU A-SAT
19:40:00, 1014.10, 30.49, 30.72, 31.820, 34, 40, 48, 62, 74, 111, 220, 329, 844, 458, 0, 0, 1785, 1715, 2049, 2334, 1998, 2510, 2613, 3978, 21509, 23782, 0, 0
19:40:00, 1014.30, 30.49, 30.71, 31.836, 35, 41, 49, 64, 79, 118, 235, 353, 913, 507, 0, 0, 1580, 1554, 1832, 2112, 1881, 2343, 2471, 3730, 20613, 22730, 0, 0
19:40:01, 1014.50, 30.49, 30.69, 31.852, 37, 43, 52, 67, 78, 116, 229, 341, 881, 479, 0, 0, 1580, 1551, 1832, 2115, 1877, 2339, 2468, 3717, 20476, 22428, 0, 0
19:40:02, 1014.20, 30.49, 30.71, 31.852, 36, 42, 51, 66, 78, 116, 229, 340, 882, 479, 0, 0, 1582, 1542, 1826, 2094, 1870, 2334, 2446, 3711, 19933, 21811, 0, 0
19:40:02, 1014.30, 30.49, 30.71, 31.836, 42, 49, 59, 75, 86, 127, 253, 381, 990, 554, 0, 0, 1559, 1526, 1801, 2067, 1774, 2208, 2330, 3538, 19199, 21038, 0, 0
19:40:03, 1014.40, 30.49, 30.71, 31.820, 38, 44, 54, 69, 81, 119, 235, 347, 904, 492, 0, 0, 1562, 1520, 1800, 2060, 1821, 2260, 2389, 3595, 19642, 21359, 0, 0
19:40:04, 1014.60, 30.48, 30.71, 31.820, 38, 44, 54, 70, 82, 120, 235, 346, 900, 485, 0, 0, 1529, 1487, 1760, 2017, 1729, 2137, 2273, 3432, 19048, 20716, 0, 0
19:40:04, 1014.30, 30.48, 30.71, 31.812, 41, 47, 58, 74, 80, 118, 231, 344, 892, 485, 0, 0, 2156, 2178, 2599, 2991, 3892, 4942, 5854, 7975, 36000, 36000, 1, 1
19:40:05, 1014.30, 30.48, 30.71, 31.789, 298, 324, 355, 444, 112, 178, 445, 821, 2112, 1477, 0, 0, 11588, 16494, 20005, 24588, 20437, 21508, 28884, 33711, 36000, 36000, 1, 1
19:40:06, 1014.50, 30.48, 30.72, 31.789, 272, 296, 328, 421, 456, 736, 1469, 2340, 6447, 4649, 0, 0, 4939, 6470, 8193, 10197, 10041, 11541, 16161, 18710, 36000, 32973, 1, 1
19:40:06, 1014.30, 30.47, 30.72, 31.805, 189, 206, 221, 276, 294, 480, 996, 1614, 4468, 3219, 0, 0, 5877, 7749, 10200, 12632, 15365, 18479, 27681, 33607, 36000, 36000, 1, 1
19:40:07, 1014.40, 30.47, 30.78, 31.703, 158, 171, 171, 200, 5065, 9713, 6266, 10332, 25256, 23835, 0, 0, 7344, 10649, 14171, 17669, 20188, 23352, 31470, 36000, 36000, 36000, 1, 1
19:40:08, 1014.30, 30.47, 30.74, 31.703, 8744, 24018, 33137, 25572, 35143, 26089, 36000, 36000, 36000, 36000, 1, 1, 6652, 9809, 13535, 17300, 19936, 21172, 25860, 29478, 36000, 36000, 1, 1
19:40:08, 1014.30, 30.47, 30.80, 31.656, 4754, 4646, 6649, 15510, 14135, 34017, 29393, 26133, 36000, 26056, 1, 1, 4861, 7081, 9911, 13042, 16274, 17503, 21834, 23964, 36000, 36000, 1, 1
19:40:09, 1014.50, 30.47, 30.74, 31.695, 1639, 2527, 3428, 4710, 9753, 6059, 15403, 9110, 13141, 4927, 0, 0, 6424, 11464, 13980, 20000, 17870, 18568, 20523, 23751, 30075, 5079, 0, 0
19:40:10, 1014.60, 30.47, 30.80, 31.695, 1380, 1963, 2635, 2767, 2239, 2104, 2659, 2482, 8161, 2913, 0, 0, 2586, 3493, 6328, 7467, 10897, 11349, 11599, 13435, 18436, 4107, 0, 0
19:40:10, 1018.00, 30.47, 30.80, 31.578, 1306, 1986, 2577, 2812, 2831, 2757, 3113, 3288, 9231, 2827, 0, 0, 863, 1392, 2607, 4088, 6255, 6472, 7290, 6970, 14648, 1316, 0, 0
19:40:11, 1027.60, 30.48, 30.78, 31.383, 7672, 16043, 21737, 20729, 14460, 8330, 17816, 15932, 10849, 3639, 0, 0, 829, 1330, 2653, 4350, 6866, 7140, 8107, 7769, 16285, 1474, 0, 0
19:40:12, 1025.10, 30.49, 30.80, 31.383, 2218, 3972, 5815, 7530, 26834, 28255, 28814, 32139, 31335, 4945, 0, 0, 726, 1157, 2333, 3865, 6198, 6443, 7316, 7012, 16010, 1503, 0, 0
19:40:12, 1023.00, 30.49, 30.80, 31.227, 9406, 15277, 15743, 16407, 26813, 33514, 27398, 35022, 30097, 6996, 0, 1, 781, 1258, 2492, 4059, 5947, 6159, 6979, 6675, 15223, 1432, 0, 0
19:40:13, 1023.70, 30.50, 30.80, 31.141, 6908, 11813, 12827, 18823, 34701, 34516, 25596, 36000, 36000, 10972, 1, 1, 771, 1244, 2465, 4013, 5759, 5969, 6762, 6463, 14895, 1405, 0, 0
19:40:14, 1026.50, 30.51, 30.78, 31.141, 4510, 8593, 10152, 18713, 23677, 22787, 27467, 24224, 26161, 5048, 0, 0, 729, 1173, 2354, 3873, 5582, 5803, 6585, 6292, 14330, 1322, 0, 0
19:40:14, 1027.30, 30.51, 30.74, 31.109, 8329, 12206, 14909, 15773, 27409, 28416, 23067, 35851, 36000, 5959, 1, 1, 716, 1146, 2307, 3806, 5627, 5858, 6646, 6359, 14300, 1307, 0, 0
19:40:15, 1028.80, 30.52, 30.78, 31.086, 6870, 11224, 13028, 15691, 26396, 27524, 22031, 36000, 36000, 6416, 1, 1, 706, 1130, 2279, 3765, 5607, 5845, 6624, 6338, 14290, 1297, 0, 0
19:40:16, 1029.30, 30.52, 30.72, 31.086, 3366, 6707, 9052, 16287, 19350, 21799, 28403, 27028, 35757, 5235, 0, 1, 693, 1106, 2245, 3729, 5506, 5742, 6504, 6224, 14339, 1300, 0, 0
19:40:16, 1030.50, 30.53, 30.76, 31.070, 4577, 8539, 10845, 16477, 16179, 18952, 31786, 23607, 35683, 5042, 0, 1, 709, 1131, 2298, 3817, 5589, 5832, 6608, 6322, 14579, 1319, 0, 0
19:40:17, 1030.70, 30.54, 30.76, 31.070, 5159, 9493, 11601, 14695, 21304, 22489, 26153, 30713, 36000, 5549, 1, 1, 693, 1103, 2246, 3738, 5595, 5839, 6612, 6328, 14676, 1327, 0, 0
19:40:18, 1031.50, 30.54, 30.80, 31.070, 5446, 10250, 12094, 14836, 22692, 22938, 23337, 30469, 36000, 5511, 1, 1, 682, 1085, 2209, 3681, 5545, 5790, 6563, 6288, 14513, 1309, 0, 0
19:40:18, 1031.60, 30.55, 30.80, 31.062, 5187, 9868, 11967, 15309, 25037, 23360, 23217, 33739, 36000, 5896, 1, 1, 671, 1067, 2176, 3629, 5468, 5715, 6477, 6205, 14294, 1287, 0, 0
19:40:19, 1031.20, 30.55, 30.78, 31.055, 4821, 8742, 11330, 16697, 25463, 22358, 24022, 33569, 36000, 6134, 1, 1, 673, 1068, 2178, 3625, 5455, 5696, 6453, 6184, 14356, 1297, 0, 0
19:40:20, 1030.30, 30.55, 30.74, 31.055, 4998, 8880, 11564, 17473, 26735, 23058, 25652, 34744, 36000, 6770, 1, 1, 693, 1104, 2240, 3713, 5557, 5796, 6560, 6297, 14734, 1339, 0, 0
19:40:20, 1031.40, 30.56, 30.76, 31.055, 4505, 7734, 10317, 18732, 17903, 21415, 33150, 29063, 36000, 5758, 1, 1, 707, 1127, 2290, 3799, 5586, 5834, 6605, 6345, 14905, 1353, 0, 0
19:40:21, 1032.10, 30.56, 30.76, 31.047, 4808, 8709, 11495, 16472, 21518, 22549, 30791, 31471, 36000, 6361, 1, 1, 702, 1118, 2275, 3782, 5642, 5899, 6684, 6426, 15089, 1366, 0, 0
19:40:22, 1032.70, 30.57, 30.72, 31.047, 4926, 8551, 11819, 17647, 23253, 22576, 28924, 29795, 36000, 6953, 1, 1, 691, 1098, 2240, 3730, 5627, 5885, 6667, 6414, 15094, 1361, 0, 0
19:40:22, 1033.00, 30.57, 30.74, 31.039, 4562, 7324, 10287, 17630, 21568, 22637, 32073, 27266, 36000, 7345, 1, 1, 686, 1088, 2222, 3699, 5531, 5787, 6553, 6306, 14987, 1350, 0, 0
19:40:23, 1033.90, 30.57, 30.71, 31.039, 4493, 7091, 10037, 17415, 17519, 21630, 32834, 23646, 36000, 6650, 1, 1, 672, 1064, 2180, 3644, 5446, 5711, 6471, 6232, 14809, 1326, 0, 0
19:40:24, 1032.30, 30.58, 30.78, 31.039, 5015, 9338, 13000, 16571, 24420, 23345, 29455, 30966, 36000, 8800, 1, 1, 685, 1087, 2217, 3690, 5554, 5812, 6579, 6336, 15064, 1358, 0, 0
19:40:24, 1032.70, 30.58, 30.76, 31.023, 5445, 10361, 14272, 16870, 27791, 22121, 25525, 34264, 36000, 10039, 1, 1, 693, 1101, 2241, 3718, 5615, 5878, 6653, 6412, 15303, 1389, 0, 0
19:40:25, 1035.30, 30.59, 30.80, 31.031, 4775, 7042, 9941, 18848, 19220, 22832, 29388, 26904, 36000, 8591, 1, 1, 670, 1058, 2170, 3631, 5426, 5702, 6467, 6234, 14906, 1337, 0, 0
19:40:26, 1035.00, 30.59, 30.74, 31.031, 4396, 8111, 10115, 16521, 18521, 20107, 24132, 27571, 36000, 10162, 1, 1, 665, 1050, 2152, 3600, 5388, 5667, 6429, 6203, 14891, 1341, 0, 0
19:40:26, 1036.20, 30.60, 30.80, 31.023, 4042, 5972, 8366, 17301, 12694, 18437, 24737, 19687, 36000, 6415, 1, 1, 642, 1008, 2081, 3503, 5241, 5527, 6270, 6054, 14455, 1291, 0, 0
19:40:27, 1035.90, 30.60, 30.78, 31.031, 4257, 8200, 9969, 14945, 15714, 21086, 22787, 23922, 36000, 10115, 1, 1, 658, 1035, 2125, 3559, 5343, 5629, 6377, 6168, 14894, 1333, 0, 0
19:40:28, 1034.60, 30.60, 30.78, 31.031, 4269, 7792, 9574, 15257, 15365, 21426, 21491, 23597, 36000, 10717, 1, 1, 656, 1032, 2116, 3541, 5313, 5597, 6335, 6131, 14926, 1335, 0, 0
19:40:28, 1034.10, 30.61, 30.74, 31.031, 4476, 10165, 12304, 14902, 17952, 18778, 24680, 32962, 36000, 13727, 1, 1, 672, 1063, 2168, 3611, 5427, 5704, 6448, 6239, 15306, 1380, 0, 0
19:40:29, 1034.30, 30.61, 30.74, 31.031, 4636, 9878, 12050, 15054, 17440, 18721, 23976, 33085, 36000, 15011, 1, 1, 679, 1073, 2192, 3647, 5477, 5754, 6492, 6275, 15427, 1379, 0, 0
19:40:30, 1034.60, 30.61, 30.76, 31.031, 4133, 8296, 11690, 13805, 13913, 20467, 17752, 26530, 36000, 14633, 1, 1, 710, 1125, 2295, 3813, 5803, 6091, 6872, 6652, 16160, 1442, 0, 0
19:40:30, 1036.20, 30.61, 30.78, 31.023, 3867, 7467, 13183, 12274, 13578, 16430, 16825, 34517, 36000, 16067, 1, 1, 680, 1074, 2199, 3671, 5573, 5872, 6632, 6427, 15531, 1366, 0, 0
19:40:31, 1035.10, 30.61, 30.72, 31.031, 3825, 8079, 11754, 12634, 23545, 18806, 22143, 28536, 36000, 17016, 1, 1, 665, 1053, 2150, 3585, 5462, 5754, 6491, 6294, 15547, 1368, 0, 0
19:40:32, 1038.20, 30.61, 30.78, 31.031, 3918, 5803, 14433, 10950, 18426, 15140, 16019, 26951, 36000, 16852, 1, 1, 625, 982, 2023, 3405, 5091, 5393, 6098, 5912, 14491, 1243, 0, 0
19:40:32, 1036.00, 30.62, 30.74, 31.031, 3394, 5640, 8819, 10790, 21977, 16547, 19747, 21438, 36000, 17923, 1, 1, 635, 1004, 2057, 3450, 5220, 5518, 6231, 6043, 15071, 1300, 0, 0
19:40:33, 1036.80, 30.62, 30.76, 31.031, 3919, 6311, 9070, 11790, 21004, 16274, 18133, 20759, 36000, 22521, 1, 1, 675, 1072, 2179, 3629, 5375, 5680, 6413, 6219, 15422, 1325, 0, 0
19:40:34, 1037.10, 30.62, 30.76, 31.031, 3585, 4889, 8563, 9182, 16503, 15846, 20028, 20274, 36000, 21639, 1, 1, 650, 1030, 2103, 3528, 5278, 5580, 6306, 6101, 15169, 1293, 0, 0
19:40:34, 1039.50, 30.63, 30.82, 31.023, 3255, 3961, 7635, 7573, 12195, 11288, 12051, 13997, 36000, 19418, 1, 1, 622, 979, 2016, 3411, 5028, 5337, 6047, 5848, 14315, 1205, 0, 0
19:40:35, 1038.50, 30.63, 30.78, 31.023, 2953, 4202, 7450, 8309, 12748, 12822, 16195, 16509, 36000, 17697, 1, 1, 624, 984, 2024, 3420, 5121, 5425, 6142, 5939, 14661, 1239, 0, 0
19:40:36, 1040.10, 30.63, 30.76, 31.023, 3215, 4515, 8017, 8806, 12982, 12502, 14713, 15552, 36000, 19160, 1, 1, 623, 982, 2017, 3406, 5060, 5369, 6089, 5901, 14456, 1222, 0, 0
19:40:36, 1040.80, 30.64, 30.76, 31.023, 2880, 4128, 7366, 8286, 11374, 12486, 16486, 16136, 36000, 15103, 1, 1, 591, 929, 1919, 3262, 4900, 5207, 5913, 5728, 13975, 1174, 0, 0
19:40:37, 1041.00, 30.64, 30.76, 31.031, 2927, 4361, 7649, 8805, 11403, 12970, 17926, 17007, 36000, 15127, 1, 1, 589, 927, 1913, 3250, 4876, 5181, 5886, 5699, 13920, 1171, 0, 0
19:40:38, 1040.30, 30.64, 30.80, 31.031, 2851, 3929, 7242, 7825, 11189, 12607, 17656, 16931, 36000, 14678, 1, 1, 579, 910, 1880, 3199, 4835, 5135, 5835, 5646, 13807, 1162, 0, 0
19:40:38, 1037.40, 30.65, 30.78, 31.023, 3053, 4494, 7885, 8965, 12767, 14947, 20918, 20793, 36000, 16438, 1, 1, 616, 976, 1998, 3367, 5126, 5423, 6149, 5950, 14771, 1258, 0, 0
19:40:39, 1036.40, 30.65, 30.80, 31.031, 3363, 4101, 7970, 7679, 11597, 11916, 15169, 15375, 36000, 20890, 1, 1, 660, 1051, 2133, 3562, 5306, 5603, 6352, 6149, 15358, 1315, 0, 0
19:40:40, 1032.10, 30.65, 30.74, 31.031, 3659, 5440, 9163, 10395, 13284, 15922, 22800, 21415, 36000, 20924, 1, 1, 694, 1110, 2236, 3705, 5624, 5915, 6685, 6462, 16432, 1423, 0, 0
19:40:40, 1030.20, 30.66, 30.80, 31.023, 4204, 6334, 10132, 11403, 15979, 17128, 22429, 21709, 36000, 30088, 1, 1, 763, 1227, 2434, 3969, 5840, 6132, 6912, 6710, 17177, 1518, 0, 0
19:40:41, 1032.90, 30.66, 30.78, 31.031, 5052, 7374, 11861, 13400, 14944, 18142, 26096, 23040, 36000, 31951, 1, 1, 763, 1228, 2434, 3971, 5745, 6042, 6825, 6638, 16845, 1493, 0, 0
19:40:42, 1029.10, 30.66, 30.80, 31.031, 4204, 5604, 9908, 10103, 15595, 20507, 29281, 26254, 36000, 29324, 1, 1, 733, 1178, 2344, 3842, 5699, 5985, 6756, 6559, 17005, 1519, 0, 0
19:40:42, 1025.90, 30.67, 30.80, 31.031, 6146, 10135, 13527, 21795, 17357, 23617, 36000, 34571, 36000, 35995, 1, 1, 831, 1345, 2615, 4186, 6082, 6351, 7146, 6965, 18367, 1712, 0, 0
19:40:43, 1023.20, 30.67, 30.78, 31.039, 5737, 7014, 11550, 11090, 19718, 20440, 26799, 25691, 36000, 36000, 1, 1, 878, 1426, 2762, 4405, 6231, 6501, 7314, 7115, 19099, 1796, 0, 0
19:40:44, 1026.30, 30.67, 30.80, 31.039, 6713, 14773, 16000, 28675, 30101, 19857, 22547, 24722, 36000, 36000, 1, 1, 956, 1544, 2985, 4736, 6838, 7144, 8050, 7880, 20207, 1897, 0, 0
19:40:44, 1026.20, 30.68, 30.82, 31.031, 5285, 6682, 10549, 11224, 23019, 18723, 15819, 25138, 36000, 36000, 1, 1, 928, 1498, 2909, 4632, 6691, 6989, 7877, 7702, 19661, 1848, 0, 0
19:40:45, 1026.30, 30.68, 30.82, 31.039, 5462, 6934, 18718, 12532, 26647, 18672, 16639, 27353, 36000, 36000, 1, 1, 874, 1406, 2742, 4389, 6300, 6595, 7425, 7253, 18693, 1740, 0, 0
19:40:46, 1023.80, 30.68, 30.82, 31.039, 6207, 12236, 12901, 18503, 36000, 27243, 30819, 31483, 36000, 36000, 1, 1, 853, 1375, 2675, 4269, 6219, 6493, 7297, 7126, 18780, 1774, 0, 0
19:40:46, 1024.70, 30.69, 30.82, 31.039, 6747, 17241, 15162, 20721, 35932, 22661, 24539, 36000, 36000, 36000, 1, 1, 883, 1427, 2768, 4402, 6419, 6696, 7535, 7366, 19090, 1805, 0, 0
19:40:47, 1023.30, 30.69, 30.82, 31.031, 5821, 8515, 26099, 14327, 35131, 22113, 21968, 35912, 36000, 36000, 1, 1, 897, 1448, 2813, 4473, 6496, 6775, 7617, 7436, 19440, 1838, 0, 0
19:40:48, 1024.30, 30.69, 30.78, 31.031, 6429, 10366, 21340, 15179, 22441, 18555, 15750, 34195, 36000, 36000, 1, 1, 973, 1575, 3037, 4796, 6899, 7189, 8094, 7920, 20292, 1934, 0, 0
19:40:48, 1024.70, 30.70, 30.80, 31.016, 6448, 6540, 21586, 12025, 24848, 16942, 15009, 27243, 36000, 36000, 1, 1, 924, 1496, 2904, 4625, 6634, 6933, 7817, 7634, 19685, 1834, 0, 0
19:40:49, 1023.40, 30.70, 30.82, 31.023, 6396, 9442, 12362, 15035, 33625, 22084, 23771, 25572, 36000, 36000, 1, 1, 954, 1548, 2979, 4709, 6737, 7026, 7913, 7740, 20280, 1918, 0, 0
19:40:50, 1023.50, 30.70, 30.78, 31.023, 6553, 6784, 12987, 10640, 28817, 22289, 20514, 24225, 36000, 36000, 1, 1, 926, 1504, 2899, 4596, 6500, 6783, 7638, 7448, 19542, 1810, 0, 0
19:40:50, 1023.50, 30.70, 30.82, 31.016, 6586, 8578, 12840, 12514, 26598, 22981, 26162, 26553, 36000, 36000, 1, 1, 919, 1494, 2875, 4562, 6537, 6820, 7676, 7479, 19671, 1828, 0, 0
19:40:51, 1024.30, 30.70, 30.80, 31.023, 5792, 5222, 10941, 8285, 20878, 16860, 15700, 19613, 36000, 36000, 1, 1, 892, 1447, 2809, 4485, 6375, 6661, 7500, 7293, 18999, 1733, 0, 0
19:40:52, 1024.40, 30.71, 30.80, 31.023, 6303, 8639, 13080, 13042, 22755, 21035, 21931, 22874, 36000, 36000, 1, 1, 916, 1485, 2877, 4581, 6545, 6836, 7691, 7491, 19413, 1774, 0, 0
19:40:52, 1024.00, 30.71, 30.84, 31.023, 6323, 8805, 13174, 13303, 21700, 21423, 25586, 27113, 36000, 36000, 1, 1, 914, 1482, 2869, 4564, 6578, 6859, 7711, 7512, 19568, 1804, 0, 0
19:40:53, 1024.10, 30.71, 30.84, 31.016, 6118, 6389, 12278, 10225, 23757, 19709, 16993, 22013, 36000, 36000, 1, 1, 910, 1476, 2859, 4553, 6510, 6792, 7644, 7442, 19391, 1780, 0, 0
19:40:54, 1022.80, 30.72, 30.82, 31.016, 6413, 8406, 12588, 12349, 25534, 20626, 18331, 23403, 36000, 36000, 1, 1, 931, 1511, 2913, 4618, 6624, 6904, 7771, 7582, 19844, 1855, 0, 0
19:40:54, 1024.00, 30.72, 30.80, 31.000, 6526, 11833, 13645, 17091, 27812, 23400, 27660, 26726, 36000, 36000, 1, 1, 946, 1538, 2962, 4688, 6714, 7004, 7885, 7705, 20045, 1869, 0, 0
19:40:55, 1024.60, 30.72, 30.80, 31.008, 6494, 9494, 13481, 14003, 21927, 22264, 33391, 29515, 36000, 36000, 1, 1, 935, 1519, 2932, 4652, 6702, 7002, 7892, 7719, 20080, 1881, 0, 0
19:40:56, 1024.20, 30.72, 30.82, 31.008, 6096, 7635, 11976, 11453, 23411, 21820, 26400, 27688, 36000, 36000, 1, 1, 929, 1507, 2910, 4627, 6679, 6973, 7857, 7674, 20069, 1877, 0, 0
19:40:56, 1026.70, 30.72, 30.82, 31.008, 6259, 7015, 12024, 11676, 17636, 15893, 13148, 21420, 36000, 36000, 1, 1, 891, 1438, 2799, 4478, 6393, 6694, 7554, 7376, 18937, 1730, 0, 0
19:40:57, 1028.20, 30.72, 30.82, 31.000, 5540, 8820, 11861, 13862, 25218, 20955, 21832, 23628, 36000, 36000, 1, 1, 852, 1373, 2690, 4324, 6242, 6542, 7388, 7209, 18384, 1673, 0, 0
19:40:58, 1031.70, 30.73, 30.82, 31.000, 4675, 5544, 10435, 9604, 17764, 15812, 14740, 19463, 36000, 35898, 1, 1, 765, 1225, 2439, 3986, 5740, 6047, 6847, 6666, 16733, 1481, 0, 0
19:40:58, 1032.80, 30.73, 30.80, 31.008, 4429, 6441, 9852, 11550, 22622, 17273, 19123, 21136, 36000, 30524, 1, 1, 741, 1183, 2367, 3889, 5734, 6048, 6867, 6694, 16775, 1500, 0, 0
19:40:59, 1033.30, 30.73, 30.80, 31.008, 4075, 5305, 9443, 9708, 17773, 15295, 14530, 19613, 36000, 30698, 1, 1, 738, 1174, 2355, 3882, 5746, 6070, 6907, 6749, 16920, 1523, 0, 0
19:41:00, 1033.90, 30.73, 30.84, 31.016, 4130, 6274, 9393, 11260, 19629, 16409, 16190, 20810, 36000, 30171, 1, 1, 755, 1202, 2409, 3963, 5770, 6094, 6944, 6784, 16864, 1511, 0, 0
19:41:00, 1034.00, 30.74, 30.82, 31.016, 4009, 6699, 9169, 12086, 20436, 17949, 25675, 23224, 36000, 26702, 1, 1, 776, 1243, 2477, 4052, 5880, 6201, 7046, 6877, 17280, 1542, 0, 0
19:41:01, 1050.40, 30.74, 30.80, 31.016, 2842, 3388, 6742, 6530, 9764, 9484, 10576, 11905, 36000, 17082, 1, 1, 560, 859, 1787, 3077, 4280, 4619, 5326, 5208, 12277, 1049, 0, 0
19:41:02, 1062.20, 30.74, 30.82, 31.023, 1424, 2249, 4147, 5317, 6896, 7169, 9214, 9556, 36000, 5164, 1, 1, 344, 494, 1070, 1961, 3057, 3381, 3958, 3899, 8643, 726, 0, 0
19:41:02, 1067.20, 30.74, 30.84, 31.016, 1093, 1847, 3380, 4739, 6827, 7276, 9227, 9988, 36000, 3976, 1, 1, 283, 394, 861, 1613, 2596, 2905, 3428, 3391, 7316, 614, 0, 0
19:41:03, 1072.20, 30.74, 30.85, 31.016, 833, 1430, 2660, 3848, 5141, 5409, 6872, 7285, 28976, 2702, 0, 0, 231, 311, 682, 1305, 2162, 2451, 2924, 2909, 6107, 516, 0, 0
19:41:04, 1075.80, 30.74, 30.84, 31.016, 641, 1109, 2075, 3102, 4174, 4403, 5602, 5928, 22313, 2108, 0, 0, 219, 289, 634, 1221, 2024, 2313, 2770, 2776, 5799, 492, 0, 0
19:41:04, 1082.40, 30.74, 30.82, 31.008, 456, 752, 1470, 2242, 3340, 3592, 4528, 4798, 17065, 1539, 0, 0, 180, 230, 501, 979, 1630, 1896, 2307, 2344, 4829, 422, 0, 0
19:41:05, 1092.70, 30.75, 30.84, 31.008, 358, 581, 1162, 1846, 2658, 2898, 3631, 3849, 12637, 1073, 0, 0, 129, 158, 334, 661, 946, 1130, 1423, 1481, 3368, 318, 0, 0
19:41:06, 1094.50, 30.75, 30.82, 31.008, 239, 379, 781, 1311, 2008, 2211, 2760, 2896, 9233, 770, 0, 0, 61, 70, 143, 284, 526, 639, 814, 862, 2270, 236, 0, 0
19:41:06, 1095.90, 30.75, 30.85, 31.000, 230, 357, 745, 1233, 1904, 2102, 2568, 2718, 8805, 751, 0, 0, 72, 84, 170, 335, 700, 853, 1079, 1154, 2866, 289, 0, 0
19:41:07, 1096.60, 30.75, 30.82, 31.000, 166, 252, 529, 873, 1345, 1482, 1773, 1866, 5917, 514, 0, 0, 116, 138, 283, 556, 1000, 1216, 1522, 1641, 3769, 358, 0, 0
19:41:08, 1096.60, 30.75, 30.82, 30.992, 165, 250, 526, 867, 1355, 1493, 1781, 1881, 5949, 517, 0, 0, 117, 139, 287, 561, 1019, 1237, 1548, 1670, 3848, 366, 0, 0
19:41:08, 1096.80, 30.75, 30.84, 31.000, 164, 250, 525, 868, 1349, 1487, 1776, 1874, 5901, 511, 0, 0, 118, 140, 289, 565, 1024, 1243, 1555, 1680, 3880, 369, 0, 0
19:41:09, 1096.20, 30.75, 30.82, 31.000, 165, 252, 529, 872, 1369, 1506, 1797, 1899, 5981, 518, 0, 0, 121, 144, 297, 581, 1071, 1299, 1623, 1751, 4009, 379, 0, 0
19:41:10, 1089.30, 30.75, 30.82, 30.992, 157, 241, 500, 832, 1485, 1623, 1979, 2071, 6776, 596, 0, 0, 79, 91, 188, 373, 700, 838, 1055, 1084, 2563, 254, 0, 0
19:41:10, 1079.30, 30.76, 30.82, 30.992, 389, 638, 1267, 2021, 3323, 3634, 4558, 4827, 17078, 1444, 0, 0, 179, 228, 497, 971, 1744, 2012, 2433, 2457, 5093, 442, 0, 0
19:41:11, 1077.40, 30.76, 30.85, 30.992, 557, 953, 1814, 2872, 4254, 4735, 6009, 6375, 21894, 1787, 0, 0, 192, 248, 542, 1056, 1870, 2146, 2582, 2597, 5386, 466, 0, 0
19:41:12, 1071.80, 30.76, 30.87, 30.984, 646, 1100, 2076, 3222, 4802, 5331, 6791, 7169, 25904, 2140, 0, 0, 227, 302, 664, 1273, 2257, 2555, 3042, 3034, 6449, 550, 0, 0
19:41:12, 1058.60, 30.76, 30.85, 30.992, 873, 1431, 2688, 3847, 5980, 6466, 8241, 8599, 36000, 3536, 1, 1, 321, 455, 989, 1827, 3193, 3525, 4125, 4067, 9102, 768, 0, 0
19:41:13, 1044.10, 30.76, 30.85, 30.992, 1553, 2326, 4323, 5385, 8943, 9034, 10894, 11678, 36000, 8564, 1, 1, 506, 771, 1614, 2807, 4510, 4849, 5579, 5467, 13031, 1118, 0, 0
19:41:14, 1039.70, 30.76, 30.85, 30.992, 2870, 4865, 7430, 9910, 14863, 14339, 20111, 19089, 36000, 13652, 1, 1, 583, 910, 1873, 3175, 4838, 5163, 5901, 5779, 14140, 1232, 0, 0
19:41:14, 1033.70, 30.77, 30.85, 31.000, 3271, 5816, 8213, 11227, 20786, 16274, 20314, 21314, 36000, 15995, 1, 1, 635, 1000, 2038, 3410, 5266, 5575, 6334, 6180, 15320, 1343, 0, 0
19:41:15, 1021.20, 30.77, 30.82, 31.000, 4381, 6216, 11215, 11202, 22653, 17225, 15866, 24495, 36000, 35489, 1, 1, 841, 1352, 2647, 4259, 6404, 6695, 7547, 7373, 19068, 1791, 0, 0
19:41:16, 1018.30, 30.77, 30.85, 31.000, 6444, 7346, 26932, 13131, 32141, 19898, 18385, 36000, 36000, 36000, 1, 1, 995, 1612, 3073, 4809, 6757, 7012, 7870, 7688, 20139, 1976, 0, 0
19:41:16, 1021.60, 30.77, 30.82, 31.008, 7240, 9823, 35226, 17055, 18468, 25140, 17354, 32260, 36000, 36000, 1, 1, 930, 1504, 2895, 4566, 6450, 6702, 7541, 7350, 18851, 1802, 0, 0
19:41:17, 1022.10, 30.77, 30.87, 31.008, 4150, 5765, 9695, 9160, 25223, 19890, 21739, 35898, 36000, 35903, 1, 1, 861, 1388, 2705, 4310, 6267, 6514, 7332, 7136, 18232, 1726, 0, 0
19:41:18, 1020.90, 30.78, 30.85, 31.016, 6075, 14606, 18932, 15478, 19283, 18417, 28159, 36000, 36000, 36000, 1, 1, 875, 1412, 2745, 4361, 6299, 6537, 7366, 7158, 18163, 1727, 0, 0
19:41:18, 1021.10, 30.78, 30.84, 31.023, 8772, 16686, 15213, 24118, 23862, 27639, 34694, 36000, 36000, 36000, 1, 1, 876, 1418, 2758, 4386, 6322, 6555, 7400, 7182, 17970, 1731, 0, 0
19:41:19, 1015.60, 30.78, 30.84, 31.023, 8819, 19769, 16915, 24323, 28155, 27937, 35583, 36000, 36000, 36000, 1, 1, 897, 1453, 2818, 4469, 6751, 6946, 7833, 7595, 19212, 1978, 0, 0
19:41:20, 1016.00, 30.78, 30.84, 31.023, 8396, 11867, 15333, 31032, 15125, 27077, 36000, 25938, 36000, 13923, 1, 1, 4765, 8316, 10676, 13683, 18428, 18117, 22161, 22751, 35170, 8885, 0, 1
19:41:20, 1015.90, 30.78, 30.85, 31.000, 4833, 8835, 10467, 26665, 16310, 22354, 36000, 26029, 35591, 11605, 1, 1, 7337, 12232, 16841, 21792, 25049, 28762, 33170, 36000, 36000, 36000, 1, 1
19:41:21, 1015.70, 30.78, 30.87, 31.000, 17531, 20119, 27357, 36000, 35883, 35745, 35947, 36000, 36000, 36000, 1, 1, 5012, 6888, 9981, 13601, 15957, 17368, 20696, 18739, 36000, 16595, 1, 1
