Secchi Depth (cm) = 9999
Forel Ule Scale = 99
pH Colour Scale = 99
SensingSecchi S/N = A017
Latitude (degs N) = 34.13974
Longitude (degs E) = -77.86252
Date = 2026-07-31
Time (UTC), Pressure (mbar) MS5803, Temp (deg C) MS5803, Temp (deg C) 10KTHERM, Temp (deg C) TMP117, ED 415nm, ED 445nm, ED 480nm, ED 515nm, ED 555nm, ED 590nm, ED 630nm, ED 680nm, ED Clear, ED NIR, ED D-SAT, ED A-SAT, EU 415nm, EU 445nm, EU 480nm, EU 515nm, EU 555nm, EU 590nm, EU 630nm, EU 680nm, EU Clear, EU NIR, EU D-SAT, EU A-SAT
20:06:55, 1009.70, 26.73, 25.29, 30.789, 4124, 7259, 9255, 14821, 15281, 15789, 23912, 20011, 36000, 13181, 1, 1, 602, 636, 739, 782, 949, 1425, 2164, 4340, 8574, 6911, 0, 0
20:06:55, 1009.70, 26.75, 25.31, 30.789, 3629, 6259, 8050, 13092, 13308, 13632, 22226, 17020, 35454, 12505, 0, 1, 495, 538, 616, 663, 798, 1193, 1821, 3681, 7518, 6056, 0, 0
20:06:56, 1009.50, 26.75, 25.31, 30.781, 4199, 7350, 9439, 15051, 15989, 16774, 24952, 20821, 36000, 13429, 1, 1, 582, 619, 715, 762, 826, 1243, 1903, 3842, 7964, 6423, 0, 0
20:06:57, 1009.60, 26.75, 25.31, 30.773, 3920, 6898, 8728, 14171, 14098, 14465, 23184, 17982, 36000, 12901, 1, 1, 370, 421, 464, 518, 583, 882, 1377, 2778, 6221, 5008, 0, 0
20:06:57, 1009.50, 26.76, 25.31, 30.773, 4058, 7126, 9037, 14626, 15990, 16899, 25312, 20795, 36000, 13695, 1, 1, 406, 461, 505, 566, 969, 1510, 2361, 4694, 10074, 8075, 0, 0
20:06:58, 1009.70, 26.76, 25.34, 30.742, 4342, 7508, 9589, 15180, 15760, 16558, 25120, 20580, 36000, 13875, 1, 1, 683, 705, 829, 864, 1021, 1537, 2327, 4654, 8747, 6995, 0, 0
20:06:59, 1009.50, 26.76, 25.33, 30.750, 3769, 6572, 8415, 13552, 14974, 15363, 23612, 19402, 36000, 13003, 1, 1, 711, 735, 859, 900, 1129, 1711, 2605, 5240, 10177, 8167, 0, 0
20:06:59, 1009.60, 26.76, 25.36, 30.750, 4667, 8035, 10304, 15791, 15330, 15913, 24375, 19859, 36000, 13286, 1, 1, 576, 614, 708, 755, 825, 1243, 1910, 3841, 7764, 6206, 0, 0
20:07:00, 1009.60, 26.77, 25.34, 30.742, 3936, 6891, 8732, 14166, 15142, 15762, 24356, 19760, 36000, 13528, 1, 1, 373, 426, 466, 523, 622, 954, 1505, 3029, 6755, 5415, 0, 0
20:07:01, 1009.60, 26.77, 25.34, 30.742, 6056, 10619, 14040, 19353, 16199, 17021, 25587, 21243, 36000, 14072, 1, 1, 474, 535, 587, 655, 635, 987, 1566, 3140, 6874, 5488, 0, 0
20:07:01, 1009.70, 26.77, 25.40, 30.742, 3777, 6610, 8432, 13592, 14218, 14489, 23070, 18058, 36000, 12831, 1, 1, 354, 406, 442, 496, 609, 943, 1496, 3003, 6546, 5231, 0, 0
20:07:02, 1009.80, 26.77, 25.38, 30.727, 4571, 7872, 10096, 15656, 16898, 17990, 26615, 21646, 36000, 13998, 1, 1, 575, 614, 701, 750, 872, 1326, 2040, 4091, 8102, 6480, 0, 0
20:07:03, 1009.70, 26.78, 25.40, 30.727, 4386, 7577, 9616, 15097, 15557, 16521, 25357, 20385, 36000, 13468, 1, 1, 352, 404, 440, 494, 579, 899, 1425, 2865, 6218, 4954, 0, 0
20:07:03, 1009.70, 26.78, 25.38, 30.719, 4804, 8247, 10466, 15936, 17374, 18694, 27575, 22877, 36000, 14612, 1, 1, 448, 502, 552, 613, 744, 1151, 1806, 3637, 7557, 6033, 0, 0
20:07:04, 1009.60, 26.79, 25.40, 30.695, 4027, 7088, 8965, 14508, 14970, 15382, 23696, 19480, 36000, 13245, 1, 1, 363, 415, 450, 505, 586, 913, 1449, 2917, 6279, 5011, 0, 0
20:07:05, 1009.60, 26.79, 25.41, 30.695, 4375, 7541, 9616, 15258, 16452, 17491, 26168, 21302, 36000, 14213, 1, 1, 401, 455, 496, 555, 640, 995, 1576, 3182, 6880, 5510, 0, 0
20:07:05, 1009.70, 26.79, 25.41, 30.687, 5230, 8969, 11438, 17067, 17972, 19567, 28404, 24176, 36000, 15564, 1, 1, 395, 451, 488, 549, 610, 955, 1520, 3061, 6661, 5331, 0, 0
20:07:06, 1009.50, 26.79, 25.43, 30.672, 4371, 7538, 9511, 15066, 15710, 16664, 25466, 20583, 36000, 13897, 1, 1, 358, 411, 445, 501, 565, 883, 1405, 2819, 6101, 4882, 0, 0
20:07:07, 1009.60, 26.79, 25.41, 30.672, 4328, 7499, 9569, 15211, 16064, 16990, 25365, 20849, 36000, 13717, 1, 1, 417, 470, 515, 573, 701, 1086, 1710, 3444, 7203, 5763, 0, 0
20:07:07, 1009.50, 26.80, 25.43, 30.656, 4381, 7586, 9677, 15176, 17204, 18497, 27233, 22705, 36000, 14924, 1, 1, 363, 416, 451, 507, 597, 935, 1484, 2982, 6499, 5196, 0, 0
20:07:08, 1009.30, 26.80, 25.41, 30.633, 5076, 8710, 11059, 16664, 17901, 19433, 28373, 24044, 36000, 15884, 1, 1, 679, 705, 811, 853, 992, 1545, 2392, 4820, 9360, 7429, 0, 0
20:07:09, 1009.60, 26.80, 25.43, 30.633, 4678, 6416, 8337, 13353, 11121, 16544, 13915, 18261, 36000, 32504, 1, 1, 9028, 13270, 17586, 21834, 26161, 36000, 36000, 36000, 36000, 36000, 1, 1
20:07:09, 1009.50, 26.82, 25.45, 30.641, 2272, 2998, 4545, 4976, 6342, 7568, 7767, 9059, 36000, 15668, 1, 1, 8895, 12672, 17125, 20694, 27376, 36000, 36000, 36000, 36000, 36000, 1, 1
20:07:10, 1009.60, 26.84, 25.47, 30.687, 3090, 3953, 5569, 7413, 6179, 7336, 8288, 8439, 30759, 10657, 0, 0, 8153, 12043, 16469, 19682, 21988, 28902, 36000, 36000, 36000, 36000, 1, 1
20:07:11, 1009.60, 26.84, 25.43, 30.687, 1327, 2038, 2647, 3188, 2933, 3405, 4932, 6102, 17766, 9984, 0, 0, 7092, 10750, 14778, 17669, 19200, 24771, 34739, 36000, 36000, 35782, 1, 1
20:07:11, 1009.50, 26.84, 25.43, 30.805, 1850, 2444, 3518, 3683, 4974, 5011, 7040, 8218, 22067, 13521, 0, 0, 1605, 2221, 2943, 3460, 12332, 15195, 22152, 26034, 25564, 20324, 0, 0
20:07:12, 1009.80, 26.86, 25.45, 30.828, 1118, 1632, 2162, 2682, 2978, 3372, 4126, 4821, 14933, 5282, 0, 0, 9506, 13253, 17709, 22414, 22838, 31529, 36000, 36000, 36000, 36000, 1, 1
20:07:13, 1009.40, 26.84, 25.47, 30.828, 1254, 1821, 2465, 3028, 2820, 3079, 3484, 3830, 14090, 4216, 0, 0, 5153, 7356, 9668, 11984, 14444, 16930, 25977, 31534, 36000, 36000, 1, 1
20:07:13, 1009.70, 26.84, 25.48, 30.859, 996, 1449, 2025, 2223, 1378, 1629, 2310, 3085, 9637, 3295, 0, 0, 208, 228, 238, 278, 270, 440, 1211, 2478, 4369, 2661, 0, 0
20:07:14, 1009.60, 26.83, 25.48, 30.859, 571, 840, 1170, 1394, 1447, 1649, 2443, 3041, 9396, 3311, 0, 0, 560, 601, 579, 634, 663, 1128, 3436, 6775, 11808, 7172, 0, 0
20:07:15, 1009.60, 26.85, 25.48, 30.859, 452, 643, 900, 1117, 1385, 1626, 2611, 3197, 9111, 3153, 0, 0, 393, 419, 403, 439, 307, 504, 1608, 3310, 5811, 3407, 0, 0
20:07:15, 1009.50, 26.85, 25.50, 30.875, 80, 101, 127, 151, 342, 457, 906, 1326, 3589, 1560, 0, 0, 197, 213, 203, 222, 281, 416, 1209, 2498, 3983, 2222, 0, 0
20:07:16, 1009.70, 26.86, 25.56, 30.867, 237, 328, 444, 513, 663, 867, 1638, 2239, 5965, 2196, 0, 0, 728, 886, 1079, 1530, 1857, 1934, 5122, 5751, 7660, 4320, 0, 0
20:07:17, 1009.50, 26.87, 25.56, 30.867, 224, 317, 434, 501, 600, 767, 1406, 1908, 5255, 1942, 0, 0, 198, 214, 219, 241, 234, 347, 1168, 2489, 3674, 1909, 0, 0
20:07:17, 1009.40, 26.88, 25.57, 30.867, 176, 248, 335, 385, 222, 321, 742, 1183, 2661, 1133, 0, 0, 104, 111, 108, 117, 120, 171, 611, 1443, 2045, 1037, 0, 0
20:07:18, 1009.70, 26.89, 25.56, 30.898, 187, 260, 346, 384, 1278, 1360, 2171, 3028, 10213, 5068, 0, 0, 812, 854, 1119, 1258, 5497, 7811, 13300, 17872, 19924, 10043, 0, 0
20:07:19, 1009.60, 26.89, 25.59, 30.898, 2063, 2866, 4276, 4483, 4957, 5067, 5818, 6661, 33335, 14203, 0, 1, 9206, 13631, 18264, 23151, 27684, 35941, 36000, 36000, 36000, 36000, 1, 1
20:07:19, 1009.50, 26.91, 25.57, 30.914, 1531, 2212, 3176, 3427, 3894, 3924, 4626, 5364, 25143, 9607, 0, 0, 10984, 16405, 22073, 27517, 31976, 36000, 36000, 36000, 36000, 36000, 1, 1
20:07:20, 1009.20, 26.92, 25.59, 30.891, 1103, 1612, 2262, 2472, 2638, 2753, 3221, 3976, 16929, 5555, 0, 0, 9486, 13987, 19714, 23788, 25150, 30628, 36000, 36000, 36000, 36000, 1, 1
20:07:21, 1009.70, 26.92, 25.61, 30.891, 1177, 1669, 2363, 2595, 3066, 3172, 3654, 4413, 19475, 6696, 0, 0, 9042, 13257, 18424, 22325, 26519, 32907, 36000, 36000, 36000, 36000, 1, 1
20:07:21, 1009.50, 26.94, 25.63, 30.859, 1125, 1602, 2263, 2484, 2797, 2934, 3388, 4145, 17695, 5815, 0, 0, 8854, 13055, 18226, 22248, 25390, 31526, 36000, 36000, 36000, 36000, 1, 1
20:07:22, 1009.50, 26.95, 25.68, 30.844, 1133, 1607, 2277, 2499, 3172, 3298, 3759, 4463, 20257, 7041, 0, 0, 8311, 12342, 16489, 20841, 24275, 32169, 36000, 36000, 36000, 36000, 1, 1
20:07:23, 1009.40, 26.95, 25.64, 30.844, 1664, 2410, 3473, 3718, 3776, 3849, 4432, 5062, 23974, 9022, 0, 0, 8038, 11450, 15337, 19038, 25877, 33450, 36000, 36000, 36000, 36000, 1, 1
20:07:23, 1009.60, 26.93, 25.66, 30.828, 1203, 1798, 2433, 3085, 3107, 3166, 4134, 3978, 11959, 4188, 0, 0, 6174, 9392, 12889, 15667, 11054, 12842, 17692, 22773, 35643, 23400, 0, 1
20:07:24, 1009.30, 26.92, 25.70, 30.930, 630, 854, 1198, 1499, 887, 1246, 2437, 3363, 8169, 3810, 0, 0, 760, 775, 850, 942, 1340, 2304, 4767, 7988, 22137, 17140, 0, 0
20:07:25, 1009.70, 26.92, 25.70, 30.930, 256, 295, 346, 425, 437, 735, 1846, 2950, 6363, 3342, 0, 0, 1894, 2405, 2960, 3638, 3895, 5762, 10441, 15782, 36000, 36000, 1, 1
20:07:25, 1009.40, 26.91, 25.68, 30.906, 257, 325, 418, 531, 784, 1161, 2388, 3317, 7908, 3615, 0, 0, 1230, 1240, 1562, 1837, 1393, 2059, 4400, 6694, 16649, 9826, 0, 0
20:07:26, 1009.70, 26.91, 25.68, 30.937, 493, 702, 932, 1103, 1133, 1254, 1817, 2246, 6891, 2438, 0, 0, 1332, 1631, 1982, 2432, 2628, 3874, 8714, 13496, 30369, 17845, 0, 0
20:07:27, 1009.30, 26.91, 25.66, 30.937, 488, 691, 919, 1077, 1148, 1277, 1836, 2311, 6866, 2371, 0, 0, 4200, 5582, 7577, 9446, 14390, 18189, 28550, 35948, 36000, 36000, 1, 1
