Secchi Depth (cm) = 9999
Forel Ule Scale = 99
pH Colour Scale = 99
SensingSecchi S/N = A017
Latitude (degs N) = 34.13987
Longitude (degs E) = -77.86259
Date = 2026-08-15
Time (UTC), Pressure (mbar) MS5803, Temp (deg C) MS5803, Temp (deg C) 10KTHERM, Temp (deg C) TMP117, ED 415nm, ED 445nm, ED 480nm, ED 515nm, ED 555nm, ED 590nm, ED 630nm, ED 680nm, ED Clear, ED NIR, ED D-SAT, ED A-SAT, EU 415nm, EU 445nm, EU 480nm, EU 515nm, EU 555nm, EU 590nm, EU 630nm, EU 680nm, EU Clear, EU NIR, EU D-SAT, EU A-SAT
17:38:31, -4880.30, -513.52, 29.43, 28.437, 37, 41, 42, 51, 57, 98, 227, 377, 913, 528, 0, 0, 5139, 7187, 9488, 12129, 14886, 17201, 25233, 30386, 36000, 36000, 1, 1
17:38:31, -4880.30, -513.52, 29.49, 28.375, 39, 43, 45, 54, 59, 101, 235, 393, 952, 554, 0, 0, 5286, 7381, 9726, 12424, 14550, 17017, 25149, 30361, 36000, 36000, 1, 1
17:38:32, -4880.30, -513.52, 29.43, 28.375, 39, 43, 44, 53, 58, 101, 235, 391, 948, 553, 0, 0, 5126, 7041, 9309, 11942, 13355, 15822, 23659, 28740, 36000, 36000, 1, 1
17:38:33, -4880.30, -513.52, 29.45, 28.312, 39, 43, 44, 53, 59, 102, 235, 391, 948, 553, 0, 0, 4941, 6764, 8947, 11485, 12804, 15237, 22868, 27896, 36000, 36000, 1, 1
17:38:33, -4880.30, -513.52, 29.47, 28.289, 39, 43, 44, 53, 58, 101, 234, 390, 942, 549, 0, 0, 4800, 6500, 8613, 11075, 12044, 14404, 21652, 26493, 36000, 36000, 1, 1
17:38:34, -4880.30, -513.52, 29.49, 28.289, 38, 41, 43, 52, 57, 98, 228, 378, 914, 531, 0, 0, 4598, 6233, 8293, 10681, 11933, 14128, 21029, 25525, 36000, 36000, 1, 1
17:38:35, -4880.30, -513.52, 29.49, 28.266, 38, 41, 43, 52, 57, 98, 229, 377, 911, 527, 0, 0, 4548, 6177, 8233, 10602, 11911, 14055, 20889, 25303, 36000, 36000, 1, 1
17:38:35, -4880.30, -513.52, 29.49, 28.281, 37, 41, 42, 51, 54, 93, 219, 363, 876, 509, 0, 0, 4412, 5995, 8008, 10281, 11605, 13632, 20273, 24551, 36000, 36000, 1, 1
17:38:36, -4880.30, -513.52, 29.45, 28.281, 36, 40, 41, 50, 55, 95, 221, 365, 881, 511, 0, 0, 4352, 5940, 7930, 10141, 11504, 13428, 20015, 24193, 36000, 36000, 1, 1
17:38:37, -4880.30, -513.52, 29.53, 28.289, 36, 40, 41, 50, 54, 94, 220, 365, 878, 509, 0, 0, 4401, 6025, 8045, 10284, 11593, 13472, 20068, 24168, 36000, 36000, 1, 1
17:38:37, -4880.30, -513.52, 29.45, 28.312, 36, 40, 41, 50, 55, 96, 222, 366, 882, 511, 0, 0, 4312, 5931, 7940, 10096, 11517, 13291, 19721, 23691, 36000, 36000, 1, 1
17:38:38, -4880.30, -513.52, 29.53, 28.312, 36, 40, 42, 51, 56, 97, 225, 368, 888, 515, 0, 0, 4192, 5776, 7755, 9803, 11250, 12921, 19087, 22891, 36000, 36000, 1, 1
17:38:39, -4880.30, -513.52, 29.51, 28.320, 38, 42, 44, 53, 59, 101, 233, 381, 916, 531, 0, 0, 4112, 5656, 7606, 9602, 10836, 12435, 18312, 21944, 36000, 36000, 1, 1
17:38:39, -4880.30, -513.52, 29.53, 28.328, 38, 42, 44, 54, 58, 100, 231, 376, 907, 527, 0, 0, 4029, 5557, 7485, 9407, 10707, 12246, 17990, 21541, 36000, 36000, 1, 1
17:38:40, -4880.30, -513.52, 29.53, 28.328, 37, 41, 43, 53, 58, 101, 232, 376, 908, 527, 0, 0, 3972, 5485, 7396, 9293, 10684, 12218, 17940, 21436, 36000, 36000, 1, 1
17:38:41, -4880.30, -513.52, 29.53, 28.320, 38, 42, 44, 54, 58, 101, 231, 373, 901, 522, 0, 0, 3942, 5414, 7314, 9187, 10456, 11998, 17568, 21036, 36000, 36000, 1, 1
17:38:41, -4880.30, -513.52, 29.53, 28.289, 37, 41, 43, 52, 57, 99, 226, 365, 886, 516, 0, 0, 3751, 5156, 7014, 8743, 10080, 11546, 16814, 20114, 36000, 36000, 1, 1
17:38:42, -4880.30, -513.52, 29.53, 28.289, 37, 41, 43, 53, 58, 101, 229, 370, 897, 523, 0, 0, 3708, 5093, 6932, 8634, 9981, 11418, 16593, 19852, 36000, 36000, 1, 1
17:38:43, -4880.30, -513.52, 29.53, 28.242, 38, 42, 44, 54, 60, 103, 234, 377, 913, 531, 0, 0, 3732, 5133, 6986, 8709, 10139, 11567, 16793, 20051, 36000, 36000, 1, 1
17:38:43, -4880.30, -513.52, 29.51, 28.195, 39, 43, 46, 56, 62, 107, 242, 389, 943, 549, 0, 0, 3759, 5205, 7076, 8827, 9906, 11379, 16611, 19844, 36000, 36000, 1, 1
17:38:44, -4880.30, -513.52, 29.54, 28.195, 97, 107, 119, 147, 206, 352, 759, 1174, 2849, 1673, 0, 0, 4786, 6639, 9135, 11002, 12342, 14396, 19899, 24144, 36000, 32861, 1, 1
17:38:45, -4880.30, -513.52, 29.53, 28.172, 147, 167, 195, 252, 254, 418, 853, 1282, 3205, 1857, 0, 0, 5231, 7614, 10418, 12523, 19101, 20876, 28938, 33486, 36000, 36000, 1, 1
17:38:45, -4880.30, -513.52, 29.54, 28.164, 863, 1269, 1857, 2155, 2841, 2874, 3388, 3646, 19383, 6536, 0, 0, 7272, 11734, 15581, 19740, 22912, 24748, 32596, 35892, 36000, 36000, 1, 1
17:38:46, -4880.30, -513.52, 29.54, 28.164, 1121, 1648, 2377, 2784, 2954, 3042, 3556, 3822, 19686, 6529, 0, 0, 8329, 12315, 17120, 22407, 34551, 35900, 36000, 36000, 36000, 36000, 1, 1
17:38:47, -4880.30, -513.52, 29.53, 28.141, 1020, 1519, 2182, 2571, 2937, 3029, 3547, 3807, 18999, 6218, 0, 0, 7003, 11154, 16066, 20541, 13171, 14403, 18696, 20483, 36000, 36000, 1, 1
17:38:47, -4880.30, -513.52, 29.56, 28.148, 971, 1438, 2062, 2448, 3716, 3909, 4529, 4907, 23729, 7962, 0, 0, 867, 1267, 1910, 2655, 3472, 3640, 4081, 3845, 9765, 1009, 0, 0
17:38:48, -4880.30, -513.52, 29.62, 28.148, 1110, 1654, 2628, 3510, 9724, 10856, 13198, 14291, 35963, 5534, 0, 1, 196, 295, 607, 1068, 2334, 2493, 2785, 2555, 6266, 566, 0, 0
17:38:49, -4880.30, -513.52, 29.62, 29.086, 1524, 2448, 3622, 4813, 11985, 12694, 13714, 16896, 35521, 11792, 0, 1, 457, 723, 1365, 2195, 3654, 3812, 4278, 4067, 11112, 1170, 0, 0
17:38:49, -4880.30, -513.52, 29.58, 29.617, 3464, 6129, 8420, 9723, 13414, 14022, 14911, 19882, 36000, 20029, 1, 1, 514, 814, 1554, 2520, 3746, 3919, 4401, 4172, 11265, 1144, 0, 0
17:38:50, -4880.30, -513.52, 29.54, 29.617, 3297, 5900, 8517, 10184, 11695, 12116, 13837, 16760, 36000, 8139, 1, 1, 333, 517, 1023, 1726, 2627, 2771, 3111, 2902, 7635, 735, 0, 0
17:38:51, -4880.30, -513.52, 29.56, 29.867, 1795, 3220, 4875, 6104, 9068, 9720, 11501, 13349, 34486, 4609, 0, 1, 210, 313, 653, 1170, 2003, 2142, 2395, 2209, 5730, 519, 0, 0
17:38:51, -4880.30, -513.52, 29.53, 30.047, 987, 1712, 2589, 3723, 3996, 4605, 5291, 5990, 13654, 1563, 0, 0, 236, 345, 732, 1335, 2488, 2653, 2966, 2731, 6537, 596, 0, 0
17:38:52, -4880.30, -513.52, 29.54, 30.047, 606, 905, 1386, 1944, 3198, 3962, 4327, 4681, 11470, 1640, 0, 0, 324, 487, 1006, 1767, 2745, 2902, 3229, 2998, 7118, 660, 0, 0
17:38:53, -4880.30, -513.52, 29.54, 30.148, 890, 1230, 1870, 2539, 2189, 2471, 2728, 3018, 7758, 1243, 0, 0, 437, 665, 1351, 2329, 3485, 3678, 4124, 3842, 9312, 891, 0, 0
17:38:53, -4880.30, -513.52, 29.54, 30.211, 1540, 2386, 3509, 4902, 4378, 5162, 6083, 6351, 18619, 2716, 0, 0, 369, 565, 1136, 1939, 3090, 3259, 3653, 3396, 8158, 797, 0, 0
17:38:54, -4880.30, -513.52, 29.58, 30.211, 809, 1121, 1649, 2271, 4015, 4764, 5524, 5871, 15804, 2338, 0, 0, 222, 316, 622, 1076, 1678, 1828, 2039, 1906, 4034, 530, 0, 0
17:38:55, -4880.30, -513.52, 29.58, 30.242, 2416, 4237, 5999, 7106, 5107, 5903, 6732, 7455, 20426, 3734, 0, 0, 367, 562, 1114, 1880, 3044, 3201, 3609, 3357, 7624, 743, 0, 0
17:38:55, -4880.30, -513.52, 29.53, 30.266, 1590, 2846, 4139, 5323, 9328, 9889, 11534, 14088, 35647, 6932, 0, 1, 241, 365, 743, 1290, 2155, 2278, 2558, 2371, 6012, 572, 0, 0
17:38:56, -4880.30, -513.52, 29.54, 30.266, 1283, 2220, 3227, 4225, 7659, 7980, 9808, 11887, 34134, 7132, 0, 1, 290, 445, 894, 1529, 2385, 2518, 2822, 2634, 6957, 661, 0, 0
17:38:57, -4880.30, -513.52, 29.58, 30.273, 1272, 2176, 3156, 4235, 4156, 4398, 5491, 5930, 20664, 3852, 0, 0, 320, 492, 992, 1701, 2433, 2575, 2885, 2700, 7191, 677, 0, 0
17:38:57, -4880.30, -513.52, 29.56, 30.289, 1099, 1935, 2846, 3738, 4182, 4413, 5324, 5930, 19945, 3209, 0, 0, 303, 463, 944, 1639, 2438, 2588, 2890, 2695, 7111, 653, 0, 0
17:38:58, -4880.30, -513.52, 29.54, 30.289, 849, 1484, 2176, 3040, 4722, 4741, 6214, 6475, 26631, 5168, 0, 0, 317, 485, 984, 1699, 2387, 2535, 2831, 2637, 6981, 646, 0, 0
17:38:59, -4880.30, -513.52, 29.54, 30.289, 1505, 2681, 4029, 5310, 6009, 6177, 7622, 8635, 36000, 7011, 1, 1, 295, 449, 908, 1566, 2436, 2601, 2895, 2716, 7404, 681, 0, 0
17:38:59, -4880.30, -513.52, 29.56, 30.305, 1357, 2402, 3632, 4554, 5553, 5814, 6908, 7990, 33162, 5722, 0, 1, 290, 444, 890, 1523, 2444, 2608, 2888, 2728, 7374, 689, 0, 0
17:39:00, -4880.30, -513.52, 29.53, 30.305, 1765, 2753, 4258, 4865, 6030, 6429, 7297, 8332, 34624, 6895, 0, 1, 362, 563, 1102, 1825, 2616, 2770, 3055, 2925, 8137, 789, 0, 0
17:39:01, -4880.30, -513.52, 29.53, 30.312, 3473, 6278, 7877, 9648, 13814, 11235, 12370, 14523, 36000, 29837, 1, 1, 526, 818, 1574, 2540, 3896, 4082, 4511, 4372, 12019, 1240, 0, 0
17:39:01, -4880.30, -513.52, 29.56, 30.312, 3679, 6244, 8501, 12320, 12904, 13510, 18301, 17990, 35661, 25494, 0, 1, 478, 743, 1419, 2285, 3890, 4072, 4520, 4333, 11964, 1230, 0, 0
17:39:02, -4880.30, -513.52, 29.53, 30.312, 5934, 9990, 14548, 16400, 19083, 20228, 24364, 26128, 36000, 30346, 1, 1, 581, 910, 1697, 2674, 4347, 4543, 5055, 4853, 13470, 1362, 0, 0
17:39:03, -4880.30, -513.52, 29.54, 30.312, 5900, 8758, 12481, 16072, 19578, 20359, 23885, 27690, 36000, 30357, 1, 1, 512, 802, 1496, 2351, 3905, 4085, 4542, 4365, 12229, 1258, 0, 0
17:39:03, -4880.30, -513.52, 29.54, 30.320, 4081, 7026, 9832, 14224, 18313, 23890, 26839, 25615, 36000, 29967, 1, 1, 498, 784, 1446, 2257, 3476, 3623, 4030, 3896, 10822, 1171, 0, 0
17:39:04, -4880.30, -513.52, 29.56, 30.320, 3393, 5830, 7600, 10334, 13573, 16312, 21981, 20925, 36000, 25660, 1, 1, 576, 905, 1687, 2658, 3667, 3817, 4244, 4074, 11288, 1221, 0, 0
17:39:05, -4880.30, -513.52, 29.54, 30.320, 3080, 5549, 7267, 9295, 8681, 9804, 13143, 13237, 36000, 19442, 1, 1, 602, 951, 1802, 2878, 3920, 4091, 4559, 4368, 11954, 1241, 0, 0
17:39:05, -4880.30, -513.52, 29.56, 30.320, 4355, 7708, 10515, 12138, 4592, 4622, 5741, 6145, 25115, 7140, 0, 0, 701, 1110, 2078, 3280, 3884, 4065, 4539, 4344, 11751, 1191, 0, 0
17:39:06, -4880.30, -513.52, 29.56, 30.320, 3078, 5623, 7671, 9158, 10633, 10757, 13470, 15775, 35701, 26975, 0, 1, 594, 945, 1798, 2882, 4260, 4436, 4975, 4753, 12698, 1288, 0, 0
17:39:07, -4880.30, -513.52, 29.58, 30.320, 3403, 5765, 7995, 9517, 13184, 14211, 16674, 18955, 36000, 17546, 1, 1, 503, 800, 1526, 2470, 3890, 4062, 4552, 4348, 11387, 1127, 0, 0
17:39:07, -4880.30, -513.52, 29.53, 30.328, 3315, 6062, 7962, 10012, 12002, 12892, 14250, 17413, 36000, 17550, 1, 1, 547, 869, 1649, 2659, 4351, 4547, 5086, 4881, 13283, 1329, 0, 0
17:39:08, -4880.30, -513.52, 29.60, 30.328, 3331, 5686, 8258, 11689, 11194, 13128, 17375, 16745, 36000, 12936, 1, 1, 379, 586, 1156, 1945, 2864, 3038, 3369, 3180, 8242, 760, 0, 0
17:39:09, -4880.30, -513.52, 29.56, 30.328, 1372, 2284, 3614, 4433, 3914, 3862, 4818, 4868, 26539, 5845, 0, 0, 445, 688, 1345, 2249, 3239, 3445, 3830, 3628, 9835, 916, 0, 0
17:39:09, -4880.30, -513.52, 29.58, 30.328, 885, 1501, 2380, 3139, 3248, 3295, 4073, 4241, 19644, 3329, 0, 0, 365, 556, 1112, 1912, 2856, 3059, 3405, 3212, 8651, 795, 0, 0
17:39:10, -4880.30, -513.52, 29.56, 30.328, 984, 1721, 2729, 3724, 4531, 4798, 5754, 6459, 19028, 2394, 0, 0, 230, 344, 714, 1277, 1951, 2094, 2337, 2169, 5490, 499, 0, 0
17:39:11, -4880.30, -513.52, 29.56, 30.320, 795, 1305, 2103, 2982, 4091, 4508, 5323, 6007, 11385, 1189, 0, 0, 187, 268, 574, 1064, 1672, 1809, 2006, 1847, 4235, 381, 0, 0
17:39:12, -4880.30, -513.52, 29.60, 30.320, 911, 1594, 2640, 3811, 4715, 5092, 6269, 6968, 15432, 1465, 0, 0, 148, 203, 448, 865, 1488, 1630, 1803, 1627, 3408, 293, 0, 0
17:39:12, -4880.30, -513.52, 29.56, 30.320, 440, 727, 1267, 1879, 3234, 3517, 4276, 4769, 9601, 824, 0, 0, 118, 157, 351, 698, 1215, 1341, 1476, 1333, 2980, 254, 0, 0
17:39:13, -4880.30, -513.52, 29.58, 30.312, 381, 641, 1128, 1739, 2372, 2649, 3175, 3463, 7639, 636, 0, 0, 93, 117, 267, 558, 951, 1063, 1169, 1035, 2234, 186, 0, 0
17:39:14, -4880.30, -513.52, 29.58, 30.320, 227, 361, 680, 1123, 1483, 1661, 1985, 2082, 4837, 387, 0, 0, 79, 96, 221, 477, 851, 961, 1056, 930, 2083, 173, 0, 0
17:39:14, -4880.30, -513.52, 29.56, 30.320, 222, 364, 709, 1188, 1728, 1935, 2340, 2490, 5852, 457, 0, 0, 64, 75, 173, 382, 715, 815, 894, 784, 1748, 144, 0, 0
17:39:15, -4880.30, -513.52, 29.58, 30.320, 187, 300, 598, 1040, 1646, 1865, 2261, 2398, 5890, 452, 0, 0, 60, 69, 160, 358, 708, 811, 890, 782, 1821, 149, 0, 0
17:39:16, -4880.30, -513.52, 29.58, 30.328, 122, 189, 386, 696, 1197, 1351, 1662, 1699, 4596, 365, 0, 0, 49, 54, 125, 290, 563, 654, 715, 622, 1417, 116, 0, 0
17:39:16, -4880.30, -513.52, 29.56, 30.328, 93, 139, 290, 551, 865, 993, 1201, 1208, 3020, 229, 0, 0, 36, 38, 88, 213, 416, 489, 533, 457, 1016, 83, 0, 0
17:39:17, -4880.30, -513.52, 29.54, 30.320, 66, 93, 198, 395, 675, 790, 949, 955, 2289, 169, 0, 0, 26, 26, 60, 149, 315, 376, 409, 348, 775, 63, 0, 0
17:39:18, -4880.30, -513.52, 29.58, 30.320, 51, 68, 146, 305, 530, 628, 753, 752, 1677, 121, 0, 0, 20, 19, 44, 114, 260, 313, 340, 289, 639, 52, 0, 0
17:39:18, -4880.30, -513.52, 29.60, 30.320, 45, 59, 128, 271, 502, 597, 714, 713, 1617, 116, 0, 0, 18, 17, 39, 100, 224, 272, 296, 250, 536, 44, 0, 0
17:39:19, -4880.30, -513.52, 29.56, 30.320, 35, 44, 96, 211, 387, 465, 555, 547, 1235, 89, 0, 0, 14, 13, 29, 77, 174, 213, 232, 196, 417, 34, 0, 0
17:39:20, -4880.30, -513.52, 29.56, 30.320, 25, 31, 66, 151, 286, 345, 410, 399, 890, 64, 0, 0, 11, 10, 21, 58, 138, 171, 187, 158, 331, 27, 0, 0
17:39:20, -4880.30, -513.52, 29.54, 30.320, 20, 24, 52, 120, 234, 285, 337, 326, 723, 52, 0, 0, 9, 8, 17, 46, 112, 141, 156, 131, 272, 22, 0, 0
17:39:21, -4880.30, -513.52, 29.58, 30.320, 16, 18, 40, 93, 185, 228, 269, 258, 551, 39, 0, 0, 7, 6, 13, 35, 90, 115, 128, 109, 221, 18, 0, 0
17:39:22, -4880.30, -513.52, 29.58, 30.328, 12, 14, 29, 71, 151, 188, 221, 211, 447, 32, 0, 0, 6, 5, 11, 30, 79, 102, 115, 98, 199, 16, 0, 0
17:39:22, -4880.30, -513.52, 29.56, 30.328, 11, 13, 26, 64, 137, 171, 201, 192, 408, 29, 0, 0, 5, 4, 9, 26, 66, 87, 99, 86, 168, 14, 0, 0
17:39:23, -4880.30, -513.52, 29.56, 30.320, 8, 9, 18, 47, 101, 127, 149, 141, 306, 22, 0, 0, 4, 3, 7, 19, 48, 64, 75, 66, 136, 11, 0, 0
17:39:24, -4880.30, -513.52, 29.56, 30.328, 6, 7, 13, 34, 76, 97, 114, 106, 240, 18, 0, 0, 1, 0, 2, 5, 5, 7, 8, 7, 19, 1, 0, 0
17:39:24, -4880.30, -513.52, 29.58, 30.328, 5, 6, 11, 29, 71, 91, 106, 98, 224, 16, 0, 0, 0, 0, 0, 0, 0, 0, 0, 0, 0, 0, 0, 0
17:39:25, -4880.30, -513.52, 29.56, 30.320, 5, 6, 11, 30, 73, 93, 109, 101, 229, 17, 0, 0, 0, 0, 0, 0, 0, 0, 0, 0, 0, 0, 0, 0
17:39:26, -4880.30, -513.52, 29.62, 30.320, 5, 6, 11, 30, 71, 90, 105, 98, 221, 16, 0, 0, 0, 0, 0, 0, 0, 0, 0, 0, 0, 0, 0, 0
17:39:26, -4880.30, -513.52, 29.58, 30.320, 5, 6, 11, 29, 69, 88, 102, 95, 213, 16, 0, 0, 0, 0, 0, 0, 0, 0, 0, 0, 0, 0, 0, 0
17:39:27, -4880.30, -513.52, 29.60, 30.312, 5, 6, 11, 28, 67, 86, 100, 92, 209, 15, 0, 0, 0, 0, 0, 0, 0, 0, 0, 0, 0, 0, 0, 0
17:39:28, -4880.30, -513.52, 29.60, 30.312, 5, 5, 10, 27, 66, 84, 98, 90, 204, 15, 0, 0, 0, 0, 0, 0, 0, 0, 0, 0, 0, 0, 0, 0
17:39:28, -4880.30, -513.52, 29.58, 30.312, 5, 5, 10, 27, 65, 82, 96, 89, 200, 15, 0, 0, 0, 0, 0, 0, 0, 0, 0, 0, 0, 0, 0, 0
17:39:29, -4880.30, -513.52, 29.60, 30.320, 5, 5, 10, 26, 63, 80, 93, 86, 197, 15, 0, 0, 0, 0, 0, 0, 0, 0, 0, 0, 0, 0, 0, 0
17:39:30, -4880.30, -513.52, 29.58, 30.320, 5, 5, 10, 26, 61, 78, 90, 83, 192, 14, 0, 0, 0, 0, 0, 0, 0, 0, 0, 0, 1, 0, 0, 0
17:39:30, -4880.30, -513.52, 29.58, 30.320, 4, 5, 9, 24, 58, 75, 87, 80, 188, 14, 0, 0, 0, 0, 0, 0, 2, 3, 5, 4, 11, 0, 0, 0
17:39:31, -4880.30, -513.52, 29.60, 30.305, 4, 4, 8, 22, 50, 64, 73, 67, 174, 13, 0, 0, 2, 2, 4, 11, 37, 51, 60, 54, 127, 10, 0, 0
17:39:32, -4880.30, -513.52, 29.58, 30.312, 3, 3, 5, 14, 33, 42, 48, 43, 122, 10, 0, 0, 4, 4, 7, 20, 53, 71, 84, 75, 171, 14, 0, 0
17:39:32, -4880.30, -513.52, 29.58, 30.312, 3, 4, 6, 17, 49, 62, 72, 66, 176, 14, 0, 0, 0, 0, 1, 4, 10, 13, 15, 13, 33, 2, 0, 0
17:39:33, -4880.30, -513.52, 29.56, 30.305, 4, 4, 7, 20, 51, 66, 77, 71, 178, 13, 0, 0, 1, 0, 1, 5, 14, 19, 23, 20, 44, 3, 0, 0
17:39:34, -4880.30, -513.52, 29.58, 30.312, 5, 5, 10, 26, 64, 82, 96, 90, 205, 15, 0, 0, 1, 1, 3, 9, 26, 36, 42, 37, 81, 6, 0, 0
17:39:34, -4880.30, -513.52, 29.60, 30.312, 5, 5, 10, 27, 65, 83, 98, 92, 209, 15, 0, 0, 2, 1, 3, 10, 30, 41, 47, 43, 92, 7, 0, 0
17:39:35, -4880.30, -513.52, 29.58, 30.305, 6, 7, 12, 33, 81, 103, 121, 115, 253, 18, 0, 0, 3, 2, 5, 15, 43, 56, 64, 55, 120, 10, 0, 0
17:39:36, -4880.30, -513.52, 29.62, 30.312, 7, 8, 17, 42, 101, 128, 151, 145, 333, 24, 0, 0, 3, 3, 6, 18, 51, 66, 75, 64, 136, 11, 0, 0
17:39:36, -4880.30, -513.52, 29.56, 30.312, 10, 11, 23, 56, 131, 164, 194, 188, 404, 29, 0, 0, 4, 4, 8, 23, 64, 82, 91, 78, 163, 13, 0, 0
17:39:37, -4880.30, -513.52, 29.58, 30.312, 13, 15, 32, 77, 170, 211, 252, 245, 522, 37, 0, 0, 5, 5, 10, 29, 81, 103, 114, 97, 207, 16, 0, 0
17:39:38, -4880.30, -513.52, 29.60, 30.305, 14, 17, 35, 84, 195, 241, 289, 281, 573, 40, 0, 0, 6, 5, 11, 32, 88, 110, 122, 103, 213, 17, 0, 0
17:39:38, -4880.30, -513.52, 29.60, 30.305, 20, 24, 52, 120, 264, 322, 388, 382, 787, 56, 0, 0, 9, 8, 18, 49, 133, 164, 180, 152, 324, 26, 0, 0
17:39:39, -4880.30, -513.52, 29.60, 30.305, 31, 39, 84, 186, 391, 470, 567, 565, 1185, 84, 0, 0, 14, 13, 29, 76, 195, 238, 259, 220, 464, 38, 0, 0
17:39:40, -4880.30, -513.52, 29.60, 30.312, 46, 61, 132, 279, 547, 650, 784, 788, 1772, 127, 0, 0, 21, 20, 46, 117, 276, 332, 363, 310, 679, 55, 0, 0
17:39:40, -4880.30, -513.52, 29.60, 30.312, 58, 79, 171, 352, 670, 794, 955, 967, 2236, 161, 0, 0, 26, 25, 58, 143, 335, 400, 436, 373, 826, 68, 0, 0
17:39:41, -4880.30, -513.52, 29.54, 30.312, 72, 101, 217, 431, 793, 933, 1116, 1143, 2795, 204, 0, 0, 34, 34, 78, 189, 425, 504, 549, 476, 1066, 87, 0, 0
17:39:42, -4880.30, -513.52, 29.62, 30.320, 102, 152, 319, 607, 1098, 1272, 1539, 1601, 4086, 303, 0, 0, 45, 47, 108, 255, 551, 645, 705, 616, 1397, 115, 0, 0
17:39:42, -4880.30, -513.52, 29.58, 30.320, 161, 249, 510, 945, 1594, 1839, 2245, 2342, 5778, 432, 0, 0, 60, 67, 154, 351, 729, 841, 921, 812, 1818, 150, 0, 0
17:39:43, -4880.30, -513.52, 29.60, 30.312, 238, 369, 744, 1328, 2318, 2685, 3303, 3468, 7625, 567, 0, 0, 86, 100, 231, 506, 1138, 1295, 1425, 1268, 2949, 245, 0, 0
17:39:44, -4880.30, -513.52, 29.62, 30.320, 307, 481, 955, 1608, 2777, 3144, 3773, 4106, 11777, 1019, 0, 0, 140, 173, 393, 822, 1735, 1945, 2153, 1945, 4707, 395, 0, 0
17:39:44, -4880.30, -513.52, 29.60, 30.320, 310, 489, 953, 1473, 2357, 2550, 3106, 3190, 11147, 1128, 0, 0, 192, 249, 560, 1128, 2172, 2417, 2691, 2458, 6100, 510, 0, 0
17:39:45, -4880.30, -513.52, 29.62, 30.312, 438, 765, 1357, 2088, 2973, 3115, 4101, 3942, 13906, 1533, 0, 0, 260, 355, 779, 1514, 2757, 3033, 3400, 3129, 7654, 659, 0, 0
17:39:46, -4880.30, -513.52, 29.60, 30.320, 305, 475, 831, 1300, 1881, 2141, 2440, 2551, 6025, 594, 0, 0, 273, 371, 816, 1588, 2818, 3096, 3484, 3181, 6904, 604, 0, 0
17:39:46, -4880.30, -513.52, 29.58, 30.320, 462, 685, 1212, 1757, 2289, 2554, 2858, 3082, 6145, 612, 0, 0, 292, 403, 879, 1673, 2782, 3033, 3391, 3092, 6386, 557, 0, 0
17:39:47, -4880.30, -513.52, 29.62, 30.320, 933, 1360, 2326, 3187, 3794, 4543, 4648, 5443, 10066, 1126, 0, 0, 365, 528, 1119, 2037, 3424, 3679, 4114, 3806, 8127, 733, 0, 0
17:39:48, -4880.30, -513.52, 29.60, 30.320, 2168, 2510, 4223, 5023, 6585, 8194, 7786, 10005, 15673, 2300, 0, 0, 481, 725, 1476, 2545, 3879, 4119, 4630, 4369, 10246, 1005, 0, 0
17:39:48, -4880.30, -513.52, 29.62, 30.320, 2767, 3298, 4785, 7238, 8792, 13526, 16160, 13513, 33369, 7041, 0, 1, 566, 878, 1674, 2727, 4115, 4345, 4925, 4738, 12127, 1440, 0, 0
17:39:49, -4880.30, -513.52, 29.65, 30.320, 3128, 4781, 7148, 8515, 16142, 16228, 18749, 23819, 36000, 15372, 1, 1, 434, 662, 1246, 2035, 3796, 4033, 4591, 4427, 12120, 1386, 0, 0
17:39:50, -4880.30, -513.52, 29.60, 30.312, 2733, 5312, 7198, 9078, 16079, 16425, 18896, 23677, 36000, 16424, 1, 1, 486, 751, 1467, 2443, 3749, 4004, 4558, 4451, 12349, 1362, 0, 0
17:39:50, -4880.30, -513.52, 29.62, 30.312, 5639, 10418, 14528, 15581, 11456, 12118, 17657, 13618, 36000, 28900, 1, 1, 4340, 6820, 10343, 13580, 18309, 19012, 21973, 23459, 36000, 17568, 1, 1
17:39:51, -4880.30, -513.52, 29.62, 30.297, 2681, 5496, 7624, 9541, 16251, 16461, 19448, 25751, 36000, 36000, 1, 1, 14164, 21017, 29995, 35899, 36000, 36000, 36000, 36000, 36000, 36000, 1, 1
