Secchi Depth (cm) = 9999
Forel Ule Scale = 99
pH Colour Scale = 99
SensingSecchi S/N = A017
Latitude (degs N) = 34.13992
Longitude (degs E) = -77.86245
Date = 2026-08-06
Time (UTC), Pressure (mbar) MS5803, Temp (deg C) MS5803, Temp (deg C) 10KTHERM, Temp (deg C) TMP117, ED 415nm, ED 445nm, ED 480nm, ED 515nm, ED 555nm, ED 590nm, ED 630nm, ED 680nm, ED Clear, ED NIR, ED D-SAT, ED A-SAT, EU 415nm, EU 445nm, EU 480nm, EU 515nm, EU 555nm, EU 590nm, EU 630nm, EU 680nm, EU Clear, EU NIR, EU D-SAT, EU A-SAT
20:19:50, 1015.70, 24.07, 23.73, 27.312, 139, 202, 265, 302, 343, 439, 682, 807, 2452, 898, 0, 0, 4448, 6560, 8802, 11176, 11878, 12322, 15152, 15531, 36000, 20931, 1, 1
20:19:50, 1015.80, 24.07, 23.75, 27.312, 139, 202, 266, 302, 344, 440, 682, 807, 2453, 898, 0, 0, 4455, 6568, 8818, 11189, 11884, 12326, 15159, 15535, 36000, 20934, 1, 1
20:19:51, 1015.80, 24.07, 23.78, 27.320, 139, 202, 266, 302, 344, 439, 682, 807, 2453, 899, 0, 0, 4451, 6562, 8803, 11179, 11899, 12343, 15175, 15552, 36000, 20954, 1, 1
20:19:52, 1015.60, 24.08, 23.80, 27.320, 139, 202, 266, 302, 344, 440, 682, 807, 2454, 899, 0, 0, 4464, 6580, 8830, 11206, 11907, 12346, 15182, 15558, 36000, 20966, 1, 1
20:19:52, 1015.70, 24.08, 23.76, 27.320, 139, 202, 266, 302, 344, 440, 681, 807, 2453, 898, 0, 0, 4452, 6565, 8811, 11184, 11869, 12318, 15146, 15522, 36000, 20916, 1, 1
20:19:53, 1015.50, 24.09, 23.80, 27.336, 139, 202, 266, 302, 344, 440, 682, 807, 2455, 898, 0, 0, 4451, 6560, 8803, 11174, 11867, 12317, 15141, 15519, 36000, 20908, 1, 1
20:19:54, 1015.80, 24.10, 23.76, 27.344, 139, 202, 266, 302, 344, 440, 682, 807, 2453, 899, 0, 0, 4452, 6562, 8802, 11173, 11885, 12333, 15164, 15539, 36000, 20939, 1, 1
20:19:54, 1015.80, 24.11, 23.78, 27.344, 139, 202, 266, 302, 344, 440, 682, 807, 2454, 899, 0, 0, 4459, 6574, 8821, 11198, 11909, 12352, 15186, 15563, 36000, 20978, 1, 1
20:19:55, 1015.70, 24.11, 23.76, 27.352, 139, 202, 266, 302, 344, 440, 682, 807, 2455, 899, 0, 0, 4458, 6571, 8815, 11191, 11897, 12339, 15170, 15540, 36000, 20942, 1, 1
20:19:56, 1015.60, 24.11, 23.78, 27.359, 139, 202, 266, 302, 344, 440, 682, 807, 2455, 899, 0, 0, 4450, 6559, 8800, 11175, 11878, 12327, 15152, 15521, 36000, 20922, 1, 1
20:19:56, 1015.80, 24.12, 23.80, 27.359, 139, 202, 266, 302, 344, 440, 682, 807, 2455, 899, 0, 0, 4449, 6555, 8796, 11169, 11876, 12327, 15156, 15522, 36000, 20923, 1, 1
20:19:57, 1015.80, 24.12, 23.80, 27.367, 139, 202, 266, 302, 344, 440, 682, 807, 2456, 899, 0, 0, 4457, 6567, 8811, 11187, 11892, 12342, 15175, 15539, 36000, 20943, 1, 1
20:19:58, 1016.00, 24.13, 23.78, 27.383, 139, 202, 266, 302, 344, 440, 682, 807, 2455, 899, 0, 0, 4456, 6568, 8809, 11186, 11909, 12357, 15191, 15561, 36000, 20967, 1, 1
20:19:58, 1015.90, 24.13, 23.78, 27.383, 139, 202, 266, 303, 344, 440, 682, 807, 2455, 899, 0, 0, 4454, 6564, 8806, 11182, 11893, 12342, 15170, 15542, 36000, 20948, 1, 1
20:19:59, 1015.90, 24.14, 23.82, 27.391, 139, 202, 266, 303, 344, 440, 682, 807, 2454, 899, 0, 0, 4446, 6551, 8791, 11162, 11871, 12319, 15144, 15517, 36000, 20918, 1, 1
20:20:00, 1015.50, 24.14, 23.82, 27.406, 139, 202, 266, 303, 344, 440, 681, 807, 2454, 898, 0, 0, 4448, 6555, 8793, 11165, 11866, 12312, 15136, 15504, 36000, 20916, 1, 1
20:20:00, 1015.80, 24.15, 23.78, 27.406, 139, 202, 266, 302, 344, 440, 681, 807, 2453, 898, 0, 0, 4450, 6558, 8796, 11169, 11879, 12325, 15147, 15517, 36000, 20924, 1, 1
20:20:01, 1015.60, 24.15, 23.82, 27.422, 139, 202, 266, 303, 344, 440, 681, 807, 2454, 898, 0, 0, 4451, 6559, 8800, 11169, 11882, 12329, 15149, 15522, 36000, 20932, 1, 1
20:20:02, 1015.70, 24.16, 23.82, 27.437, 139, 202, 266, 303, 345, 440, 682, 807, 2455, 899, 0, 0, 4452, 6557, 8798, 11165, 11873, 12322, 15133, 15514, 36000, 20924, 1, 1
20:20:02, 1015.80, 24.17, 23.82, 27.437, 139, 202, 266, 303, 344, 440, 681, 807, 2454, 898, 0, 0, 4444, 6548, 8785, 11151, 11853, 12304, 15118, 15492, 36000, 20906, 1, 1
20:20:03, 1015.70, 24.18, 23.82, 27.461, 139, 202, 266, 302, 344, 440, 682, 807, 2454, 898, 0, 0, 4433, 6530, 8759, 11126, 11827, 12283, 15093, 15466, 36000, 20876, 1, 1
20:20:04, 1015.80, 24.19, 23.83, 27.484, 139, 202, 266, 303, 344, 440, 681, 807, 2454, 898, 0, 0, 4429, 6525, 8754, 11120, 11834, 12288, 15097, 15479, 36000, 20895, 1, 1
20:20:04, 1015.80, 24.19, 23.83, 27.484, 139, 202, 266, 303, 345, 440, 681, 807, 2455, 898, 0, 0, 4439, 6538, 8774, 11139, 11844, 12299, 15107, 15485, 36000, 20891, 1, 1
20:20:05, 1015.80, 24.18, 23.83, 27.500, 139, 202, 266, 303, 345, 440, 681, 807, 2455, 898, 0, 0, 4441, 6544, 8780, 11150, 11844, 12300, 15113, 15491, 36000, 20888, 1, 1
20:20:06, 1016.00, 24.19, 23.82, 27.516, 139, 202, 266, 303, 345, 440, 681, 807, 2456, 898, 0, 0, 4444, 6547, 8785, 11158, 11858, 12315, 15128, 15506, 36000, 20914, 1, 1
20:20:06, 1015.90, 24.19, 23.82, 27.516, 139, 202, 266, 303, 345, 440, 682, 807, 2456, 898, 0, 0, 4445, 6547, 8787, 11158, 11853, 12311, 15122, 15506, 36000, 20922, 1, 1
20:20:07, 1015.90, 24.20, 23.85, 27.531, 139, 202, 266, 303, 345, 440, 682, 807, 2456, 898, 0, 0, 4446, 6552, 8790, 11163, 11865, 12316, 15129, 15515, 36000, 20919, 1, 1
20:20:08, 1015.70, 24.21, 23.82, 27.547, 139, 202, 266, 303, 345, 440, 682, 807, 2457, 899, 0, 0, 4450, 6562, 8803, 11174, 11873, 12324, 15136, 15523, 36000, 20937, 1, 1
20:20:08, 1016.10, 24.21, 23.83, 27.547, 139, 202, 266, 303, 345, 440, 682, 807, 2457, 899, 0, 0, 4451, 6564, 8803, 11175, 11880, 12332, 15142, 15535, 36000, 20955, 1, 1
20:20:09, 1015.70, 24.22, 23.83, 27.555, 140, 202, 266, 303, 345, 440, 681, 807, 2457, 899, 0, 0, 4447, 6556, 8794, 11165, 11871, 12324, 15136, 15524, 36000, 20941, 1, 1
20:20:10, 1015.90, 24.23, 23.85, 27.562, 139, 202, 266, 303, 345, 440, 682, 807, 2457, 899, 0, 0, 4455, 6566, 8807, 11180, 11889, 12344, 15160, 15549, 36000, 20967, 1, 1
20:20:10, 1015.70, 24.23, 23.85, 27.562, 140, 202, 266, 303, 345, 441, 682, 807, 2458, 899, 0, 0, 4462, 6577, 8824, 11198, 11909, 12356, 15181, 15566, 36000, 20986, 1, 1
20:20:11, 1015.80, 24.24, 23.85, 27.570, 140, 202, 266, 303, 345, 440, 682, 807, 2458, 899, 0, 0, 4463, 6581, 8825, 11201, 11910, 12356, 15185, 15568, 36000, 20989, 1, 1
20:20:12, 1015.90, 24.25, 23.83, 27.586, 140, 202, 266, 303, 345, 440, 682, 807, 2458, 899, 0, 0, 4450, 6563, 8801, 11173, 11878, 12322, 15148, 15526, 36000, 20950, 1, 1
20:20:12, 1015.80, 24.26, 23.85, 27.586, 140, 202, 266, 303, 345, 440, 682, 807, 2458, 900, 0, 0, 4442, 6550, 8783, 11154, 11841, 12288, 15107, 15479, 36000, 20891, 1, 1
20:20:13, 1015.70, 24.27, 23.87, 27.609, 140, 202, 266, 303, 345, 440, 681, 807, 2457, 899, 0, 0, 4449, 6559, 8799, 11171, 11868, 12313, 15134, 15510, 36000, 20917, 1, 1
20:20:14, 1015.80, 24.28, 23.90, 27.617, 140, 202, 266, 303, 345, 440, 682, 807, 2459, 899, 0, 0, 4462, 6579, 8824, 11203, 11919, 12367, 15199, 15573, 36000, 21009, 1, 1
20:20:14, 1015.90, 24.28, 23.85, 27.617, 140, 202, 266, 303, 345, 440, 681, 806, 2459, 899, 0, 0, 4469, 6587, 8837, 11218, 11926, 12375, 15208, 15578, 36000, 21021, 1, 1
20:20:15, 1015.80, 24.28, 23.87, 27.602, 140, 202, 266, 303, 345, 440, 682, 806, 2459, 899, 0, 0, 4468, 6583, 8833, 11215, 11918, 12370, 15208, 15570, 36000, 21011, 1, 1
20:20:16, 1015.80, 24.29, 23.82, 27.594, 140, 202, 266, 303, 345, 440, 682, 806, 2459, 899, 0, 0, 4467, 6579, 8829, 11210, 11919, 12371, 15205, 15569, 36000, 21019, 1, 1
20:20:16, 1016.00, 24.30, 23.89, 27.594, 140, 202, 266, 304, 345, 440, 682, 806, 2460, 899, 0, 0, 4478, 6595, 8850, 11235, 11956, 12409, 15244, 15610, 36000, 21068, 1, 1
20:20:17, 1016.20, 24.30, 23.83, 27.586, 140, 202, 266, 304, 345, 440, 681, 806, 2459, 899, 0, 0, 4487, 6606, 8866, 11252, 11970, 12420, 15262, 15635, 36000, 21099, 1, 1
20:20:18, 1015.90, 24.30, 23.87, 27.594, 140, 202, 266, 304, 345, 440, 682, 806, 2460, 899, 0, 0, 4480, 6598, 8856, 11240, 11936, 12392, 15229, 15599, 36000, 21052, 1, 1
20:20:18, 1015.60, 24.30, 23.92, 27.594, 140, 202, 266, 303, 345, 440, 681, 806, 2458, 899, 0, 0, 4471, 6585, 8837, 11218, 11923, 12377, 15211, 15582, 36000, 21034, 1, 1
20:20:19, 1016.00, 24.31, 23.85, 27.609, 140, 202, 266, 303, 346, 440, 681, 806, 2458, 899, 0, 0, 4477, 6593, 8851, 11230, 11945, 12396, 15232, 15605, 36000, 21072, 1, 1
20:20:20, 1015.90, 24.31, 23.90, 27.625, 140, 202, 267, 304, 346, 440, 681, 806, 2459, 899, 0, 0, 4482, 6602, 8862, 11244, 11955, 12406, 15240, 15615, 36000, 21081, 1, 1
20:20:20, 1016.00, 24.32, 23.89, 27.625, 140, 202, 266, 304, 346, 440, 682, 806, 2459, 899, 0, 0, 4483, 6604, 8865, 11245, 11958, 12410, 15248, 15627, 36000, 21096, 1, 1
20:20:21, 1016.00, 24.32, 23.85, 27.641, 140, 202, 266, 303, 346, 440, 681, 806, 2457, 899, 0, 0, 4479, 6598, 8855, 11234, 11939, 12393, 15226, 15606, 36000, 21071, 1, 1
20:20:22, 1015.90, 24.33, 23.90, 27.656, 139, 202, 266, 303, 345, 439, 680, 805, 2455, 898, 0, 0, 4473, 6586, 8838, 11216, 11915, 12373, 15207, 15585, 36000, 21042, 1, 1
20:20:22, 1015.70, 24.33, 23.92, 27.656, 139, 201, 265, 302, 343, 436, 675, 799, 2441, 894, 0, 0, 4479, 6595, 8847, 11231, 11952, 12409, 15252, 15630, 36000, 21105, 1, 1
20:20:23, 1015.80, 24.33, 23.90, 27.656, 136, 198, 260, 297, 335, 427, 659, 780, 2395, 878, 0, 0, 4489, 6611, 8868, 11254, 11975, 12427, 15272, 15658, 36000, 21148, 1, 1
20:20:24, 1015.70, 24.33, 23.90, 27.656, 132, 191, 251, 287, 325, 415, 642, 762, 2336, 861, 0, 0, 4488, 6611, 8869, 11254, 11959, 12417, 15258, 15641, 36000, 21154, 1, 1
20:20:24, 1016.00, 24.33, 23.90, 27.656, 120, 173, 228, 260, 289, 369, 579, 693, 2111, 805, 0, 0, 4455, 6561, 8803, 11163, 11842, 12298, 15099, 15493, 36000, 21027, 1, 1
20:20:25, 1015.80, 24.34, 23.90, 27.656, 108, 160, 207, 235, 257, 328, 528, 630, 1886, 718, 0, 0, 4432, 6524, 8755, 11100, 11784, 12242, 15013, 15420, 36000, 20957, 1, 1
20:20:26, 1016.40, 24.37, 23.90, 27.656, 62, 95, 121, 138, 176, 231, 420, 486, 1286, 531, 0, 0, 430, 679, 832, 1126, 870, 997, 1727, 2272, 2944, 1136, 0, 0
20:20:26, 1016.70, 24.38, 23.92, 27.656, 958, 1487, 2063, 2354, 2583, 2785, 3290, 3618, 14061, 4526, 0, 0, 237, 272, 299, 339, 766, 1377, 2452, 3389, 9596, 6827, 0, 0
20:20:27, 1016.60, 24.38, 23.94, 27.656, 1025, 1638, 2242, 2625, 3057, 3218, 3737, 4264, 15672, 5054, 0, 0, 494, 564, 631, 709, 911, 1652, 2959, 4075, 11580, 8567, 0, 0
20:20:28, 1016.40, 24.38, 23.89, 27.656, 1096, 1728, 2338, 2784, 3099, 3299, 3779, 4262, 15738, 5015, 0, 0, 456, 517, 579, 650, 782, 1425, 2564, 3536, 9896, 7406, 0, 0
20:20:28, 1016.60, 24.39, 23.92, 27.656, 1102, 1724, 2304, 2785, 3104, 3321, 3774, 4225, 15129, 4875, 0, 0, 442, 498, 559, 624, 802, 1462, 2626, 3617, 10102, 7551, 0, 0
20:20:29, 1016.60, 24.39, 23.96, 27.648, 1107, 1735, 2324, 2803, 3102, 3319, 3759, 4226, 14979, 4860, 0, 0, 469, 531, 596, 668, 723, 1319, 2376, 3288, 9118, 6863, 0, 0
20:20:30, 1016.60, 24.39, 23.96, 27.648, 1101, 1728, 2312, 2783, 3093, 3300, 3721, 4199, 14682, 4781, 0, 0, 458, 516, 579, 648, 799, 1461, 2627, 3616, 10157, 7603, 0, 0
20:20:30, 1016.60, 24.40, 23.92, 27.648, 1001, 1529, 2075, 2505, 2718, 2963, 3355, 3759, 13906, 4435, 0, 0, 433, 487, 547, 611, 787, 1444, 2585, 3557, 9800, 7309, 0, 0
20:20:31, 1016.40, 24.42, 23.92, 27.641, 1042, 1602, 2173, 2604, 2861, 3091, 3519, 3960, 14242, 4582, 0, 0, 444, 500, 561, 628, 791, 1441, 2570, 3533, 9563, 7043, 0, 0
20:20:32, 1016.10, 24.42, 23.90, 27.648, 849, 1347, 1883, 2155, 2285, 2413, 2726, 3267, 10564, 3663, 0, 0, 1358, 1650, 1870, 2065, 3292, 5938, 9952, 13341, 33301, 21164, 0, 1
20:20:33, 1016.70, 24.44, 23.94, 27.648, 1079, 1756, 2358, 2767, 2633, 2790, 3214, 3619, 15929, 5139, 0, 0, 2153, 3177, 4220, 5112, 5249, 6281, 8286, 10473, 28548, 15636, 0, 0
20:20:33, 1016.80, 24.48, 23.96, 27.656, 918, 1416, 1945, 2306, 2370, 2460, 2895, 3415, 12006, 4162, 0, 0, 1479, 2146, 3019, 3830, 3903, 4121, 4797, 5582, 21315, 11347, 0, 0
20:20:34, 1016.70, 24.52, 23.92, 27.672, 874, 1371, 1874, 2117, 2564, 2708, 3159, 3639, 12766, 3910, 0, 0, 500, 744, 1094, 1449, 1642, 1708, 1863, 1919, 6543, 1868, 0, 0
20:20:35, 1016.90, 24.52, 23.92, 27.672, 1010, 1670, 2191, 2640, 2832, 3022, 3463, 4051, 14018, 3931, 0, 0, 328, 492, 734, 941, 1101, 1090, 1225, 1277, 5324, 1457, 0, 0
20:20:35, 1016.90, 24.51, 23.90, 27.664, 984, 1680, 2281, 2606, 3078, 3075, 3692, 4194, 18929, 6312, 0, 0, 471, 738, 1082, 1361, 1655, 1657, 1865, 1913, 6922, 1780, 0, 0
20:20:36, 1016.70, 24.52, 23.96, 27.648, 1009, 1589, 2236, 2443, 2754, 2927, 3185, 3866, 16234, 5327, 0, 0, 372, 595, 854, 1103, 1522, 1546, 1747, 1810, 5647, 1538, 0, 0
20:20:37, 1016.70, 24.54, 23.92, 27.648, 852, 1346, 1822, 2211, 2302, 2564, 2944, 3278, 10304, 2883, 0, 0, 267, 421, 637, 817, 1066, 1052, 1142, 1171, 2774, 610, 0, 0
20:20:37, 1016.90, 24.54, 23.96, 27.687, 737, 1257, 1685, 2011, 2244, 2271, 2791, 3069, 5896, 1698, 0, 0, 225, 346, 541, 731, 851, 853, 905, 865, 2129, 409, 0, 0
20:20:38, 1019.80, 24.79, 23.92, 27.820, 772, 1316, 1813, 2052, 2151, 2140, 2598, 2935, 5244, 1493, 0, 0, 62, 96, 193, 329, 514, 520, 513, 435, 1059, 93, 0, 0
20:20:39, 1020.10, 25.27, 23.94, 27.820, 602, 950, 1361, 1529, 1484, 1514, 1747, 2069, 3071, 647, 0, 0, 57, 89, 182, 312, 443, 449, 443, 374, 959, 85, 0, 0
20:20:39, 1021.30, 25.55, 23.97, 28.695, 516, 791, 1121, 1252, 1761, 1793, 2083, 2431, 4072, 908, 0, 0, 55, 85, 173, 297, 478, 484, 476, 402, 986, 84, 0, 0
20:20:40, 1020.00, 25.75, 23.92, 29.211, 725, 1160, 1633, 1831, 1814, 1809, 2089, 2506, 3846, 1056, 0, 0, 50, 78, 156, 264, 429, 433, 428, 367, 932, 82, 0, 0
20:20:41, 1019.80, 25.90, 23.94, 29.211, 637, 1001, 1410, 1548, 1887, 1893, 2162, 2610, 4279, 1226, 0, 0, 51, 78, 158, 271, 438, 444, 436, 370, 948, 85, 0, 0
20:20:41, 1020.20, 26.03, 23.96, 29.523, 748, 1232, 1731, 1916, 2357, 2377, 2891, 3232, 7406, 1806, 0, 0, 58, 91, 182, 308, 490, 496, 487, 413, 1005, 87, 0, 0
20:20:42, 1020.30, 26.15, 23.90, 29.703, 611, 965, 1360, 1488, 1247, 1220, 1452, 1699, 1786, 504, 0, 0, 53, 83, 166, 281, 413, 418, 412, 351, 889, 79, 0, 0
20:20:43, 1020.40, 26.24, 23.90, 29.703, 621, 1025, 1428, 1607, 1578, 1558, 1880, 2183, 2802, 768, 0, 0, 49, 76, 153, 259, 433, 438, 431, 364, 864, 74, 0, 0
20:20:43, 1019.20, 26.31, 23.94, 29.828, 747, 1266, 1755, 2011, 2735, 2751, 3238, 3680, 8901, 2279, 0, 0, 47, 74, 147, 247, 427, 430, 425, 363, 894, 80, 0, 0
20:20:44, 1019.80, 26.37, 23.96, 29.906, 742, 1221, 1669, 2012, 2867, 3099, 3632, 3959, 12322, 3062, 0, 0, 55, 86, 171, 287, 454, 458, 451, 387, 984, 86, 0, 0
20:20:45, 1020.90, 26.45, 23.96, 29.906, 913, 1521, 2007, 2472, 2432, 2696, 2992, 3448, 11882, 3214, 0, 0, 67, 106, 208, 342, 533, 540, 531, 464, 1327, 117, 0, 0
20:20:45, 1021.90, 26.52, 23.94, 29.961, 757, 1225, 1718, 1994, 2226, 2351, 2609, 3091, 13780, 3782, 0, 0, 62, 98, 191, 313, 471, 477, 471, 413, 1255, 111, 0, 0
20:20:46, 1023.30, 26.58, 23.96, 29.992, 687, 1094, 1577, 1835, 2305, 2384, 2749, 3129, 14636, 3294, 0, 0, 55, 87, 172, 285, 462, 469, 465, 408, 1265, 112, 0, 0
20:20:47, 1023.70, 26.62, 23.94, 29.992, 590, 994, 1408, 1677, 2177, 2274, 2640, 2977, 11535, 2126, 0, 0, 55, 87, 172, 283, 432, 439, 435, 381, 1182, 104, 0, 0
20:20:47, 1024.80, 26.65, 23.94, 30.016, 488, 823, 1148, 1372, 1747, 1795, 2188, 2407, 11563, 2565, 0, 0, 54, 86, 170, 283, 429, 437, 433, 377, 1184, 102, 0, 0
20:20:48, 1024.40, 26.67, 23.92, 30.023, 473, 837, 1150, 1409, 2368, 2426, 2907, 3279, 13623, 3087, 0, 0, 51, 80, 159, 265, 433, 440, 436, 377, 1202, 103, 0, 0
20:20:49, 1021.70, 26.68, 23.92, 30.023, 311, 531, 748, 919, 1797, 1826, 2229, 2447, 12118, 2919, 0, 0, 53, 83, 164, 273, 470, 478, 475, 415, 1332, 118, 0, 0
20:20:49, 1021.30, 26.72, 23.92, 30.039, 420, 710, 986, 1211, 1443, 1461, 1846, 1919, 9735, 2093, 0, 0, 60, 95, 187, 309, 422, 429, 426, 371, 1162, 102, 0, 0
20:20:50, 1025.40, 26.75, 23.96, 30.055, 529, 918, 1232, 1493, 1441, 1450, 1816, 1949, 9883, 2475, 0, 0, 73, 116, 225, 366, 495, 503, 497, 432, 1378, 118, 0, 0
20:20:51, 1024.80, 26.80, 23.99, 30.055, 658, 1169, 1616, 1970, 2210, 2267, 2713, 3047, 11738, 2275, 0, 0, 49, 77, 154, 257, 435, 442, 439, 383, 1204, 105, 0, 0
20:20:51, 1026.20, 26.84, 23.97, 30.062, 474, 853, 1164, 1421, 1999, 2030, 2456, 2744, 11914, 2344, 0, 0, 52, 83, 167, 281, 472, 481, 476, 414, 1294, 109, 0, 0
20:20:52, 1027.30, 26.87, 23.96, 30.062, 575, 990, 1325, 1630, 2008, 2063, 2502, 2689, 10515, 2076, 0, 0, 55, 87, 173, 290, 486, 495, 492, 429, 1341, 113, 0, 0
20:20:53, 1024.40, 26.88, 23.94, 30.062, 512, 918, 1274, 1546, 2285, 2299, 2821, 3077, 13190, 2705, 0, 0, 56, 90, 177, 293, 451, 457, 457, 401, 1254, 109, 0, 0
20:20:53, 1022.40, 26.90, 23.96, 30.070, 472, 795, 1111, 1305, 1971, 2013, 2415, 2731, 13266, 3372, 0, 0, 61, 97, 191, 315, 456, 462, 461, 404, 1263, 109, 0, 0
20:20:54, 1023.10, 26.91, 23.97, 30.070, 627, 1068, 1456, 1727, 2001, 2037, 2509, 2751, 14877, 4756, 0, 0, 64, 101, 197, 322, 546, 554, 552, 487, 1538, 133, 0, 0
20:20:55, 1021.90, 26.93, 23.97, 30.070, 482, 815, 1135, 1366, 1830, 1835, 2169, 2467, 11541, 2892, 0, 0, 56, 89, 174, 285, 450, 457, 454, 399, 1266, 111, 0, 0
20:20:55, 1021.50, 26.96, 23.97, 30.086, 549, 924, 1287, 1535, 1652, 1687, 2059, 2226, 11950, 2778, 0, 0, 55, 87, 173, 287, 432, 440, 435, 380, 1190, 103, 0, 0
20:20:56, 1022.00, 26.99, 23.96, 30.086, 824, 1358, 1864, 2202, 2192, 2246, 2690, 2953, 12960, 3001, 0, 0, 61, 98, 191, 312, 461, 468, 463, 408, 1245, 108, 0, 0
20:20:57, 1023.10, 27.03, 23.99, 30.086, 701, 1159, 1581, 1864, 1797, 1881, 2226, 2471, 11910, 3398, 0, 0, 64, 102, 196, 319, 480, 487, 484, 428, 1311, 115, 0, 0
20:20:57, 1023.40, 27.07, 23.96, 30.078, 740, 1212, 1683, 1969, 2141, 2255, 2645, 2955, 12276, 3034, 0, 0, 67, 107, 208, 338, 485, 493, 489, 432, 1327, 117, 0, 0
20:20:58, 1025.00, 27.08, 23.97, 30.086, 723, 1192, 1670, 1959, 2491, 2579, 3057, 3334, 13608, 2702, 0, 0, 54, 86, 171, 283, 470, 479, 474, 414, 1282, 110, 0, 0
20:20:59, 1023.40, 27.08, 23.96, 30.086, 723, 1221, 1713, 2034, 2258, 2317, 2774, 3013, 13595, 2886, 0, 0, 58, 92, 180, 297, 470, 478, 474, 417, 1311, 114, 0, 0
20:20:59, 1022.10, 27.09, 23.99, 30.086, 661, 1095, 1562, 1838, 1755, 1768, 2112, 2344, 12441, 2812, 0, 0, 59, 93, 183, 302, 431, 440, 436, 379, 1190, 104, 0, 0
20:21:00, 1023.60, 27.12, 24.01, 30.094, 785, 1312, 1826, 2166, 1956, 2046, 2336, 2689, 12153, 2580, 0, 0, 62, 98, 193, 319, 454, 463, 457, 399, 1220, 105, 0, 0
20:21:01, 1027.40, 27.16, 23.99, 30.094, 795, 1374, 1841, 2271, 2492, 2621, 3055, 3384, 11113, 1821, 0, 0, 60, 96, 188, 309, 524, 534, 529, 466, 1404, 120, 0, 0
20:21:01, 1025.80, 27.18, 23.99, 30.086, 813, 1358, 1893, 2263, 2605, 2726, 3178, 3512, 13836, 2948, 0, 0, 58, 92, 180, 294, 434, 441, 438, 386, 1185, 103, 0, 0
20:21:02, 1022.50, 27.21, 23.96, 30.086, 593, 969, 1405, 1677, 2245, 2367, 2728, 3043, 12752, 2423, 0, 0, 50, 80, 157, 260, 421, 427, 425, 374, 1166, 103, 0, 0
20:21:03, 1024.20, 27.23, 23.96, 30.086, 561, 929, 1307, 1534, 2371, 2421, 2883, 3191, 14593, 3030, 0, 0, 55, 88, 174, 286, 432, 440, 436, 383, 1185, 101, 0, 0
20:21:03, 1027.20, 27.25, 24.01, 30.094, 768, 1265, 1772, 2064, 2223, 2289, 2741, 3032, 14810, 3970, 0, 0, 67, 106, 209, 345, 568, 578, 576, 509, 1595, 137, 0, 0
20:21:04, 1024.70, 27.26, 23.99, 30.102, 545, 948, 1331, 1613, 2183, 2260, 2683, 2972, 12065, 2147, 0, 0, 49, 77, 152, 253, 419, 428, 425, 368, 1170, 100, 0, 0
20:21:05, 1020.10, 27.29, 24.01, 30.102, 302, 511, 734, 886, 1795, 1801, 2220, 2432, 11458, 2445, 0, 0, 50, 81, 155, 252, 404, 412, 411, 360, 1156, 103, 0, 0
20:21:05, 1020.20, 27.31, 23.97, 30.102, 584, 997, 1365, 1641, 1171, 1200, 1427, 1520, 7206, 1655, 0, 0, 56, 89, 173, 285, 393, 401, 400, 352, 1100, 98, 0, 0
20:21:06, 1024.60, 27.34, 23.97, 30.102, 688, 1193, 1595, 1911, 1481, 1551, 1823, 2026, 7866, 2075, 0, 0, 71, 114, 221, 361, 538, 548, 546, 482, 1500, 128, 0, 0
20:21:07, 1023.70, 27.36, 24.01, 30.102, 934, 1533, 2159, 2490, 2312, 2359, 2841, 3094, 15976, 4825, 0, 0, 65, 102, 197, 321, 534, 543, 541, 481, 1487, 131, 0, 0
20:21:07, 1022.30, 27.39, 24.01, 30.102, 600, 998, 1415, 1654, 2354, 2393, 2836, 3165, 16019, 4432, 0, 0, 58, 91, 177, 293, 478, 488, 485, 429, 1333, 121, 0, 0
20:21:08, 1022.50, 27.43, 24.01, 30.094, 498, 825, 1165, 1353, 1642, 1654, 2042, 2193, 10936, 2490, 0, 0, 59, 93, 186, 311, 442, 451, 447, 389, 1209, 105, 0, 0
20:21:09, 1025.10, 27.45, 24.01, 30.094, 888, 1489, 2070, 2409, 2068, 2131, 2515, 2822, 13122, 2998, 0, 0, 75, 119, 231, 381, 543, 554, 549, 483, 1468, 128, 0, 0
20:21:09, 1021.10, 27.43, 23.99, 30.086, 771, 1306, 1803, 2124, 2263, 2306, 2843, 3068, 15385, 4458, 0, 0, 64, 102, 193, 311, 470, 478, 477, 418, 1306, 115, 0, 0
20:21:10, 1021.30, 27.40, 24.01, 30.094, 702, 1190, 1640, 1952, 2960, 3010, 3614, 4026, 15716, 4377, 0, 0, 59, 93, 179, 292, 542, 552, 553, 491, 1547, 139, 0, 0
20:21:11, 1024.20, 27.36, 24.04, 30.094, 581, 1028, 1376, 1690, 2345, 2391, 2899, 3234, 14460, 3597, 0, 0, 62, 98, 191, 314, 550, 560, 561, 495, 1566, 137, 0, 0
20:21:11, 1020.90, 27.32, 23.99, 30.094, 564, 1000, 1354, 1681, 1932, 1978, 2444, 2597, 12014, 2765, 0, 0, 58, 93, 180, 295, 471, 479, 480, 422, 1346, 119, 0, 0
20:21:12, 1021.90, 27.27, 24.04, 30.094, 424, 738, 1004, 1211, 2085, 2089, 2582, 2801, 14108, 4363, 0, 0, 52, 83, 160, 262, 476, 484, 487, 429, 1365, 121, 0, 0
20:21:13, 1018.50, 27.23, 24.03, 30.094, 443, 791, 1045, 1301, 1154, 1110, 1455, 1505, 7951, 2072, 0, 0, 52, 83, 160, 263, 386, 393, 395, 343, 1120, 100, 0, 0
20:21:13, 1018.70, 27.19, 24.01, 30.094, 576, 991, 1322, 1616, 2104, 2170, 2631, 2864, 12298, 3507, 0, 0, 54, 86, 164, 264, 501, 509, 511, 451, 1437, 129, 0, 0
20:21:14, 1022.60, 27.19, 23.99, 30.102, 738, 1248, 1733, 2010, 2732, 2765, 3333, 3709, 16848, 5046, 0, 0, 62, 97, 187, 304, 496, 506, 505, 445, 1382, 124, 0, 0
20:21:15, 1024.10, 27.24, 24.03, 30.102, 503, 880, 1212, 1510, 1865, 1900, 2342, 2523, 12195, 2641, 0, 0, 62, 99, 194, 321, 503, 513, 512, 451, 1394, 122, 0, 0
20:21:15, 1021.90, 27.27, 24.03, 30.102, 764, 1300, 1787, 2116, 2281, 2329, 2793, 3092, 11524, 2719, 0, 0, 63, 101, 198, 323, 506, 514, 515, 456, 1421, 126, 0, 0
20:21:16, 1022.50, 27.29, 24.01, 30.102, 648, 1123, 1499, 1815, 2071, 2089, 2601, 2791, 14595, 4709, 0, 0, 63, 101, 193, 312, 482, 491, 493, 434, 1358, 121, 0, 0
20:21:17, 1022.30, 27.28, 23.97, 30.102, 624, 1101, 1499, 1821, 2374, 2439, 2951, 3254, 13863, 3347, 0, 0, 58, 92, 180, 296, 445, 453, 455, 400, 1239, 111, 0, 0
20:21:17, 1019.40, 27.28, 24.04, 30.102, 540, 954, 1282, 1561, 2290, 2342, 2817, 3129, 13825, 3261, 0, 0, 61, 96, 189, 311, 527, 536, 537, 477, 1496, 136, 0, 0
20:21:18, 1020.60, 27.28, 23.99, 30.102, 853, 1439, 1959, 2280, 2111, 2135, 2547, 2872, 15492, 5109, 0, 0, 73, 117, 225, 363, 505, 513, 515, 458, 1415, 127, 0, 0
20:21:19, 1020.00, 27.29, 24.01, 30.102, 700, 1166, 1586, 1873, 2010, 2043, 2467, 2733, 15304, 5083, 0, 0, 78, 124, 236, 379, 490, 497, 498, 443, 1367, 124, 0, 0
20:21:19, 1019.70, 27.31, 24.04, 30.094, 589, 981, 1333, 1588, 1554, 1589, 1941, 2139, 11097, 3316, 0, 0, 62, 99, 191, 310, 450, 458, 460, 407, 1252, 115, 0, 0
20:21:20, 1021.90, 27.32, 24.04, 30.094, 638, 1044, 1410, 1651, 2394, 2487, 2926, 3286, 12740, 3351, 0, 0, 68, 108, 209, 338, 505, 514, 516, 459, 1423, 128, 0, 0
20:21:21, 1020.30, 27.33, 24.04, 30.094, 719, 1214, 1647, 1949, 1265, 1288, 1565, 1685, 7950, 2322, 0, 0, 90, 143, 269, 427, 479, 487, 489, 438, 1361, 123, 0, 0
20:21:21, 1027.00, 27.33, 24.03, 30.086, 620, 1043, 1412, 1676, 1575, 1630, 1981, 2185, 11512, 3708, 0, 0, 73, 116, 226, 368, 504, 515, 515, 457, 1426, 123, 0, 0
20:21:22, 1022.30, 27.35, 24.08, 30.102, 389, 669, 945, 1164, 1362, 1427, 1693, 1845, 8609, 1851, 0, 0, 50, 78, 153, 253, 421, 430, 431, 378, 1209, 108, 0, 0
20:21:23, 1020.80, 27.36, 24.04, 30.102, 390, 653, 933, 1095, 2336, 2394, 2846, 3186, 14062, 3259, 0, 0, 53, 83, 158, 257, 402, 410, 412, 363, 1180, 111, 0, 0
20:21:23, 1022.70, 27.40, 24.04, 30.102, 551, 959, 1298, 1547, 1669, 1681, 2091, 2253, 11777, 2940, 0, 0, 62, 99, 193, 316, 425, 432, 432, 380, 1182, 104, 0, 0
20:21:24, 1021.50, 27.42, 24.08, 30.109, 803, 1336, 1864, 2161, 2424, 2465, 2971, 3245, 15633, 4106, 0, 0, 65, 104, 201, 327, 566, 576, 578, 517, 1613, 144, 0, 0
20:21:25, 1022.80, 27.41, 24.06, 30.109, 897, 1476, 2030, 2341, 2009, 2048, 2434, 2724, 15475, 5177, 0, 0, 73, 116, 222, 358, 509, 521, 519, 458, 1413, 126, 0, 0
20:21:25, 1021.30, 27.38, 24.06, 30.102, 661, 1114, 1568, 1829, 2232, 2272, 2711, 2973, 14535, 3466, 0, 0, 68, 107, 208, 338, 529, 539, 539, 479, 1491, 134, 0, 0
20:21:26, 1022.40, 27.35, 24.08, 30.102, 748, 1223, 1685, 1966, 1878, 1886, 2311, 2522, 13054, 3938, 0, 0, 63, 100, 194, 317, 512, 524, 525, 462, 1415, 125, 0, 0
20:21:27, 1021.80, 27.31, 24.08, 30.102, 743, 1222, 1688, 1979, 2238, 2232, 2796, 2964, 15063, 4692, 0, 0, 76, 122, 231, 372, 600, 610, 616, 555, 1740, 159, 0, 0
20:21:28, 1024.70, 27.27, 24.04, 30.094, 645, 1097, 1500, 1779, 2019, 2061, 2540, 2775, 14919, 4849, 0, 0, 61, 97, 190, 314, 563, 575, 579, 516, 1617, 143, 0, 0
20:21:28, 1021.40, 27.24, 24.08, 30.094, 439, 705, 1015, 1192, 2046, 2135, 2518, 2822, 12184, 2451, 0, 0, 56, 88, 173, 285, 490, 501, 504, 445, 1405, 126, 0, 0
20:21:29, 1021.90, 27.21, 24.08, 30.094, 530, 887, 1232, 1437, 2355, 2383, 2890, 3203, 14574, 3827, 0, 0, 58, 91, 176, 285, 503, 515, 519, 461, 1460, 135, 0, 0
20:21:30, 1027.10, 27.19, 24.06, 30.094, 574, 982, 1351, 1595, 890, 844, 1017, 1135, 6839, 1721, 0, 0, 62, 97, 192, 320, 418, 430, 429, 374, 1140, 97, 0, 0
20:21:30, 1022.80, 27.17, 24.08, 30.102, 598, 1007, 1395, 1669, 2211, 2274, 2700, 2982, 15073, 4150, 0, 0, 70, 112, 212, 338, 509, 519, 523, 470, 1456, 133, 0, 0
20:21:31, 1026.90, 27.17, 24.06, 30.102, 754, 1239, 1711, 1995, 1601, 1642, 1980, 2182, 11770, 3682, 0, 0, 72, 115, 219, 353, 526, 537, 539, 479, 1478, 132, 0, 0
20:21:32, 1033.90, 27.17, 24.10, 30.102, 419, 742, 1042, 1308, 1699, 1755, 2077, 2305, 8436, 1168, 0, 0, 40, 63, 129, 221, 375, 387, 384, 336, 1015, 86, 0, 0
20:21:32, 1047.00, 27.17, 24.10, 30.102, 391, 676, 986, 1189, 1357, 1429, 1644, 1856, 7949, 1130, 0, 0, 41, 63, 134, 235, 383, 398, 391, 335, 989, 79, 0, 0
20:21:33, 1062.10, 27.17, 24.10, 30.102, 193, 347, 560, 745, 946, 1001, 1169, 1232, 4331, 394, 0, 0, 19, 28, 64, 124, 223, 237, 227, 186, 537, 42, 0, 0
20:21:34, 1070.30, 27.18, 24.08, 30.102, 110, 195, 350, 496, 636, 667, 783, 806, 3110, 281, 0, 0, 18, 25, 58, 115, 215, 229, 218, 177, 526, 41, 0, 0
20:21:34, 1085.00, 27.20, 24.10, 30.109, 76, 136, 250, 364, 450, 480, 543, 573, 2195, 180, 0, 0, 16, 21, 50, 103, 185, 200, 188, 150, 449, 34, 0, 0
20:21:35, 1093.90, 27.21, 24.10, 30.109, 52, 95, 183, 290, 402, 432, 498, 494, 1645, 118, 0, 0, 9, 11, 29, 63, 126, 138, 129, 100, 302, 23, 0, 0
20:21:36, 1103.10, 27.24, 24.11, 30.109, 37, 67, 130, 205, 276, 292, 335, 339, 1294, 99, 0, 0, 9, 11, 27, 60, 120, 132, 123, 94, 285, 22, 0, 0
20:21:36, 1113.60, 27.26, 24.06, 30.117, 24, 40, 82, 140, 221, 242, 268, 267, 913, 65, 0, 0, 6, 7, 19, 45, 102, 114, 104, 79, 239, 18, 0, 0
20:21:37, 1114.00, 27.28, 24.13, 30.117, 18, 29, 61, 106, 203, 225, 247, 242, 795, 55, 0, 0, 5, 5, 14, 33, 72, 81, 74, 55, 170, 13, 0, 0
20:21:38, 1095.50, 27.29, 24.08, 30.117, 26, 47, 98, 173, 290, 318, 356, 345, 977, 65, 0, 0, 5, 6, 16, 38, 87, 96, 90, 68, 209, 16, 0, 0
20:21:38, 1079.10, 27.30, 24.11, 30.109, 50, 95, 184, 297, 476, 514, 588, 588, 1781, 121, 0, 0, 8, 11, 28, 59, 128, 138, 132, 104, 319, 25, 0, 0
20:21:39, 1061.70, 27.33, 24.11, 30.109, 84, 160, 285, 431, 634, 679, 789, 810, 2853, 219, 0, 0, 15, 21, 48, 96, 185, 196, 190, 154, 479, 37, 0, 0
20:21:40, 1045.50, 27.34, 24.11, 30.109, 156, 297, 484, 675, 1023, 1073, 1265, 1341, 4425, 384, 0, 0, 22, 33, 72, 134, 250, 261, 256, 216, 666, 53, 0, 0
20:21:40, 1031.00, 27.35, 24.13, 30.117, 357, 648, 960, 1239, 1525, 1580, 1890, 2022, 7419, 895, 0, 0, 37, 58, 120, 207, 357, 367, 365, 318, 984, 82, 0, 0
20:21:41, 1017.40, 27.36, 24.13, 30.117, 696, 1187, 1669, 2010, 2262, 2302, 2813, 3004, 15648, 4388, 0, 0, 63, 100, 195, 319, 548, 557, 561, 506, 1556, 145, 0, 0
20:21:42, 1017.70, 27.36, 24.10, 30.109, 635, 1026, 1407, 1613, 2783, 2863, 3357, 3779, 17699, 5730, 0, 0, 285, 454, 684, 921, 2232, 2208, 2564, 2637, 10689, 2902, 0, 0
20:21:42, 1017.40, 27.38, 24.13, 30.055, 820, 1330, 1820, 2136, 2402, 2397, 2819, 3250, 16793, 5765, 0, 0, 424, 675, 992, 1273, 1513, 1483, 1677, 1639, 6993, 1607, 0, 0
20:21:43, 1018.10, 27.39, 24.13, 30.055, 773, 1271, 1714, 2046, 2332, 2363, 2843, 3121, 16955, 5800, 0, 0, 211, 319, 510, 689, 608, 614, 631, 569, 1950, 270, 0, 0
20:21:44, 1017.30, 27.39, 24.15, 29.937, 830, 1390, 1885, 2217, 2518, 2552, 3082, 3398, 17536, 5854, 0, 0, 303, 474, 698, 881, 1024, 1014, 1118, 1119, 4544, 1229, 0, 0
20:21:44, 1017.40, 27.39, 24.11, 29.961, 835, 1419, 1896, 2261, 2501, 2557, 3138, 3436, 17517, 5835, 0, 0, 451, 727, 1076, 1363, 1488, 1507, 1674, 1724, 7726, 1969, 0, 0
20:21:45, 1017.20, 27.51, 24.13, 29.961, 724, 1231, 1639, 1995, 2924, 2959, 3613, 3978, 17186, 5489, 0, 0, 437, 664, 986, 1245, 1300, 1292, 1456, 1462, 5775, 1663, 0, 0
20:21:46, 1017.30, 27.58, 24.11, 29.922, 851, 1470, 1958, 2345, 2586, 2664, 3297, 3556, 16590, 5311, 0, 0, 412, 616, 927, 1158, 1262, 1284, 1415, 1464, 6727, 1877, 0, 0
20:21:46, 1017.30, 27.59, 24.17, 29.859, 826, 1447, 1905, 2291, 2689, 2735, 3375, 3661, 17006, 5441, 0, 0, 407, 630, 942, 1200, 1538, 1525, 1760, 1784, 7889, 2215, 0, 0
20:21:47, 1017.40, 27.56, 24.13, 29.859, 984, 1691, 2239, 2670, 2901, 2897, 3581, 3934, 18815, 6129, 0, 0, 486, 754, 1132, 1449, 1706, 1710, 1913, 2000, 8252, 2172, 0, 0
20:21:48, 1017.30, 27.51, 24.17, 29.734, 1045, 1820, 2420, 2846, 3043, 3025, 3736, 4165, 19138, 6195, 0, 0, 353, 535, 824, 1035, 1064, 1045, 1167, 1172, 4873, 1209, 0, 0
20:21:48, 1017.20, 27.46, 24.17, 29.570, 1007, 1773, 2346, 2797, 2916, 2917, 3630, 4006, 17792, 5623, 0, 0, 340, 528, 766, 1000, 1153, 1146, 1292, 1325, 5843, 1600, 0, 0
20:21:49, 1017.40, 27.42, 24.15, 29.570, 1079, 1856, 2484, 2906, 3126, 3139, 3772, 4309, 19822, 6474, 0, 0, 493, 775, 1153, 1452, 2081, 2072, 2315, 2394, 9175, 2279, 0, 0
20:21:50, 1017.20, 27.38, 24.17, 29.383, 1219, 2039, 2681, 3248, 3697, 3797, 4619, 5056, 19975, 6210, 0, 0, 590, 870, 1265, 1691, 2266, 2220, 2557, 2730, 7017, 1991, 0, 0
20:21:50, 1017.30, 27.34, 24.18, 29.187, 1231, 2003, 2677, 3235, 3686, 3773, 4605, 4994, 22073, 7249, 0, 0, 1113, 1621, 2298, 2922, 3274, 3328, 3876, 4223, 9710, 2587, 0, 0
20:21:51, 1017.00, 27.30, 24.17, 29.187, 1219, 2056, 2757, 3308, 3772, 3907, 4754, 5159, 17960, 5334, 0, 0, 1906, 2803, 3781, 4926, 5949, 6336, 7582, 8805, 26966, 14202, 0, 0
20:21:52, 1017.20, 27.26, 24.18, 28.953, 1229, 2002, 2722, 3285, 3903, 4008, 4992, 5312, 20614, 6657, 0, 0, 2297, 3340, 4645, 5788, 6878, 7202, 8705, 9968, 33313, 16443, 0, 1
20:21:52, 1016.90, 27.22, 24.17, 28.742, 1218, 1981, 2658, 3140, 3398, 3533, 4199, 4657, 13993, 4035, 0, 0, 2325, 3375, 4546, 5693, 6534, 6955, 8599, 10481, 31836, 17451, 0, 0
20:21:53, 1017.30, 27.18, 24.15, 28.742, 1225, 1907, 2600, 3090, 3365, 3598, 4159, 4740, 16116, 4950, 0, 0, 2341, 3381, 4731, 5912, 6746, 7194, 8734, 10087, 31638, 15623, 0, 0
20:21:54, 1017.00, 27.15, 24.17, 28.570, 1284, 1979, 2732, 3199, 3389, 3597, 4144, 4658, 19771, 6489, 0, 0, 2359, 3422, 4640, 5826, 6269, 6649, 8245, 10490, 33926, 17529, 0, 1
20:21:54, 1017.00, 27.11, 24.15, 28.437, 1341, 2144, 2953, 3406, 3778, 3839, 4595, 5147, 21581, 7128, 0, 0, 1898, 2798, 3895, 5017, 6050, 6477, 8270, 9579, 28195, 15020, 0, 0
20:21:55, 1017.10, 27.07, 24.22, 28.437, 1344, 2237, 3024, 3608, 4095, 4183, 5125, 5573, 18745, 5599, 0, 0, 1549, 2197, 3008, 3770, 4227, 4612, 5821, 7325, 21462, 12677, 0, 0
20:21:56, 1017.10, 27.04, 24.18, 28.289, 1223, 1932, 2607, 3098, 3517, 3836, 4280, 5075, 19316, 5985, 0, 0, 1816, 2354, 3262, 3969, 4464, 5013, 6212, 8146, 22652, 13626, 0, 0
20:21:56, 1017.00, 27.01, 24.18, 28.148, 1178, 1860, 2605, 2955, 3153, 3199, 3867, 4347, 16646, 5611, 0, 0, 2372, 3447, 4892, 6344, 7543, 8323, 10785, 12938, 35887, 18683, 0, 1
20:21:57, 1017.10, 26.98, 24.18, 28.148, 1047, 1661, 2353, 2629, 3040, 3023, 3717, 4159, 14804, 5217, 0, 0, 2341, 3350, 4709, 5995, 7177, 7814, 10244, 12102, 34923, 17914, 0, 1
20:21:58, 1017.10, 26.95, 24.18, 28.039, 1047, 1579, 2208, 2499, 3233, 3388, 3897, 4545, 18725, 6383, 0, 0, 2266, 3219, 4467, 5686, 6527, 7096, 9003, 11128, 31221, 16128, 0, 0
20:21:58, 1016.90, 26.92, 24.18, 27.953, 1301, 2051, 2769, 3321, 3812, 4066, 4725, 5388, 20754, 6348, 0, 0, 2498, 3668, 5217, 6609, 7103, 7728, 9648, 11616, 33610, 16369, 0, 1
20:21:59, 1016.80, 26.89, 24.20, 27.953, 1294, 2114, 2846, 3466, 3746, 3866, 4789, 5072, 17347, 5026, 0, 0, 2300, 3467, 4822, 6250, 7432, 8115, 9988, 11765, 32413, 15233, 0, 1
20:22:00, 1017.10, 26.87, 24.22, 27.859, 1302, 2159, 2946, 3504, 3504, 3559, 4368, 4773, 18587, 6140, 0, 0, 2009, 3014, 4321, 5500, 6164, 6452, 8005, 8777, 33093, 15497, 0, 1
20:22:00, 1017.30, 26.85, 24.22, 27.812, 1101, 1780, 2439, 2853, 3164, 3173, 3992, 4344, 17353, 5895, 0, 0, 2547, 3984, 5704, 7356, 9110, 9721, 12060, 13449, 35341, 14672, 0, 1
20:22:01, 1017.30, 26.83, 24.22, 27.812, 1284, 2092, 2812, 3392, 3852, 3940, 4890, 5202, 17565, 5032, 0, 0, 2585, 4293, 5981, 7880, 9628, 10093, 12498, 14149, 36000, 19727, 1, 1
20:22:02, 1017.00, 26.81, 24.22, 27.750, 1415, 2245, 3018, 3621, 4060, 4378, 5046, 5694, 19687, 5789, 0, 0, 2441, 3718, 5344, 6956, 8233, 8958, 10830, 12415, 35697, 15068, 0, 1
20:22:02, 1016.90, 26.79, 24.22, 27.719, 1351, 2062, 2889, 3233, 3580, 3645, 4315, 4911, 21104, 7132, 0, 0, 2772, 4214, 6071, 7664, 8854, 9675, 11426, 13617, 35215, 14545, 0, 1
20:22:03, 1017.00, 26.78, 24.22, 27.719, 1252, 2014, 2748, 3160, 3184, 3182, 3854, 4360, 18113, 6384, 0, 0, 2200, 3378, 4927, 6286, 7934, 8367, 10400, 11480, 25679, 9547, 0, 0
20:22:04, 1016.90, 26.76, 24.27, 27.672, 1094, 1808, 2449, 2843, 3424, 3398, 4270, 4670, 19055, 6503, 0, 0, 2306, 3569, 5081, 6513, 7534, 8062, 9909, 11078, 24833, 9337, 0, 0
20:22:04, 1017.10, 26.74, 24.22, 27.641, 1020, 1676, 2239, 2697, 3037, 2972, 3784, 4096, 16931, 5730, 0, 0, 2531, 3698, 5206, 6477, 7200, 7639, 9209, 11607, 28138, 11431, 0, 0
20:22:05, 1017.20, 26.73, 24.22, 27.641, 1373, 2104, 2879, 3436, 3785, 4074, 4683, 5262, 17142, 5049, 0, 0, 2232, 3523, 4949, 6210, 7589, 7947, 9661, 11403, 34021, 16635, 0, 1
20:22:06, 1017.00, 26.72, 24.24, 27.594, 1347, 2093, 2864, 3370, 3579, 3822, 4364, 5084, 19751, 6042, 0, 0, 2248, 3329, 4740, 5856, 6979, 7397, 9102, 10869, 33104, 17639, 0, 1
