Secchi Depth (cm) = 9999
Forel Ule Scale = 99
pH Colour Scale = 99
SensingSecchi S/N = A017
Latitude (degs N) = 34.13980
Longitude (degs E) = -77.86253
Date = 2026-08-15
Time (UTC), Pressure (mbar) MS5803, Temp (deg C) MS5803, Temp (deg C) 10KTHERM, Temp (deg C) TMP117, ED 415nm, ED 445nm, ED 480nm, ED 515nm, ED 555nm, ED 590nm, ED 630nm, ED 680nm, ED Clear, ED NIR, ED D-SAT, ED A-SAT, EU 415nm, EU 445nm, EU 480nm, EU 515nm, EU 555nm, EU 590nm, EU 630nm, EU 680nm, EU Clear, EU NIR, EU D-SAT, EU A-SAT
14:52:01, -4880.30, -513.52, 25.70, 33.031, 563, 890, 1131, 1270, 1305, 1216, 1359, 1318, 6808, 1571, 0, 0, 5697, 9281, 11525, 12373, 13008, 12372, 14387, 15060, 36000, 20912, 1, 1
14:52:01, -4880.30, -513.52, 25.68, 32.992, 542, 860, 1095, 1239, 1303, 1217, 1360, 1322, 6872, 1580, 0, 0, 5518, 8916, 11121, 12064, 12996, 12585, 15125, 16173, 36000, 23140, 1, 1
14:52:02, -4880.30, -513.52, 25.71, 32.992, 594, 938, 1207, 1336, 1456, 1359, 1535, 1501, 7385, 1710, 0, 0, 5953, 9140, 11934, 13208, 14541, 13982, 18245, 18828, 36000, 26302, 1, 1
14:52:03, -4880.30, -513.52, 25.71, 32.969, 607, 948, 1314, 1489, 2866, 2739, 3391, 3625, 17834, 6162, 0, 0, 3295, 4949, 7115, 9730, 14104, 15165, 19939, 22673, 36000, 27524, 1, 1
14:52:03, -4880.30, -513.52, 25.75, 32.977, 3659, 5349, 8390, 8622, 11990, 9952, 15183, 14195, 36000, 36000, 1, 1, 8160, 11899, 16922, 23049, 31267, 35220, 36000, 36000, 36000, 36000, 1, 1
14:52:04, -4880.30, -513.52, 25.71, 32.977, 2843, 5074, 6431, 9478, 3820, 4743, 5621, 5878, 21353, 7379, 0, 0, 7160, 10146, 14523, 19460, 17876, 20273, 24934, 29803, 36000, 36000, 1, 1
14:52:05, -4880.30, -513.52, 25.75, 32.930, 4158, 4294, 6479, 7865, 3941, 5194, 4748, 6076, 13160, 4774, 0, 0, 7489, 11064, 15640, 21269, 25612, 29269, 36000, 36000, 36000, 36000, 1, 1
14:52:05, -4880.30, -513.52, 25.77, 32.898, 5894, 8634, 11954, 14124, 11165, 10285, 13655, 16030, 15608, 5331, 0, 0, 2667, 3662, 5689, 7812, 8739, 8006, 9220, 8805, 18946, 4883, 0, 0
14:52:06, -4880.30, -513.52, 25.77, 32.898, 3955, 6675, 8772, 13339, 11211, 12376, 18385, 15021, 36000, 12100, 1, 1, 1917, 2796, 4458, 6270, 9189, 9704, 10899, 11467, 28385, 5792, 0, 0
14:52:07, -4880.30, -513.52, 25.77, 32.898, 3601, 4110, 6092, 7864, 9251, 13322, 10851, 15762, 36000, 32480, 1, 1, 2091, 3732, 5615, 8039, 6224, 5926, 6376, 5764, 23367, 4971, 0, 0
14:52:07, -4880.30, -513.52, 25.77, 32.938, 3619, 4623, 7705, 7517, 11107, 9836, 14121, 14297, 36000, 36000, 1, 1, 1439, 2315, 4000, 5345, 6894, 6492, 6951, 6744, 33184, 13025, 0, 1
14:52:08, -4880.30, -513.52, 25.75, 32.938, 2052, 3927, 5297, 6951, 8457, 7189, 12927, 9925, 36000, 32862, 1, 1, 527, 877, 1807, 3119, 4725, 4454, 4219, 3470, 10181, 804, 0, 0
14:52:09, -4880.30, -513.52, 25.75, 32.555, 1450, 1936, 2408, 4961, 7452, 13996, 14552, 12418, 27409, 9389, 0, 0, 412, 670, 1456, 2626, 3896, 3666, 3367, 2646, 7031, 504, 0, 0
14:52:09, -4880.30, -513.52, 25.77, 31.336, 877, 1335, 1798, 2365, 2823, 3214, 3482, 3658, 9646, 1526, 0, 0, 346, 555, 1235, 2301, 3743, 3518, 3211, 2501, 6248, 449, 0, 0
14:52:10, -4880.30, -513.52, 25.79, 31.336, 2337, 2275, 3137, 5358, 4046, 5459, 5220, 5630, 14358, 3045, 0, 0, 354, 571, 1256, 2327, 3849, 3608, 3312, 2585, 5998, 435, 0, 0
14:52:11, -4880.30, -513.52, 25.79, 30.594, 4494, 3096, 5130, 6159, 5490, 11706, 7276, 10654, 14828, 4254, 0, 0, 332, 527, 1162, 2157, 3730, 3506, 3216, 2514, 5903, 433, 0, 0
14:52:11, -4880.30, -513.52, 25.77, 30.195, 4048, 4991, 7533, 8185, 10114, 11665, 8413, 15111, 11109, 2589, 0, 0, 351, 561, 1235, 2281, 3881, 3648, 3365, 2630, 6278, 461, 0, 0
14:52:12, -4880.30, -513.52, 25.75, 30.195, 3121, 5184, 6537, 7391, 16392, 15989, 17282, 22745, 13878, 3131, 0, 0, 341, 545, 1194, 2199, 3647, 3411, 3151, 2453, 5866, 445, 0, 0
14:52:13, -4880.30, -513.52, 25.77, 29.922, 5832, 4800, 10131, 7479, 12157, 14322, 9441, 17564, 13555, 3191, 0, 0, 381, 618, 1337, 2426, 4125, 3871, 3618, 2869, 7358, 556, 0, 0
14:52:13, -4880.30, -513.52, 25.75, 29.781, 990, 1671, 2289, 2771, 3444, 3300, 3882, 3989, 10694, 1754, 0, 0, 373, 602, 1307, 2376, 3857, 3603, 3343, 2629, 6898, 522, 0, 0
14:52:14, -4880.30, -513.52, 25.77, 29.781, 3073, 6294, 9521, 10292, 18601, 10943, 21013, 17704, 16486, 2950, 0, 0, 425, 696, 1491, 2663, 4149, 3882, 3624, 2908, 8181, 638, 0, 0
14:52:15, -4880.30, -513.52, 25.79, 29.695, 2646, 5612, 7411, 16395, 15040, 12216, 25616, 13257, 21987, 4230, 0, 0, 437, 715, 1516, 2675, 4245, 3987, 3706, 3019, 9111, 737, 0, 0
14:52:15, -4880.30, -513.52, 25.75, 29.641, 2342, 4368, 6162, 10341, 9666, 8799, 19916, 9624, 21098, 4579, 0, 0, 480, 786, 1662, 2914, 4611, 4343, 4039, 3326, 10143, 818, 0, 0
14:52:16, -4880.30, -513.52, 25.79, 29.641, 1969, 3600, 4594, 8776, 19907, 16504, 30945, 18800, 30178, 8665, 0, 0, 452, 740, 1575, 2788, 4347, 4080, 3786, 3070, 9102, 732, 0, 0
14:52:17, -4880.30, -513.52, 25.75, 29.609, 3212, 6319, 8336, 15755, 16263, 13417, 27148, 14237, 23160, 5503, 0, 0, 399, 647, 1389, 2499, 3950, 3693, 3396, 2687, 7681, 601, 0, 0
14:52:17, -4880.30, -513.52, 25.75, 29.586, 3789, 8743, 11943, 12867, 4320, 4657, 5304, 6560, 11359, 2027, 0, 0, 385, 623, 1357, 2481, 3998, 3739, 3444, 2682, 7013, 526, 0, 0
14:52:18, -4880.30, -513.52, 25.75, 29.586, 1580, 1986, 3272, 3110, 8724, 9539, 7092, 11125, 12932, 3018, 0, 0, 324, 510, 1137, 2132, 3359, 3128, 2821, 2145, 5232, 386, 0, 0
14:52:19, -4880.30, -513.52, 25.75, 29.547, 6365, 3764, 9320, 5907, 8568, 12163, 6308, 12553, 12938, 3538, 0, 0, 340, 538, 1186, 2203, 3597, 3362, 3071, 2369, 5792, 433, 0, 0
14:52:19, -4880.30, -513.52, 25.75, 29.539, 3270, 4817, 8806, 7494, 15523, 8615, 17772, 17123, 9411, 2607, 0, 0, 439, 719, 1549, 2804, 4172, 3912, 3636, 2863, 7163, 535, 0, 0
14:52:20, -4880.30, -513.52, 25.75, 29.539, 2802, 2428, 4725, 3751, 3655, 3607, 3799, 4279, 10295, 2127, 0, 0, 391, 627, 1353, 2448, 3907, 3659, 3390, 2668, 6673, 506, 0, 0
14:52:21, -4880.30, -513.52, 25.79, 29.523, 1817, 2810, 3907, 4144, 13338, 14397, 17264, 19358, 13400, 3069, 0, 0, 422, 689, 1477, 2650, 4432, 4154, 3896, 3113, 8402, 653, 0, 0
14:52:21, -4880.30, -513.52, 25.75, 29.523, 1125, 1904, 2605, 3285, 3510, 3288, 3979, 3984, 10825, 1792, 0, 0, 397, 643, 1390, 2510, 3871, 3625, 3359, 2666, 7215, 557, 0, 0
14:52:22, -4880.30, -513.52, 25.75, 29.523, 3840, 6717, 12828, 10535, 19709, 9503, 19901, 16675, 15351, 3237, 0, 0, 410, 663, 1416, 2524, 4063, 3815, 3530, 2843, 8328, 659, 0, 0
14:52:23, -4880.30, -513.52, 25.73, 29.508, 2527, 4736, 6358, 12011, 10123, 9475, 18469, 10089, 25435, 5049, 0, 0, 508, 829, 1751, 3066, 4734, 4470, 4147, 3416, 10468, 854, 0, 0
14:52:23, -4880.30, -513.52, 25.75, 29.508, 3406, 6732, 7757, 19071, 9238, 8205, 17345, 9357, 21578, 4209, 0, 0, 428, 694, 1480, 2637, 4120, 3889, 3579, 2912, 9057, 734, 0, 0
14:52:24, -4880.30, -513.52, 25.77, 29.508, 2524, 4831, 6475, 12259, 11229, 11013, 26294, 12259, 22734, 4871, 0, 0, 413, 665, 1415, 2517, 3865, 3636, 3340, 2687, 8486, 684, 0, 0
14:52:25, -4880.30, -513.52, 25.75, 29.516, 5856, 9603, 10649, 13342, 14550, 14518, 13726, 17385, 21575, 3656, 0, 0, 405, 658, 1420, 2558, 3856, 3612, 3340, 2641, 7459, 583, 0, 0
14:52:25, -4880.30, -513.52, 25.79, 29.516, 1540, 2546, 3518, 3983, 4047, 3877, 4404, 4571, 11915, 1837, 0, 0, 320, 505, 1096, 2006, 3308, 3087, 2821, 2198, 6134, 481, 0, 0
14:52:26, -4880.30, -513.52, 25.75, 29.516, 3628, 8194, 10778, 12535, 7978, 5585, 16249, 7524, 14840, 2725, 0, 0, 451, 737, 1588, 2856, 4724, 4429, 4131, 3315, 9368, 739, 0, 0
14:52:27, -4880.30, -513.52, 25.75, 29.508, 2070, 4151, 5836, 10437, 20368, 14681, 22523, 20883, 19553, 2947, 0, 0, 351, 558, 1222, 2239, 3605, 3374, 3066, 2405, 7052, 551, 0, 0
14:52:27, -4880.30, -513.52, 25.77, 29.500, 3154, 6931, 9133, 20129, 17771, 17039, 25333, 15040, 22840, 4088, 0, 0, 393, 632, 1361, 2456, 4150, 3893, 3582, 2874, 8708, 700, 0, 0
14:52:28, -4880.30, -513.52, 25.79, 29.500, 2193, 4485, 5617, 12250, 6087, 6119, 10953, 6645, 17705, 3061, 0, 0, 460, 754, 1624, 2905, 4260, 3991, 3697, 2934, 8065, 619, 0, 0
14:52:29, -4880.30, -513.52, 25.82, 29.500, 1470, 2396, 3593, 3954, 4231, 3562, 4897, 4521, 10345, 1707, 0, 0, 362, 575, 1268, 2350, 3736, 3493, 3185, 2463, 6596, 499, 0, 0
14:52:29, -4880.30, -513.52, 25.80, 29.500, 3023, 5703, 8928, 9182, 3524, 3468, 4132, 4304, 10844, 1519, 0, 0, 362, 582, 1284, 2372, 3847, 3604, 3326, 2597, 7228, 561, 0, 0
14:52:30, -4880.30, -513.52, 25.77, 29.500, 1368, 2307, 3302, 4018, 4622, 4394, 5057, 5746, 10898, 1365, 0, 0, 265, 408, 915, 1745, 2884, 2693, 2408, 1820, 5226, 405, 0, 0
14:52:31, -4880.30, -513.52, 25.79, 29.500, 4996, 8514, 12691, 13936, 14627, 16476, 19518, 25622, 18306, 2837, 0, 0, 303, 475, 1052, 1976, 3546, 3323, 3005, 2339, 7250, 573, 0, 0
14:52:31, -4880.30, -513.52, 25.77, 29.500, 3402, 6710, 9120, 16957, 16593, 15206, 20329, 15498, 22313, 3302, 0, 0, 323, 509, 1108, 2039, 3421, 3231, 2915, 2327, 7878, 644, 0, 0
14:52:32, -4880.30, -513.52, 25.79, 29.500, 3339, 6116, 7292, 17144, 13204, 14893, 29423, 16032, 33505, 7388, 0, 1, 393, 626, 1336, 2406, 3947, 3738, 3402, 2743, 9226, 756, 0, 0
14:52:33, -4880.30, -513.52, 25.77, 29.508, 3330, 3484, 5651, 9421, 6998, 13042, 11634, 12358, 33156, 6694, 0, 1, 423, 680, 1480, 2679, 3942, 3720, 3379, 2681, 8261, 652, 0, 0
14:52:33, -4880.30, -513.52, 25.77, 29.508, 2087, 4184, 5957, 10454, 14317, 13357, 18845, 14037, 20264, 2198, 0, 0, 316, 498, 1115, 2090, 3538, 3326, 3015, 2352, 7276, 567, 0, 0
14:52:34, -4880.30, -513.52, 25.84, 29.508, 2428, 4518, 5996, 8748, 17906, 18042, 24418, 21190, 23692, 2324, 0, 0, 315, 497, 1147, 2199, 3379, 3169, 2859, 2159, 5952, 447, 0, 0
14:52:35, -4880.30, -513.52, 25.77, 29.508, 913, 1758, 2705, 3467, 3610, 3518, 4162, 4258, 8467, 665, 0, 0, 225, 337, 808, 1640, 2867, 2688, 2378, 1739, 4837, 360, 0, 0
14:52:35, -4880.30, -513.52, 25.84, 29.492, 273, 467, 732, 1167, 1002, 1073, 1249, 1066, 3679, 277, 0, 0, 240, 360, 883, 1808, 2903, 2732, 2413, 1757, 4952, 369, 0, 0
14:52:36, -4880.30, -513.52, 25.82, 29.492, 249, 475, 798, 1131, 1167, 1164, 1274, 1145, 4134, 265, 0, 0, 182, 263, 664, 1417, 2477, 2329, 2017, 1435, 4172, 310, 0, 0
14:52:37, -4880.30, -513.52, 25.84, 29.461, 131, 207, 386, 554, 706, 769, 759, 700, 3049, 207, 0, 0, 188, 270, 691, 1482, 2571, 2423, 2112, 1517, 4237, 313, 0, 0
14:52:37, -4880.30, -513.52, 25.86, 29.414, 212, 411, 745, 1120, 1186, 1213, 1258, 1125, 4160, 248, 0, 0, 187, 264, 677, 1459, 2547, 2416, 2094, 1511, 4427, 330, 0, 0
14:52:38, -4880.30, -513.52, 25.80, 29.414, 120, 183, 372, 550, 622, 660, 731, 598, 2278, 171, 0, 0, 183, 257, 665, 1442, 2579, 2456, 2148, 1551, 4748, 358, 0, 0
14:52:39, -4880.30, -513.52, 25.82, 29.383, 104, 165, 333, 582, 892, 887, 1187, 839, 2366, 160, 0, 0, 143, 193, 511, 1157, 2093, 1991, 1715, 1200, 3351, 247, 0, 0
14:52:39, -4880.30, -513.52, 25.80, 29.297, 114, 188, 383, 766, 1218, 1147, 1893, 1215, 1706, 125, 0, 0, 148, 198, 527, 1200, 2197, 2101, 1819, 1279, 3597, 269, 0, 0
14:52:40, -4880.30, -513.52, 25.82, 29.297, 186, 331, 655, 1304, 2288, 2265, 3573, 2409, 2697, 185, 0, 0, 147, 193, 516, 1183, 2180, 2092, 1805, 1263, 3644, 276, 0, 0
14:52:41, -4880.30, -513.52, 25.84, 29.187, 277, 504, 1061, 1885, 2775, 2843, 3533, 3410, 3397, 218, 0, 0, 121, 153, 417, 988, 1890, 1815, 1555, 1068, 3045, 229, 0, 0
14:52:42, -4880.30, -513.52, 25.84, 29.125, 237, 430, 915, 1647, 2698, 2816, 3535, 3262, 3471, 214, 0, 0, 112, 138, 379, 911, 1749, 1689, 1438, 979, 2846, 216, 0, 0
14:52:42, -4880.30, -513.52, 25.82, 29.125, 202, 349, 790, 1409, 2238, 2310, 2784, 2568, 2857, 180, 0, 0, 103, 124, 345, 843, 1677, 1618, 1375, 924, 2644, 200, 0, 0
14:52:43, -4880.30, -513.52, 25.82, 29.078, 195, 315, 708, 1238, 1916, 1930, 2327, 2125, 2368, 153, 0, 0, 105, 126, 348, 856, 1713, 1657, 1409, 948, 2708, 205, 0, 0
14:52:44, -4880.30, -513.52, 25.80, 29.039, 192, 320, 721, 1293, 2224, 2162, 2760, 2365, 2826, 186, 0, 0, 106, 128, 354, 866, 1691, 1632, 1387, 932, 2699, 204, 0, 0
14:52:44, -4880.30, -513.52, 25.82, 29.039, 210, 371, 819, 1534, 2306, 2460, 2973, 2567, 3884, 238, 0, 0, 107, 128, 355, 868, 1727, 1673, 1425, 968, 2901, 221, 0, 0
14:52:45, -4880.30, -513.52, 25.84, 29.016, 194, 324, 724, 1418, 2211, 2384, 2845, 2373, 4680, 285, 0, 0, 103, 123, 342, 837, 1677, 1624, 1380, 933, 2773, 210, 0, 0
14:52:46, -4880.30, -513.52, 25.84, 29.008, 173, 288, 634, 1239, 1968, 2109, 2451, 2124, 4596, 278, 0, 0, 98, 116, 322, 796, 1580, 1533, 1301, 878, 2688, 204, 0, 0
14:52:46, -4880.30, -513.52, 25.86, 29.008, 174, 287, 642, 1285, 2134, 2306, 2789, 2313, 4605, 277, 0, 0, 94, 110, 307, 760, 1508, 1467, 1241, 835, 2590, 197, 0, 0
14:52:47, -4880.30, -513.52, 25.84, 28.992, 140, 227, 507, 1025, 1617, 1682, 2010, 1605, 2997, 184, 0, 0, 90, 104, 291, 732, 1445, 1407, 1190, 794, 2390, 182, 0, 0
14:52:48, -4880.30, -513.52, 25.86, 28.977, 146, 236, 547, 1071, 1642, 1678, 1976, 1628, 2534, 159, 0, 0, 87, 100, 279, 707, 1430, 1395, 1183, 785, 2268, 172, 0, 0
14:52:48, -4880.30, -513.52, 25.84, 28.977, 107, 163, 369, 779, 1446, 1501, 1812, 1388, 2160, 135, 0, 0, 83, 94, 264, 671, 1363, 1332, 1126, 745, 2183, 166, 0, 0
14:52:49, -4880.30, -513.52, 25.86, 28.945, 109, 167, 389, 780, 1239, 1255, 1466, 1136, 1876, 120, 0, 0, 85, 96, 267, 681, 1362, 1335, 1133, 752, 2180, 166, 0, 0
14:52:50, -4880.30, -513.52, 25.86, 28.922, 132, 204, 470, 962, 1632, 1731, 1956, 1654, 2435, 150, 0, 0, 76, 85, 237, 611, 1255, 1234, 1043, 688, 2014, 154, 0, 0
14:52:50, -4880.30, -513.52, 25.86, 28.922, 128, 194, 456, 905, 1573, 1667, 1814, 1617, 2313, 143, 0, 0, 70, 78, 216, 561, 1140, 1130, 958, 633, 1883, 144, 0, 0
14:52:51, -4880.30, -513.52, 25.82, 28.891, 112, 164, 394, 800, 1378, 1437, 1554, 1340, 1911, 121, 0, 0, 66, 71, 198, 518, 1094, 1088, 922, 607, 1777, 136, 0, 0
14:52:52, -4880.30, -513.52, 25.87, 28.773, 110, 160, 382, 786, 1384, 1461, 1587, 1349, 1948, 122, 0, 0, 65, 70, 195, 513, 1067, 1064, 903, 595, 1743, 134, 0, 0
14:52:52, -4880.30, -513.52, 25.84, 28.773, 94, 134, 325, 674, 1215, 1264, 1361, 1126, 1725, 109, 0, 0, 63, 68, 188, 496, 1052, 1053, 896, 591, 1718, 132, 0, 0
14:52:53, -4880.30, -513.52, 25.87, 28.711, 107, 154, 371, 783, 1453, 1543, 1619, 1404, 2113, 132, 0, 0, 57, 60, 165, 441, 928, 934, 795, 522, 1535, 118, 0, 0
14:52:54, -4880.30, -513.52, 25.86, 28.633, 86, 119, 295, 630, 1155, 1218, 1260, 1058, 1646, 104, 0, 0, 54, 55, 152, 409, 879, 894, 768, 507, 1463, 113, 0, 0
14:52:54, -4880.30, -513.52, 25.89, 28.633, 86, 116, 290, 626, 1085, 1151, 1153, 958, 1582, 99, 0, 0, 49, 49, 136, 369, 808, 828, 713, 472, 1348, 104, 0, 0
14:52:55, -4880.30, -513.52, 25.87, 28.562, 78, 102, 257, 560, 1035, 1100, 1095, 914, 1477, 93, 0, 0, 50, 50, 137, 373, 824, 846, 732, 484, 1384, 107, 0, 0
14:52:56, -4880.30, -513.52, 25.89, 28.492, 82, 110, 279, 613, 1101, 1168, 1178, 961, 1669, 104, 0, 0, 48, 48, 131, 357, 798, 823, 714, 474, 1345, 104, 0, 0
14:52:56, -4880.30, -513.52, 25.91, 28.492, 81, 107, 271, 601, 1151, 1228, 1231, 1003, 1827, 113, 0, 0, 45, 45, 121, 333, 733, 764, 666, 446, 1275, 99, 0, 0
14:52:57, -4880.30, -513.52, 25.87, 28.469, 65, 83, 212, 476, 870, 921, 900, 722, 1300, 82, 0, 0, 43, 42, 114, 314, 705, 740, 653, 439, 1224, 96, 0, 0
14:52:58, -4880.30, -513.52, 25.89, 28.461, 68, 85, 218, 498, 900, 959, 925, 747, 1428, 90, 0, 0, 40, 39, 104, 288, 653, 691, 614, 415, 1143, 90, 0, 0
14:52:58, -4880.30, -513.52, 25.86, 28.461, 62, 77, 197, 452, 860, 917, 884, 709, 1332, 84, 0, 0, 41, 40, 105, 291, 665, 703, 624, 422, 1171, 92, 0, 0
14:52:59, -4880.30, -513.52, 25.87, 28.430, 67, 85, 219, 504, 905, 964, 940, 745, 1478, 93, 0, 0, 39, 38, 100, 278, 639, 679, 607, 412, 1123, 89, 0, 0
14:53:00, -4880.30, -513.52, 25.87, 28.406, 63, 77, 198, 458, 868, 926, 893, 709, 1391, 88, 0, 0, 38, 36, 95, 263, 583, 625, 561, 383, 1063, 85, 0, 0
14:53:00, -4880.30, -513.52, 25.91, 28.406, 56, 68, 176, 414, 760, 808, 771, 601, 1230, 78, 0, 0, 29, 27, 70, 196, 417, 454, 413, 280, 807, 65, 0, 0
14:53:01, -4880.30, -513.52, 25.91, 28.398, 50, 60, 156, 376, 721, 769, 732, 563, 1187, 75, 0, 0, 21, 19, 49, 138, 307, 336, 303, 204, 642, 53, 0, 0
14:53:02, -4880.30, -513.52, 25.91, 28.375, 48, 58, 152, 368, 703, 747, 709, 542, 1144, 72, 0, 0, 14, 13, 33, 93, 221, 242, 217, 146, 494, 41, 0, 0
14:53:02, -4880.30, -513.52, 25.93, 28.375, 49, 59, 154, 374, 718, 762, 725, 555, 1183, 75, 0, 0, 7, 6, 17, 49, 64, 70, 61, 41, 163, 13, 0, 0
14:53:03, -4880.30, -513.52, 25.91, 28.359, 49, 61, 160, 390, 753, 794, 766, 578, 1315, 83, 0, 0, 0, 0, 1, 4, 4, 5, 4, 3, 9, 0, 0, 0
14:53:04, -4880.30, -513.52, 25.93, 28.367, 47, 57, 148, 365, 716, 760, 725, 546, 1163, 74, 0, 0, 0, 0, 0, 0, 0, 0, 0, 0, 0, 0, 0, 0
14:53:04, -4880.30, -513.52, 25.96, 28.367, 49, 60, 157, 384, 749, 791, 757, 577, 1167, 74, 0, 0, 0, 0, 0, 0, 0, 0, 0, 0, 0, 0, 0, 0
14:53:05, -4880.30, -513.52, 25.94, 28.359, 51, 61, 160, 389, 764, 805, 768, 584, 1216, 77, 0, 0, 0, 0, 0, 0, 0, 0, 0, 0, 0, 0, 0, 0
14:53:06, -4880.30, -513.52, 25.93, 28.359, 52, 63, 163, 398, 778, 822, 788, 602, 1224, 78, 0, 0, 0, 0, 0, 0, 0, 0, 0, 0, 0, 0, 0, 0
14:53:06, -4880.30, -513.52, 25.93, 28.359, 50, 63, 165, 404, 789, 823, 803, 601, 1261, 80, 0, 0, 0, 0, 0, 2, 15, 16, 14, 9, 30, 2, 0, 0
14:53:07, -4880.30, -513.52, 25.93, 28.359, 41, 50, 131, 331, 608, 636, 613, 437, 964, 62, 0, 0, 14, 12, 32, 91, 153, 170, 152, 105, 328, 27, 0, 0
14:53:08, -4880.30, -513.52, 25.96, 28.359, 50, 62, 162, 396, 728, 771, 741, 561, 1208, 76, 0, 0, 6, 5, 15, 42, 122, 136, 124, 84, 305, 26, 0, 0
14:53:08, -4880.30, -513.52, 25.98, 28.359, 47, 58, 150, 363, 685, 723, 689, 523, 1071, 68, 0, 0, 17, 15, 38, 107, 282, 313, 287, 195, 591, 48, 0, 0
14:53:09, -4880.30, -513.52, 25.93, 28.352, 47, 58, 150, 360, 695, 732, 705, 536, 1085, 69, 0, 0, 26, 24, 62, 172, 438, 479, 432, 300, 804, 65, 0, 0
14:53:10, -4880.30, -513.52, 25.94, 28.344, 50, 62, 161, 382, 762, 804, 795, 605, 1207, 77, 0, 0, 32, 30, 78, 218, 520, 560, 503, 347, 945, 75, 0, 0
14:53:10, -4880.30, -513.52, 25.96, 28.344, 54, 70, 181, 427, 818, 864, 856, 651, 1305, 82, 0, 0, 34, 32, 85, 237, 557, 597, 533, 364, 987, 78, 0, 0
14:53:11, -4880.30, -513.52, 25.93, 28.344, 61, 78, 202, 470, 915, 969, 946, 742, 1465, 91, 0, 0, 37, 35, 92, 257, 611, 651, 580, 394, 1066, 84, 0, 0
14:53:12, -4880.30, -513.52, 25.96, 28.352, 58, 70, 180, 413, 801, 849, 808, 648, 1204, 77, 0, 0, 40, 39, 104, 289, 678, 714, 629, 425, 1176, 92, 0, 0
14:53:12, -4880.30, -513.52, 25.94, 28.352, 68, 82, 211, 473, 888, 955, 904, 747, 1399, 90, 0, 0, 44, 44, 118, 324, 735, 767, 669, 448, 1284, 100, 0, 0
14:53:13, -4880.30, -513.52, 25.98, 28.367, 73, 91, 233, 516, 927, 988, 954, 788, 1392, 89, 0, 0, 47, 46, 125, 345, 778, 805, 700, 467, 1304, 102, 0, 0
14:53:14, -4880.30, -513.52, 26.00, 28.398, 71, 92, 233, 514, 900, 946, 939, 759, 1266, 81, 0, 0, 51, 51, 139, 379, 855, 876, 756, 500, 1391, 108, 0, 0
14:53:14, -4880.30, -513.52, 26.00, 28.398, 82, 109, 274, 594, 1094, 1160, 1177, 963, 1574, 100, 0, 0, 53, 53, 146, 397, 879, 897, 770, 508, 1432, 111, 0, 0
14:53:15, -4880.30, -513.52, 25.96, 28.398, 86, 111, 278, 597, 1005, 1065, 1054, 883, 1403, 90, 0, 0, 55, 56, 155, 419, 936, 948, 812, 534, 1520, 118, 0, 0
14:53:16, -4880.30, -513.52, 25.94, 28.406, 92, 119, 297, 622, 1092, 1164, 1155, 989, 1486, 96, 0, 0, 61, 63, 175, 467, 1021, 1026, 877, 577, 1631, 126, 0, 0
14:53:16, -4880.30, -513.52, 26.00, 28.406, 96, 131, 323, 675, 1272, 1337, 1390, 1165, 1745, 110, 0, 0, 60, 62, 173, 460, 992, 996, 848, 558, 1605, 124, 0, 0
14:53:17, -4880.30, -513.52, 26.00, 28.461, 102, 145, 353, 736, 1284, 1340, 1440, 1197, 1714, 109, 0, 0, 64, 68, 190, 503, 1085, 1083, 921, 606, 1731, 133, 0, 0
14:53:18, -4880.30, -513.52, 25.98, 28.508, 106, 155, 372, 766, 1370, 1420, 1571, 1301, 1855, 119, 0, 0, 71, 77, 216, 563, 1202, 1188, 1009, 665, 1903, 146, 0, 0
14:53:18, -4880.30, -513.52, 26.02, 28.508, 118, 176, 415, 840, 1441, 1480, 1701, 1403, 1880, 122, 0, 0, 79, 88, 246, 632, 1297, 1278, 1086, 720, 2053, 157, 0, 0
14:53:19, -4880.30, -513.52, 26.00, 28.547, 125, 193, 457, 927, 1425, 1484, 1732, 1389, 1888, 121, 0, 0, 77, 86, 239, 615, 1257, 1239, 1052, 695, 1983, 152, 0, 0
14:53:20, -4880.30, -513.52, 26.02, 28.578, 116, 169, 396, 799, 1188, 1214, 1370, 1143, 1417, 94, 0, 0, 79, 87, 243, 625, 1289, 1267, 1080, 713, 2000, 153, 0, 0
14:53:20, -4880.30, -513.52, 26.00, 28.578, 108, 143, 344, 658, 1063, 1102, 1146, 1014, 1314, 89, 0, 0, 83, 92, 258, 660, 1354, 1327, 1131, 746, 2086, 159, 0, 0
14:53:21, -4880.30, -513.52, 26.03, 28.625, 105, 152, 352, 711, 1154, 1179, 1403, 1094, 1406, 94, 0, 0, 80, 89, 249, 641, 1355, 1327, 1130, 745, 2072, 157, 0, 0
14:53:22, -4880.30, -513.52, 26.03, 28.695, 91, 132, 310, 620, 1080, 1070, 1297, 976, 1577, 105, 0, 0, 84, 95, 265, 677, 1394, 1363, 1158, 766, 2150, 163, 0, 0
14:53:22, -4880.30, -513.52, 26.02, 28.695, 96, 146, 329, 695, 1098, 1122, 1393, 1019, 1860, 122, 0, 0, 89, 101, 282, 711, 1441, 1409, 1198, 799, 2295, 175, 0, 0
14:53:23, -4880.30, -513.52, 26.03, 28.719, 90, 135, 306, 640, 973, 1014, 1211, 895, 1791, 117, 0, 0, 94, 109, 301, 753, 1587, 1545, 1318, 882, 2456, 186, 0, 0
14:53:24, -4880.30, -513.52, 26.02, 28.734, 77, 116, 265, 536, 844, 872, 990, 754, 1494, 98, 0, 0, 98, 115, 320, 796, 1591, 1543, 1318, 881, 2406, 181, 0, 0
14:53:24, -4880.30, -513.52, 26.03, 28.734, 80, 126, 296, 568, 992, 1000, 1091, 899, 1477, 96, 0, 0, 95, 111, 308, 770, 1535, 1483, 1262, 835, 2288, 172, 0, 0
14:53:25, -4880.30, -513.52, 26.03, 28.734, 88, 143, 329, 613, 1039, 1051, 1199, 1007, 1409, 92, 0, 0, 93, 109, 302, 755, 1529, 1482, 1262, 841, 2340, 176, 0, 0
14:53:26, -4880.30, -513.52, 26.02, 28.773, 103, 171, 379, 727, 1174, 1178, 1504, 1172, 1640, 107, 0, 0, 105, 125, 345, 847, 1716, 1659, 1418, 953, 2624, 198, 0, 0
14:53:26, -4880.30, -513.52, 26.03, 28.773, 114, 193, 425, 785, 1255, 1224, 1527, 1237, 1752, 116, 0, 0, 111, 133, 365, 890, 1799, 1733, 1489, 1003, 2700, 202, 0, 0
14:53:27, -4880.30, -513.52, 26.03, 28.781, 166, 236, 538, 888, 1487, 1520, 1611, 1598, 1878, 131, 0, 0, 115, 141, 387, 933, 1846, 1774, 1524, 1031, 2791, 209, 0, 0
14:53:28, -4880.30, -513.52, 26.10, 28.828, 175, 240, 545, 866, 1361, 1312, 1551, 1389, 1880, 130, 0, 0, 132, 166, 450, 1062, 2055, 1973, 1708, 1176, 3148, 235, 0, 0
14:53:28, -4880.30, -513.52, 26.03, 28.828, 150, 251, 533, 927, 1402, 1277, 1738, 1326, 2293, 157, 0, 0, 143, 184, 496, 1152, 2181, 2089, 1818, 1261, 3328, 247, 0, 0
14:53:29, -4880.30, -513.52, 26.07, 28.852, 135, 230, 485, 818, 1257, 1149, 1456, 1167, 2201, 145, 0, 0, 139, 179, 481, 1115, 2124, 2027, 1761, 1220, 3190, 235, 0, 0
14:53:30, -4880.30, -513.52, 26.03, 28.891, 119, 217, 446, 725, 1013, 962, 1133, 895, 2207, 139, 0, 0, 145, 192, 510, 1164, 2197, 2097, 1826, 1279, 3387, 249, 0, 0
14:53:30, -4880.30, -513.52, 26.03, 28.891, 121, 224, 435, 725, 1027, 1015, 1155, 937, 2753, 170, 0, 0, 157, 213, 559, 1255, 2333, 2222, 1942, 1377, 3661, 269, 0, 0
14:53:31, -4880.30, -513.52, 26.05, 28.930, 145, 280, 526, 828, 1128, 1124, 1224, 1040, 3292, 195, 0, 0, 174, 240, 623, 1370, 2541, 2408, 2108, 1504, 3958, 290, 0, 0
14:53:32, -4880.30, -513.52, 26.09, 28.969, 187, 355, 638, 956, 1221, 1241, 1330, 1167, 4260, 256, 0, 0, 189, 268, 685, 1471, 2656, 2515, 2194, 1581, 4361, 324, 0, 0
14:53:32, -4880.30, -513.52, 26.05, 28.969, 202, 383, 659, 944, 1127, 1127, 1202, 1070, 4121, 250, 0, 0, 187, 265, 674, 1445, 2511, 2363, 2049, 1455, 3977, 293, 0, 0
14:53:33, -4880.30, -513.52, 26.05, 28.992, 260, 504, 860, 1183, 1400, 1365, 1482, 1321, 4457, 270, 0, 0, 183, 261, 661, 1415, 2655, 2493, 2177, 1549, 4072, 298, 0, 0
14:53:34, -4880.30, -513.52, 26.09, 29.031, 338, 640, 1029, 1362, 1667, 1619, 1774, 1619, 5441, 353, 0, 0, 199, 287, 714, 1494, 2639, 2478, 2141, 1545, 4413, 329, 0, 0
14:53:34, -4880.30, -513.52, 26.09, 29.031, 549, 972, 1472, 1838, 2105, 2114, 2222, 2227, 10367, 825, 0, 0, 270, 413, 952, 1834, 3361, 3189, 2843, 2193, 7435, 580, 0, 0
14:53:35, -4880.30, -513.52, 26.10, 29.094, 1241, 2176, 3073, 4850, 6618, 6504, 10370, 7373, 15968, 1508, 0, 0, 289, 447, 1014, 1940, 3404, 3214, 2909, 2265, 7249, 575, 0, 0
14:53:36, -4880.30, -513.52, 26.09, 29.164, 2443, 4955, 6890, 13764, 13263, 10897, 22144, 11694, 18279, 2428, 0, 0, 349, 551, 1216, 2270, 3778, 3558, 3241, 2533, 7307, 580, 0, 0
14:53:36, -4880.30, -513.52, 26.09, 29.164, 2920, 4699, 9947, 7253, 8097, 5326, 8448, 9886, 12796, 3473, 0, 0, 324, 505, 1121, 2101, 3413, 3207, 2862, 2234, 5985, 457, 0, 0
14:53:37, -4880.30, -513.52, 26.07, 29.258, 1949, 2821, 3712, 4133, 11164, 11976, 13056, 14176, 12704, 3166, 0, 0, 312, 483, 1068, 2001, 3437, 3225, 2940, 2282, 5864, 450, 0, 0
14:53:38, -4880.30, -513.52, 26.10, 29.359, 1288, 2056, 2822, 3083, 3516, 3298, 3811, 3928, 10913, 1904, 0, 0, 413, 663, 1418, 2548, 4231, 3988, 3736, 3006, 8037, 624, 0, 0
14:53:38, -4880.30, -513.52, 26.09, 29.359, 3456, 7714, 9714, 10907, 14964, 10565, 16171, 13990, 17048, 2955, 0, 0, 510, 834, 1759, 3101, 5197, 4913, 4645, 3806, 11096, 906, 0, 0
14:53:39, -4880.30, -513.52, 26.16, 29.414, 3443, 6657, 8600, 16801, 24535, 21130, 26154, 21254, 27810, 5062, 0, 0, 530, 863, 1767, 3046, 6176, 6147, 6081, 5627, 16509, 2548, 0, 0
14:53:40, -4880.30, -513.52, 26.14, 29.437, 3587, 7511, 9604, 18060, 17990, 20219, 36000, 20977, 32747, 10022, 1, 1, 3266, 3872, 7163, 7907, 13153, 12058, 13484, 13600, 36000, 18603, 1, 1
14:53:40, -4880.30, -513.52, 26.10, 29.437, 5222, 11396, 15024, 15725, 8324, 8342, 10963, 13896, 14230, 4228, 0, 0, 8828, 12677, 17808, 25526, 35818, 36000, 36000, 36000, 36000, 36000, 1, 1
14:53:41, -4880.30, -513.52, 26.12, 29.383, 7144, 12868, 14489, 24077, 21813, 30804, 27207, 35953, 23711, 6191, 0, 1, 1536, 1641, 2283, 3317, 3531, 4392, 6109, 7087, 27946, 17736, 0, 0
