Secchi Depth (cm) = 9999
Forel Ule Scale = 99
pH Colour Scale = 99
SensingSecchi S/N = A017
Latitude (degs N) = 34.14033
Longitude (degs E) = -77.86224
Date = 2026-08-06
Time (UTC), Pressure (mbar) MS5803, Temp (deg C) MS5803, Temp (deg C) 10KTHERM, Temp (deg C) TMP117, ED 415nm, ED 445nm, ED 480nm, ED 515nm, ED 555nm, ED 590nm, ED 630nm, ED 680nm, ED Clear, ED NIR, ED D-SAT, ED A-SAT, EU 415nm, EU 445nm, EU 480nm, EU 515nm, EU 555nm, EU 590nm, EU 630nm, EU 680nm, EU Clear, EU NIR, EU D-SAT, EU A-SAT
20:23:24, 1017.10, 26.04, 24.67, 27.523, 327, 458, 629, 744, 794, 849, 954, 962, 4949, 1370, 0, 0, 2020, 2928, 4068, 5041, 3763, 4018, 4968, 5825, 13448, 4672, 0, 0
20:23:24, 1017.30, 26.04, 24.67, 27.531, 1409, 2166, 3019, 3429, 3287, 3414, 3982, 4493, 19764, 6448, 0, 0, 610, 949, 1422, 1803, 2162, 2190, 2512, 2593, 8855, 2063, 0, 0
20:23:25, 1017.30, 26.04, 24.64, 27.531, 1335, 2135, 2895, 3484, 3526, 3761, 4504, 4987, 19064, 5682, 0, 0, 573, 896, 1335, 1728, 2044, 2042, 2366, 2390, 7900, 1993, 0, 0
20:23:26, 1017.30, 26.04, 24.66, 27.508, 1178, 1966, 2655, 3195, 3377, 3461, 4319, 4646, 17962, 5926, 0, 0, 526, 838, 1254, 1597, 1924, 1934, 2152, 2277, 6332, 1550, 0, 0
20:23:26, 1017.30, 26.04, 24.66, 27.500, 1122, 1776, 2478, 2820, 3322, 3349, 4082, 4461, 16114, 5488, 0, 0, 291, 460, 725, 995, 1207, 1208, 1318, 1314, 4991, 1257, 0, 0
20:23:27, 1019.00, 26.07, 24.66, 27.500, 1245, 1910, 2714, 3080, 3582, 3594, 4355, 4792, 17112, 5922, 0, 0, 122, 196, 374, 593, 829, 835, 864, 776, 2001, 185, 0, 0
20:23:28, 1021.60, 26.30, 24.69, 27.977, 1236, 1885, 2690, 3006, 3513, 3523, 4221, 4700, 16514, 5560, 0, 0, 102, 163, 318, 512, 750, 759, 780, 692, 1741, 157, 0, 0
20:23:28, 1023.20, 26.40, 24.67, 28.820, 937, 1484, 2106, 2427, 3033, 3026, 3592, 4114, 13710, 3402, 0, 0, 96, 152, 299, 487, 754, 764, 784, 691, 1704, 150, 0, 0
20:23:29, 1024.30, 26.50, 24.67, 28.820, 985, 1542, 2180, 2557, 3006, 3078, 3646, 4065, 13794, 3344, 0, 0, 97, 155, 306, 500, 775, 785, 806, 718, 1841, 164, 0, 0
20:23:30, 1023.50, 26.59, 24.67, 29.336, 988, 1571, 2238, 2618, 3163, 3233, 3855, 4266, 14609, 3723, 0, 0, 102, 162, 318, 517, 785, 794, 817, 724, 1824, 162, 0, 0
20:23:30, 1022.30, 26.66, 24.66, 29.633, 964, 1552, 2235, 2573, 3092, 3121, 3747, 4141, 14145, 3166, 0, 0, 100, 160, 314, 513, 778, 787, 808, 714, 1769, 156, 0, 0
20:23:31, 1022.80, 26.72, 24.67, 29.633, 1070, 1717, 2410, 2826, 3232, 3264, 3945, 4337, 15194, 4127, 0, 0, 100, 159, 312, 505, 769, 778, 799, 709, 1804, 160, 0, 0
20:23:32, 1021.50, 26.76, 24.67, 29.789, 1022, 1652, 2316, 2747, 3266, 3296, 4012, 4373, 15574, 4352, 0, 0, 103, 165, 320, 517, 774, 783, 805, 718, 1868, 170, 0, 0
20:23:32, 1022.70, 26.82, 24.69, 29.906, 1012, 1670, 2322, 2712, 3294, 3307, 4019, 4473, 15479, 3856, 0, 0, 99, 158, 309, 499, 777, 786, 807, 718, 1830, 164, 0, 0
20:23:33, 1023.50, 26.88, 24.69, 29.906, 1001, 1652, 2314, 2711, 3190, 3195, 3930, 4304, 14741, 3595, 0, 0, 101, 161, 314, 509, 766, 775, 799, 714, 1863, 169, 0, 0
20:23:34, 1023.70, 26.94, 24.69, 29.977, 923, 1527, 2142, 2533, 2945, 2980, 3663, 3988, 13894, 3157, 0, 0, 101, 162, 315, 508, 753, 763, 784, 699, 1823, 163, 0, 0
20:23:34, 1024.40, 26.98, 24.69, 30.023, 973, 1612, 2237, 2687, 3145, 3155, 3896, 4257, 14516, 3716, 0, 0, 100, 159, 312, 505, 748, 757, 778, 692, 1804, 161, 0, 0
20:23:35, 1025.80, 27.00, 24.71, 30.023, 873, 1471, 2083, 2454, 2917, 2928, 3633, 3971, 12935, 2743, 0, 0, 94, 149, 296, 485, 736, 746, 766, 680, 1757, 156, 0, 0
20:23:36, 1030.60, 27.02, 24.71, 30.055, 793, 1355, 1922, 2274, 2645, 2655, 3252, 3570, 11591, 2185, 0, 0, 82, 131, 263, 438, 675, 686, 700, 614, 1571, 135, 0, 0
20:23:36, 1029.10, 27.05, 24.67, 30.078, 657, 1132, 1645, 2026, 2364, 2400, 2967, 3222, 10582, 1883, 0, 0, 84, 133, 268, 447, 701, 712, 727, 637, 1589, 136, 0, 0
20:23:37, 1029.00, 27.09, 24.69, 30.078, 679, 1151, 1680, 2000, 2396, 2438, 2996, 3244, 10661, 1883, 0, 0, 83, 131, 266, 443, 693, 704, 718, 627, 1552, 133, 0, 0
20:23:38, 1029.80, 27.13, 24.73, 30.094, 711, 1189, 1734, 2070, 2417, 2464, 2990, 3263, 10917, 1882, 0, 0, 82, 130, 262, 436, 681, 693, 707, 618, 1540, 132, 0, 0
20:23:38, 1027.30, 27.16, 24.73, 30.109, 739, 1234, 1793, 2194, 2544, 2599, 3131, 3431, 11284, 1982, 0, 0, 85, 135, 271, 449, 681, 691, 706, 620, 1575, 137, 0, 0
20:23:39, 1026.50, 27.19, 24.69, 30.109, 830, 1376, 1962, 2387, 2805, 2857, 3467, 3769, 12490, 2400, 0, 0, 93, 148, 294, 482, 717, 727, 746, 661, 1705, 150, 0, 0
20:23:40, 1027.00, 27.21, 24.71, 30.109, 835, 1387, 1974, 2401, 2725, 2800, 3417, 3654, 12482, 2454, 0, 0, 93, 149, 295, 485, 706, 715, 734, 651, 1688, 148, 0, 0
20:23:40, 1025.50, 27.23, 24.73, 30.125, 829, 1375, 1970, 2360, 2587, 2665, 3283, 3467, 11800, 2218, 0, 0, 93, 147, 294, 485, 721, 731, 749, 661, 1646, 144, 0, 0
20:23:41, 1024.40, 27.25, 24.69, 30.125, 870, 1434, 2045, 2403, 2723, 2801, 3444, 3640, 12743, 2711, 0, 0, 97, 154, 304, 498, 724, 733, 751, 659, 1618, 141, 0, 0
20:23:42, 1031.60, 27.27, 24.75, 30.125, 839, 1408, 1997, 2322, 2585, 2636, 3172, 3527, 12372, 2399, 0, 0, 80, 126, 254, 422, 645, 656, 669, 585, 1483, 127, 0, 0
20:23:42, 1031.00, 27.30, 24.76, 30.133, 667, 1126, 1668, 2039, 2259, 2316, 2779, 3043, 10141, 1628, 0, 0, 74, 116, 237, 399, 635, 647, 660, 576, 1457, 125, 0, 0
20:23:43, 1031.10, 27.34, 24.71, 30.133, 682, 1149, 1692, 2053, 2371, 2416, 2912, 3186, 10204, 1621, 0, 0, 74, 117, 238, 401, 628, 640, 652, 567, 1417, 121, 0, 0
20:23:44, 1030.10, 27.36, 24.73, 30.133, 633, 1061, 1571, 1918, 2365, 2426, 2915, 3166, 10059, 1532, 0, 0, 75, 118, 239, 402, 635, 647, 659, 574, 1426, 122, 0, 0
20:23:44, 1031.60, 27.37, 24.73, 30.141, 677, 1134, 1649, 2046, 2367, 2426, 2908, 3179, 10092, 1609, 0, 0, 75, 119, 242, 406, 624, 634, 648, 567, 1449, 124, 0, 0
20:23:45, 1030.60, 27.38, 24.75, 30.141, 613, 1029, 1501, 1878, 2280, 2356, 2850, 3038, 9643, 1471, 0, 0, 77, 121, 246, 413, 638, 648, 663, 583, 1484, 127, 0, 0
20:23:46, 1030.50, 27.38, 24.73, 30.141, 666, 1112, 1617, 1995, 2361, 2440, 2963, 3142, 10157, 1605, 0, 0, 77, 122, 247, 414, 639, 649, 664, 582, 1473, 126, 0, 0
20:23:46, 1030.50, 27.39, 24.76, 30.148, 656, 1095, 1608, 1960, 2254, 2340, 2833, 3002, 9510, 1463, 0, 0, 77, 122, 248, 416, 638, 648, 664, 582, 1448, 124, 0, 0
20:23:47, 1030.40, 27.40, 24.76, 30.148, 649, 1078, 1596, 1909, 2341, 2401, 2870, 3125, 9985, 1529, 0, 0, 77, 122, 248, 415, 633, 643, 659, 575, 1412, 121, 0, 0
20:23:48, 1031.50, 27.42, 24.76, 30.148, 652, 1084, 1581, 1907, 2541, 2585, 3109, 3402, 11025, 1777, 0, 0, 76, 121, 244, 407, 612, 621, 636, 557, 1399, 120, 0, 0
20:23:48, 1032.10, 27.43, 24.80, 30.148, 617, 1040, 1508, 1871, 2136, 2236, 2716, 2855, 9356, 1459, 0, 0, 77, 122, 248, 415, 617, 626, 641, 560, 1413, 119, 0, 0
20:23:49, 1030.40, 27.44, 24.78, 30.148, 615, 1031, 1511, 1876, 2196, 2281, 2800, 2913, 9556, 1493, 0, 0, 76, 119, 243, 409, 673, 683, 700, 615, 1522, 130, 0, 0
20:23:50, 1030.60, 27.46, 24.75, 30.148, 657, 1106, 1621, 1925, 2395, 2457, 2992, 3204, 10419, 1677, 0, 0, 76, 121, 245, 411, 670, 680, 697, 612, 1511, 129, 0, 0
20:23:50, 1031.30, 27.48, 24.76, 30.156, 685, 1166, 1699, 2045, 2457, 2509, 3074, 3295, 10856, 1766, 0, 0, 78, 123, 251, 422, 656, 666, 681, 598, 1492, 128, 0, 0
20:23:51, 1030.00, 27.50, 24.78, 30.156, 686, 1166, 1690, 2061, 2421, 2478, 3048, 3268, 11048, 1831, 0, 0, 79, 124, 252, 422, 646, 657, 670, 586, 1470, 126, 0, 0
20:23:52, 1030.20, 27.50, 24.78, 30.148, 665, 1132, 1647, 2000, 2490, 2558, 3100, 3376, 11687, 1950, 0, 0, 74, 116, 236, 398, 630, 640, 652, 569, 1421, 121, 0, 0
20:23:52, 1030.30, 27.51, 24.78, 30.148, 672, 1152, 1677, 2010, 2295, 2361, 2840, 3109, 10445, 1711, 0, 0, 72, 113, 230, 387, 618, 628, 641, 559, 1391, 118, 0, 0
20:23:53, 1030.50, 27.52, 24.76, 30.148, 687, 1158, 1692, 2024, 2403, 2462, 2978, 3237, 10796, 1785, 0, 0, 74, 116, 236, 395, 629, 639, 652, 571, 1434, 122, 0, 0
20:23:54, 1030.80, 27.52, 24.80, 30.148, 655, 1094, 1598, 1932, 2396, 2455, 2980, 3194, 10682, 1701, 0, 0, 75, 118, 240, 403, 628, 639, 653, 571, 1431, 122, 0, 0
20:23:54, 1030.30, 27.53, 24.78, 30.156, 692, 1159, 1696, 2070, 2373, 2433, 2960, 3161, 10557, 1702, 0, 0, 76, 120, 244, 408, 632, 642, 656, 574, 1448, 124, 0, 0
20:23:55, 1031.10, 27.54, 24.78, 30.156, 680, 1144, 1679, 2051, 2347, 2408, 2929, 3130, 10641, 1715, 0, 0, 74, 118, 239, 401, 628, 639, 653, 572, 1444, 123, 0, 0
20:23:56, 1030.90, 27.55, 24.78, 30.156, 654, 1115, 1639, 2000, 2358, 2418, 2932, 3166, 10447, 1661, 0, 0, 73, 116, 235, 394, 619, 629, 643, 563, 1422, 121, 0, 0
20:23:56, 1030.80, 27.55, 24.80, 30.148, 640, 1088, 1591, 1941, 2274, 2334, 2831, 3069, 10108, 1618, 0, 0, 72, 114, 232, 389, 601, 611, 625, 548, 1391, 119, 0, 0
20:23:57, 1030.50, 27.56, 24.80, 30.148, 636, 1087, 1589, 1964, 2211, 2277, 2776, 2989, 10054, 1566, 0, 0, 74, 118, 238, 398, 615, 625, 640, 563, 1440, 124, 0, 0
20:23:58, 1031.10, 27.57, 24.80, 30.148, 672, 1149, 1660, 2053, 2387, 2441, 3004, 3214, 10824, 1772, 0, 0, 78, 125, 251, 417, 629, 640, 655, 578, 1505, 130, 0, 0
20:23:58, 1029.40, 27.58, 24.78, 30.156, 684, 1170, 1698, 2104, 2498, 2557, 3144, 3365, 11387, 1887, 0, 0, 80, 126, 254, 421, 648, 658, 675, 595, 1542, 134, 0, 0
20:23:59, 1027.90, 27.59, 24.80, 30.156, 719, 1250, 1806, 2201, 2427, 2485, 3047, 3292, 11171, 1871, 0, 0, 81, 129, 259, 427, 658, 667, 684, 606, 1579, 138, 0, 0
20:24:00, 1027.00, 27.60, 24.80, 30.156, 812, 1363, 1921, 2327, 2627, 2680, 3330, 3611, 12432, 2677, 0, 0, 91, 145, 286, 464, 660, 666, 686, 608, 1564, 138, 0, 0
20:24:00, 1026.80, 27.61, 24.82, 30.164, 694, 1195, 1702, 2047, 2402, 2448, 3029, 3273, 10807, 1989, 0, 0, 83, 132, 265, 436, 664, 671, 690, 612, 1564, 138, 0, 0
20:24:01, 1028.10, 27.63, 24.80, 30.164, 785, 1346, 1900, 2275, 2506, 2558, 3180, 3442, 11896, 2359, 0, 0, 90, 144, 285, 463, 688, 696, 718, 641, 1685, 149, 0, 0
20:24:02, 1034.30, 27.65, 24.80, 30.156, 720, 1249, 1778, 2188, 2634, 2681, 3322, 3585, 11984, 2121, 0, 0, 83, 133, 266, 436, 626, 636, 656, 583, 1573, 137, 0, 0
20:24:02, 1043.00, 27.67, 24.83, 30.156, 558, 997, 1488, 1861, 2073, 2110, 2555, 2793, 8063, 1081, 0, 0, 64, 100, 210, 362, 556, 569, 581, 505, 1282, 107, 0, 0
20:24:03, 1053.50, 27.70, 24.83, 30.156, 397, 718, 1124, 1448, 1661, 1699, 2048, 2218, 6166, 676, 0, 0, 48, 73, 160, 290, 451, 466, 473, 401, 985, 79, 0, 0
20:24:04, 1063.20, 27.73, 24.82, 30.156, 255, 461, 764, 1035, 1260, 1322, 1579, 1670, 4556, 427, 0, 0, 39, 57, 130, 243, 383, 400, 404, 340, 854, 68, 0, 0
20:24:04, 1073.40, 27.75, 24.85, 30.164, 175, 316, 556, 794, 989, 1047, 1240, 1286, 3236, 259, 0, 0, 30, 42, 98, 193, 324, 342, 344, 286, 696, 55, 0, 0
20:24:05, 1079.80, 27.78, 24.83, 30.164, 132, 237, 434, 643, 830, 887, 1039, 1069, 2652, 202, 0, 0, 25, 34, 80, 163, 289, 307, 306, 252, 612, 48, 0, 0
20:24:06, 1085.80, 27.80, 24.85, 30.156, 113, 201, 376, 571, 774, 828, 965, 990, 2461, 184, 0, 0, 21, 28, 69, 142, 257, 275, 274, 224, 542, 42, 0, 0
20:24:07, 1092.30, 27.82, 24.85, 30.164, 91, 163, 312, 489, 681, 732, 847, 863, 2106, 154, 0, 0, 18, 24, 59, 124, 225, 242, 240, 195, 477, 37, 0, 0
20:24:07, 1099.80, 27.83, 24.83, 30.164, 74, 131, 258, 414, 585, 632, 725, 734, 1737, 125, 0, 0, 15, 19, 47, 103, 190, 206, 203, 163, 395, 31, 0, 0
20:24:08, 1107.30, 27.83, 24.83, 30.156, 55, 95, 193, 322, 475, 517, 589, 589, 1341, 94, 0, 0, 12, 15, 38, 85, 165, 179, 176, 140, 334, 26, 0, 0
20:24:09, 1113.90, 27.84, 24.85, 30.164, 45, 76, 158, 271, 405, 445, 503, 498, 1114, 76, 0, 0, 10, 12, 31, 72, 143, 157, 154, 121, 285, 22, 0, 0
20:24:09, 1120.30, 27.85, 24.87, 30.164, 38, 62, 131, 231, 351, 389, 437, 430, 949, 64, 0, 0, 9, 10, 26, 61, 124, 136, 133, 104, 246, 19, 0, 0
20:24:10, 1128.60, 27.87, 24.87, 30.156, 30, 48, 105, 191, 295, 329, 368, 357, 777, 52, 0, 0, 7, 8, 21, 50, 105, 116, 113, 87, 207, 16, 0, 0
20:24:11, 1134.40, 27.89, 24.89, 30.164, 24, 38, 83, 156, 253, 285, 317, 305, 635, 43, 0, 0, 6, 7, 18, 44, 93, 104, 101, 77, 185, 14, 0, 0
20:24:11, 1140.00, 27.91, 24.87, 30.164, 20, 31, 69, 132, 215, 243, 268, 256, 524, 35, 0, 0, 5, 6, 15, 39, 83, 93, 90, 69, 164, 12, 0, 0
20:24:12, 1147.30, 27.93, 24.87, 30.156, 17, 25, 57, 113, 185, 211, 232, 220, 459, 31, 0, 0, 5, 5, 12, 32, 71, 81, 78, 59, 140, 11, 0, 0
20:24:13, 1154.10, 27.94, 24.87, 30.156, 14, 20, 46, 93, 158, 181, 198, 186, 388, 26, 0, 0, 4, 4, 10, 28, 62, 70, 68, 51, 122, 9, 0, 0
20:24:13, 1161.20, 27.96, 24.87, 30.156, 11, 16, 37, 77, 134, 154, 168, 156, 325, 22, 0, 0, 3, 3, 9, 23, 53, 61, 59, 44, 106, 8, 0, 0
20:24:14, 1164.40, 27.98, 24.85, 30.156, 9, 13, 29, 62, 115, 133, 144, 132, 269, 18, 0, 0, 3, 3, 8, 21, 50, 58, 56, 42, 99, 7, 0, 0
20:24:15, 1172.60, 28.00, 24.87, 30.148, 8, 11, 26, 57, 101, 117, 127, 116, 246, 17, 0, 0, 2, 2, 6, 18, 43, 50, 48, 36, 85, 6, 0, 0
20:24:15, 1180.20, 28.02, 24.89, 30.148, 7, 9, 20, 46, 86, 101, 108, 98, 204, 14, 0, 0, 2, 2, 5, 15, 38, 44, 43, 31, 75, 5, 0, 0
20:24:16, 1187.50, 28.04, 24.85, 30.133, 5, 7, 16, 37, 70, 83, 88, 79, 164, 11, 0, 0, 2, 1, 5, 13, 33, 39, 38, 28, 66, 5, 0, 0
20:24:17, 1194.00, 28.06, 24.94, 30.102, 5, 6, 13, 31, 62, 73, 78, 69, 147, 10, 0, 0, 1, 1, 4, 12, 29, 35, 34, 25, 60, 4, 0, 0
20:24:17, 1199.50, 28.07, 24.87, 30.102, 4, 5, 11, 26, 54, 64, 68, 60, 129, 9, 0, 0, 1, 1, 3, 10, 26, 31, 30, 23, 54, 4, 0, 0
20:24:18, 1205.90, 28.08, 24.89, 30.062, 3, 4, 10, 24, 49, 59, 62, 54, 120, 8, 0, 0, 1, 1, 3, 9, 23, 27, 27, 20, 49, 3, 0, 0
20:24:19, 1212.10, 28.08, 24.89, 30.031, 3, 4, 8, 21, 44, 53, 55, 48, 107, 8, 0, 0, 1, 1, 2, 8, 20, 24, 24, 18, 44, 3, 0, 0
20:24:19, 1218.90, 28.08, 24.90, 30.031, 2, 3, 7, 18, 38, 46, 48, 41, 90, 6, 0, 0, 1, 0, 2, 6, 17, 21, 21, 16, 39, 2, 0, 0
20:24:20, 1226.50, 28.08, 24.92, 29.977, 2, 3, 6, 15, 33, 40, 41, 35, 78, 6, 0, 0, 0, 0, 2, 5, 13, 17, 17, 13, 33, 2, 0, 0
20:24:21, 1234.80, 28.07, 24.90, 29.883, 2, 2, 4, 13, 28, 34, 35, 30, 65, 5, 0, 0, 0, 0, 1, 4, 8, 11, 11, 9, 23, 1, 0, 0
20:24:21, 1240.10, 28.06, 24.90, 29.883, 1, 2, 4, 10, 24, 29, 29, 25, 54, 4, 0, 0, 0, 0, 0, 0, 0, 0, 0, 0, 0, 0, 0, 0
20:24:22, 1240.90, 28.05, 24.90, 29.789, 1, 2, 3, 9, 22, 28, 28, 23, 49, 4, 0, 0, 0, 0, 0, 0, 0, 0, 0, 0, 0, 0, 0, 0
20:24:23, 1240.90, 28.04, 24.90, 29.789, 1, 2, 3, 10, 23, 29, 29, 24, 54, 4, 0, 0, 0, 0, 0, 0, 0, 0, 0, 0, 0, 0, 0, 0
20:24:23, 1241.10, 28.02, 24.92, 29.711, 1, 2, 3, 10, 23, 29, 29, 24, 54, 4, 0, 0, 0, 0, 0, 0, 0, 0, 0, 0, 0, 0, 0, 0
20:24:24, 1241.10, 28.00, 24.90, 29.625, 1, 2, 3, 10, 23, 29, 29, 24, 53, 4, 0, 0, 0, 0, 0, 0, 0, 0, 0, 0, 0, 0, 0, 0
20:24:25, 1240.90, 27.98, 24.90, 29.625, 1, 2, 3, 10, 23, 29, 29, 24, 53, 4, 0, 0, 0, 0, 0, 0, 0, 0, 0, 0, 0, 0, 0, 0
20:24:25, 1241.00, 27.95, 24.92, 29.594, 1, 2, 3, 10, 23, 28, 29, 24, 52, 4, 0, 0, 0, 0, 0, 0, 0, 0, 0, 0, 0, 0, 0, 0
20:24:26, 1241.00, 27.93, 24.92, 29.570, 1, 2, 3, 9, 23, 28, 29, 24, 52, 4, 0, 0, 0, 0, 0, 0, 0, 0, 0, 0, 0, 0, 0, 0
20:24:27, 1240.50, 27.90, 24.96, 29.570, 1, 2, 3, 9, 22, 28, 28, 23, 52, 4, 0, 0, 0, 0, 0, 0, 0, 0, 0, 0, 0, 0, 0, 0
20:24:27, 1240.90, 27.88, 24.92, 29.570, 1, 2, 3, 9, 22, 28, 28, 23, 52, 4, 0, 0, 0, 0, 0, 0, 0, 0, 0, 0, 0, 0, 0, 0
20:24:28, 1240.60, 27.86, 24.92, 29.562, 1, 2, 3, 9, 22, 27, 28, 23, 52, 4, 0, 0, 0, 0, 0, 0, 0, 0, 1, 1, 2, 0, 0, 0
20:24:29, 1237.40, 27.84, 24.92, 29.562, 1, 2, 3, 9, 21, 26, 27, 22, 56, 4, 0, 0, 0, 0, 0, 2, 5, 6, 7, 5, 17, 1, 0, 0
20:24:29, 1229.10, 27.83, 24.96, 29.562, 1, 2, 3, 10, 25, 30, 31, 26, 60, 4, 0, 0, 0, 0, 1, 3, 8, 11, 11, 9, 23, 1, 0, 0
20:24:30, 1223.30, 27.83, 24.92, 29.531, 2, 2, 4, 11, 27, 33, 34, 28, 61, 4, 0, 0, 0, 0, 1, 3, 10, 13, 13, 10, 25, 1, 0, 0
20:24:31, 1215.70, 27.83, 24.94, 29.531, 2, 3, 5, 13, 31, 38, 39, 34, 69, 5, 0, 0, 0, 0, 1, 5, 14, 18, 18, 14, 32, 2, 0, 0
20:24:31, 1208.80, 27.84, 24.96, 29.516, 2, 3, 6, 15, 35, 42, 44, 38, 79, 6, 0, 0, 1, 0, 2, 6, 18, 22, 22, 16, 38, 2, 0, 0
20:24:32, 1200.90, 27.85, 24.94, 29.500, 2, 3, 7, 17, 39, 47, 49, 43, 88, 6, 0, 0, 1, 1, 2, 8, 21, 25, 25, 18, 42, 3, 0, 0
20:24:33, 1193.30, 27.86, 24.96, 29.500, 3, 4, 8, 19, 41, 50, 53, 47, 95, 7, 0, 0, 1, 1, 3, 9, 23, 28, 27, 20, 46, 3, 0, 0
20:24:33, 1183.80, 27.87, 24.97, 29.516, 3, 4, 9, 21, 45, 54, 58, 52, 107, 8, 0, 0, 1, 1, 3, 10, 27, 32, 31, 23, 53, 4, 0, 0
20:24:34, 1177.30, 27.89, 24.94, 29.602, 4, 5, 11, 26, 54, 64, 69, 63, 130, 9, 0, 0, 1, 1, 4, 11, 29, 34, 33, 25, 58, 4, 0, 0
20:24:35, 1167.60, 27.90, 24.99, 29.602, 4, 6, 13, 30, 62, 73, 80, 73, 148, 10, 0, 0, 2, 1, 4, 13, 34, 40, 39, 29, 68, 5, 0, 0
20:24:35, 1156.90, 27.91, 24.96, 29.711, 6, 9, 19, 42, 85, 99, 109, 101, 204, 14, 0, 0, 2, 2, 6, 17, 41, 48, 47, 36, 83, 6, 0, 0
20:24:36, 1144.30, 27.92, 24.97, 29.773, 9, 13, 28, 60, 116, 133, 147, 139, 275, 19, 0, 0, 3, 3, 8, 23, 54, 62, 61, 47, 109, 8, 0, 0
20:24:37, 1134.40, 27.93, 25.01, 29.773, 13, 20, 44, 87, 157, 178, 198, 190, 387, 26, 0, 0, 4, 4, 11, 29, 67, 75, 75, 59, 135, 10, 0, 0
20:24:37, 1122.40, 27.94, 24.94, 29.836, 17, 27, 58, 112, 197, 223, 250, 243, 492, 33, 0, 0, 6, 6, 16, 39, 88, 98, 98, 78, 181, 14, 0, 0
20:24:38, 1112.00, 27.96, 24.97, 29.930, 26, 41, 88, 160, 269, 300, 339, 335, 705, 48, 0, 0, 8, 9, 23, 54, 115, 127, 128, 103, 240, 19, 0, 0
20:24:39, 1107.80, 27.97, 24.97, 29.930, 37, 61, 127, 220, 348, 384, 436, 437, 940, 64, 0, 0, 9, 11, 29, 65, 129, 141, 142, 116, 272, 21, 0, 0
20:24:39, 1101.00, 27.98, 24.96, 30.000, 42, 69, 143, 246, 391, 430, 489, 492, 1037, 71, 0, 0, 11, 14, 35, 76, 153, 167, 168, 137, 320, 25, 0, 0
20:24:40, 1095.10, 27.99, 24.96, 30.047, 56, 95, 191, 316, 485, 530, 606, 613, 1310, 91, 0, 0, 13, 17, 43, 92, 176, 191, 193, 159, 372, 29, 0, 0
20:24:41, 1086.10, 28.00, 24.97, 30.047, 67, 115, 227, 365, 545, 593, 681, 695, 1437, 101, 0, 0, 17, 22, 54, 113, 214, 229, 233, 193, 449, 36, 0, 0
20:24:41, 1078.10, 28.02, 24.99, 30.078, 95, 166, 314, 484, 699, 757, 865, 900, 1920, 139, 0, 0, 20, 27, 66, 134, 248, 264, 267, 223, 526, 42, 0, 0
20:24:42, 1070.50, 28.04, 25.01, 30.102, 123, 213, 390, 584, 809, 874, 995, 1053, 2261, 170, 0, 0, 24, 34, 80, 157, 282, 297, 302, 255, 607, 48, 0, 0
20:24:43, 1063.00, 28.06, 25.01, 30.102, 154, 266, 471, 681, 938, 1007, 1152, 1232, 2707, 218, 0, 0, 30, 44, 102, 195, 337, 353, 359, 306, 725, 58, 0, 0
20:24:43, 1053.40, 28.08, 24.97, 30.117, 210, 365, 623, 866, 1224, 1297, 1517, 1622, 3925, 351, 0, 0, 41, 62, 138, 252, 432, 447, 460, 396, 957, 78, 0, 0
20:24:44, 1054.40, 28.09, 24.97, 30.125, 280, 485, 802, 1079, 1393, 1463, 1715, 1844, 4801, 458, 0, 0, 41, 62, 138, 252, 410, 424, 436, 375, 909, 74, 0, 0
20:24:45, 1047.00, 28.12, 24.99, 30.125, 262, 453, 745, 991, 1306, 1371, 1614, 1757, 4141, 426, 0, 0, 50, 77, 167, 299, 485, 498, 512, 444, 1065, 87, 0, 0
20:24:45, 1043.40, 28.15, 25.01, 30.141, 346, 584, 934, 1209, 1465, 1550, 1813, 1961, 4824, 536, 0, 0, 53, 82, 176, 311, 501, 513, 527, 457, 1094, 90, 0, 0
20:24:46, 1037.30, 28.18, 25.01, 30.148, 402, 669, 1059, 1354, 1627, 1717, 2010, 2181, 5486, 658, 0, 0, 59, 92, 196, 340, 557, 568, 586, 510, 1206, 100, 0, 0
20:24:47, 1031.00, 28.21, 25.01, 30.148, 516, 854, 1298, 1617, 2019, 2110, 2466, 2720, 7932, 1140, 0, 0, 69, 109, 224, 378, 610, 619, 639, 564, 1363, 116, 0, 0
20:24:47, 1026.10, 28.23, 25.03, 30.156, 695, 1136, 1659, 2017, 2494, 2557, 3064, 3331, 10813, 1960, 0, 0, 83, 132, 264, 431, 665, 671, 696, 622, 1557, 137, 0, 0
20:24:48, 1022.10, 28.23, 25.04, 30.156, 822, 1351, 1904, 2314, 2702, 2756, 3390, 3632, 12834, 2876, 0, 0, 92, 148, 289, 463, 677, 681, 707, 635, 1640, 148, 0, 0
20:24:49, 1017.40, 28.24, 25.03, 30.156, 987, 1636, 2248, 2634, 3051, 3104, 3836, 4170, 15325, 4906, 0, 0, 102, 165, 314, 493, 739, 739, 770, 704, 1910, 186, 0, 0
20:24:49, 1017.60, 28.25, 25.04, 30.148, 1006, 1718, 2319, 2780, 3141, 3230, 4019, 4360, 16645, 5477, 0, 0, 350, 521, 821, 1071, 1592, 1589, 1769, 1846, 6396, 1732, 0, 0
20:24:50, 1017.50, 28.27, 25.04, 30.109, 1127, 1925, 2555, 3142, 3694, 3794, 4686, 4996, 18012, 5715, 0, 0, 532, 835, 1250, 1572, 2046, 2073, 2286, 2461, 7794, 1885, 0, 0
20:24:51, 1017.40, 28.29, 25.03, 30.109, 1303, 2077, 2785, 3452, 3791, 4085, 4806, 5208, 20737, 6421, 0, 0, 594, 940, 1398, 1767, 2119, 2153, 2392, 2569, 8632, 2056, 0, 0
20:24:51, 1017.30, 28.30, 25.06, 30.047, 1358, 2092, 2904, 3377, 3738, 4075, 4544, 5297, 21105, 6545, 0, 0, 586, 878, 1349, 1660, 2074, 2054, 2436, 2446, 8462, 2086, 0, 0
20:24:52, 1017.30, 28.29, 25.06, 29.992, 1297, 2020, 2784, 3192, 3558, 3689, 4272, 4886, 20180, 6488, 0, 0, 695, 1069, 1600, 2009, 2435, 2445, 2792, 2910, 9390, 2166, 0, 0
20:24:53, 1017.30, 28.27, 25.04, 29.992, 1094, 1784, 2427, 2808, 3058, 3072, 3752, 4239, 19237, 6437, 0, 0, 814, 1199, 1655, 2132, 2379, 2554, 3379, 3870, 11964, 5792, 0, 0
20:24:53, 1017.60, 28.25, 25.04, 29.898, 965, 1549, 2119, 2452, 2727, 2652, 3402, 3722, 13235, 4233, 0, 0, 660, 1021, 1502, 1942, 2529, 2632, 3075, 3276, 10780, 3052, 0, 0
20:24:54, 1017.40, 28.22, 25.04, 29.797, 1079, 1721, 2363, 2682, 3580, 3697, 4234, 4978, 20340, 6654, 0, 0, 569, 892, 1299, 1696, 1941, 1976, 2371, 2426, 7192, 1814, 0, 0
