Secchi Depth (cm) = 9999
Forel Ule Scale = 99
pH Colour Scale = 99
SensingSecchi S/N = A017
Latitude (degs N) = 34.14035
Longitude (degs E) = -77.86166
Date = 2026-08-07
Time (UTC), Pressure (mbar) MS5803, Temp (deg C) MS5803, Temp (deg C) 10KTHERM, Temp (deg C) TMP117, ED 415nm, ED 445nm, ED 480nm, ED 515nm, ED 555nm, ED 590nm, ED 630nm, ED 680nm, ED Clear, ED NIR, ED D-SAT, ED A-SAT, EU 415nm, EU 445nm, EU 480nm, EU 515nm, EU 555nm, EU 590nm, EU 630nm, EU 680nm, EU Clear, EU NIR, EU D-SAT, EU A-SAT
20:21:54, 1016.90, 24.81, 23.82, 28.844, 682, 1012, 1413, 1569, 1754, 1920, 2096, 2636, 7808, 2413, 0, 0, 13223, 20024, 27100, 30443, 30750, 29443, 32806, 34715, 36000, 31482, 1, 1
20:21:54, 1016.90, 24.84, 23.78, 28.844, 722, 1145, 1492, 1722, 1684, 1796, 2191, 2316, 7987, 2225, 0, 0, 917, 1174, 1872, 2422, 3023, 3079, 3692, 3666, 8436, 1797, 0, 0
20:21:55, 1017.10, 24.85, 23.82, 28.836, 677, 978, 1259, 1415, 1479, 1557, 1756, 1968, 6554, 1607, 0, 0, 655, 921, 1515, 2098, 2599, 2604, 2746, 2617, 8637, 1440, 0, 0
20:21:56, 1017.30, 24.86, 23.80, 28.828, 662, 924, 1190, 1314, 1266, 1330, 1569, 1623, 6561, 1688, 0, 0, 538, 751, 1244, 1722, 2240, 2220, 2417, 2232, 8509, 1647, 0, 0
20:21:56, 1017.10, 24.87, 23.80, 28.828, 571, 854, 1074, 1258, 1461, 1511, 1818, 1881, 7840, 2325, 0, 0, 561, 831, 1354, 1870, 2417, 2319, 2396, 2186, 8195, 1515, 0, 0
20:21:57, 1017.10, 24.87, 23.82, 28.805, 640, 960, 1225, 1461, 1484, 1489, 1888, 1815, 9165, 2933, 0, 0, 334, 500, 851, 1262, 1755, 1650, 1735, 1440, 4809, 889, 0, 0
20:21:58, 1018.50, 24.88, 23.80, 28.781, 526, 807, 1046, 1118, 1322, 1237, 1517, 1605, 8698, 3053, 0, 0, 259, 379, 698, 1101, 1561, 1508, 1435, 1119, 2963, 228, 0, 0
20:21:58, 1020.70, 25.19, 23.82, 28.781, 534, 759, 1013, 1041, 1112, 1098, 1245, 1371, 7108, 2248, 0, 0, 144, 224, 486, 875, 1358, 1312, 1246, 958, 2511, 190, 0, 0
20:21:59, 1020.70, 25.27, 23.82, 29.281, 470, 650, 876, 906, 942, 958, 1051, 1166, 5315, 1654, 0, 0, 148, 231, 499, 903, 1403, 1357, 1293, 985, 2497, 189, 0, 0
20:22:00, 1026.20, 25.32, 23.82, 29.625, 483, 707, 924, 1011, 1095, 1167, 1260, 1408, 6077, 1380, 0, 0, 151, 235, 516, 929, 1492, 1449, 1370, 1071, 2773, 207, 0, 0
20:22:00, 1022.60, 25.36, 23.80, 29.625, 494, 719, 982, 1098, 1214, 1289, 1422, 1564, 7376, 1557, 0, 0, 155, 240, 529, 957, 1499, 1454, 1377, 1072, 2764, 209, 0, 0
20:22:01, 1023.90, 25.40, 23.80, 29.812, 547, 766, 1052, 1131, 1183, 1199, 1332, 1444, 6502, 1499, 0, 0, 163, 254, 553, 995, 1564, 1516, 1439, 1110, 2787, 208, 0, 0
20:22:02, 1026.00, 25.44, 23.83, 29.922, 530, 744, 1018, 1085, 1138, 1176, 1303, 1417, 6689, 1451, 0, 0, 146, 227, 496, 895, 1371, 1329, 1258, 973, 2535, 190, 0, 0
20:22:02, 1024.70, 25.48, 23.80, 29.922, 430, 648, 868, 1002, 1094, 1163, 1297, 1407, 5967, 1235, 0, 0, 141, 218, 481, 876, 1349, 1308, 1236, 953, 2481, 186, 0, 0
20:22:03, 1025.30, 25.52, 23.80, 29.992, 438, 618, 848, 890, 1019, 1066, 1177, 1279, 5353, 1045, 0, 0, 144, 223, 494, 898, 1413, 1369, 1295, 996, 2541, 189, 0, 0
20:22:04, 1025.80, 25.56, 23.83, 30.055, 475, 664, 915, 964, 1041, 1067, 1175, 1288, 5961, 1191, 0, 0, 145, 226, 497, 902, 1410, 1364, 1293, 993, 2561, 191, 0, 0
20:22:04, 1025.30, 25.60, 23.82, 30.055, 481, 686, 945, 991, 1124, 1116, 1251, 1376, 6615, 1377, 0, 0, 148, 230, 507, 921, 1437, 1390, 1319, 1013, 2635, 198, 0, 0
20:22:05, 1024.60, 25.63, 23.83, 30.078, 479, 707, 976, 1027, 1143, 1064, 1256, 1322, 6497, 1399, 0, 0, 148, 232, 510, 920, 1508, 1458, 1383, 1069, 2802, 210, 0, 0
20:22:06, 1026.40, 25.65, 23.80, 30.102, 517, 756, 1025, 1076, 1145, 1113, 1260, 1387, 6857, 1709, 0, 0, 147, 229, 500, 902, 1380, 1333, 1266, 977, 2636, 198, 0, 0
20:22:06, 1023.90, 25.68, 23.83, 30.102, 438, 650, 891, 967, 1036, 1058, 1170, 1295, 6114, 1259, 0, 0, 146, 228, 498, 902, 1379, 1330, 1266, 969, 2517, 189, 0, 0
20:22:07, 1025.50, 25.71, 23.83, 30.117, 476, 676, 928, 963, 1067, 1049, 1185, 1272, 6286, 1418, 0, 0, 137, 214, 470, 854, 1407, 1360, 1290, 990, 2545, 190, 0, 0
20:22:08, 1024.40, 25.74, 23.82, 30.133, 452, 633, 874, 920, 1007, 1001, 1102, 1187, 5683, 1243, 0, 0, 136, 210, 464, 846, 1399, 1354, 1284, 986, 2536, 190, 0, 0
20:22:08, 1024.60, 25.78, 23.83, 30.133, 465, 659, 902, 991, 1061, 1074, 1164, 1263, 6015, 1288, 0, 0, 137, 214, 468, 849, 1431, 1384, 1315, 1010, 2581, 193, 0, 0
20:22:09, 1025.90, 25.80, 23.82, 30.133, 479, 687, 929, 1041, 1097, 1168, 1266, 1395, 6375, 1363, 0, 0, 143, 223, 489, 886, 1417, 1371, 1302, 1003, 2576, 193, 0, 0
20:22:10, 1025.60, 25.83, 23.82, 30.148, 439, 658, 877, 1022, 1062, 1145, 1247, 1360, 5805, 1047, 0, 0, 142, 222, 486, 878, 1370, 1327, 1257, 968, 2501, 187, 0, 0
20:22:10, 1027.20, 25.85, 23.83, 30.148, 466, 696, 921, 1084, 1078, 1142, 1255, 1360, 5555, 1046, 0, 0, 144, 224, 494, 894, 1337, 1295, 1227, 946, 2468, 184, 0, 0
20:22:11, 1026.20, 25.87, 23.80, 30.148, 430, 627, 848, 937, 1003, 1057, 1152, 1250, 5420, 1040, 0, 0, 139, 215, 475, 865, 1368, 1325, 1255, 964, 2484, 185, 0, 0
20:22:12, 1026.30, 25.89, 23.83, 30.156, 462, 655, 912, 972, 1006, 1054, 1130, 1252, 5584, 1005, 0, 0, 139, 216, 479, 874, 1422, 1376, 1305, 1001, 2535, 189, 0, 0
20:22:12, 1027.20, 25.92, 23.83, 30.156, 487, 684, 944, 1008, 1079, 1142, 1243, 1367, 6237, 1266, 0, 0, 145, 225, 498, 905, 1442, 1396, 1324, 1020, 2593, 193, 0, 0
20:22:13, 1026.30, 25.94, 23.82, 30.156, 436, 621, 858, 935, 1028, 1081, 1177, 1283, 5740, 1012, 0, 0, 141, 218, 485, 886, 1440, 1395, 1320, 1014, 2568, 192, 0, 0
20:22:14, 1026.80, 25.96, 23.83, 30.156, 463, 645, 892, 942, 988, 1008, 1090, 1181, 5433, 1046, 0, 0, 136, 212, 468, 851, 1418, 1373, 1300, 998, 2533, 188, 0, 0
20:22:14, 1026.70, 25.99, 23.83, 30.156, 463, 646, 883, 951, 999, 1022, 1105, 1200, 5635, 1135, 0, 0, 135, 210, 464, 846, 1417, 1371, 1300, 996, 2533, 189, 0, 0
20:22:15, 1026.40, 26.01, 23.83, 30.156, 435, 619, 858, 939, 966, 997, 1066, 1173, 5270, 960, 0, 0, 134, 208, 460, 839, 1410, 1365, 1292, 989, 2518, 187, 0, 0
20:22:16, 1027.60, 26.02, 23.83, 30.156, 460, 659, 911, 983, 1006, 1020, 1100, 1216, 5597, 1069, 0, 0, 133, 207, 458, 835, 1382, 1337, 1267, 975, 2533, 188, 0, 0
20:22:16, 1027.10, 26.04, 23.85, 30.156, 458, 659, 909, 976, 1086, 1120, 1200, 1352, 6282, 1289, 0, 0, 143, 222, 491, 895, 1462, 1415, 1342, 1036, 2689, 201, 0, 0
20:22:17, 1027.60, 26.06, 23.83, 30.164, 434, 632, 887, 951, 1037, 1045, 1127, 1272, 5692, 1016, 0, 0, 140, 217, 483, 886, 1401, 1355, 1286, 984, 2547, 190, 0, 0
20:22:18, 1026.90, 26.08, 23.85, 30.156, 435, 629, 873, 920, 1026, 996, 1109, 1215, 5717, 1111, 0, 0, 138, 214, 473, 862, 1391, 1343, 1275, 977, 2536, 189, 0, 0
20:22:18, 1026.20, 26.10, 23.85, 30.156, 451, 652, 895, 950, 1026, 1017, 1118, 1237, 5860, 1209, 0, 0, 135, 210, 463, 840, 1358, 1313, 1245, 955, 2520, 189, 0, 0
20:22:19, 1028.60, 26.12, 23.83, 30.164, 449, 658, 903, 970, 1023, 1014, 1116, 1228, 5752, 1108, 0, 0, 130, 201, 445, 812, 1330, 1286, 1219, 935, 2484, 185, 0, 0
20:22:20, 1027.00, 26.14, 23.87, 30.172, 422, 620, 857, 930, 1018, 1023, 1115, 1234, 5786, 1138, 0, 0, 133, 206, 457, 836, 1359, 1315, 1245, 955, 2511, 187, 0, 0
20:22:20, 1026.30, 26.16, 23.85, 30.172, 419, 605, 839, 903, 957, 976, 1061, 1161, 5279, 956, 0, 0, 135, 209, 463, 845, 1387, 1341, 1270, 971, 2496, 186, 0, 0
20:22:21, 1028.30, 26.18, 23.87, 30.164, 435, 625, 864, 926, 942, 938, 1029, 1118, 5183, 943, 0, 0, 130, 203, 448, 815, 1334, 1289, 1223, 934, 2399, 178, 0, 0
20:22:22, 1028.00, 26.19, 23.85, 30.172, 415, 609, 835, 930, 976, 1007, 1078, 1200, 5416, 990, 0, 0, 134, 207, 461, 844, 1327, 1283, 1214, 930, 2438, 182, 0, 0
20:22:22, 1027.40, 26.21, 23.85, 30.172, 391, 571, 792, 871, 946, 975, 1053, 1160, 5175, 905, 0, 0, 135, 209, 465, 852, 1384, 1339, 1267, 972, 2539, 189, 0, 0
20:22:23, 1028.90, 26.22, 23.87, 30.180, 435, 627, 868, 925, 1034, 1058, 1154, 1284, 5874, 1070, 0, 0, 139, 215, 478, 876, 1367, 1322, 1250, 956, 2507, 187, 0, 0
20:22:24, 1027.00, 26.24, 23.85, 30.180, 399, 585, 815, 870, 978, 978, 1061, 1180, 5392, 953, 0, 0, 135, 209, 467, 858, 1383, 1335, 1265, 965, 2503, 187, 0, 0
20:22:24, 1027.40, 26.26, 23.82, 30.180, 421, 608, 844, 894, 933, 924, 1017, 1111, 5211, 992, 0, 0, 135, 210, 464, 845, 1353, 1303, 1239, 943, 2434, 182, 0, 0
20:22:25, 1029.20, 26.27, 23.89, 30.172, 396, 570, 794, 847, 931, 920, 1018, 1107, 5218, 1008, 0, 0, 133, 206, 458, 838, 1330, 1283, 1217, 929, 2457, 184, 0, 0
20:22:26, 1027.70, 26.29, 23.89, 30.180, 389, 578, 799, 868, 1003, 1002, 1078, 1213, 5576, 1009, 0, 0, 134, 207, 460, 844, 1363, 1317, 1247, 957, 2555, 191, 0, 0
20:22:26, 1028.80, 26.31, 23.89, 30.180, 405, 594, 821, 881, 1027, 1031, 1115, 1251, 5793, 1064, 0, 0, 138, 213, 476, 875, 1383, 1336, 1265, 968, 2543, 190, 0, 0
20:22:27, 1027.90, 26.33, 23.90, 30.172, 405, 601, 836, 895, 1032, 1036, 1128, 1258, 5757, 1022, 0, 0, 140, 216, 482, 883, 1433, 1384, 1311, 1003, 2583, 192, 0, 0
20:22:28, 1028.50, 26.35, 23.89, 30.180, 405, 583, 810, 858, 953, 939, 1031, 1124, 5181, 957, 0, 0, 134, 208, 464, 850, 1362, 1314, 1247, 950, 2429, 180, 0, 0
20:22:28, 1027.20, 26.37, 23.90, 30.180, 376, 542, 753, 816, 889, 908, 988, 1077, 4936, 953, 0, 0, 134, 206, 460, 846, 1345, 1298, 1229, 937, 2420, 181, 0, 0
20:22:29, 1027.60, 26.38, 23.89, 30.172, 388, 555, 774, 832, 903, 918, 986, 1086, 4886, 862, 0, 0, 130, 201, 448, 827, 1339, 1294, 1226, 931, 2395, 178, 0, 0
20:22:30, 1026.40, 26.40, 23.89, 30.187, 394, 566, 789, 837, 997, 980, 1081, 1174, 5307, 933, 0, 0, 131, 203, 449, 821, 1358, 1310, 1242, 946, 2435, 182, 0, 0
20:22:30, 1027.50, 26.41, 23.92, 30.187, 453, 672, 912, 982, 1037, 1010, 1137, 1239, 5926, 1204, 0, 0, 141, 219, 480, 869, 1388, 1340, 1271, 977, 2610, 196, 0, 0
20:22:31, 1027.20, 26.43, 23.89, 30.180, 441, 667, 916, 984, 1049, 1015, 1140, 1246, 5865, 1133, 0, 0, 137, 213, 470, 856, 1407, 1358, 1287, 989, 2669, 200, 0, 0
20:22:32, 1026.70, 26.45, 23.92, 30.180, 451, 686, 930, 1006, 1050, 1013, 1158, 1259, 6056, 1232, 0, 0, 138, 214, 468, 847, 1353, 1305, 1237, 951, 2595, 195, 0, 0
20:22:32, 1027.80, 26.47, 23.92, 30.180, 447, 669, 907, 968, 1105, 1078, 1201, 1337, 6434, 1389, 0, 0, 137, 212, 469, 857, 1332, 1284, 1218, 933, 2520, 189, 0, 0
20:22:33, 1025.80, 26.48, 23.90, 30.172, 402, 600, 826, 887, 957, 928, 1030, 1123, 5366, 1019, 0, 0, 134, 208, 462, 849, 1386, 1338, 1267, 968, 2538, 190, 0, 0
20:22:34, 1027.60, 26.49, 23.90, 30.180, 422, 608, 835, 880, 981, 964, 1074, 1168, 5507, 1080, 0, 0, 133, 207, 457, 836, 1380, 1331, 1261, 963, 2494, 185, 0, 0
20:22:34, 1026.10, 26.51, 23.89, 30.180, 428, 629, 869, 930, 1010, 1010, 1098, 1222, 5692, 1098, 0, 0, 137, 212, 469, 856, 1359, 1311, 1243, 949, 2474, 185, 0, 0
20:22:35, 1027.40, 26.52, 23.90, 30.180, 424, 611, 844, 895, 996, 976, 1096, 1184, 5605, 1081, 0, 0, 139, 215, 476, 867, 1384, 1334, 1266, 967, 2508, 187, 0, 0
20:22:36, 1027.70, 26.54, 23.92, 30.180, 432, 626, 862, 918, 1002, 991, 1105, 1202, 5711, 1126, 0, 0, 134, 208, 459, 836, 1361, 1315, 1245, 954, 2529, 189, 0, 0
20:22:37, 1026.60, 26.55, 23.92, 30.180, 428, 634, 871, 932, 993, 982, 1066, 1186, 5577, 1036, 0, 0, 130, 202, 446, 814, 1291, 1245, 1179, 899, 2409, 180, 0, 0
20:22:37, 1027.50, 26.56, 23.89, 30.180, 430, 639, 874, 932, 1009, 982, 1084, 1191, 5669, 1100, 0, 0, 130, 202, 445, 809, 1313, 1266, 1199, 916, 2453, 184, 0, 0
20:22:38, 1027.40, 26.57, 23.92, 30.180, 418, 633, 865, 930, 1030, 991, 1108, 1205, 5718, 1048, 0, 0, 131, 203, 449, 819, 1328, 1281, 1213, 928, 2506, 188, 0, 0
20:22:39, 1027.50, 26.58, 23.90, 30.180, 450, 687, 932, 1001, 1143, 1081, 1246, 1346, 6319, 1252, 0, 0, 135, 210, 462, 835, 1375, 1327, 1257, 970, 2720, 205, 0, 0
20:22:39, 1028.60, 26.59, 23.94, 30.180, 452, 690, 921, 992, 1148, 1088, 1267, 1358, 6564, 1470, 0, 0, 137, 212, 467, 848, 1360, 1311, 1241, 956, 2669, 202, 0, 0
20:22:40, 1028.90, 26.60, 23.92, 30.180, 393, 609, 826, 908, 1040, 985, 1168, 1218, 5819, 1196, 0, 0, 136, 210, 466, 852, 1352, 1304, 1231, 945, 2625, 198, 0, 0
20:22:41, 1026.30, 26.61, 23.96, 30.180, 371, 590, 796, 876, 998, 934, 1131, 1135, 5404, 1030, 0, 0, 131, 202, 448, 816, 1340, 1289, 1219, 932, 2539, 192, 0, 0
20:22:41, 1027.00, 26.63, 23.96, 30.180, 423, 663, 885, 960, 1047, 984, 1183, 1211, 5723, 1160, 0, 0, 137, 213, 467, 843, 1340, 1290, 1221, 937, 2565, 194, 0, 0
20:22:42, 1026.90, 26.64, 23.92, 30.180, 447, 703, 952, 1042, 1140, 1077, 1292, 1335, 6289, 1332, 0, 0, 142, 219, 480, 867, 1385, 1337, 1265, 975, 2762, 210, 0, 0
20:22:43, 1026.60, 26.66, 23.94, 30.180, 412, 653, 875, 959, 1062, 987, 1204, 1201, 5690, 1142, 0, 0, 135, 209, 458, 829, 1394, 1344, 1271, 976, 2655, 200, 0, 0
20:22:43, 1026.30, 26.67, 23.97, 30.180, 432, 670, 894, 968, 1061, 996, 1184, 1221, 5899, 1279, 0, 0, 133, 206, 451, 815, 1338, 1287, 1221, 936, 2535, 191, 0, 0
20:22:44, 1026.30, 26.68, 23.90, 30.187, 431, 641, 869, 932, 1048, 1015, 1130, 1233, 6082, 1312, 0, 0, 135, 208, 459, 835, 1329, 1281, 1214, 928, 2517, 189, 0, 0
20:22:45, 1025.00, 26.69, 23.96, 30.187, 406, 595, 817, 873, 977, 957, 1078, 1164, 5527, 1038, 0, 0, 134, 208, 456, 830, 1367, 1318, 1249, 953, 2498, 187, 0, 0
20:22:45, 1025.50, 26.70, 23.94, 30.180, 478, 709, 949, 1008, 1057, 1055, 1135, 1287, 6029, 1241, 0, 0, 142, 220, 481, 869, 1384, 1336, 1265, 972, 2572, 193, 0, 0
20:22:46, 1024.10, 26.72, 23.96, 30.187, 470, 684, 928, 994, 1065, 1090, 1174, 1330, 6040, 1276, 0, 0, 153, 238, 517, 934, 1421, 1368, 1302, 997, 2580, 194, 0, 0
20:22:47, 1024.50, 26.72, 23.94, 30.187, 453, 653, 891, 962, 1045, 1079, 1163, 1299, 6109, 1325, 0, 0, 152, 236, 516, 936, 1403, 1350, 1284, 983, 2562, 193, 0, 0
20:22:47, 1025.20, 26.74, 23.90, 30.180, 432, 619, 834, 877, 989, 967, 1065, 1176, 5753, 1344, 0, 0, 141, 219, 478, 866, 1417, 1364, 1296, 995, 2625, 197, 0, 0
20:22:48, 1025.70, 26.75, 23.99, 30.187, 440, 647, 868, 918, 1012, 966, 1106, 1176, 5875, 1368, 0, 0, 143, 221, 486, 883, 1463, 1406, 1339, 1025, 2638, 198, 0, 0
20:22:49, 1026.40, 26.77, 24.01, 30.187, 418, 625, 842, 909, 1083, 1020, 1212, 1255, 6163, 1362, 0, 0, 147, 227, 502, 910, 1505, 1447, 1376, 1056, 2722, 204, 0, 0
20:22:49, 1025.40, 26.78, 23.94, 30.187, 424, 638, 847, 916, 1017, 973, 1128, 1203, 6067, 1413, 0, 0, 156, 242, 529, 956, 1499, 1443, 1369, 1053, 2778, 209, 0, 0
20:22:50, 1025.90, 26.79, 23.92, 30.187, 417, 631, 828, 894, 962, 910, 1066, 1110, 5578, 1287, 0, 0, 143, 222, 486, 876, 1385, 1333, 1262, 969, 2645, 200, 0, 0
20:22:51, 1026.70, 26.80, 23.97, 30.187, 423, 649, 860, 926, 1024, 972, 1126, 1190, 5973, 1313, 0, 0, 138, 214, 469, 847, 1322, 1274, 1206, 927, 2582, 195, 0, 0
20:22:51, 1025.30, 26.81, 23.97, 30.187, 420, 632, 852, 916, 1062, 1026, 1150, 1259, 6183, 1351, 0, 0, 141, 220, 480, 868, 1332, 1280, 1218, 933, 2504, 189, 0, 0
20:22:52, 1025.20, 26.82, 23.99, 30.187, 444, 642, 867, 919, 968, 950, 1060, 1157, 5448, 1359, 0, 0, 142, 222, 480, 866, 1361, 1309, 1245, 954, 2533, 191, 0, 0
20:22:53, 1026.20, 26.83, 23.97, 30.195, 434, 623, 842, 889, 1049, 1008, 1132, 1231, 6194, 1538, 0, 0, 137, 212, 465, 845, 1371, 1318, 1256, 960, 2507, 189, 0, 0
20:22:53, 1029.50, 26.84, 23.99, 30.187, 403, 582, 798, 850, 973, 933, 1042, 1121, 5428, 1143, 0, 0, 134, 207, 461, 846, 1396, 1344, 1280, 976, 2505, 187, 0, 0
20:22:54, 1034.10, 26.85, 23.96, 30.187, 378, 557, 776, 838, 944, 928, 1020, 1098, 4981, 830, 0, 0, 130, 199, 451, 838, 1406, 1358, 1287, 977, 2495, 185, 0, 0
20:22:55, 1039.30, 26.86, 23.97, 30.187, 336, 504, 715, 781, 884, 865, 949, 1004, 4317, 612, 0, 0, 122, 186, 428, 806, 1352, 1308, 1237, 932, 2362, 174, 0, 0
20:22:55, 1047.60, 26.88, 24.01, 30.187, 304, 473, 687, 768, 840, 825, 896, 932, 3702, 452, 0, 0, 106, 162, 377, 719, 1198, 1163, 1093, 820, 2157, 159, 0, 0
20:22:56, 1052.20, 26.90, 23.99, 30.187, 236, 377, 577, 681, 764, 770, 816, 859, 3109, 292, 0, 0, 100, 149, 357, 696, 1166, 1135, 1064, 792, 2034, 149, 0, 0
20:22:57, 1057.70, 26.92, 23.99, 30.187, 216, 347, 539, 647, 723, 734, 771, 800, 2768, 244, 0, 0, 92, 136, 331, 653, 1112, 1084, 1014, 751, 1922, 141, 0, 0
20:22:57, 1063.80, 26.94, 23.99, 30.180, 182, 301, 477, 598, 669, 686, 721, 732, 2307, 183, 0, 0, 85, 124, 308, 617, 1097, 1073, 1002, 739, 1866, 137, 0, 0
20:22:58, 1068.00, 26.96, 24.03, 30.180, 160, 271, 436, 564, 671, 695, 733, 739, 2209, 168, 0, 0, 82, 119, 296, 598, 1029, 1009, 937, 691, 1784, 131, 0, 0
20:22:59, 1071.90, 26.99, 24.01, 30.180, 152, 263, 428, 563, 666, 691, 731, 734, 2092, 153, 0, 0, 80, 115, 291, 594, 1036, 1018, 943, 695, 1790, 132, 0, 0
20:22:59, 1075.10, 27.02, 24.01, 30.187, 142, 251, 415, 560, 670, 696, 742, 738, 2069, 145, 0, 0, 80, 114, 289, 593, 1024, 1008, 933, 686, 1774, 130, 0, 0
20:23:00, 1080.00, 27.04, 24.03, 30.187, 134, 242, 406, 558, 654, 671, 725, 706, 1982, 135, 0, 0, 77, 109, 279, 580, 1021, 1008, 931, 684, 1773, 131, 0, 0
20:23:01, 1086.50, 27.07, 24.01, 30.187, 115, 218, 372, 523, 626, 632, 700, 662, 1901, 130, 0, 0, 70, 97, 253, 533, 958, 948, 872, 640, 1711, 126, 0, 0
20:23:01, 1091.90, 27.10, 24.01, 30.164, 97, 190, 331, 479, 603, 596, 681, 626, 1761, 122, 0, 0, 67, 92, 240, 510, 905, 898, 824, 604, 1649, 122, 0, 0
20:23:02, 1098.80, 27.12, 24.03, 30.164, 89, 174, 313, 461, 594, 584, 669, 606, 1742, 121, 0, 0, 61, 83, 219, 470, 832, 827, 756, 552, 1503, 111, 0, 0
20:23:03, 1102.60, 27.14, 24.06, 30.156, 80, 158, 291, 442, 563, 563, 633, 572, 1568, 105, 0, 0, 59, 79, 212, 458, 828, 825, 756, 549, 1474, 109, 0, 0
20:23:03, 1107.00, 27.16, 24.04, 30.148, 78, 151, 283, 435, 560, 570, 626, 572, 1560, 102, 0, 0, 56, 75, 200, 436, 797, 794, 728, 528, 1400, 104, 0, 0
20:23:04, 1110.70, 27.17, 24.03, 30.148, 73, 140, 269, 419, 550, 564, 611, 557, 1529, 99, 0, 0, 53, 70, 189, 415, 780, 780, 715, 517, 1371, 102, 0, 0
20:23:05, 1115.90, 27.19, 24.01, 30.125, 66, 126, 245, 390, 521, 533, 578, 521, 1436, 93, 0, 0, 51, 66, 180, 397, 741, 742, 679, 491, 1325, 99, 0, 0
20:23:05, 1122.30, 27.20, 24.08, 30.078, 60, 115, 229, 373, 504, 511, 562, 494, 1374, 91, 0, 0, 48, 61, 168, 375, 702, 706, 645, 465, 1262, 94, 0, 0
20:23:06, 1126.30, 27.22, 24.03, 30.078, 54, 103, 210, 350, 490, 499, 548, 478, 1302, 86, 0, 0, 46, 58, 158, 357, 666, 669, 610, 439, 1187, 89, 0, 0
20:23:07, 1134.50, 27.23, 23.99, 30.016, 53, 99, 204, 346, 485, 500, 542, 474, 1279, 83, 0, 0, 42, 52, 143, 326, 602, 606, 551, 395, 1064, 80, 0, 0
20:23:07, 1141.00, 27.23, 24.04, 29.945, 45, 81, 173, 303, 429, 450, 475, 417, 1041, 67, 0, 0, 38, 47, 129, 300, 561, 566, 516, 366, 983, 74, 0, 0
20:23:08, 1144.30, 27.24, 24.04, 29.945, 42, 73, 159, 286, 411, 433, 453, 395, 994, 64, 0, 0, 36, 43, 120, 281, 531, 537, 488, 345, 925, 70, 0, 0
20:23:09, 1152.50, 27.24, 24.03, 29.852, 40, 69, 152, 275, 400, 421, 440, 380, 987, 64, 0, 0, 32, 38, 105, 249, 473, 480, 434, 307, 830, 63, 0, 0
20:23:09, 1158.40, 27.24, 24.04, 29.742, 34, 57, 130, 243, 362, 384, 399, 341, 858, 56, 0, 0, 29, 33, 93, 224, 441, 449, 406, 285, 764, 58, 0, 0
20:23:10, 1165.80, 27.24, 24.08, 29.742, 32, 52, 119, 228, 347, 369, 380, 324, 807, 52, 0, 0, 26, 29, 84, 203, 402, 410, 369, 258, 689, 52, 0, 0
20:23:11, 1174.80, 27.24, 24.08, 29.695, 28, 45, 106, 207, 319, 342, 347, 294, 732, 48, 0, 0, 22, 24, 69, 172, 350, 359, 322, 223, 596, 45, 0, 0
20:23:11, 1180.30, 27.24, 24.06, 29.625, 26, 39, 94, 188, 303, 326, 328, 278, 685, 45, 0, 0, 20, 22, 64, 159, 323, 332, 297, 206, 549, 41, 0, 0
20:23:12, 1185.40, 27.23, 24.08, 29.625, 24, 35, 85, 173, 282, 305, 304, 258, 635, 42, 0, 0, 19, 20, 57, 145, 298, 306, 275, 189, 508, 38, 0, 0
20:23:13, 1189.80, 27.23, 24.06, 29.555, 22, 32, 79, 162, 267, 289, 286, 241, 598, 39, 0, 0, 17, 19, 53, 136, 277, 286, 256, 176, 478, 36, 0, 0
20:23:13, 1193.20, 27.22, 24.06, 29.453, 20, 28, 69, 145, 243, 264, 260, 217, 537, 36, 0, 0, 16, 17, 50, 127, 265, 274, 246, 170, 457, 35, 0, 0
20:23:14, 1199.40, 27.21, 24.04, 29.453, 19, 27, 67, 141, 236, 256, 252, 210, 518, 34, 0, 0, 16, 16, 47, 120, 246, 255, 230, 159, 427, 32, 0, 0
20:23:15, 1208.20, 27.20, 24.08, 29.352, 17, 24, 60, 129, 222, 241, 236, 195, 480, 32, 0, 0, 14, 14, 40, 105, 214, 223, 202, 140, 373, 28, 0, 0
20:23:15, 1211.70, 27.19, 24.08, 29.297, 16, 21, 54, 117, 206, 224, 217, 178, 444, 30, 0, 0, 12, 13, 36, 95, 201, 211, 192, 133, 351, 27, 0, 0
20:23:16, 1218.50, 27.18, 24.08, 29.297, 15, 20, 52, 114, 199, 217, 209, 171, 427, 29, 0, 0, 11, 11, 33, 86, 180, 190, 174, 121, 318, 24, 0, 0
20:23:17, 1227.20, 27.17, 24.08, 29.242, 14, 18, 46, 104, 187, 204, 197, 159, 400, 27, 0, 0, 10, 9, 27, 72, 151, 160, 148, 104, 271, 21, 0, 0
20:23:17, 1233.10, 27.15, 24.08, 29.156, 12, 16, 41, 93, 173, 189, 181, 145, 364, 24, 0, 0, 8, 8, 23, 61, 132, 141, 131, 93, 240, 18, 0, 0
20:23:18, 1245.60, 27.14, 24.10, 29.156, 11, 14, 35, 83, 151, 165, 157, 125, 319, 22, 0, 0, 6, 5, 15, 42, 88, 97, 93, 67, 171, 13, 0, 0
20:23:19, 1252.20, 27.14, 24.11, 29.062, 9, 11, 27, 65, 127, 139, 132, 104, 266, 18, 0, 0, 4, 4, 11, 30, 65, 73, 71, 52, 134, 10, 0, 0
20:23:19, 1258.50, 27.13, 24.10, 28.977, 8, 9, 23, 57, 114, 126, 120, 93, 240, 16, 0, 0, 3, 2, 7, 20, 41, 47, 46, 35, 92, 7, 0, 0
20:23:20, 1266.30, 27.12, 24.08, 28.977, 7, 8, 20, 49, 98, 108, 103, 79, 206, 14, 0, 0, 0, 0, 1, 3, 2, 2, 3, 2, 6, 0, 0, 0
20:23:21, 1267.70, 27.12, 24.10, 28.898, 5, 6, 16, 41, 86, 95, 90, 70, 182, 13, 0, 0, 0, 0, 0, 0, 0, 0, 0, 0, 0, 0, 0, 0
20:23:21, 1268.10, 27.11, 24.11, 28.812, 5, 6, 15, 39, 82, 92, 87, 68, 177, 12, 0, 0, 0, 0, 0, 0, 0, 0, 0, 0, 0, 0, 0, 0
20:23:22, 1267.70, 27.11, 24.15, 28.812, 5, 6, 15, 38, 80, 89, 85, 65, 172, 12, 0, 0, 0, 0, 0, 0, 0, 0, 0, 0, 0, 0, 0, 0
20:23:23, 1266.60, 27.11, 24.10, 28.781, 5, 6, 14, 37, 79, 88, 84, 65, 175, 12, 0, 0, 0, 0, 0, 0, 1, 1, 2, 1, 4, 0, 0, 0
20:23:23, 1257.80, 27.10, 24.11, 28.773, 5, 6, 15, 39, 88, 98, 94, 73, 189, 13, 0, 0, 1, 1, 3, 10, 28, 33, 33, 26, 65, 5, 0, 0
20:23:24, 1250.10, 27.09, 24.13, 28.773, 7, 9, 22, 54, 113, 125, 119, 93, 239, 16, 0, 0, 3, 2, 7, 21, 56, 65, 63, 47, 124, 10, 0, 0
20:23:25, 1244.30, 27.09, 24.15, 28.789, 9, 11, 27, 66, 134, 147, 141, 111, 280, 19, 0, 0, 5, 4, 12, 35, 85, 97, 94, 69, 176, 13, 0, 0
20:23:25, 1236.70, 27.09, 24.11, 28.773, 10, 12, 30, 73, 145, 160, 154, 122, 301, 20, 0, 0, 6, 6, 16, 44, 110, 122, 117, 85, 215, 16, 0, 0
20:23:26, 1227.80, 27.08, 24.11, 28.773, 11, 14, 35, 83, 160, 177, 171, 136, 331, 22, 0, 0, 8, 8, 22, 59, 137, 149, 139, 100, 254, 19, 0, 0
20:23:27, 1221.50, 27.08, 24.13, 28.773, 12, 16, 41, 95, 177, 194, 190, 151, 376, 25, 0, 0, 9, 9, 25, 67, 156, 168, 156, 111, 287, 22, 0, 0
20:23:27, 1215.30, 27.08, 24.15, 28.781, 14, 18, 46, 104, 193, 210, 208, 166, 413, 27, 0, 0, 11, 10, 30, 79, 177, 189, 175, 123, 328, 25, 0, 0
20:23:28, 1206.50, 27.07, 24.11, 28.781, 15, 21, 51, 115, 207, 225, 223, 179, 448, 30, 0, 0, 12, 12, 35, 92, 206, 218, 200, 140, 370, 28, 0, 0
20:23:29, 1197.60, 27.07, 24.13, 28.797, 17, 24, 60, 130, 231, 250, 250, 202, 508, 34, 0, 0, 15, 15, 43, 111, 243, 255, 233, 163, 434, 33, 0, 0
20:23:29, 1194.00, 27.06, 24.13, 28.805, 19, 27, 67, 143, 244, 264, 266, 217, 542, 36, 0, 0, 16, 17, 48, 124, 263, 274, 250, 174, 461, 35, 0, 0
20:23:30, 1189.90, 27.06, 24.13, 28.805, 20, 29, 70, 148, 251, 271, 275, 225, 563, 37, 0, 0, 17, 18, 52, 132, 281, 292, 265, 184, 488, 37, 0, 0
20:23:31, 1185.00, 27.06, 24.17, 28.820, 20, 30, 74, 155, 262, 281, 288, 236, 596, 39, 0, 0, 18, 20, 56, 142, 296, 307, 278, 193, 515, 39, 0, 0
20:23:31, 1175.40, 27.06, 24.17, 28.852, 22, 33, 79, 164, 274, 292, 301, 247, 639, 42, 0, 0, 20, 22, 63, 158, 337, 347, 314, 219, 591, 45, 0, 0
20:23:32, 1165.00, 27.05, 24.17, 28.852, 25, 40, 94, 187, 308, 324, 341, 280, 747, 50, 0, 0, 23, 26, 74, 183, 385, 395, 358, 251, 686, 52, 0, 0
20:23:33, 1160.50, 27.05, 24.17, 28.930, 28, 48, 110, 213, 339, 353, 377, 311, 838, 56, 0, 0, 27, 31, 88, 214, 431, 441, 400, 282, 765, 58, 0, 0
20:23:33, 1155.80, 27.06, 24.17, 28.969, 31, 52, 119, 227, 353, 369, 393, 327, 871, 58, 0, 0, 29, 34, 95, 228, 467, 476, 434, 306, 825, 62, 0, 0
20:23:34, 1147.70, 27.06, 24.17, 28.969, 34, 58, 130, 244, 376, 394, 418, 353, 911, 60, 0, 0, 33, 38, 108, 256, 517, 525, 480, 339, 908, 68, 0, 0
20:23:35, 1137.70, 27.07, 24.15, 29.117, 38, 66, 146, 266, 396, 414, 438, 376, 961, 62, 0, 0, 38, 45, 127, 295, 590, 598, 546, 389, 1033, 78, 0, 0
20:23:36, 1127.50, 27.07, 24.18, 29.219, 45, 80, 171, 299, 432, 451, 477, 419, 1057, 68, 0, 0, 44, 54, 150, 343, 662, 668, 611, 438, 1156, 87, 0, 0
20:23:36, 1121.80, 27.08, 24.18, 29.219, 53, 96, 198, 331, 468, 489, 514, 463, 1154, 74, 0, 0, 47, 60, 164, 368, 689, 692, 633, 455, 1194, 89, 0, 0
20:23:37, 1116.60, 27.09, 24.13, 29.312, 58, 104, 211, 345, 461, 484, 502, 463, 1094, 70, 0, 0, 52, 66, 180, 404, 743, 744, 684, 492, 1262, 94, 0, 0
20:23:38, 1107.60, 27.10, 24.17, 29.461, 64, 115, 229, 364, 474, 496, 514, 482, 1136, 73, 0, 0, 56, 72, 196, 433, 806, 805, 741, 534, 1362, 102, 0, 0
20:23:38, 1097.00, 27.11, 24.15, 29.461, 74, 134, 257, 395, 525, 547, 571, 539, 1346, 86, 0, 0, 62, 82, 219, 478, 909, 903, 836, 605, 1532, 114, 0, 0
20:23:39, 1088.50, 27.13, 24.18, 29.641, 89, 164, 297, 437, 560, 579, 616, 591, 1510, 98, 0, 0, 70, 95, 251, 535, 989, 980, 910, 662, 1694, 126, 0, 0
20:23:40, 1085.70, 27.15, 24.20, 29.766, 100, 184, 326, 472, 595, 611, 655, 626, 1710, 114, 0, 0, 69, 95, 249, 528, 987, 978, 906, 661, 1702, 126, 0, 0
20:23:40, 1081.20, 27.18, 24.17, 29.766, 101, 186, 320, 458, 572, 590, 635, 613, 1586, 105, 0, 0, 75, 105, 271, 569, 1013, 1002, 928, 680, 1755, 130, 0, 0
20:23:41, 1074.10, 27.21, 24.18, 29.867, 113, 206, 349, 488, 571, 590, 632, 621, 1559, 104, 0, 0, 82, 116, 296, 617, 1103, 1089, 1015, 744, 1894, 140, 0, 0
20:23:42, 1067.90, 27.24, 24.20, 29.961, 132, 234, 389, 529, 641, 665, 703, 705, 1880, 132, 0, 0, 88, 126, 319, 653, 1203, 1182, 1109, 817, 2016, 149, 0, 0
20:23:42, 1058.40, 27.26, 24.15, 29.961, 163, 278, 446, 584, 688, 716, 756, 773, 2256, 171, 0, 0, 102, 149, 366, 732, 1272, 1242, 1168, 866, 2148, 158, 0, 0
20:23:43, 1052.10, 27.27, 24.18, 30.016, 204, 332, 523, 656, 718, 745, 784, 814, 2537, 216, 0, 0, 110, 162, 393, 774, 1348, 1313, 1238, 921, 2267, 166, 0, 0
20:23:44, 1049.70, 27.29, 24.18, 30.047, 222, 355, 546, 670, 742, 766, 808, 837, 2723, 248, 0, 0, 104, 156, 374, 733, 1310, 1277, 1201, 894, 2228, 163, 0, 0
20:23:44, 1045.10, 27.32, 24.22, 30.047, 216, 346, 518, 639, 707, 745, 774, 826, 2434, 232, 0, 0, 109, 164, 387, 750, 1262, 1232, 1153, 862, 2195, 161, 0, 0
20:23:45, 1040.20, 27.34, 24.24, 30.086, 246, 383, 557, 683, 715, 753, 780, 835, 2497, 249, 0, 0, 112, 170, 397, 762, 1309, 1277, 1197, 900, 2299, 168, 0, 0
20:23:46, 1032.40, 27.36, 24.22, 30.109, 286, 437, 613, 724, 833, 878, 925, 991, 3376, 411, 0, 0, 132, 203, 459, 859, 1460, 1419, 1340, 1018, 2569, 189, 0, 0
20:23:46, 1027.70, 27.37, 24.24, 30.109, 352, 529, 722, 835, 871, 920, 969, 1064, 3698, 556, 0, 0, 143, 222, 493, 910, 1510, 1464, 1387, 1054, 2630, 195, 0, 0
20:23:47, 1021.30, 27.39, 24.20, 30.117, 393, 573, 773, 870, 905, 947, 1011, 1115, 4321, 888, 0, 0, 152, 235, 514, 936, 1468, 1419, 1345, 1027, 2598, 195, 0, 0
20:23:48, 1019.30, 27.39, 24.20, 30.117, 457, 631, 849, 916, 921, 956, 1016, 1116, 5019, 1478, 0, 0, 139, 214, 465, 848, 1374, 1326, 1255, 952, 2423, 182, 0, 0
20:23:48, 1017.90, 27.40, 24.18, 30.117, 409, 566, 752, 795, 846, 847, 919, 997, 4650, 1420, 0, 0, 145, 225, 486, 877, 1469, 1413, 1346, 1031, 2648, 205, 0, 0
20:23:49, 1018.10, 27.42, 24.24, 30.133, 468, 653, 881, 928, 1038, 1028, 1185, 1274, 6746, 2162, 0, 0, 417, 627, 1015, 1494, 2116, 2018, 2108, 1767, 5127, 920, 0, 0
20:23:50, 1018.30, 27.43, 24.25, 30.055, 647, 920, 1210, 1297, 1420, 1333, 1645, 1676, 8500, 2965, 0, 0, 552, 784, 1249, 1874, 2868, 2784, 3055, 2716, 8736, 2034, 0, 0
20:23:50, 1017.90, 27.43, 24.20, 30.055, 723, 1103, 1397, 1706, 1472, 1482, 1906, 1750, 8359, 2522, 0, 0, 927, 1268, 1894, 2789, 3808, 4043, 4744, 4595, 12336, 3577, 0, 0
20:23:51, 1017.90, 27.42, 24.24, 29.859, 2672, 1988, 2769, 5397, 2645, 3507, 3462, 3818, 11606, 4375, 0, 0, 5235, 8169, 11134, 15816, 17000, 19414, 26195, 31753, 36000, 23487, 1, 1
20:23:52, 1017.90, 27.41, 24.27, 29.648, 7573, 3907, 8884, 12013, 5377, 16495, 6303, 11706, 14875, 5273, 0, 0, 7880, 12294, 16847, 22517, 30450, 35386, 36000, 36000, 36000, 36000, 1, 1
20:23:52, 1018.30, 27.40, 24.25, 29.648, 5483, 6293, 6853, 14508, 11996, 19864, 23180, 20988, 35171, 18511, 0, 1, 8697, 11624, 16695, 20997, 21656, 24064, 29702, 33642, 36000, 36000, 1, 1
20:23:53, 1017.60, 27.38, 24.25, 29.414, 5496, 8180, 13177, 12150, 4313, 6029, 6865, 6856, 33018, 15009, 0, 1, 8535, 13173, 18305, 24034, 27290, 29653, 36000, 36000, 36000, 36000, 1, 1
20:23:54, 1017.90, 27.36, 24.31, 29.156, 1587, 2270, 3168, 3577, 9180, 4796, 13502, 7452, 36000, 35999, 1, 1, 10404, 15684, 21696, 27269, 35520, 36000, 36000, 36000, 36000, 36000, 1, 1
20:23:54, 1018.10, 27.35, 24.32, 29.156, 1551, 2402, 2976, 4620, 6076, 6517, 15948, 7307, 36000, 18849, 1, 1, 10893, 15999, 22350, 28502, 36000, 36000, 36000, 36000, 36000, 36000, 1, 1
20:23:55, 1017.90, 27.33, 24.31, 28.945, 1915, 2250, 2770, 4648, 4484, 11342, 7574, 8111, 19475, 6235, 0, 0, 11263, 16103, 22878, 27601, 35036, 36000, 36000, 36000, 36000, 36000, 1, 1
20:23:56, 1017.80, 27.31, 24.29, 28.758, 4260, 4168, 4561, 13476, 6312, 15779, 17311, 10622, 35976, 11499, 0, 1, 10850, 16190, 22104, 29135, 35227, 36000, 36000, 36000, 36000, 36000, 1, 1
