Secchi Depth (cm) = 9999
Forel Ule Scale = 99
pH Colour Scale = 99
SensingSecchi S/N = A017
Latitude (degs N) = 34.14041
Longitude (degs E) = -77.94697
Date = 2026-08-05
Time (UTC), Pressure (mbar) MS5803, Temp (deg C) MS5803, Temp (deg C) 10KTHERM, Temp (deg C) TMP117, ED 415nm, ED 445nm, ED 480nm, ED 515nm, ED 555nm, ED 590nm, ED 630nm, ED 680nm, ED Clear, ED NIR, ED D-SAT, ED A-SAT, EU 415nm, EU 445nm, EU 480nm, EU 515nm, EU 555nm, EU 590nm, EU 630nm, EU 680nm, EU Clear, EU NIR, EU D-SAT, EU A-SAT
15:56:24, 1016.90, 26.80, 27.75, 26.570, 1814, 2863, 3959, 4830, 5432, 5969, 7163, 7789, 25500, 8081, 0, 0, 290, 336, 432, 473, 501, 617, 1097, 1362, 6625, 6277, 0, 0
15:56:24, 1016.80, 26.81, 27.77, 26.562, 1720, 2655, 3683, 4499, 4936, 5488, 6492, 7088, 24358, 7734, 0, 0, 278, 321, 412, 450, 482, 595, 1058, 1316, 6433, 6100, 0, 0
15:56:25, 1016.70, 26.81, 27.77, 26.555, 1768, 2768, 3830, 4692, 5266, 5793, 6947, 7543, 25106, 7958, 0, 0, 288, 332, 428, 468, 505, 623, 1107, 1374, 6682, 6311, 0, 0
15:56:26, 1016.80, 26.81, 27.77, 26.555, 1788, 2794, 3870, 4677, 5089, 5653, 6627, 7376, 25051, 7943, 0, 0, 285, 328, 423, 461, 493, 609, 1085, 1346, 6575, 6219, 0, 0
15:56:26, 1016.90, 26.81, 27.80, 26.547, 1745, 2736, 3783, 4575, 5078, 5633, 6662, 7371, 24879, 7841, 0, 0, 282, 325, 419, 457, 488, 602, 1071, 1332, 6502, 6153, 0, 0
15:56:27, 1016.80, 26.81, 27.80, 26.547, 1704, 2653, 3681, 4434, 4926, 5473, 6421, 7169, 24641, 7771, 0, 0, 281, 324, 417, 455, 492, 608, 1082, 1344, 6555, 6200, 0, 0
15:56:28, 1016.80, 26.81, 27.78, 26.547, 1796, 2820, 3891, 4707, 5270, 5856, 6916, 7671, 25450, 7996, 0, 0, 289, 334, 431, 470, 501, 618, 1100, 1366, 6649, 6282, 0, 0
15:56:28, 1016.80, 26.82, 27.77, 26.531, 1751, 2738, 3784, 4573, 5067, 5643, 6650, 7392, 24923, 7837, 0, 0, 284, 327, 422, 460, 492, 606, 1079, 1339, 6538, 6180, 0, 0
15:56:29, 1016.70, 26.82, 27.78, 26.539, 1743, 2728, 3773, 4574, 5012, 5599, 6575, 7316, 24647, 7726, 0, 0, 281, 324, 417, 455, 487, 600, 1069, 1328, 6485, 6127, 0, 0
15:56:30, 1016.70, 26.82, 27.80, 26.539, 1743, 2702, 3728, 4528, 5103, 5692, 6684, 7412, 25189, 7929, 0, 0, 291, 336, 433, 472, 512, 630, 1121, 1390, 6762, 6388, 0, 0
15:56:30, 1016.80, 26.82, 27.77, 26.523, 1899, 2983, 4136, 5025, 5539, 6113, 7317, 7959, 26255, 8307, 0, 0, 293, 339, 437, 478, 503, 620, 1103, 1368, 6672, 6301, 0, 0
15:56:31, 1016.80, 26.82, 27.80, 26.508, 1787, 2770, 3844, 4675, 5091, 5667, 6705, 7366, 25013, 7902, 0, 0, 285, 329, 424, 463, 496, 612, 1087, 1350, 6570, 6202, 0, 0
15:56:32, 1016.70, 26.82, 27.80, 26.508, 1785, 2780, 3843, 4675, 5204, 5792, 6837, 7526, 25326, 7999, 0, 0, 289, 335, 431, 471, 502, 619, 1102, 1368, 6654, 6280, 0, 0
15:56:32, 1016.70, 26.82, 27.80, 26.477, 1757, 2734, 3807, 4623, 5072, 5644, 6692, 7294, 25365, 8022, 0, 0, 288, 332, 428, 467, 504, 622, 1106, 1372, 6675, 6305, 0, 0
15:56:33, 1016.60, 26.83, 27.77, 26.469, 1806, 2828, 3914, 4754, 5284, 5846, 6939, 7607, 25574, 8107, 0, 0, 290, 335, 432, 471, 508, 626, 1111, 1380, 6706, 6337, 0, 0
15:56:34, 1016.80, 26.83, 27.78, 26.469, 1820, 2824, 3929, 4785, 5155, 5734, 6819, 7399, 25489, 8086, 0, 0, 286, 330, 425, 463, 498, 615, 1094, 1358, 6623, 6258, 0, 0
15:56:34, 1016.90, 26.83, 27.84, 26.461, 1819, 2838, 3940, 4786, 5347, 5904, 7030, 7684, 25743, 8162, 0, 0, 295, 341, 440, 481, 518, 638, 1133, 1406, 6826, 6443, 0, 0
15:56:35, 1016.80, 26.83, 27.78, 26.477, 1896, 2972, 4122, 5030, 5456, 6017, 7201, 7792, 26104, 8299, 0, 0, 293, 338, 436, 476, 509, 628, 1116, 1386, 6746, 6375, 0, 0
15:56:36, 1017.00, 26.83, 27.84, 26.477, 1798, 2801, 3898, 4734, 5313, 5866, 6987, 7630, 25732, 8170, 0, 0, 295, 341, 439, 480, 515, 635, 1128, 1401, 6806, 6426, 0, 0
15:56:36, 1016.90, 26.83, 27.80, 26.477, 1855, 2915, 4047, 4927, 5534, 6086, 7310, 7925, 26186, 8314, 0, 0, 297, 344, 443, 485, 522, 643, 1141, 1417, 6876, 6506, 0, 0
15:56:37, 1017.00, 26.84, 27.82, 26.484, 1873, 2947, 4085, 4984, 5550, 6104, 7331, 7971, 26245, 8339, 0, 0, 303, 350, 452, 494, 530, 654, 1163, 1443, 6981, 6578, 0, 0
15:56:38, 1016.80, 26.84, 27.84, 26.484, 1880, 2904, 4043, 4949, 5456, 6036, 7230, 7798, 26072, 8295, 0, 0, 301, 348, 449, 492, 527, 650, 1156, 1433, 6932, 6522, 0, 0
15:56:38, 1016.90, 26.84, 27.82, 26.484, 1848, 2870, 3991, 4871, 5381, 5952, 7084, 7702, 25915, 8238, 0, 0, 301, 349, 450, 492, 532, 656, 1167, 1446, 6993, 6580, 0, 0
15:56:39, 1016.80, 26.84, 27.84, 26.484, 1870, 2892, 4022, 4915, 5433, 6036, 7167, 7763, 26272, 8373, 0, 0, 302, 349, 451, 493, 526, 648, 1155, 1432, 6938, 6538, 0, 0
15:56:40, 1016.80, 26.84, 27.86, 26.484, 1894, 2910, 4046, 4957, 5471, 6070, 7219, 7786, 26282, 8396, 0, 0, 297, 344, 443, 483, 519, 640, 1139, 1414, 6874, 6501, 0, 0
15:56:40, 1016.70, 26.84, 27.80, 26.469, 1878, 2919, 4050, 4960, 5564, 6130, 7337, 7935, 26468, 8477, 0, 0, 305, 353, 455, 498, 532, 656, 1165, 1447, 7012, 6622, 0, 0
15:56:41, 1016.70, 26.84, 27.84, 26.461, 1885, 2941, 4093, 4994, 5519, 6066, 7269, 7869, 26222, 8403, 0, 0, 302, 349, 450, 492, 527, 649, 1154, 1434, 6957, 6571, 0, 0
15:56:42, 1016.80, 26.84, 27.82, 26.461, 1902, 2975, 4133, 5059, 5711, 6258, 7554, 8112, 26706, 8526, 0, 0, 304, 351, 453, 495, 532, 655, 1163, 1445, 7003, 6618, 0, 0
15:56:42, 1017.00, 26.84, 27.87, 26.461, 1848, 2925, 4064, 4920, 5498, 5984, 7179, 7885, 26183, 8391, 0, 0, 304, 352, 454, 496, 536, 661, 1174, 1457, 7061, 6675, 0, 0
15:56:43, 1016.90, 26.84, 27.82, 26.453, 1877, 3013, 4177, 5070, 5842, 6298, 7675, 8325, 26748, 8552, 0, 0, 304, 352, 454, 497, 531, 654, 1161, 1444, 7004, 6621, 0, 0
15:56:44, 1016.70, 26.84, 27.84, 26.453, 1874, 2995, 4156, 5055, 5488, 5980, 7179, 7820, 26116, 8375, 0, 0, 298, 344, 444, 484, 518, 639, 1137, 1413, 6876, 6504, 0, 0
15:56:44, 1017.00, 26.84, 27.84, 26.437, 1793, 2865, 3979, 4799, 5437, 5869, 7047, 7793, 25882, 8306, 0, 0, 302, 349, 450, 492, 526, 650, 1155, 1435, 6997, 6617, 0, 0
15:56:45, 1016.80, 26.85, 27.82, 26.437, 1691, 2707, 3743, 4482, 4879, 5285, 6181, 7021, 24038, 7766, 0, 0, 290, 334, 430, 467, 492, 610, 1088, 1354, 6672, 6327, 0, 0
15:56:46, 1017.10, 26.85, 27.84, 26.437, 1597, 2494, 3419, 4142, 4661, 5099, 5858, 6687, 23011, 7495, 0, 0, 290, 332, 428, 465, 504, 623, 1112, 1383, 6798, 6437, 0, 0
15:56:46, 1016.80, 26.85, 27.86, 26.437, 1720, 2712, 3752, 4537, 5152, 5647, 6673, 7394, 25150, 8096, 0, 0, 301, 348, 449, 489, 528, 652, 1159, 1441, 7028, 6634, 0, 0
15:56:47, 1016.90, 26.85, 27.82, 26.437, 1862, 2920, 4054, 4931, 5577, 6067, 7281, 7921, 26414, 8527, 0, 0, 310, 359, 462, 505, 538, 665, 1182, 1469, 7150, 6748, 0, 0
15:56:48, 1016.70, 26.85, 27.82, 26.437, 1963, 3129, 4336, 5271, 6591, 6956, 8619, 9321, 28016, 9000, 0, 0, 323, 375, 483, 530, 569, 701, 1242, 1544, 7443, 7011, 0, 0
15:56:48, 1016.80, 26.85, 27.86, 26.430, 2138, 3504, 4837, 5942, 6640, 7010, 8748, 9344, 28095, 9023, 0, 0, 318, 368, 475, 520, 550, 678, 1204, 1499, 7269, 6857, 0, 0
15:56:49, 1016.90, 26.85, 27.82, 26.437, 2062, 3294, 4576, 5602, 6175, 6632, 8098, 8673, 27588, 8905, 0, 0, 316, 366, 472, 516, 554, 683, 1213, 1508, 7304, 6887, 0, 0
15:56:50, 1016.90, 26.85, 27.84, 26.437, 2158, 3502, 4848, 5957, 6922, 7301, 9133, 9741, 28664, 9215, 0, 0, 326, 378, 488, 535, 578, 711, 1260, 1564, 7531, 7088, 0, 0
15:56:50, 1016.90, 26.86, 27.87, 26.445, 2212, 3642, 5013, 6181, 6971, 7330, 9179, 9823, 28725, 9234, 0, 0, 323, 375, 484, 531, 568, 699, 1238, 1541, 7445, 7029, 0, 0
15:56:51, 1016.90, 26.86, 27.87, 26.453, 2114, 3396, 4711, 5775, 6230, 6679, 8167, 8747, 27666, 8931, 0, 0, 316, 366, 471, 516, 557, 686, 1217, 1515, 7334, 6922, 0, 0
15:56:52, 1016.60, 26.86, 27.86, 26.453, 2219, 3633, 5036, 6207, 7167, 7528, 9509, 10069, 29235, 9392, 0, 0, 328, 382, 493, 541, 581, 715, 1266, 1572, 7576, 7143, 0, 0
15:56:52, 1016.80, 26.86, 27.87, 26.453, 2160, 3528, 4868, 5954, 6715, 7064, 8763, 9461, 28457, 9157, 0, 0, 326, 378, 487, 534, 571, 704, 1249, 1551, 7495, 7069, 0, 0
15:56:53, 1016.50, 26.86, 27.89, 26.469, 2063, 3294, 4572, 5582, 6588, 6979, 8638, 9247, 28258, 9101, 0, 0, 323, 375, 483, 530, 571, 702, 1245, 1548, 7481, 7058, 0, 0
15:56:54, 1016.70, 26.86, 27.86, 26.469, 2198, 3611, 5005, 6146, 7091, 7417, 9380, 9971, 29233, 9385, 0, 0, 330, 383, 494, 542, 581, 716, 1269, 1577, 7601, 7171, 0, 0
15:56:54, 1016.80, 26.86, 27.89, 26.477, 2220, 3647, 5045, 6164, 7080, 7400, 9285, 9967, 29261, 9403, 0, 0, 331, 385, 496, 544, 580, 715, 1267, 1574, 7596, 7163, 0, 0
15:56:55, 1016.70, 26.86, 27.84, 26.484, 2019, 3229, 4484, 5445, 6116, 6528, 7980, 8665, 27501, 8869, 0, 0, 322, 373, 480, 526, 563, 694, 1232, 1532, 7440, 7038, 0, 0
15:56:56, 1016.90, 26.86, 27.84, 26.484, 2029, 3324, 4583, 5564, 6388, 6726, 8299, 9070, 27968, 8964, 0, 0, 327, 378, 487, 533, 573, 707, 1258, 1565, 7578, 7154, 0, 0
15:56:56, 1016.70, 26.87, 27.87, 26.484, 1889, 3018, 4189, 5067, 5592, 6043, 7267, 7986, 26575, 8549, 0, 0, 322, 372, 480, 525, 560, 691, 1232, 1529, 7404, 6965, 0, 0
15:56:57, 1016.70, 26.87, 27.86, 26.492, 1828, 2888, 3995, 4854, 5585, 6060, 7283, 7984, 26439, 8537, 0, 0, 327, 378, 488, 534, 580, 714, 1270, 1576, 7613, 7165, 0, 0
15:56:58, 1017.00, 26.87, 27.86, 26.492, 2151, 3502, 4862, 5937, 6795, 7167, 8938, 9574, 29015, 9310, 0, 0, 333, 387, 499, 547, 585, 720, 1280, 1591, 7680, 7246, 0, 0
15:56:58, 1016.70, 26.87, 27.89, 26.508, 2003, 3164, 4408, 5338, 6094, 6537, 7941, 8620, 27962, 9038, 0, 0, 333, 386, 498, 545, 595, 732, 1299, 1614, 7783, 7340, 0, 0
15:56:59, 1016.90, 26.87, 27.93, 26.523, 2253, 3739, 5151, 6312, 7184, 7451, 9431, 10111, 29448, 9443, 0, 0, 335, 389, 501, 550, 584, 720, 1277, 1588, 7676, 7242, 0, 0
15:57:00, 1016.70, 26.87, 27.89, 26.523, 2156, 3509, 4867, 5952, 6628, 7017, 8717, 9310, 28826, 9268, 0, 0, 327, 378, 488, 534, 571, 704, 1251, 1559, 7555, 7141, 0, 0
15:57:00, 1016.80, 26.87, 27.91, 26.516, 1982, 3109, 4333, 5263, 6083, 6543, 7942, 8580, 28049, 9073, 0, 0, 333, 386, 498, 545, 595, 732, 1299, 1616, 7789, 7349, 0, 0
15:57:01, 1016.90, 26.87, 27.84, 26.516, 2323, 3863, 5339, 6535, 7607, 7858, 10011, 10683, 30352, 9731, 0, 0, 343, 399, 515, 565, 603, 742, 1314, 1635, 7858, 7404, 0, 0
15:57:02, 1016.70, 26.87, 27.86, 26.516, 2282, 3784, 5224, 6419, 7180, 7492, 9445, 10078, 29582, 9492, 0, 0, 331, 384, 495, 542, 574, 707, 1256, 1564, 7587, 7174, 0, 0
15:57:02, 1016.90, 26.87, 27.89, 26.500, 1929, 3007, 4195, 5106, 5877, 6373, 7694, 8299, 27768, 9006, 0, 0, 331, 384, 495, 541, 595, 732, 1299, 1617, 7800, 7368, 0, 0
15:57:03, 1016.70, 26.87, 27.87, 26.492, 2386, 4000, 5533, 6766, 7890, 8109, 10381, 11078, 30981, 9927, 0, 0, 347, 403, 520, 572, 612, 753, 1333, 1657, 7951, 7490, 0, 0
15:57:04, 1016.80, 26.87, 27.91, 26.492, 2283, 3758, 5199, 6359, 6419, 6846, 8383, 9040, 28592, 9266, 0, 0, 333, 386, 498, 545, 577, 711, 1264, 1573, 7629, 7210, 0, 0
15:57:04, 1016.70, 26.87, 27.93, 26.477, 2212, 3600, 4997, 6101, 7695, 7962, 10150, 10795, 30674, 9841, 0, 0, 346, 403, 519, 571, 618, 760, 1345, 1673, 8017, 7551, 0, 0
15:57:05, 1016.80, 26.87, 27.87, 26.477, 2449, 4115, 5692, 6990, 7950, 8185, 10471, 11158, 31034, 9961, 0, 0, 346, 402, 518, 571, 610, 751, 1330, 1657, 7951, 7493, 0, 0
15:57:06, 1016.80, 26.87, 27.89, 26.477, 2077, 3314, 4619, 5609, 6151, 6591, 8031, 8654, 28368, 9206, 0, 0, 328, 380, 490, 537, 585, 721, 1278, 1592, 7697, 7279, 0, 0
15:57:06, 1016.60, 26.87, 27.93, 26.477, 2404, 4069, 5600, 6823, 8056, 8203, 10481, 11368, 30999, 9941, 0, 0, 354, 413, 533, 587, 633, 778, 1375, 1710, 8164, 7691, 0, 0
15:57:07, 1016.80, 26.88, 27.91, 26.477, 2423, 4086, 5615, 6847, 7731, 7943, 10049, 10874, 30852, 9904, 0, 0, 341, 395, 509, 559, 587, 723, 1285, 1601, 7748, 7330, 0, 0
15:57:08, 1016.60, 26.88, 27.91, 26.477, 1944, 3026, 4224, 5132, 5848, 6346, 7641, 8230, 27822, 9045, 0, 0, 331, 382, 493, 539, 594, 732, 1298, 1618, 7810, 7390, 0, 0
15:57:09, 1016.70, 26.88, 27.91, 26.477, 2387, 4026, 5565, 6792, 7962, 8130, 10428, 11220, 31238, 10014, 0, 0, 352, 409, 527, 579, 629, 773, 1371, 1706, 8173, 7717, 0, 0
15:57:09, 1016.70, 26.88, 27.93, 26.492, 2430, 4084, 5603, 6820, 6899, 7254, 8947, 9723, 29654, 9607, 0, 0, 339, 394, 508, 557, 597, 735, 1305, 1624, 7858, 7439, 0, 0
15:57:10, 1016.70, 26.88, 27.89, 26.492, 2536, 4330, 5975, 7323, 8641, 8801, 11497, 12156, 32435, 10407, 0, 1, 355, 415, 534, 589, 635, 779, 1374, 1711, 8183, 7748, 0, 0
15:57:11, 1016.90, 26.88, 27.93, 26.500, 2654, 4560, 6285, 7723, 8904, 9055, 11778, 12537, 32970, 10592, 0, 1, 358, 417, 539, 593, 628, 771, 1367, 1701, 8158, 7693, 0, 0
15:57:11, 1017.00, 26.88, 27.89, 26.508, 2147, 3448, 4798, 5826, 7542, 7800, 9822, 10596, 30623, 9891, 0, 0, 356, 415, 535, 590, 646, 793, 1403, 1742, 8297, 7801, 0, 0
15:57:12, 1016.80, 26.88, 27.95, 26.508, 2647, 4599, 6298, 7706, 9006, 9078, 11813, 12744, 32547, 10471, 0, 1, 355, 415, 535, 591, 635, 778, 1374, 1709, 8130, 7694, 0, 0
15:57:13, 1016.60, 26.88, 27.93, 26.516, 2456, 4122, 5698, 6876, 8001, 8207, 10337, 11268, 31215, 10109, 0, 0, 338, 397, 512, 566, 629, 769, 1347, 1678, 7934, 7600, 0, 0
15:57:13, 1016.90, 26.88, 27.89, 26.508, 2766, 4774, 6531, 7898, 9370, 9553, 12028, 13391, 32767, 10593, 0, 1, 388, 458, 591, 657, 713, 870, 1519, 1887, 8843, 8437, 0, 0
15:57:14, 1016.70, 26.89, 27.91, 26.508, 2751, 4703, 6418, 7761, 8244, 8553, 10508, 11716, 31444, 10233, 0, 0, 352, 416, 536, 594, 619, 752, 1305, 1621, 7694, 7410, 0, 0
15:57:15, 1016.80, 26.89, 27.93, 26.477, 2712, 4712, 6414, 7842, 9276, 9439, 12016, 13272, 30600, 9782, 0, 0, 358, 428, 551, 616, 663, 804, 1381, 1714, 7946, 7621, 0, 0
15:57:15, 1016.90, 26.89, 27.93, 26.484, 2764, 4807, 6553, 7969, 9306, 9531, 11935, 13359, 30372, 9708, 0, 0, 357, 428, 551, 617, 666, 809, 1384, 1716, 7935, 7629, 0, 0
15:57:16, 1016.80, 26.89, 27.93, 26.484, 2562, 4430, 6056, 7256, 8288, 8524, 10477, 12026, 28398, 9077, 0, 0, 344, 410, 528, 588, 633, 768, 1320, 1641, 7692, 7438, 0, 0
15:57:17, 1016.90, 26.89, 27.95, 26.484, 2527, 4380, 5986, 7156, 8630, 8808, 10951, 12439, 30683, 9830, 0, 0, 363, 430, 554, 616, 648, 791, 1377, 1712, 8100, 7755, 0, 0
15:57:17, 1016.80, 26.89, 27.93, 26.500, 1836, 2939, 4055, 4824, 6636, 6922, 8253, 9663, 26741, 8691, 0, 0, 331, 386, 497, 546, 593, 729, 1282, 1603, 7712, 7447, 0, 0
15:57:18, 1016.50, 26.90, 27.95, 26.500, 2230, 3754, 5119, 6067, 6061, 6530, 7551, 8924, 26393, 8680, 0, 0, 330, 381, 490, 535, 573, 708, 1248, 1562, 7561, 7319, 0, 0
15:57:19, 1016.80, 26.90, 27.96, 26.516, 1780, 2750, 3783, 4553, 5013, 5549, 6265, 7252, 24110, 8042, 0, 0, 321, 372, 478, 522, 557, 686, 1211, 1513, 7324, 7059, 0, 0
15:57:19, 1016.80, 26.90, 27.93, 26.531, 1771, 2682, 3690, 4489, 5105, 5642, 6359, 7295, 24029, 8046, 0, 0, 311, 358, 461, 503, 540, 666, 1181, 1481, 7191, 6967, 0, 0
15:57:20, 1016.80, 26.90, 27.96, 26.531, 1760, 2683, 3699, 4469, 5186, 5710, 6462, 7398, 24076, 8058, 0, 0, 316, 365, 470, 512, 561, 693, 1224, 1531, 7436, 7117, 0, 0
15:57:21, 1016.90, 26.90, 28.00, 26.539, 1929, 3005, 4127, 5001, 5613, 6060, 7000, 7981, 25404, 8500, 0, 0, 356, 415, 536, 589, 655, 806, 1425, 1771, 8472, 7987, 0, 0
15:57:21, 1016.70, 26.90, 27.96, 26.547, 2805, 4891, 6651, 7883, 9888, 9957, 12524, 14201, 34134, 10954, 0, 1, 406, 478, 618, 686, 723, 886, 1552, 1928, 9030, 8508, 0, 0
15:57:22, 1016.90, 26.90, 27.98, 26.547, 2111, 3363, 4646, 5576, 5312, 5683, 6678, 7617, 25082, 8340, 0, 0, 303, 350, 451, 490, 514, 637, 1131, 1405, 6892, 6566, 0, 0
15:57:23, 1016.90, 26.91, 27.95, 26.555, 1764, 2813, 3847, 4775, 5158, 5666, 6713, 7290, 23392, 7960, 0, 0, 287, 327, 422, 456, 508, 632, 1133, 1402, 6984, 6620, 0, 0
15:57:23, 1017.00, 26.91, 27.96, 26.562, 1623, 2447, 3349, 4156, 4638, 5169, 6008, 6561, 21660, 7539, 0, 0, 282, 326, 420, 457, 489, 604, 1083, 1331, 6603, 6266, 0, 0
15:57:24, 1016.70, 26.91, 27.96, 26.562, 1823, 2869, 3931, 4946, 5847, 6298, 7861, 8190, 24347, 8294, 0, 0, 299, 354, 456, 506, 564, 690, 1219, 1483, 7025, 6612, 0, 0
15:57:25, 1016.80, 26.91, 27.93, 26.562, 2033, 3308, 4564, 5635, 6234, 6587, 8198, 8756, 25245, 8553, 0, 0, 303, 360, 465, 515, 561, 686, 1217, 1483, 7072, 6648, 0, 0
15:57:25, 1016.80, 26.92, 27.96, 26.578, 2598, 4480, 6081, 7341, 8917, 9087, 11328, 12867, 25325, 8555, 0, 0, 312, 378, 490, 546, 596, 720, 1242, 1514, 7002, 6519, 0, 0
15:57:26, 1016.80, 26.92, 27.96, 26.578, 2607, 4462, 6101, 7277, 8531, 8714, 10762, 12385, 22033, 7768, 0, 0, 272, 332, 429, 482, 473, 583, 1055, 1298, 5636, 4946, 0, 0
15:57:27, 1016.80, 26.91, 27.95, 26.586, 48, 52, 56, 63, 542, 746, 1200, 1511, 4878, 2210, 0, 0, 247, 310, 407, 452, 518, 600, 1034, 1202, 5163, 4680, 0, 0
15:57:27, 1016.80, 26.92, 27.96, 26.617, 544, 917, 1167, 1477, 2087, 2428, 3339, 3933, 14708, 5505, 0, 0, 578, 800, 1046, 1162, 1175, 1297, 2066, 2360, 9939, 8512, 0, 0
15:57:28, 1016.70, 26.91, 28.00, 26.617, 364, 502, 694, 863, 887, 1193, 1769, 2146, 7209, 2979, 0, 0, 520, 707, 922, 1008, 1243, 1369, 2158, 2481, 9973, 8647, 0, 0
15:57:29, 1016.70, 26.91, 28.00, 26.648, 653, 837, 1191, 1478, 1222, 1703, 2394, 3051, 11777, 5052, 0, 0, 652, 870, 1092, 1198, 1237, 1365, 2330, 2627, 12033, 10400, 0, 0
15:57:29, 1016.70, 26.91, 27.98, 26.578, 248, 273, 400, 471, 819, 1106, 1704, 2095, 6876, 2851, 0, 0, 495, 687, 892, 971, 997, 1100, 1742, 2018, 8291, 7194, 0, 0
15:57:30, 1016.60, 26.90, 27.98, 26.578, 4783, 7754, 11071, 12579, 13664, 14096, 16796, 19807, 36000, 25324, 1, 1, 1649, 2112, 2671, 2820, 3217, 3800, 7004, 8259, 36000, 34494, 1, 1
15:57:31, 1016.80, 26.90, 27.96, 26.484, 4181, 7112, 9512, 12031, 6759, 6963, 8960, 9728, 34443, 13174, 0, 1, 865, 1129, 1430, 1554, 1630, 1792, 2795, 3218, 12190, 10250, 0, 0
15:57:31, 1016.70, 26.90, 27.98, 26.437, 994, 1528, 2059, 2693, 3758, 4097, 5155, 5659, 17045, 5672, 0, 0, 736, 1012, 1306, 1435, 1453, 1603, 2562, 2952, 11860, 10020, 0, 0
15:57:32, 1016.80, 26.90, 28.00, 26.437, 1458, 2186, 2936, 3997, 5065, 5623, 6958, 7350, 23572, 7621, 0, 0, 668, 923, 1185, 1301, 1375, 1510, 2432, 2791, 11371, 9639, 0, 0
15:57:33, 1016.80, 26.90, 28.02, 26.461, 1245, 1891, 2593, 3345, 4066, 4504, 5548, 6214, 19059, 6476, 0, 0, 1002, 1399, 1821, 1986, 2119, 2308, 3547, 4071, 14386, 11842, 0, 0
15:57:33, 1016.50, 26.89, 28.00, 26.422, 2528, 3549, 4756, 7297, 6063, 6610, 8300, 9621, 36000, 14125, 1, 1, 1261, 1654, 2057, 2178, 2799, 3234, 5957, 6913, 34521, 29262, 0, 1
15:57:34, 1016.60, 26.89, 28.02, 26.422, 4174, 6843, 9697, 10547, 12631, 13368, 14839, 20672, 36000, 29086, 1, 1, 1678, 2189, 2702, 2851, 2914, 3368, 6166, 7151, 35913, 31170, 0, 1
15:57:35, 1016.50, 26.89, 28.04, 26.336, 3782, 5104, 8230, 8389, 11512, 11447, 12945, 14873, 36000, 36000, 1, 1, 2044, 2640, 3265, 3434, 3551, 4124, 7819, 9009, 36000, 36000, 1, 1
15:57:35, 1016.80, 26.88, 28.00, 26.352, 3360, 4623, 7572, 7186, 10435, 9853, 10743, 13627, 36000, 34499, 1, 1, 1795, 2321, 2851, 3018, 2803, 3231, 6012, 6982, 35585, 30555, 0, 1
15:57:36, 1016.40, 26.88, 28.02, 26.352, 4407, 6476, 8867, 11037, 11918, 14820, 14577, 18865, 36000, 25491, 1, 1, 1873, 2450, 3019, 3186, 3351, 3907, 7337, 8436, 36000, 34469, 1, 1
15:57:37, 1016.90, 26.88, 28.02, 26.359, 4822, 8183, 10822, 12721, 13131, 15488, 16639, 19979, 36000, 24125, 1, 1, 1570, 2071, 2556, 2713, 2601, 3001, 5421, 6222, 30718, 24740, 0, 0
15:57:37, 1016.70, 26.88, 28.02, 26.328, 2376, 3874, 5140, 6958, 5266, 5677, 7233, 7755, 30890, 10566, 0, 0, 985, 1324, 1681, 1810, 982, 1150, 1961, 2387, 11307, 9873, 0, 0
15:57:38, 1016.70, 26.88, 28.04, 26.328, 991, 1563, 2106, 2691, 3065, 3173, 3969, 4131, 11512, 3610, 0, 0, 568, 715, 875, 902, 853, 1002, 1683, 2124, 10322, 9448, 0, 0
15:57:39, 1016.80, 26.88, 28.04, 26.391, 985, 1540, 2083, 2832, 3679, 3988, 5069, 5338, 17598, 6281, 0, 0, 567, 704, 857, 889, 951, 1120, 1900, 2375, 11455, 10038, 0, 0
15:57:39, 1016.60, 26.88, 28.05, 26.461, 985, 1596, 2136, 2924, 3596, 3819, 5045, 5121, 16356, 5670, 0, 0, 494, 613, 755, 779, 753, 889, 1524, 1921, 9353, 8320, 0, 0
15:57:40, 1016.80, 26.88, 28.05, 26.461, 928, 1525, 2074, 2753, 3214, 3414, 4443, 4612, 14300, 5187, 0, 0, 384, 481, 594, 614, 622, 725, 1196, 1500, 7100, 6231, 0, 0
15:57:41, 1016.80, 26.88, 28.09, 26.500, 919, 1452, 1957, 2663, 3446, 3742, 4786, 4953, 14890, 4928, 0, 0, 470, 608, 750, 774, 795, 920, 1520, 1863, 8570, 7401, 0, 0
15:57:41, 1016.70, 26.87, 28.04, 26.555, 1235, 1874, 2507, 3369, 3784, 4041, 5181, 5386, 15749, 5231, 0, 0, 379, 478, 581, 607, 572, 679, 1264, 1530, 7541, 6394, 0, 0
15:57:42, 1016.70, 26.87, 28.04, 26.555, 292, 414, 579, 727, 879, 1088, 1665, 1935, 4419, 1488, 0, 0, 601, 782, 929, 922, 1620, 2036, 3620, 4473, 18028, 13884, 0, 0
15:57:43, 1023.40, 26.74, 28.05, 26.578, 284, 366, 519, 697, 852, 1114, 1759, 2005, 4655, 1631, 0, 0, 18679, 20839, 25989, 27919, 36000, 36000, 36000, 36000, 36000, 36000, 1, 1
15:57:43, 1015.20, 26.70, 28.05, 26.609, 128, 167, 243, 290, 363, 417, 601, 698, 2064, 689, 0, 0, 36000, 36000, 36000, 36000, 36000, 36000, 36000, 36000, 36000, 36000, 1, 1
15:57:44, 1017.00, 26.69, 28.04, 26.609, 159, 226, 330, 448, 553, 602, 726, 732, 2911, 822, 0, 0, 23119, 33016, 36000, 36000, 36000, 36000, 36000, 36000, 36000, 36000, 1, 1
15:57:45, 1016.30, 26.77, 28.05, 26.641, 898, 1350, 1854, 2328, 1227, 1260, 1678, 1603, 5386, 1918, 0, 0, 36000, 36000, 36000, 36000, 36000, 36000, 36000, 36000, 36000, 36000, 1, 1
15:57:45, 1005.90, 26.71, 28.07, 26.602, 171, 242, 351, 497, 459, 539, 746, 773, 3033, 1123, 0, 0, 36000, 36000, 36000, 36000, 36000, 36000, 36000, 36000, 36000, 36000, 1, 1
15:57:46, 1014.90, 26.76, 28.07, 26.602, 64, 70, 80, 100, 1205, 1321, 1505, 1695, 7774, 2467, 0, 0, 28223, 36000, 36000, 36000, 36000, 36000, 36000, 36000, 36000, 36000, 1, 1
15:57:47, 1016.60, 26.84, 28.09, 26.648, 1078, 1640, 2292, 2703, 4840, 4917, 6044, 6154, 29302, 9573, 0, 0, 10288, 15183, 21473, 25496, 22885, 23651, 27792, 30374, 36000, 36000, 1, 1
15:57:47, 1015.80, 26.84, 28.04, 26.641, 4148, 6539, 9063, 10603, 10183, 11250, 13503, 14185, 36000, 17868, 1, 1, 2287, 3440, 4830, 6606, 6524, 6869, 8543, 8838, 25931, 7412, 0, 0
15:57:48, 1017.20, 26.86, 28.07, 26.641, 5202, 8594, 12323, 14052, 9711, 10088, 12439, 13308, 36000, 27772, 1, 1, 1759, 2673, 4056, 5134, 2326, 2638, 3319, 3343, 7475, 1009, 0, 0
15:57:49, 1021.90, 27.03, 28.07, 27.000, 4097, 6639, 9084, 10503, 10888, 10148, 14170, 15112, 36000, 29188, 1, 1, 226, 329, 660, 1147, 1790, 2068, 2600, 2623, 5225, 514, 0, 0
15:57:49, 1021.00, 27.17, 28.05, 27.844, 2578, 4820, 6745, 8761, 12079, 13565, 15393, 19196, 35094, 13912, 0, 1, 195, 271, 560, 1014, 1935, 2243, 2848, 2861, 5257, 527, 0, 0
15:57:50, 1025.00, 27.21, 28.09, 27.844, 1841, 2884, 4081, 5113, 5648, 6278, 7222, 8106, 18539, 3646, 0, 0, 217, 298, 621, 1130, 1909, 2231, 2843, 2853, 4999, 486, 0, 0
15:57:51, 1024.10, 27.23, 28.09, 28.289, 1656, 2422, 3569, 4767, 5618, 6617, 7401, 8344, 17828, 3042, 0, 0, 219, 295, 625, 1154, 1996, 2322, 2958, 2967, 5122, 496, 0, 0
15:57:51, 1024.20, 27.25, 28.05, 28.516, 1686, 2480, 3616, 4613, 6404, 7238, 8208, 9203, 21563, 4703, 0, 0, 225, 310, 642, 1161, 1950, 2268, 2894, 2901, 4999, 492, 0, 0
15:57:52, 1031.60, 27.26, 28.07, 28.516, 2545, 4369, 6661, 8381, 13669, 14592, 17275, 19855, 36000, 8961, 1, 1, 187, 252, 533, 985, 1495, 1763, 2237, 2257, 4088, 386, 0, 0
15:57:53, 1028.40, 27.29, 28.07, 28.641, 621, 968, 1525, 2007, 2630, 2873, 3336, 3776, 6911, 1060, 0, 0, 272, 370, 769, 1402, 2258, 2641, 3382, 3390, 6081, 597, 0, 0
15:57:53, 1037.70, 27.32, 28.05, 28.734, 851, 1365, 2146, 2902, 3355, 3835, 4497, 4941, 9151, 1305, 0, 0, 185, 235, 505, 970, 1445, 1731, 2227, 2235, 3737, 344, 0, 0
15:57:54, 1034.00, 27.36, 28.07, 28.734, 1944, 3664, 6148, 8092, 11158, 11678, 13999, 17580, 35940, 5211, 0, 1, 139, 173, 374, 730, 1493, 1784, 2304, 2309, 3816, 357, 0, 0
15:57:55, 1028.10, 27.39, 28.09, 28.773, 755, 1254, 2044, 2752, 3572, 3965, 4605, 5192, 10856, 1576, 0, 0, 217, 291, 611, 1127, 1994, 2332, 3000, 2995, 4861, 466, 0, 0
15:57:55, 1027.30, 27.42, 28.07, 28.820, 1251, 1881, 3029, 3907, 4454, 4810, 5660, 6403, 13329, 1998, 0, 0, 230, 304, 645, 1197, 1937, 2264, 2898, 2900, 4678, 442, 0, 0
15:57:56, 1024.20, 27.46, 28.05, 28.820, 1578, 2405, 3661, 4595, 5603, 6219, 7073, 8058, 17510, 3514, 0, 0, 233, 319, 663, 1196, 1963, 2277, 2899, 2907, 5002, 493, 0, 0
15:57:57, 1028.50, 27.49, 28.07, 28.836, 2586, 4423, 6680, 8337, 13064, 13850, 16004, 19651, 36000, 9804, 1, 1, 173, 231, 489, 906, 1567, 1847, 2350, 2367, 4281, 410, 0, 0
15:57:57, 1023.10, 27.54, 28.07, 28.844, 991, 1579, 2463, 3319, 3347, 3630, 4333, 4878, 9531, 1351, 0, 0, 268, 369, 767, 1388, 2147, 2491, 3174, 3187, 5740, 570, 0, 0
15:57:58, 1027.00, 27.57, 28.07, 28.844, 1890, 2865, 4142, 5217, 5563, 6479, 7091, 8139, 19625, 3921, 0, 0, 193, 258, 543, 1009, 1866, 2185, 2793, 2798, 4624, 443, 0, 0
15:57:59, 1029.60, 27.60, 28.05, 28.852, 1437, 2081, 3350, 4392, 6897, 7904, 8930, 10628, 20033, 2923, 0, 0, 166, 209, 454, 874, 1690, 2001, 2573, 2575, 4038, 372, 0, 0
15:57:59, 1024.00, 27.63, 28.04, 28.859, 1472, 2442, 3699, 4680, 5755, 6208, 7209, 8163, 17430, 3011, 0, 0, 233, 312, 657, 1202, 2241, 2597, 3302, 3310, 5260, 495, 0, 0
15:58:00, 1025.30, 27.65, 28.04, 28.859, 1826, 2654, 4123, 5044, 5426, 5961, 6722, 7783, 16942, 3325, 0, 0, 227, 302, 637, 1175, 2045, 2384, 3043, 3046, 4925, 468, 0, 0
15:58:01, 1026.40, 27.68, 28.05, 28.867, 1781, 2499, 3858, 5168, 5631, 6515, 7455, 8380, 17421, 2911, 0, 0, 203, 269, 568, 1060, 1920, 2250, 2879, 2884, 5072, 491, 0, 0
15:58:01, 1025.50, 27.69, 28.04, 28.875, 1375, 2135, 3185, 4336, 5618, 6589, 7676, 8337, 19944, 3505, 0, 0, 197, 268, 563, 1037, 1818, 2117, 2693, 2701, 4938, 482, 0, 0
15:58:02, 1029.20, 27.70, 28.05, 28.875, 1394, 2166, 3153, 4335, 4897, 5586, 6620, 7162, 16948, 3127, 0, 0, 187, 253, 532, 984, 1649, 1937, 2475, 2482, 4386, 419, 0, 0
15:58:03, 1034.00, 27.72, 28.05, 28.875, 2707, 5134, 7986, 10407, 12063, 13449, 17460, 17682, 36000, 9351, 1, 1, 172, 235, 491, 888, 1360, 1598, 2002, 2026, 3618, 348, 0, 0
15:58:03, 1043.10, 27.73, 28.07, 28.875, 1962, 3649, 5732, 7438, 5697, 6690, 7989, 8753, 19439, 2462, 0, 0, 137, 170, 367, 718, 1199, 1451, 1877, 1881, 3155, 289, 0, 0
15:58:04, 1049.90, 27.75, 28.05, 28.883, 1225, 2321, 3968, 5725, 5621, 6420, 8148, 8806, 20538, 2225, 0, 0, 110, 124, 270, 563, 1110, 1374, 1803, 1804, 2919, 260, 0, 0
15:58:05, 1053.60, 27.76, 28.05, 28.875, 376, 577, 1068, 1666, 1593, 1868, 2192, 2495, 3465, 353, 0, 0, 141, 156, 338, 704, 1134, 1411, 1865, 1861, 2817, 252, 0, 0
15:58:05, 1058.00, 27.77, 28.07, 28.875, 365, 541, 1042, 1612, 2039, 2363, 2796, 3212, 4203, 395, 0, 0, 117, 122, 262, 565, 1107, 1394, 1864, 1854, 2574, 227, 0, 0
15:58:06, 1069.00, 27.79, 28.02, 28.875, 608, 885, 1757, 2703, 5145, 5671, 7357, 8661, 12878, 1140, 0, 0, 88, 91, 195, 424, 956, 1203, 1575, 1595, 2908, 251, 0, 0
15:58:07, 1076.80, 27.80, 28.07, 28.875, 494, 762, 1504, 2517, 2307, 2700, 3298, 3818, 5183, 431, 0, 0, 86, 82, 169, 383, 819, 1072, 1459, 1457, 2020, 177, 0, 0
15:58:07, 1085.30, 27.82, 28.05, 28.875, 354, 448, 954, 1699, 3308, 3920, 5008, 5886, 9761, 746, 0, 0, 63, 59, 119, 276, 636, 840, 1126, 1142, 1820, 156, 0, 0
15:58:08, 1086.60, 27.83, 28.07, 28.875, 376, 547, 1166, 2147, 2453, 3031, 3824, 4359, 6446, 472, 0, 0, 70, 65, 131, 304, 726, 965, 1317, 1327, 2054, 181, 0, 0
15:58:09, 1095.70, 27.84, 28.04, 28.875, 209, 278, 577, 1123, 1995, 2439, 3208, 3496, 6291, 476, 0, 0, 54, 49, 95, 226, 513, 695, 946, 960, 1461, 125, 0, 0
15:58:09, 1099.60, 27.85, 28.07, 28.875, 265, 347, 745, 1548, 2692, 3327, 4344, 4986, 9850, 735, 0, 0, 49, 44, 83, 199, 522, 715, 988, 999, 1522, 132, 0, 0
15:58:10, 1102.40, 27.86, 28.07, 28.875, 120, 138, 289, 596, 847, 1071, 1366, 1519, 2170, 167, 0, 0, 70, 61, 115, 274, 612, 844, 1181, 1189, 1703, 151, 0, 0
15:58:11, 1113.30, 27.86, 28.04, 28.875, 172, 184, 390, 822, 1925, 2426, 3229, 3671, 5432, 385, 0, 0, 44, 38, 69, 168, 451, 629, 867, 885, 1354, 116, 0, 0
15:58:12, 1115.90, 27.87, 28.05, 28.875, 198, 233, 490, 1051, 1455, 1881, 2453, 2792, 4067, 290, 0, 0, 46, 39, 69, 169, 452, 639, 901, 910, 1287, 113, 0, 0
15:58:12, 1121.10, 27.88, 28.04, 28.875, 130, 135, 280, 613, 1168, 1521, 1997, 2263, 3173, 227, 0, 0, 41, 34, 59, 144, 367, 527, 746, 758, 1087, 94, 0, 0
15:58:13, 1123.10, 27.88, 28.04, 28.875, 159, 175, 359, 805, 1613, 2063, 2782, 3169, 5018, 359, 0, 0, 36, 31, 53, 129, 351, 503, 709, 721, 1046, 90, 0, 0
15:58:14, 1128.10, 27.89, 28.07, 28.875, 170, 192, 399, 894, 1669, 2146, 2903, 3287, 5763, 419, 0, 0, 35, 29, 50, 122, 328, 474, 673, 685, 991, 86, 0, 0
15:58:14, 1131.90, 27.90, 28.05, 28.883, 132, 135, 273, 623, 1158, 1530, 2066, 2341, 3394, 242, 0, 0, 34, 29, 47, 115, 313, 458, 655, 666, 950, 82, 0, 0
15:58:15, 1133.90, 27.90, 28.07, 28.883, 129, 137, 274, 632, 1341, 1745, 2391, 2708, 4321, 312, 0, 0, 31, 26, 43, 106, 300, 439, 629, 641, 922, 79, 0, 0
15:58:16, 1140.00, 27.91, 28.04, 28.883, 122, 128, 255, 591, 1283, 1685, 2320, 2623, 4351, 316, 0, 0, 31, 26, 42, 104, 293, 432, 616, 631, 936, 80, 0, 0
15:58:16, 1142.30, 27.91, 28.09, 28.883, 114, 117, 227, 538, 1053, 1403, 1937, 2186, 3354, 241, 0, 0, 29, 24, 38, 93, 276, 409, 593, 604, 854, 74, 0, 0
15:58:17, 1144.70, 27.92, 28.04, 28.883, 91, 88, 170, 400, 899, 1206, 1650, 1867, 2694, 194, 0, 0, 29, 24, 38, 91, 271, 405, 589, 600, 837, 73, 0, 0
15:58:18, 1150.90, 27.93, 28.07, 28.883, 103, 103, 195, 471, 1029, 1396, 1943, 2209, 3894, 285, 0, 0, 27, 22, 35, 85, 239, 359, 521, 534, 775, 66, 0, 0
15:58:18, 1154.00, 27.93, 28.09, 28.891, 93, 92, 173, 415, 869, 1173, 1633, 1842, 2762, 198, 0, 0, 25, 20, 31, 75, 228, 346, 510, 520, 729, 63, 0, 0
15:58:19, 1159.50, 27.94, 28.05, 28.883, 79, 75, 137, 335, 782, 1072, 1507, 1696, 2594, 188, 0, 0, 23, 19, 29, 69, 210, 322, 473, 486, 692, 59, 0, 0
15:58:20, 1162.70, 27.94, 28.07, 28.883, 82, 81, 150, 365, 834, 1149, 1623, 1831, 3031, 221, 0, 0, 22, 18, 27, 64, 196, 302, 447, 459, 641, 55, 0, 0
15:58:20, 1163.30, 27.95, 28.05, 28.891, 66, 62, 111, 274, 617, 854, 1200, 1347, 1996, 146, 0, 0, 22, 18, 26, 61, 197, 306, 457, 468, 644, 56, 0, 0
15:58:21, 1168.30, 27.96, 28.05, 28.859, 58, 53, 91, 225, 598, 836, 1178, 1332, 1850, 135, 0, 0, 20, 16, 24, 57, 180, 280, 417, 429, 599, 51, 0, 0
15:58:22, 1170.80, 27.96, 28.05, 28.859, 69, 67, 119, 298, 680, 951, 1355, 1519, 2640, 194, 0, 0, 19, 16, 23, 54, 170, 267, 401, 412, 562, 48, 0, 0
15:58:22, 1172.10, 27.96, 28.07, 28.844, 49, 45, 75, 186, 446, 633, 895, 998, 1406, 104, 0, 0, 21, 17, 25, 57, 178, 280, 422, 433, 584, 51, 0, 0
15:58:23, 1176.50, 27.97, 28.05, 28.820, 62, 59, 101, 253, 633, 885, 1264, 1421, 2197, 159, 0, 0, 18, 15, 21, 49, 158, 250, 376, 387, 538, 46, 0, 0
15:58:24, 1175.60, 27.97, 28.00, 28.820, 61, 57, 95, 240, 587, 832, 1200, 1346, 2101, 154, 0, 0, 17, 14, 20, 47, 156, 247, 374, 386, 519, 45, 0, 0
15:58:24, 1170.30, 27.97, 28.04, 28.812, 42, 37, 61, 151, 384, 549, 773, 864, 1153, 86, 0, 0, 22, 18, 26, 60, 196, 308, 466, 477, 629, 55, 0, 0
15:58:25, 1170.40, 27.98, 28.07, 28.797, 47, 42, 70, 173, 442, 625, 878, 991, 1291, 95, 0, 0, 21, 17, 25, 58, 192, 300, 455, 465, 592, 52, 0, 0
15:58:26, 1168.50, 27.98, 28.07, 28.797, 45, 40, 66, 162, 417, 592, 828, 934, 1202, 89, 0, 0, 22, 18, 26, 61, 200, 312, 473, 484, 616, 54, 0, 0
15:58:26, 1169.60, 27.98, 28.04, 28.805, 48, 42, 72, 175, 460, 648, 908, 1024, 1321, 97, 0, 0, 21, 17, 25, 58, 183, 287, 433, 445, 583, 51, 0, 0
15:58:27, 1173.20, 27.99, 28.04, 28.797, 56, 50, 86, 212, 505, 713, 1006, 1133, 1557, 114, 0, 0, 21, 17, 24, 56, 169, 265, 401, 412, 558, 48, 0, 0
15:58:28, 1171.50, 27.99, 28.07, 28.797, 64, 61, 107, 266, 639, 894, 1277, 1437, 2227, 163, 0, 0, 20, 16, 24, 55, 188, 294, 443, 455, 608, 53, 0, 0
15:58:28, 1177.60, 27.99, 28.07, 28.805, 60, 56, 95, 236, 606, 859, 1235, 1397, 2237, 166, 0, 0, 18, 15, 21, 49, 155, 245, 372, 386, 532, 46, 0, 0
15:58:29, 1181.60, 28.00, 28.07, 28.781, 53, 49, 83, 206, 537, 764, 1101, 1239, 1893, 138, 0, 0, 16, 13, 19, 43, 143, 229, 349, 361, 491, 42, 0, 0
15:58:30, 1187.10, 28.00, 28.05, 28.781, 48, 44, 71, 179, 461, 661, 954, 1076, 1501, 109, 0, 0, 16, 13, 18, 41, 136, 218, 332, 345, 474, 41, 0, 0
15:58:30, 1192.40, 28.01, 28.05, 28.773, 47, 44, 71, 179, 455, 657, 961, 1080, 1841, 138, 0, 0, 14, 12, 16, 37, 121, 196, 302, 315, 420, 36, 0, 0
15:58:31, 1198.10, 28.01, 28.07, 28.750, 40, 37, 58, 145, 353, 514, 756, 844, 1258, 93, 0, 0, 14, 11, 15, 33, 108, 177, 276, 288, 379, 33, 0, 0
15:58:32, 1199.50, 28.01, 28.07, 28.750, 38, 35, 54, 135, 367, 537, 793, 889, 1381, 103, 0, 0, 12, 10, 13, 29, 102, 168, 262, 274, 361, 31, 0, 0
15:58:32, 1204.20, 28.01, 28.05, 28.742, 33, 30, 45, 113, 339, 500, 740, 830, 1216, 90, 0, 0, 11, 9, 12, 27, 95, 157, 246, 258, 344, 29, 0, 0
15:58:33, 1213.30, 28.01, 28.07, 28.734, 34, 31, 46, 115, 323, 479, 713, 801, 1219, 90, 0, 0, 11, 9, 12, 26, 90, 151, 238, 251, 344, 29, 0, 0
15:58:34, 1216.40, 28.01, 28.05, 28.734, 28, 25, 36, 88, 225, 341, 513, 578, 811, 60, 0, 0, 10, 8, 11, 23, 85, 143, 230, 242, 308, 27, 0, 0
15:58:34, 1223.20, 28.02, 28.07, 28.727, 22, 19, 27, 66, 197, 300, 450, 506, 711, 53, 0, 0, 9, 7, 10, 20, 68, 117, 188, 199, 258, 22, 0, 0
15:58:35, 1225.90, 28.02, 28.04, 28.727, 24, 22, 31, 74, 218, 334, 503, 577, 913, 69, 0, 0, 8, 7, 9, 18, 64, 111, 179, 190, 249, 21, 0, 0
15:58:36, 1228.00, 28.02, 28.07, 28.727, 22, 20, 28, 68, 195, 300, 457, 516, 707, 52, 0, 0, 8, 6, 8, 16, 62, 107, 175, 185, 230, 20, 0, 0
15:58:36, 1233.80, 28.03, 28.05, 28.719, 17, 16, 21, 49, 158, 246, 372, 423, 540, 40, 0, 0, 7, 5, 7, 15, 54, 93, 153, 163, 205, 17, 0, 0
15:58:37, 1235.50, 28.02, 28.07, 28.719, 20, 18, 24, 58, 178, 277, 426, 481, 688, 51, 0, 0, 6, 5, 7, 14, 51, 90, 147, 156, 197, 17, 0, 0
15:58:38, 1237.90, 28.03, 28.05, 28.719, 18, 17, 22, 53, 164, 257, 397, 448, 644, 48, 0, 0, 6, 5, 6, 12, 48, 84, 139, 148, 184, 15, 0, 0
15:58:38, 1243.70, 28.03, 28.07, 28.719, 16, 15, 19, 44, 141, 222, 340, 389, 475, 35, 0, 0, 6, 5, 6, 12, 45, 79, 131, 139, 175, 15, 0, 0
15:58:39, 1246.10, 28.03, 28.07, 28.719, 15, 14, 18, 43, 138, 220, 343, 384, 589, 44, 0, 0, 5, 4, 5, 11, 41, 73, 122, 130, 158, 13, 0, 0
15:58:40, 1250.10, 28.03, 28.02, 28.719, 13, 12, 15, 35, 118, 189, 293, 334, 420, 31, 0, 0, 5, 4, 5, 10, 37, 67, 112, 119, 148, 12, 0, 0
15:58:40, 1256.40, 28.04, 28.02, 28.711, 13, 12, 15, 35, 117, 188, 295, 336, 432, 32, 0, 0, 4, 3, 5, 9, 36, 65, 109, 117, 151, 12, 0, 0
15:58:41, 1258.80, 28.04, 28.05, 28.711, 13, 12, 14, 34, 108, 175, 276, 313, 429, 32, 0, 0, 4, 3, 4, 8, 31, 57, 98, 104, 128, 11, 0, 0
15:58:42, 1258.70, 28.04, 28.07, 28.711, 11, 10, 12, 27, 84, 139, 218, 247, 321, 24, 0, 0, 4, 3, 4, 8, 33, 60, 102, 109, 133, 11, 0, 0
15:58:42, 1263.30, 28.04, 28.09, 28.711, 10, 10, 12, 27, 94, 154, 242, 276, 367, 28, 0, 0, 4, 3, 4, 7, 29, 54, 91, 98, 122, 10, 0, 0
15:58:43, 1264.80, 28.04, 28.04, 28.711, 11, 10, 13, 29, 96, 157, 250, 282, 394, 30, 0, 0, 3, 3, 4, 7, 28, 51, 87, 93, 114, 9, 0, 0
15:58:44, 1266.20, 28.05, 28.07, 28.711, 10, 10, 12, 26, 87, 144, 228, 261, 331, 25, 0, 0, 3, 3, 3, 7, 28, 51, 87, 93, 111, 9, 0, 0
15:58:44, 1271.50, 28.05, 28.05, 28.711, 10, 9, 11, 25, 87, 143, 227, 261, 351, 26, 0, 0, 3, 2, 3, 6, 25, 47, 81, 87, 111, 9, 0, 0
15:58:45, 1275.30, 28.05, 28.07, 28.703, 9, 9, 10, 23, 77, 128, 205, 235, 298, 22, 0, 0, 3, 2, 3, 5, 22, 42, 73, 78, 93, 8, 0, 0
15:58:46, 1277.60, 28.05, 28.04, 28.703, 8, 8, 9, 20, 69, 115, 183, 210, 246, 19, 0, 0, 3, 2, 3, 5, 22, 41, 71, 76, 89, 7, 0, 0
15:58:46, 1281.80, 28.05, 28.05, 28.703, 8, 8, 9, 20, 68, 114, 186, 213, 296, 22, 0, 0, 2, 2, 3, 5, 20, 37, 65, 70, 84, 7, 0, 0
15:58:47, 1283.20, 28.05, 28.07, 28.703, 8, 7, 8, 18, 62, 105, 171, 196, 245, 19, 0, 0, 2, 2, 2, 5, 19, 36, 63, 68, 80, 6, 0, 0
15:58:48, 1286.80, 28.05, 28.07, 28.703, 7, 7, 8, 17, 61, 103, 167, 191, 249, 19, 0, 0, 2, 2, 2, 4, 18, 34, 60, 65, 79, 6, 0, 0
15:58:48, 1287.80, 28.06, 28.05, 28.703, 7, 7, 7, 16, 59, 100, 163, 186, 255, 20, 0, 0, 2, 1, 2, 4, 17, 32, 57, 61, 75, 6, 0, 0
15:58:49, 1287.50, 28.06, 28.07, 28.695, 6, 6, 7, 15, 51, 88, 143, 163, 212, 16, 0, 0, 2, 1, 2, 4, 17, 33, 59, 63, 75, 6, 0, 0
15:58:50, 1292.00, 28.06, 28.05, 28.703, 6, 6, 6, 14, 52, 90, 148, 169, 222, 17, 0, 0, 2, 1, 2, 4, 15, 30, 53, 58, 70, 5, 0, 0
15:58:50, 1295.10, 28.06, 28.07, 28.703, 6, 6, 6, 14, 50, 85, 141, 161, 220, 17, 0, 0, 2, 1, 2, 3, 14, 27, 49, 53, 64, 5, 0, 0
15:58:51, 1289.90, 28.06, 28.05, 28.695, 5, 5, 5, 11, 39, 67, 110, 126, 138, 11, 0, 0, 2, 1, 2, 4, 16, 31, 55, 60, 67, 5, 0, 0
15:58:52, 1291.50, 28.07, 28.07, 28.703, 6, 5, 6, 12, 48, 83, 134, 155, 186, 14, 0, 0, 2, 1, 2, 4, 15, 29, 52, 57, 67, 5, 0, 0
15:58:52, 1294.60, 28.07, 28.07, 28.703, 6, 6, 6, 14, 49, 85, 139, 160, 211, 16, 0, 0, 2, 1, 2, 3, 14, 27, 49, 53, 64, 5, 0, 0
15:58:53, 1295.30, 28.08, 28.07, 28.695, 5, 5, 6, 12, 42, 73, 120, 139, 165, 13, 0, 0, 2, 1, 2, 3, 14, 27, 50, 54, 63, 5, 0, 0
15:58:54, 1298.20, 28.07, 28.04, 28.695, 5, 5, 6, 12, 46, 79, 130, 147, 209, 16, 0, 0, 1, 1, 2, 3, 13, 25, 45, 50, 60, 5, 0, 0
15:58:54, 1295.30, 28.08, 28.11, 28.695, 5, 5, 5, 11, 40, 70, 116, 133, 173, 13, 0, 0, 2, 1, 2, 3, 14, 27, 50, 54, 64, 5, 0, 0
15:58:55, 1299.70, 28.08, 28.07, 28.703, 5, 5, 5, 10, 42, 73, 120, 138, 176, 14, 0, 0, 1, 1, 1, 3, 12, 24, 45, 49, 58, 4, 0, 0
15:58:56, 1301.90, 28.08, 28.05, 28.695, 5, 5, 5, 11, 40, 70, 117, 134, 182, 14, 0, 0, 1, 1, 1, 3, 11, 23, 42, 46, 54, 4, 0, 0
15:58:56, 1299.50, 28.08, 28.04, 28.695, 4, 4, 4, 9, 35, 62, 102, 117, 133, 10, 0, 0, 1, 1, 2, 3, 12, 24, 44, 48, 55, 4, 0, 0
15:58:57, 1302.90, 28.08, 28.07, 28.695, 5, 5, 5, 10, 39, 69, 113, 131, 166, 13, 0, 0, 1, 1, 1, 3, 11, 23, 41, 45, 54, 4, 0, 0
15:58:58, 1303.70, 28.08, 28.09, 28.703, 4, 4, 5, 10, 36, 64, 107, 123, 158, 12, 0, 0, 1, 1, 1, 3, 11, 22, 41, 44, 50, 4, 0, 0
15:58:58, 1301.30, 28.08, 28.09, 28.703, 4, 4, 4, 9, 36, 64, 105, 121, 145, 11, 0, 0, 1, 1, 1, 3, 12, 24, 44, 48, 53, 4, 0, 0
15:58:59, 1304.80, 28.08, 28.09, 28.695, 4, 4, 4, 9, 36, 63, 103, 119, 142, 11, 0, 0, 1, 1, 1, 3, 11, 22, 40, 44, 53, 4, 0, 0
15:59:00, 1306.80, 28.08, 28.05, 28.703, 4, 4, 4, 9, 36, 64, 106, 122, 163, 13, 0, 0, 1, 1, 1, 2, 10, 21, 38, 42, 49, 4, 0, 0
15:59:01, 1302.60, 28.09, 28.07, 28.703, 4, 4, 4, 9, 33, 58, 96, 111, 132, 10, 0, 0, 1, 1, 1, 3, 11, 23, 42, 46, 53, 4, 0, 0
15:59:01, 1301.00, 28.09, 28.07, 28.695, 4, 4, 4, 8, 32, 57, 95, 109, 128, 10, 0, 0, 1, 1, 2, 3, 12, 24, 45, 49, 56, 4, 0, 0
15:59:02, 1304.10, 28.09, 28.05, 28.703, 5, 5, 5, 10, 39, 69, 114, 130, 178, 14, 0, 0, 1, 1, 1, 3, 11, 23, 41, 45, 53, 4, 0, 0
15:59:03, 1306.00, 28.10, 28.09, 28.703, 4, 5, 5, 10, 37, 64, 107, 123, 155, 12, 0, 0, 1, 1, 1, 2, 11, 22, 40, 43, 50, 4, 0, 0
15:59:03, 1306.90, 28.10, 28.07, 28.703, 4, 4, 4, 9, 32, 57, 94, 109, 124, 10, 0, 0, 1, 1, 1, 3, 11, 22, 40, 43, 49, 4, 0, 0
15:59:04, 1308.80, 28.10, 28.07, 28.703, 4, 4, 4, 9, 34, 60, 100, 116, 143, 11, 0, 0, 1, 1, 1, 2, 10, 21, 38, 42, 47, 3, 0, 0
15:59:05, 1306.80, 28.11, 28.07, 28.703, 4, 4, 4, 8, 31, 55, 91, 105, 114, 9, 0, 0, 1, 1, 1, 2, 11, 22, 41, 44, 48, 4, 0, 0
15:59:05, 1299.60, 28.11, 28.07, 28.703, 4, 4, 4, 8, 31, 55, 91, 105, 110, 8, 0, 0, 2, 1, 2, 3, 14, 27, 49, 53, 55, 4, 0, 0
15:59:06, 1297.20, 28.11, 28.05, 28.711, 4, 4, 4, 8, 31, 55, 91, 105, 110, 9, 0, 0, 2, 1, 2, 3, 15, 29, 52, 56, 61, 5, 0, 0
15:59:07, 1297.50, 28.11, 28.07, 28.711, 5, 5, 5, 10, 40, 69, 114, 131, 162, 12, 0, 0, 1, 1, 2, 3, 14, 26, 48, 52, 60, 5, 0, 0
15:59:07, 1290.20, 28.12, 28.09, 28.695, 5, 5, 6, 12, 46, 80, 132, 150, 205, 16, 0, 0, 2, 1, 2, 3, 18, 34, 61, 66, 82, 7, 0, 0
15:59:08, 1286.80, 28.12, 28.09, 28.703, 5, 5, 5, 11, 42, 73, 120, 135, 204, 16, 0, 0, 2, 2, 2, 5, 19, 36, 64, 69, 89, 7, 0, 0
15:59:09, 1280.10, 28.12, 28.07, 28.703, 4, 4, 4, 9, 35, 61, 100, 111, 162, 13, 0, 0, 3, 2, 3, 6, 25, 47, 83, 89, 115, 10, 0, 0
15:59:09, 1276.30, 28.12, 28.04, 28.703, 4, 4, 4, 9, 34, 59, 96, 107, 153, 12, 0, 0, 4, 3, 4, 7, 26, 50, 87, 94, 115, 10, 0, 0
15:59:10, 1278.60, 28.13, 28.07, 28.703, 5, 4, 5, 10, 39, 68, 108, 124, 141, 11, 0, 0, 3, 2, 3, 5, 22, 42, 74, 79, 89, 7, 0, 0
15:59:11, 1274.50, 28.14, 28.09, 28.703, 5, 5, 5, 11, 41, 71, 114, 131, 143, 11, 0, 0, 3, 2, 3, 6, 26, 48, 85, 91, 99, 8, 0, 0
15:59:11, 1273.40, 28.14, 28.09, 28.703, 5, 5, 5, 11, 42, 73, 116, 134, 154, 12, 0, 0, 3, 3, 3, 6, 25, 47, 82, 88, 104, 8, 0, 0
15:59:12, 1272.80, 28.15, 28.11, 28.711, 6, 6, 7, 14, 54, 91, 147, 166, 221, 17, 0, 0, 3, 2, 3, 5, 23, 43, 76, 82, 102, 8, 0, 0
15:59:13, 1266.20, 28.15, 28.09, 28.711, 7, 6, 7, 15, 58, 97, 157, 176, 255, 20, 0, 0, 3, 3, 4, 7, 29, 54, 93, 100, 129, 11, 0, 0
15:59:13, 1264.10, 28.15, 28.05, 28.695, 7, 6, 7, 16, 56, 94, 151, 169, 236, 18, 0, 0, 4, 3, 4, 8, 33, 60, 103, 110, 138, 12, 0, 0
15:59:14, 1263.70, 28.15, 28.11, 28.703, 7, 6, 7, 15, 54, 92, 144, 164, 202, 16, 0, 0, 4, 3, 4, 8, 30, 56, 98, 104, 119, 10, 0, 0
15:59:15, 1260.00, 28.16, 28.07, 28.703, 7, 6, 7, 16, 57, 96, 152, 174, 201, 15, 0, 0, 4, 3, 4, 8, 32, 59, 101, 108, 125, 11, 0, 0
15:59:15, 1255.80, 28.16, 28.07, 28.703, 9, 8, 9, 21, 72, 119, 187, 213, 274, 21, 0, 0, 4, 3, 5, 9, 36, 65, 110, 117, 146, 12, 0, 0
15:59:16, 1251.00, 28.16, 28.09, 28.703, 10, 10, 12, 27, 89, 144, 226, 254, 361, 28, 0, 0, 5, 4, 5, 10, 42, 76, 128, 136, 176, 15, 0, 0
15:59:17, 1245.10, 28.16, 28.09, 28.703, 9, 9, 10, 24, 80, 130, 204, 228, 334, 26, 0, 0, 5, 4, 6, 11, 46, 83, 139, 148, 191, 16, 0, 0
15:59:17, 1240.80, 28.17, 28.13, 28.695, 9, 9, 10, 24, 81, 132, 204, 228, 312, 24, 0, 0, 6, 5, 7, 13, 52, 91, 152, 161, 198, 17, 0, 0
15:59:18, 1239.70, 28.17, 28.07, 28.711, 11, 10, 12, 27, 85, 139, 212, 240, 292, 22, 0, 0, 6, 5, 7, 13, 50, 88, 147, 156, 185, 16, 0, 0
15:59:19, 1236.70, 28.17, 28.09, 28.711, 11, 10, 12, 29, 96, 154, 237, 268, 349, 27, 0, 0, 7, 5, 7, 14, 55, 97, 160, 169, 212, 18, 0, 0
15:59:19, 1235.80, 28.18, 28.09, 28.703, 12, 11, 14, 33, 112, 179, 274, 308, 421, 32, 0, 0, 6, 5, 7, 14, 52, 92, 152, 161, 203, 17, 0, 0
15:59:20, 1233.00, 28.18, 28.07, 28.711, 11, 10, 13, 29, 96, 155, 238, 267, 357, 27, 0, 0, 7, 6, 8, 15, 60, 105, 174, 183, 226, 20, 0, 0
15:59:21, 1230.20, 28.18, 28.07, 28.711, 11, 10, 13, 29, 94, 151, 228, 258, 309, 24, 0, 0, 8, 7, 9, 18, 66, 115, 190, 199, 229, 20, 0, 0
15:59:21, 1229.90, 28.19, 28.13, 28.703, 12, 10, 13, 30, 96, 154, 232, 264, 299, 23, 0, 0, 8, 6, 8, 17, 65, 113, 186, 195, 228, 20, 0, 0
15:59:22, 1227.00, 28.19, 28.11, 28.711, 12, 11, 14, 32, 104, 166, 251, 281, 380, 29, 0, 0, 9, 7, 9, 19, 70, 120, 197, 207, 267, 23, 0, 0
15:59:23, 1224.50, 28.19, 28.07, 28.711, 14, 13, 17, 40, 132, 207, 316, 352, 510, 39, 0, 0, 8, 6, 9, 17, 67, 116, 189, 199, 260, 22, 0, 0
15:59:23, 1221.00, 28.19, 28.11, 28.711, 15, 14, 18, 44, 139, 217, 326, 365, 507, 39, 0, 0, 9, 7, 10, 20, 72, 123, 200, 210, 259, 22, 0, 0
15:59:24, 1219.90, 28.20, 28.07, 28.719, 17, 15, 20, 47, 151, 235, 353, 400, 488, 37, 0, 0, 8, 7, 9, 18, 70, 119, 193, 203, 249, 22, 0, 0
15:59:25, 1211.90, 28.20, 28.09, 28.719, 17, 15, 21, 50, 155, 239, 357, 401, 546, 41, 0, 0, 10, 8, 11, 24, 91, 153, 245, 256, 327, 29, 0, 0
15:59:25, 1213.40, 28.20, 28.13, 28.711, 18, 16, 22, 53, 162, 249, 369, 415, 540, 41, 0, 0, 11, 9, 11, 24, 84, 142, 228, 238, 298, 26, 0, 0
15:59:26, 1212.90, 28.20, 28.14, 28.719, 18, 16, 21, 51, 150, 232, 346, 388, 514, 39, 0, 0, 10, 8, 11, 23, 85, 144, 231, 242, 306, 26, 0, 0
15:59:27, 1207.90, 28.21, 28.07, 28.719, 19, 16, 22, 54, 161, 249, 368, 413, 551, 42, 0, 0, 12, 9, 13, 27, 97, 162, 258, 270, 339, 30, 0, 0
15:59:27, 1209.30, 28.21, 28.11, 28.711, 23, 20, 28, 69, 218, 329, 491, 552, 761, 57, 0, 0, 10, 8, 11, 23, 85, 143, 229, 240, 308, 26, 0, 0
15:59:28, 1204.90, 28.21, 28.09, 28.719, 19, 17, 24, 58, 169, 260, 387, 430, 603, 46, 0, 0, 12, 9, 13, 28, 101, 169, 269, 281, 357, 31, 0, 0
15:59:29, 1202.50, 28.21, 28.13, 28.719, 19, 17, 24, 57, 168, 257, 375, 422, 529, 40, 0, 0, 14, 11, 15, 32, 112, 186, 295, 307, 371, 33, 0, 0
15:59:29, 1203.60, 28.22, 28.14, 28.711, 22, 19, 27, 66, 199, 300, 439, 497, 628, 47, 0, 0, 12, 10, 13, 28, 97, 161, 256, 267, 336, 29, 0, 0
15:59:30, 1198.80, 28.22, 28.11, 28.719, 27, 24, 35, 85, 223, 335, 497, 558, 756, 57, 0, 0, 13, 10, 14, 31, 109, 180, 282, 294, 390, 34, 0, 0
15:59:31, 1193.20, 28.22, 28.07, 28.719, 24, 22, 32, 81, 223, 329, 488, 535, 846, 65, 0, 0, 16, 13, 18, 39, 134, 218, 339, 353, 492, 43, 0, 0
15:59:31, 1194.40, 28.22, 28.11, 28.711, 25, 23, 33, 83, 237, 352, 517, 574, 843, 64, 0, 0, 14, 11, 16, 35, 123, 201, 315, 327, 420, 37, 0, 0
15:59:32, 1190.60, 28.22, 28.11, 28.719, 24, 21, 30, 73, 201, 302, 438, 491, 631, 48, 0, 0, 17, 13, 19, 41, 144, 234, 368, 379, 469, 41, 0, 0
15:59:33, 1191.10, 28.22, 28.07, 28.719, 23, 19, 28, 69, 192, 289, 415, 467, 561, 42, 0, 0, 17, 14, 19, 42, 138, 224, 350, 361, 444, 39, 0, 0
15:59:33, 1189.30, 28.23, 28.13, 28.711, 27, 24, 36, 88, 238, 353, 512, 574, 759, 57, 0, 0, 16, 13, 18, 39, 131, 212, 330, 342, 451, 39, 0, 0
15:59:34, 1185.70, 28.23, 28.11, 28.719, 28, 25, 38, 96, 255, 373, 547, 602, 936, 71, 0, 0, 17, 14, 19, 43, 144, 233, 359, 373, 516, 45, 0, 0
15:59:35, 1184.30, 28.22, 28.09, 28.719, 31, 28, 42, 106, 284, 414, 602, 667, 994, 75, 0, 0, 17, 14, 19, 43, 147, 237, 367, 379, 499, 44, 0, 0
15:59:35, 1183.00, 28.22, 28.11, 28.711, 32, 28, 43, 106, 297, 435, 626, 702, 955, 71, 0, 0, 17, 14, 20, 44, 154, 247, 381, 393, 500, 44, 0, 0
15:59:36, 1180.80, 28.23, 28.09, 28.719, 31, 27, 43, 105, 276, 403, 576, 646, 854, 64, 0, 0, 18, 15, 21, 47, 157, 251, 388, 399, 521, 46, 0, 0
15:59:37, 1176.00, 28.23, 28.13, 28.719, 32, 29, 45, 113, 282, 410, 593, 654, 976, 74, 0, 0, 20, 16, 23, 52, 174, 276, 421, 435, 602, 53, 0, 0
15:59:37, 1173.90, 28.23, 28.09, 28.719, 38, 34, 54, 136, 372, 532, 760, 845, 1250, 93, 0, 0, 19, 15, 22, 51, 175, 276, 421, 433, 577, 50, 0, 0
15:59:38, 1171.30, 28.24, 28.09, 28.727, 42, 38, 62, 155, 430, 613, 873, 974, 1397, 103, 0, 0, 20, 16, 24, 54, 195, 307, 467, 480, 636, 56, 0, 0
15:59:39, 1166.90, 28.24, 28.13, 28.727, 39, 34, 56, 139, 343, 491, 693, 771, 1076, 81, 0, 0, 24, 20, 29, 66, 217, 339, 513, 525, 689, 61, 0, 0
15:59:39, 1166.60, 28.24, 28.14, 28.719, 40, 35, 58, 142, 361, 514, 718, 804, 1075, 80, 0, 0, 24, 20, 29, 67, 214, 334, 505, 517, 685, 60, 0, 0
15:59:40, 1167.50, 28.24, 28.13, 28.727, 41, 37, 62, 153, 363, 515, 727, 802, 1182, 89, 0, 0, 26, 21, 31, 72, 209, 325, 487, 501, 689, 60, 0, 0
15:59:41, 1163.40, 28.25, 28.14, 28.727, 67, 65, 114, 280, 692, 964, 1367, 1557, 2481, 181, 0, 0, 20, 16, 24, 55, 198, 308, 463, 475, 656, 57, 0, 0
15:59:42, 1155.40, 28.25, 28.13, 28.711, 34, 30, 50, 127, 305, 433, 604, 658, 979, 75, 0, 0, 37, 30, 46, 108, 331, 504, 752, 765, 1006, 90, 0, 0
15:59:42, 1153.20, 28.25, 28.13, 28.719, 38, 33, 55, 135, 329, 465, 639, 713, 899, 68, 0, 0, 35, 28, 43, 101, 316, 478, 714, 724, 899, 80, 0, 0
15:59:43, 1153.50, 28.25, 28.13, 28.719, 41, 36, 63, 152, 365, 512, 700, 781, 986, 74, 0, 0, 34, 28, 42, 99, 297, 451, 672, 683, 879, 78, 0, 0
15:59:44, 1153.20, 28.26, 28.09, 28.719, 52, 46, 82, 201, 449, 626, 864, 963, 1307, 98, 0, 0, 30, 25, 37, 89, 280, 426, 632, 646, 872, 77, 0, 0
15:59:44, 1150.50, 28.27, 28.13, 28.719, 49, 44, 78, 191, 447, 620, 859, 945, 1420, 107, 0, 0, 33, 27, 42, 100, 295, 446, 655, 671, 949, 83, 0, 0
15:59:45, 1149.60, 28.27, 28.14, 28.719, 54, 50, 91, 223, 528, 724, 998, 1099, 1645, 123, 0, 0, 30, 25, 39, 92, 277, 419, 617, 631, 875, 77, 0, 0
15:59:46, 1144.10, 28.28, 28.14, 28.727, 52, 48, 85, 209, 478, 658, 902, 998, 1447, 109, 0, 0, 37, 31, 47, 114, 339, 508, 745, 758, 1032, 91, 0, 0
15:59:46, 1143.40, 28.28, 28.16, 28.727, 55, 49, 91, 219, 505, 691, 935, 1041, 1383, 104, 0, 0, 37, 31, 49, 118, 326, 483, 706, 719, 960, 85, 0, 0
15:59:47, 1138.00, 28.29, 28.16, 28.727, 68, 63, 119, 283, 595, 806, 1093, 1215, 1727, 129, 0, 0, 39, 32, 50, 121, 360, 533, 776, 791, 1124, 99, 0, 0
15:59:48, 1133.70, 28.29, 28.13, 28.727, 68, 65, 123, 296, 624, 838, 1143, 1256, 1934, 146, 0, 0, 42, 35, 57, 138, 402, 587, 847, 862, 1237, 109, 0, 0
15:59:48, 1132.10, 28.29, 28.16, 28.734, 75, 71, 138, 327, 692, 924, 1244, 1374, 2069, 155, 0, 0, 41, 35, 57, 139, 385, 563, 811, 826, 1174, 103, 0, 0
15:59:49, 1125.50, 28.30, 28.13, 28.734, 73, 70, 138, 323, 677, 899, 1192, 1328, 1875, 140, 0, 0, 49, 41, 68, 164, 474, 685, 987, 999, 1355, 120, 0, 0
15:59:50, 1121.80, 28.30, 28.09, 28.734, 76, 72, 143, 331, 701, 928, 1225, 1374, 1794, 134, 0, 0, 53, 44, 76, 184, 490, 698, 996, 1007, 1345, 119, 0, 0
15:59:50, 1114.60, 28.30, 28.11, 28.742, 82, 79, 162, 360, 701, 913, 1177, 1324, 1737, 131, 0, 0, 62, 53, 93, 224, 622, 874, 1239, 1251, 1772, 158, 0, 0
15:59:51, 1115.20, 28.31, 28.13, 28.742, 122, 127, 261, 587, 1594, 2052, 2769, 3160, 4767, 342, 0, 0, 44, 37, 64, 157, 553, 782, 1106, 1120, 1636, 144, 0, 0
15:59:52, 1106.80, 28.31, 28.11, 28.734, 78, 79, 161, 369, 697, 904, 1187, 1290, 2081, 159, 0, 0, 78, 68, 125, 301, 770, 1061, 1484, 1495, 2217, 198, 0, 0
15:59:52, 1101.40, 28.31, 28.14, 28.750, 83, 84, 176, 380, 771, 987, 1256, 1396, 1917, 147, 0, 0, 77, 66, 122, 295, 720, 994, 1392, 1398, 1978, 176, 0, 0
15:59:53, 1095.60, 28.31, 28.13, 28.750, 125, 135, 289, 611, 1100, 1393, 1783, 1994, 2751, 207, 0, 0, 76, 66, 127, 304, 726, 986, 1361, 1364, 1923, 170, 0, 0
15:59:54, 1088.90, 28.32, 28.11, 28.758, 147, 165, 358, 703, 1192, 1468, 1840, 2095, 2650, 204, 0, 0, 80, 72, 139, 330, 774, 1043, 1432, 1433, 2054, 181, 0, 0
15:59:54, 1082.60, 28.33, 28.16, 28.781, 185, 227, 483, 936, 1585, 1947, 2452, 2757, 4327, 342, 0, 0, 86, 79, 158, 370, 858, 1139, 1542, 1546, 2412, 212, 0, 0
15:59:55, 1073.50, 28.33, 28.14, 28.781, 194, 258, 538, 1034, 1650, 1982, 2524, 2778, 4911, 408, 0, 0, 95, 91, 189, 431, 958, 1246, 1668, 1672, 2707, 239, 0, 0
15:59:56, 1063.70, 28.33, 28.14, 28.820, 241, 333, 676, 1202, 1757, 2119, 2586, 2888, 4489, 384, 0, 0, 107, 106, 224, 502, 1082, 1385, 1841, 1836, 2812, 250, 0, 0
15:59:56, 1053.50, 28.34, 28.14, 28.844, 291, 417, 843, 1422, 2081, 2460, 2963, 3336, 4885, 427, 0, 0, 124, 129, 279, 602, 1280, 1598, 2106, 2091, 3184, 285, 0, 0
15:59:57, 1044.20, 28.35, 28.14, 28.844, 445, 679, 1282, 1959, 3023, 3538, 4102, 4758, 7256, 712, 0, 0, 140, 155, 339, 708, 1475, 1802, 2343, 2328, 3642, 330, 0, 0
15:59:58, 1032.70, 28.36, 28.18, 28.867, 683, 1053, 1822, 2613, 3315, 3865, 4443, 5053, 8318, 1016, 0, 0, 176, 218, 473, 928, 1746, 2081, 2665, 2657, 4646, 432, 0, 0
15:59:58, 1021.20, 28.37, 28.13, 28.898, 868, 1387, 2060, 2918, 3728, 4062, 4921, 5342, 13721, 2396, 0, 0, 224, 319, 646, 1148, 1830, 2119, 2663, 2668, 5279, 517, 0, 0
15:59:59, 1016.60, 28.38, 28.16, 28.898, 2088, 3439, 4691, 6178, 7489, 7650, 10557, 9886, 36000, 11397, 1, 1, 196, 283, 563, 985, 1625, 1870, 2336, 2334, 4332, 441, 0, 0
16:00:00, 1016.80, 28.38, 28.16, 28.914, 4033, 7149, 9797, 11129, 13270, 13922, 16282, 20439, 36000, 20757, 1, 1, 1545, 2457, 3580, 4714, 6790, 7123, 8783, 9469, 27834, 8155, 0, 0
16:00:00, 1018.80, 28.41, 28.16, 28.906, 4668, 7934, 11264, 12299, 11674, 12550, 15500, 17127, 35846, 19821, 0, 1, 211, 307, 613, 1063, 1717, 1975, 2469, 2470, 4639, 470, 0, 0
16:00:01, 1016.00, 28.44, 28.16, 28.906, 3395, 6203, 7702, 10531, 12147, 12619, 15889, 17603, 36000, 23071, 1, 1, 229, 335, 665, 1148, 1926, 2189, 2721, 2730, 5294, 553, 0, 0
16:00:02, 1016.50, 28.45, 28.16, 28.914, 3247, 6248, 7613, 10660, 12549, 13301, 16355, 20120, 36000, 22935, 1, 1, 2145, 3497, 5009, 6599, 7107, 7758, 9338, 9708, 27613, 7573, 0, 0
16:00:02, 1016.40, 28.44, 28.14, 28.883, 4744, 8496, 11406, 12880, 14377, 15403, 17958, 22782, 36000, 28189, 1, 1, 2433, 3710, 5497, 7021, 7783, 7895, 10056, 10223, 34453, 13638, 0, 1
16:00:03, 1016.00, 28.43, 28.18, 28.883, 3646, 7043, 9530, 11570, 14070, 13412, 18768, 20473, 36000, 36000, 1, 1, 4232, 6597, 9378, 11988, 12212, 13121, 16987, 17318, 36000, 33543, 1, 1
16:00:04, 1016.70, 28.43, 28.20, 28.727, 5285, 8734, 11256, 16103, 14583, 15448, 21314, 20065, 36000, 36000, 1, 1, 6030, 9254, 12773, 16908, 22118, 23644, 29087, 31304, 36000, 20141, 1, 1
16:00:04, 1016.30, 28.40, 28.18, 28.516, 5563, 11888, 14744, 15473, 8733, 11639, 13180, 14444, 36000, 18941, 1, 1, 8329, 13910, 19342, 25242, 36000, 36000, 36000, 36000, 36000, 32551, 1, 1
16:00:05, 1016.50, 28.35, 28.18, 28.516, 1470, 1954, 2891, 3355, 3985, 4292, 5651, 6182, 31235, 11921, 0, 0, 30934, 36000, 36000, 36000, 36000, 36000, 36000, 36000, 36000, 36000, 1, 1
16:00:06, 1016.30, 28.34, 28.18, 28.234, 1318, 1813, 2606, 3211, 4009, 4257, 5737, 6252, 29968, 11569, 0, 0, 22365, 35736, 36000, 36000, 36000, 36000, 36000, 36000, 36000, 36000, 1, 1
16:00:06, 1016.00, 28.32, 28.18, 28.094, 1718, 2499, 3484, 4130, 4493, 4939, 6506, 7141, 32323, 12134, 0, 0, 23580, 35935, 36000, 36000, 36000, 36000, 36000, 36000, 36000, 36000, 1, 1
16:00:07, 1016.10, 28.29, 28.16, 28.094, 1691, 2549, 3420, 4285, 4567, 4827, 6615, 6863, 31925, 11884, 0, 0, 25517, 36000, 36000, 36000, 36000, 36000, 36000, 36000, 36000, 36000, 1, 1
16:00:08, 1016.30, 28.30, 28.18, 27.977, 1815, 2585, 3695, 4325, 4840, 5494, 6780, 7699, 35943, 13702, 0, 1, 12516, 16527, 23585, 30853, 23330, 29097, 35588, 36000, 36000, 36000, 1, 1
16:00:08, 1016.90, 28.27, 28.22, 27.883, 1044, 1390, 2136, 2304, 3030, 3152, 4218, 4917, 26364, 10891, 0, 0, 7804, 10446, 14241, 17727, 19541, 20848, 28850, 36000, 36000, 36000, 1, 1
16:00:09, 1016.30, 28.25, 28.23, 27.883, 1910, 2212, 3226, 4119, 4219, 6103, 6179, 6790, 36000, 13168, 1, 1, 8831, 11396, 16420, 19343, 25264, 25836, 36000, 36000, 36000, 36000, 1, 1
16:00:10, 1016.60, 28.24, 28.27, 27.797, 479, 722, 906, 1262, 1446, 1510, 2461, 2470, 13518, 6528, 0, 0, 11158, 15581, 22611, 26687, 22290, 24013, 29051, 35902, 36000, 36000, 1, 1
