Secchi Depth (cm) = 9999
Forel Ule Scale = 99
pH Colour Scale = 99
SensingSecchi S/N = A017
Latitude (degs N) = 34.25932
Longitude (degs E) = -77.98643
Date = 2026-08-05
Time (UTC), Pressure (mbar) MS5803, Temp (deg C) MS5803, Temp (deg C) 10KTHERM, Temp (deg C) TMP117, ED 415nm, ED 445nm, ED 480nm, ED 515nm, ED 555nm, ED 590nm, ED 630nm, ED 680nm, ED Clear, ED NIR, ED D-SAT, ED A-SAT, EU 415nm, EU 445nm, EU 480nm, EU 515nm, EU 555nm, EU 590nm, EU 630nm, EU 680nm, EU Clear, EU NIR, EU D-SAT, EU A-SAT
16:40:25, 1016.50, 28.23, 30.10, 27.617, 1584, 2395, 3251, 3627, 3975, 4280, 4661, 5487, 25979, 8486, 0, 0, 2500, 2895, 4129, 4327, 4972, 5205, 5708, 7929, 36000, 36000, 1, 1
16:40:25, 1016.50, 28.23, 30.13, 27.617, 1583, 2393, 3248, 3624, 3968, 4273, 4649, 5467, 25800, 8408, 0, 0, 2499, 2896, 4129, 4324, 4973, 5205, 5713, 7940, 36000, 36000, 1, 1
16:40:26, 1016.50, 28.23, 30.15, 27.617, 1581, 2387, 3236, 3614, 3947, 4260, 4620, 5441, 25661, 8354, 0, 0, 2493, 2888, 4117, 4309, 4951, 5180, 5690, 7911, 36000, 36000, 1, 1
16:40:27, 1016.40, 28.23, 30.10, 27.617, 1553, 2343, 3177, 3537, 3884, 4184, 4542, 5368, 25617, 8376, 0, 0, 2486, 2882, 4105, 4299, 4939, 5169, 5674, 7891, 36000, 36000, 1, 1
16:40:27, 1016.30, 28.23, 30.10, 27.609, 1565, 2381, 3217, 3592, 3927, 4216, 4598, 5390, 25617, 8361, 0, 0, 2487, 2883, 4105, 4297, 4940, 5168, 5673, 7893, 36000, 36000, 1, 1
16:40:28, 1016.30, 28.23, 30.15, 27.609, 1559, 2370, 3203, 3577, 3911, 4198, 4574, 5364, 25446, 8297, 0, 0, 2487, 2885, 4106, 4299, 4938, 5168, 5674, 7897, 36000, 36000, 1, 1
16:40:29, 1016.60, 28.22, 30.11, 27.609, 1554, 2360, 3190, 3561, 3878, 4168, 4535, 5328, 25358, 8274, 0, 0, 2482, 2879, 4098, 4291, 4928, 5158, 5665, 7890, 36000, 36000, 1, 1
16:40:29, 1016.50, 28.22, 30.10, 27.617, 1459, 2217, 3016, 3352, 3680, 3973, 4349, 5216, 24959, 8268, 0, 0, 2474, 2868, 4081, 4273, 4916, 5145, 5654, 7875, 36000, 36000, 1, 1
16:40:30, 1016.50, 28.23, 30.11, 27.617, 1528, 2298, 3123, 3470, 3833, 4131, 4490, 5284, 25237, 8252, 0, 0, 2481, 2877, 4094, 4285, 4923, 5153, 5658, 7884, 36000, 36000, 1, 1
16:40:31, 1016.40, 28.23, 30.11, 27.617, 1556, 2354, 3185, 3555, 3880, 4170, 4541, 5320, 25211, 8228, 0, 0, 2480, 2874, 4092, 4281, 4919, 5151, 5652, 7880, 36000, 36000, 1, 1
16:40:31, 1016.50, 28.23, 30.10, 27.609, 1530, 2302, 3123, 3473, 3755, 4053, 4392, 5190, 25032, 8212, 0, 0, 2467, 2862, 4071, 4261, 4895, 5124, 5626, 7847, 36000, 36000, 1, 1
16:40:32, 1016.40, 28.23, 30.11, 27.594, 1499, 2254, 3061, 3403, 3731, 4023, 4358, 5128, 24895, 8155, 0, 0, 2468, 2864, 4074, 4261, 4897, 5127, 5629, 7851, 36000, 36000, 1, 1
16:40:33, 1016.60, 28.22, 30.15, 27.594, 1501, 2256, 3063, 3408, 3731, 4019, 4359, 5118, 24855, 8144, 0, 0, 2465, 2858, 4066, 4254, 4888, 5119, 5619, 7839, 36000, 36000, 1, 1
16:40:33, 1016.40, 28.22, 30.13, 27.578, 1485, 2229, 3029, 3371, 3665, 3960, 4290, 5038, 24686, 8114, 0, 0, 2460, 2853, 4058, 4245, 4876, 5105, 5606, 7823, 36000, 36000, 1, 1
16:40:34, 1016.50, 28.22, 30.15, 27.586, 1450, 2162, 2945, 3276, 3579, 3875, 4181, 4925, 24385, 8050, 0, 0, 2457, 2852, 4057, 4243, 4883, 5112, 5616, 7839, 36000, 36000, 1, 1
16:40:35, 1016.60, 28.22, 30.15, 27.586, 1468, 2193, 2983, 3317, 3633, 3929, 4254, 5003, 24499, 8070, 0, 0, 2466, 2861, 4067, 4254, 4886, 5117, 5621, 7850, 36000, 36000, 1, 1
16:40:35, 1016.40, 28.22, 30.15, 27.586, 1464, 2183, 2975, 3304, 3606, 3904, 4223, 4994, 24332, 8050, 0, 0, 2455, 2848, 4051, 4235, 4860, 5087, 5590, 7808, 36000, 36000, 1, 1
16:40:36, 1016.40, 28.22, 30.11, 27.586, 1445, 2151, 2933, 3261, 3564, 3862, 4174, 4941, 24128, 7990, 0, 0, 2453, 2845, 4045, 4229, 4865, 5096, 5600, 7827, 36000, 36000, 1, 1
16:40:37, 1016.50, 28.22, 30.11, 27.586, 1459, 2189, 2975, 3309, 3651, 3920, 4300, 5063, 24129, 7945, 0, 0, 2455, 2846, 4046, 4228, 4852, 5080, 5584, 7804, 36000, 36000, 1, 1
16:40:37, 1016.50, 28.21, 30.11, 27.578, 1490, 2246, 3034, 3383, 3699, 3963, 4330, 5010, 23993, 7870, 0, 0, 2445, 2837, 4034, 4216, 4841, 5067, 5562, 7774, 36000, 36000, 1, 1
16:40:38, 1016.30, 28.21, 30.13, 27.570, 1485, 2231, 3019, 3360, 3663, 3924, 4283, 4956, 23852, 7827, 0, 0, 2436, 2827, 4018, 4197, 4823, 5048, 5543, 7750, 36000, 36000, 1, 1
16:40:39, 1016.50, 28.21, 30.15, 27.570, 1472, 2210, 2992, 3330, 3637, 3889, 4250, 4897, 23628, 7747, 0, 0, 2436, 2829, 4019, 4198, 4819, 5043, 5541, 7750, 36000, 36000, 1, 1
16:40:39, 1016.40, 28.21, 30.11, 27.570, 1468, 2199, 2975, 3313, 3615, 3864, 4222, 4858, 23472, 7697, 0, 0, 2431, 2822, 4010, 4187, 4807, 5032, 5529, 7734, 36000, 36000, 1, 1
16:40:40, 1016.50, 28.20, 30.11, 27.562, 1458, 2183, 2954, 3287, 3589, 3836, 4198, 4824, 23346, 7654, 0, 0, 2426, 2815, 4001, 4176, 4798, 5024, 5516, 7718, 36000, 36000, 1, 1
16:40:41, 1016.60, 28.21, 30.15, 27.562, 1453, 2176, 2943, 3275, 3574, 3813, 4181, 4792, 23202, 7601, 0, 0, 2426, 2815, 4001, 4177, 4799, 5022, 5516, 7720, 36000, 36000, 1, 1
16:40:41, 1016.40, 28.21, 30.13, 27.547, 1447, 2167, 2928, 3259, 3560, 3789, 4165, 4755, 23046, 7547, 0, 0, 2426, 2815, 4001, 4177, 4794, 5016, 5512, 7714, 36000, 36000, 1, 1
16:40:42, 1016.60, 28.20, 30.13, 27.570, 1437, 2153, 2907, 3236, 3531, 3755, 4134, 4715, 22900, 7495, 0, 0, 2424, 2813, 4000, 4174, 4796, 5014, 5510, 7717, 36000, 36000, 1, 1
16:40:43, 1016.30, 28.21, 30.15, 27.570, 1426, 2137, 2885, 3210, 3504, 3723, 4104, 4673, 22719, 7431, 0, 0, 2426, 2816, 4003, 4176, 4801, 5019, 5515, 7723, 36000, 36000, 1, 1
16:40:43, 1016.40, 28.20, 30.08, 27.578, 1419, 2129, 2870, 3194, 3491, 3695, 4089, 4636, 22590, 7394, 0, 0, 2428, 2820, 4008, 4179, 4809, 5027, 5526, 7737, 36000, 36000, 1, 1
16:40:44, 1016.30, 28.20, 30.11, 27.594, 1407, 2112, 2846, 3168, 3461, 3654, 4053, 4586, 22392, 7332, 0, 0, 2427, 2818, 4007, 4177, 4806, 5024, 5523, 7739, 36000, 36000, 1, 1
16:40:45, 1016.30, 28.21, 30.13, 27.594, 1381, 2074, 2791, 3109, 3378, 3574, 3969, 4528, 22156, 7313, 0, 0, 2432, 2822, 4013, 4183, 4815, 5033, 5536, 7757, 36000, 36000, 1, 1
16:40:45, 1016.60, 28.20, 30.15, 27.586, 1321, 1978, 2671, 2981, 3270, 3456, 3890, 4456, 21755, 7255, 0, 0, 2437, 2825, 4018, 4188, 4815, 5034, 5538, 7764, 36000, 36000, 1, 1
16:40:46, 1016.60, 28.21, 30.15, 27.602, 1301, 1926, 2612, 2909, 3141, 3351, 3721, 4235, 21302, 7158, 0, 0, 2427, 2818, 4004, 4175, 4800, 5017, 5522, 7744, 36000, 36000, 1, 1
16:40:47, 1016.40, 28.21, 30.11, 27.602, 1263, 1871, 2533, 2838, 3068, 3268, 3661, 4110, 20769, 6982, 0, 0, 2426, 2816, 4003, 4175, 4803, 5022, 5525, 7754, 36000, 36000, 1, 1
16:40:47, 1016.50, 28.21, 30.13, 27.602, 1260, 1867, 2528, 2830, 3066, 3261, 3667, 4105, 20666, 6965, 0, 0, 2433, 2823, 4013, 4187, 4814, 5034, 5541, 7774, 36000, 36000, 1, 1
16:40:48, 1016.40, 28.20, 30.13, 27.609, 1226, 1828, 2470, 2767, 3007, 3185, 3581, 3980, 20342, 6880, 0, 0, 2425, 2824, 4008, 4185, 4814, 5032, 5546, 7775, 36000, 36000, 1, 1
16:40:49, 1016.20, 28.20, 30.17, 27.609, 1235, 1845, 2490, 2787, 3016, 3178, 3586, 3975, 20284, 6848, 0, 0, 2429, 2833, 4013, 4195, 4827, 5038, 5561, 7798, 36000, 36000, 1, 1
16:40:49, 1016.30, 28.20, 30.17, 27.578, 1231, 1846, 2488, 2782, 3020, 3172, 3591, 3980, 20251, 6835, 0, 0, 2438, 2848, 4029, 4214, 4847, 5057, 5588, 7836, 36000, 36000, 1, 1
16:40:50, 1016.60, 28.21, 30.15, 27.586, 1224, 1840, 2476, 2774, 3009, 3144, 3572, 3956, 20131, 6811, 0, 0, 2453, 2865, 4053, 4241, 4876, 5088, 5624, 7887, 36000, 36000, 1, 1
16:40:51, 1016.60, 28.20, 30.19, 27.586, 1229, 1842, 2481, 2792, 3016, 3170, 3614, 3988, 19952, 6795, 0, 0, 2460, 2871, 4061, 4250, 4885, 5104, 5639, 7915, 36000, 36000, 1, 1
16:40:51, 1016.30, 28.21, 30.15, 27.562, 1227, 1838, 2476, 2798, 3000, 3159, 3629, 4005, 19706, 6750, 0, 0, 2473, 2884, 4078, 4269, 4907, 5133, 5668, 7960, 36000, 36000, 1, 1
16:40:52, 1016.20, 28.21, 30.13, 27.547, 1214, 1821, 2453, 2775, 2993, 3148, 3626, 3989, 19577, 6710, 0, 0, 2491, 2904, 4106, 4302, 4939, 5168, 5710, 8020, 36000, 36000, 1, 1
16:40:53, 1016.60, 28.21, 30.13, 27.547, 1215, 1835, 2465, 2805, 3022, 3170, 3667, 4009, 19525, 6718, 0, 0, 2505, 2921, 4126, 4330, 4965, 5199, 5747, 8071, 36000, 36000, 1, 1
16:40:53, 1016.40, 28.21, 30.15, 27.539, 1224, 1855, 2487, 2843, 3061, 3204, 3722, 4047, 19428, 6709, 0, 0, 2521, 2939, 4148, 4353, 4998, 5227, 5780, 8125, 36000, 36000, 1, 1
16:40:54, 1016.40, 28.21, 30.17, 27.539, 1228, 1872, 2496, 2869, 3095, 3226, 3764, 4069, 19343, 6707, 0, 0, 2549, 2968, 4189, 4387, 5062, 5281, 5845, 8213, 36000, 36000, 1, 1
16:40:55, 1016.50, 28.21, 30.21, 27.523, 1245, 1903, 2525, 2923, 3150, 3283, 3839, 4127, 19354, 6749, 0, 0, 2577, 2995, 4230, 4436, 5114, 5351, 5915, 8306, 36000, 36000, 1, 1
16:40:55, 1016.40, 28.21, 30.15, 27.516, 1238, 1889, 2508, 2893, 3107, 3229, 3769, 4084, 19336, 6777, 0, 0, 2603, 3020, 4265, 4480, 5155, 5412, 5974, 8385, 36000, 36000, 1, 1
16:40:56, 1016.50, 28.21, 30.15, 27.516, 1329, 2059, 2721, 3117, 3402, 3514, 4119, 4357, 19741, 6760, 0, 0, 2674, 3093, 4375, 4604, 5300, 5582, 6140, 8609, 36000, 36000, 1, 1
16:40:57, 1016.50, 28.21, 30.19, 27.523, 1375, 2149, 2855, 3268, 3508, 3623, 4265, 4520, 19740, 6785, 0, 0, 2736, 3155, 4463, 4712, 5404, 5722, 6277, 8794, 36000, 36000, 1, 1
16:40:57, 1016.40, 28.21, 30.19, 27.477, 1397, 2186, 2929, 3324, 3564, 3678, 4322, 4614, 19965, 6954, 0, 0, 2814, 3230, 4568, 4848, 5527, 5914, 6438, 9024, 36000, 36000, 1, 1
16:40:58, 1016.40, 28.21, 30.21, 27.477, 1414, 2223, 2978, 3356, 3648, 3725, 4364, 4698, 20333, 7142, 0, 0, 2924, 3316, 4700, 5019, 5677, 6189, 6632, 9344, 36000, 36000, 1, 1
16:40:59, 1016.40, 28.21, 30.17, 27.383, 1447, 2288, 3056, 3442, 3775, 3841, 4495, 4860, 20694, 7267, 0, 0, 3120, 3438, 4899, 5279, 5889, 6644, 6910, 9791, 36000, 36000, 1, 1
16:40:59, 1016.70, 28.21, 30.19, 27.266, 1528, 2411, 3221, 3651, 4453, 4393, 5456, 5606, 27771, 11084, 0, 0, 3495, 3698, 5235, 5854, 6426, 7705, 7710, 10962, 36000, 36000, 1, 1
16:41:00, 1017.00, 28.20, 30.17, 27.266, 2094, 3138, 4370, 4922, 5849, 5392, 7430, 7004, 36000, 21094, 1, 1, 5177, 5678, 7573, 8376, 9616, 11664, 11759, 20394, 36000, 36000, 1, 1
16:41:01, 1016.50, 28.19, 30.17, 27.141, 2108, 3173, 4418, 4986, 5869, 5428, 7452, 7050, 36000, 20950, 1, 1, 8329, 10573, 13742, 15380, 17928, 20388, 21594, 35463, 36000, 36000, 1, 1
16:41:01, 1016.50, 28.19, 30.24, 27.055, 2098, 3164, 4367, 4974, 5749, 5428, 7311, 7043, 36000, 18833, 1, 1, 10355, 13231, 17037, 19639, 21148, 24424, 25887, 36000, 36000, 36000, 1, 1
16:41:02, 1016.30, 28.19, 30.22, 27.055, 2108, 3202, 4425, 5024, 5895, 5465, 7519, 7140, 36000, 20597, 1, 1, 10893, 13800, 18002, 20564, 22264, 25431, 27118, 36000, 36000, 36000, 1, 1
16:41:03, 1016.50, 28.19, 30.26, 26.953, 2115, 3232, 4498, 5070, 5998, 5493, 7657, 7205, 36000, 22034, 1, 1, 11263, 14168, 18689, 21065, 23158, 26170, 28118, 36000, 36000, 36000, 1, 1
16:41:03, 1016.30, 28.19, 30.24, 26.875, 2106, 3236, 4477, 5060, 5967, 5490, 7475, 7202, 36000, 20704, 1, 1, 11494, 14438, 19156, 21477, 23796, 26654, 28858, 36000, 36000, 36000, 1, 1
16:41:04, 1016.40, 28.20, 30.26, 26.875, 2110, 3258, 4499, 5079, 6022, 5515, 7535, 7287, 36000, 21053, 1, 1, 11731, 14691, 19617, 21879, 24469, 27232, 29727, 36000, 36000, 36000, 1, 1
16:41:05, 1016.20, 28.20, 30.24, 26.828, 2117, 3286, 4559, 5133, 6163, 5540, 7733, 7380, 36000, 22835, 1, 1, 11949, 14913, 20045, 22234, 25022, 27665, 30376, 36000, 36000, 36000, 1, 1
16:41:05, 1016.20, 28.20, 30.26, 26.789, 2108, 3305, 4563, 5143, 6166, 5558, 7755, 7413, 36000, 22401, 1, 1, 12115, 15074, 20377, 22490, 25450, 27983, 30874, 36000, 36000, 36000, 1, 1
16:41:06, 1016.20, 28.21, 30.26, 26.789, 2103, 3306, 4545, 5143, 6169, 5550, 7771, 7438, 36000, 22148, 1, 1, 12238, 15186, 20626, 22662, 25812, 28212, 31292, 36000, 36000, 36000, 1, 1
16:41:07, 1016.20, 28.21, 30.28, 26.719, 2108, 3338, 4586, 5198, 6321, 5589, 7986, 7519, 36000, 23184, 1, 1, 12327, 15297, 20842, 22866, 26155, 28373, 31714, 36000, 36000, 36000, 1, 1
16:41:08, 1016.20, 28.21, 30.28, 26.633, 2115, 3362, 4625, 5245, 6411, 5601, 8148, 7580, 36000, 23480, 1, 1, 12356, 15349, 20940, 22969, 26334, 28438, 31974, 36000, 36000, 36000, 1, 1
16:41:08, 1016.30, 28.22, 30.28, 26.633, 2114, 3372, 4619, 5264, 6405, 5621, 8222, 7612, 36000, 23157, 1, 1, 12364, 15229, 20891, 22935, 26238, 28235, 31954, 36000, 36000, 36000, 1, 1
16:41:09, 1016.20, 28.22, 30.30, 26.578, 2117, 3397, 4641, 5319, 6498, 5654, 8421, 7654, 36000, 23780, 1, 1, 12354, 15072, 20865, 22726, 26139, 28112, 31799, 36000, 36000, 36000, 1, 1
16:41:10, 1016.10, 28.22, 30.30, 26.523, 2124, 3431, 4676, 5384, 6633, 5686, 8716, 7714, 36000, 25065, 1, 1, 12367, 15038, 20876, 22704, 26100, 28187, 31838, 36000, 36000, 36000, 1, 1
16:41:10, 1016.10, 28.23, 30.32, 26.523, 2128, 3451, 4690, 5410, 6623, 5705, 8809, 7733, 36000, 24810, 1, 1, 12309, 14954, 20640, 22516, 25769, 28023, 31478, 36000, 36000, 36000, 1, 1
16:41:11, 1016.10, 28.22, 30.34, 26.508, 2134, 3466, 4697, 5426, 6617, 5744, 8929, 7755, 36000, 24513, 1, 1, 12185, 14854, 20351, 22441, 25630, 27707, 31298, 36000, 36000, 36000, 1, 1
16:41:12, 1016.20, 28.22, 30.35, 26.500, 2142, 3500, 4745, 5496, 6733, 5791, 9267, 7809, 36000, 26206, 1, 1, 12115, 14787, 20279, 22410, 25641, 27524, 31384, 36000, 36000, 36000, 1, 1
16:41:12, 1015.90, 28.23, 30.35, 26.500, 2150, 3519, 4767, 5542, 6808, 5822, 9467, 7832, 36000, 26449, 1, 1, 12090, 14723, 20238, 22312, 25563, 27386, 31296, 36000, 36000, 36000, 1, 1
16:41:13, 1016.10, 28.23, 30.34, 26.445, 2135, 3496, 4732, 5536, 6762, 5757, 9511, 7754, 36000, 25988, 1, 1, 12054, 14676, 20192, 22236, 25506, 27277, 31235, 36000, 36000, 36000, 1, 1
16:41:14, 1016.00, 28.23, 30.34, 26.398, 2141, 3530, 4774, 5640, 6959, 5825, 10017, 7858, 36000, 27849, 1, 1, 12031, 14610, 20142, 22128, 25452, 27190, 31159, 36000, 36000, 36000, 1, 1
16:41:14, 1016.10, 28.24, 30.35, 26.398, 2142, 3549, 4791, 5696, 6979, 5832, 10119, 7868, 36000, 27911, 1, 1, 12000, 14553, 20079, 22020, 25365, 27079, 31049, 36000, 36000, 36000, 1, 1
16:41:15, 1016.00, 28.24, 30.37, 26.375, 2140, 3540, 4772, 5697, 6902, 5815, 10021, 7835, 36000, 26625, 1, 1, 11974, 14502, 20022, 21918, 25238, 26953, 30913, 36000, 36000, 36000, 1, 1
16:41:16, 1016.00, 28.24, 30.34, 26.359, 2062, 3386, 4607, 5489, 6780, 5598, 9983, 7558, 36000, 28613, 1, 1, 11904, 14371, 19902, 21716, 25096, 26770, 30721, 36000, 36000, 36000, 1, 1
16:41:16, 1016.20, 28.25, 30.41, 26.359, 2096, 3479, 4734, 5690, 7115, 5763, 10515, 7730, 36000, 31772, 1, 1, 11881, 14295, 19862, 21608, 25106, 26754, 30716, 36000, 36000, 36000, 1, 1
16:41:17, 1016.00, 28.25, 30.37, 26.344, 2117, 3505, 4763, 5733, 7012, 5812, 10342, 7776, 36000, 28884, 1, 1, 11868, 14322, 19840, 21600, 25006, 26662, 30626, 36000, 36000, 36000, 1, 1
16:41:18, 1016.10, 28.26, 30.41, 26.289, 2126, 3517, 4776, 5763, 7048, 5857, 10361, 7823, 36000, 28560, 1, 1, 11864, 14286, 19839, 21574, 24969, 26590, 30520, 36000, 36000, 36000, 1, 1
16:41:18, 1016.00, 28.26, 30.41, 26.289, 2129, 3553, 4811, 5893, 7323, 5891, 11068, 7852, 36000, 31498, 1, 1, 11836, 14184, 19781, 21409, 24956, 26552, 30436, 36000, 36000, 36000, 1, 1
16:41:19, 1016.20, 28.27, 30.43, 26.281, 2127, 3558, 4820, 5932, 7355, 5898, 11200, 7849, 36000, 31369, 1, 1, 11824, 14165, 19766, 21367, 24865, 26476, 30354, 36000, 36000, 36000, 1, 1
16:41:20, 1016.00, 28.27, 30.41, 26.266, 2132, 3557, 4807, 5929, 7356, 5925, 11286, 7856, 36000, 30677, 1, 1, 11815, 14141, 19747, 21341, 24855, 26449, 30347, 36000, 36000, 36000, 1, 1
16:41:20, 1016.10, 28.28, 30.41, 26.266, 2138, 3582, 4829, 6000, 7478, 5958, 11749, 7896, 36000, 31785, 1, 1, 11803, 14088, 19712, 21280, 24801, 26375, 30225, 36000, 36000, 36000, 1, 1
16:41:21, 1015.80, 28.28, 30.45, 26.250, 2140, 3600, 4856, 6072, 7591, 5997, 12093, 7931, 36000, 33074, 1, 1, 11801, 14065, 19702, 21223, 24809, 26391, 30163, 36000, 36000, 36000, 1, 1
16:41:22, 1016.00, 28.29, 30.43, 26.234, 2151, 3600, 4863, 6099, 7599, 6000, 12181, 7970, 36000, 32727, 1, 1, 11789, 14055, 19698, 21173, 24729, 26334, 30034, 36000, 36000, 36000, 1, 1
16:41:22, 1015.90, 28.29, 30.46, 26.234, 2149, 3600, 4853, 6120, 7593, 6000, 12241, 7933, 36000, 32878, 1, 1, 11765, 14012, 19638, 21115, 24643, 26257, 29938, 36000, 36000, 36000, 1, 1
16:41:23, 1015.90, 28.29, 30.46, 26.211, 2118, 3553, 4785, 6105, 7691, 5935, 12493, 7834, 36000, 35025, 1, 1, 11714, 13913, 19546, 20978, 24497, 26122, 29688, 36000, 36000, 36000, 1, 1
16:41:24, 1015.80, 28.30, 30.45, 26.211, 2139, 3642, 4909, 6377, 8076, 6046, 13310, 7969, 36000, 36000, 1, 1, 11695, 13861, 19505, 20891, 24427, 26095, 29611, 36000, 36000, 36000, 1, 1
16:41:24, 1016.10, 28.30, 30.48, 26.211, 2142, 3620, 4884, 6319, 7806, 6001, 12770, 7919, 36000, 35359, 1, 1, 11686, 13871, 19501, 20893, 24484, 26143, 29653, 36000, 36000, 36000, 1, 1
16:41:25, 1016.00, 28.31, 30.46, 26.180, 2158, 3669, 4928, 6396, 7967, 6133, 12988, 8075, 36000, 35612, 1, 1, 11691, 13860, 19498, 20876, 24456, 26151, 29606, 36000, 36000, 36000, 1, 1
16:41:26, 1016.10, 28.31, 30.45, 26.164, 2177, 3717, 4977, 6480, 8016, 6181, 13060, 8148, 36000, 35531, 1, 1, 11685, 13850, 19493, 20855, 24356, 26053, 29525, 36000, 36000, 36000, 1, 1
16:41:26, 1016.00, 28.32, 30.43, 26.164, 2188, 3742, 5005, 6526, 8067, 6228, 13136, 8209, 36000, 35579, 1, 1, 11669, 13821, 19464, 20819, 24314, 26011, 29457, 36000, 36000, 36000, 1, 1
16:41:27, 1016.20, 28.32, 30.45, 26.180, 2187, 3744, 5012, 6566, 8122, 6220, 13306, 8197, 36000, 36000, 1, 1, 11652, 13785, 19419, 20778, 24278, 25976, 29380, 36000, 36000, 36000, 1, 1
16:41:28, 1016.10, 28.33, 30.48, 26.172, 2197, 3762, 5036, 6620, 8155, 6263, 13405, 8242, 36000, 36000, 1, 1, 11643, 13747, 19427, 20727, 24391, 25949, 29379, 36000, 36000, 36000, 1, 1
16:41:28, 1016.00, 28.34, 30.45, 26.172, 2197, 3764, 5032, 6611, 8135, 6253, 13403, 8231, 36000, 36000, 1, 1, 11634, 13728, 19413, 20695, 24305, 25863, 29283, 36000, 36000, 36000, 1, 1
16:41:29, 1016.00, 28.35, 30.50, 26.219, 2201, 3758, 5039, 6644, 8143, 6241, 13505, 8189, 36000, 36000, 1, 1, 11600, 13681, 19347, 20638, 24193, 25761, 29147, 36000, 36000, 36000, 1, 1
16:41:30, 1015.80, 28.35, 30.50, 26.266, 2185, 3726, 5011, 6735, 8437, 6211, 14261, 8136, 36000, 36000, 1, 1, 11538, 13584, 19214, 20497, 24026, 25622, 28934, 36000, 36000, 36000, 1, 1
16:41:30, 1016.10, 28.36, 30.52, 26.266, 2191, 3752, 5052, 6853, 8525, 6266, 14455, 8215, 36000, 36000, 1, 1, 11527, 13576, 19194, 20481, 24085, 25681, 28995, 36000, 36000, 36000, 1, 1
16:41:31, 1016.00, 28.36, 30.50, 26.266, 2192, 3759, 5040, 6791, 8359, 6260, 14079, 8211, 36000, 36000, 1, 1, 11537, 13599, 19220, 20519, 24090, 25667, 28992, 36000, 36000, 36000, 1, 1
16:41:32, 1016.10, 28.37, 30.54, 26.289, 2189, 3777, 5036, 6748, 8228, 6297, 13893, 8283, 36000, 36000, 1, 1, 11536, 13601, 19228, 20526, 24144, 25713, 29037, 36000, 36000, 36000, 1, 1
16:41:32, 1015.90, 28.38, 30.52, 26.289, 2199, 3787, 5045, 6736, 8180, 6305, 13902, 8301, 36000, 35879, 1, 1, 11516, 13598, 19204, 20531, 24075, 25650, 28999, 36000, 36000, 36000, 1, 1
16:41:33, 1015.90, 28.38, 30.50, 26.297, 2190, 3773, 5022, 6690, 8132, 6306, 13774, 8297, 36000, 35568, 1, 1, 11513, 13611, 19211, 20557, 24086, 25645, 29006, 36000, 36000, 36000, 1, 1
16:41:34, 1016.00, 28.39, 30.54, 26.320, 2201, 3772, 5035, 6698, 8174, 6306, 13898, 8282, 36000, 35844, 1, 1, 11486, 13574, 19166, 20509, 24016, 25590, 28912, 36000, 36000, 36000, 1, 1
16:41:34, 1015.80, 28.39, 30.52, 26.320, 2200, 3806, 5072, 6851, 8435, 6349, 14295, 8330, 36000, 36000, 1, 1, 11463, 13536, 19127, 20457, 23956, 25539, 28809, 36000, 36000, 36000, 1, 1
16:41:35, 1016.00, 28.40, 30.54, 26.344, 2195, 3769, 5047, 6792, 8230, 6264, 14001, 8210, 36000, 36000, 1, 1, 11433, 13522, 19085, 20425, 23919, 25483, 28764, 36000, 36000, 36000, 1, 1
16:41:36, 1016.00, 28.41, 30.52, 26.398, 2178, 3742, 5008, 6806, 8457, 6284, 14405, 8247, 36000, 36000, 1, 1, 11395, 13459, 19001, 20336, 23794, 25368, 28620, 36000, 36000, 36000, 1, 1
16:41:36, 1016.10, 28.42, 30.52, 26.398, 2205, 3809, 5116, 7030, 8726, 6351, 15024, 8330, 36000, 36000, 1, 1, 11369, 13415, 18950, 20271, 23736, 25316, 28552, 36000, 36000, 36000, 1, 1
16:41:37, 1016.10, 28.42, 30.54, 26.461, 2190, 3777, 5060, 6924, 8513, 6323, 14492, 8301, 36000, 36000, 1, 1, 11375, 13444, 18981, 20304, 23786, 25354, 28614, 36000, 36000, 36000, 1, 1
16:41:38, 1016.10, 28.43, 30.58, 26.516, 2191, 3761, 5044, 6850, 8458, 6296, 14373, 8251, 36000, 36000, 1, 1, 11369, 13434, 18957, 20290, 23778, 25369, 28609, 36000, 36000, 36000, 1, 1
16:41:38, 1016.10, 28.44, 30.50, 26.516, 2190, 3792, 5076, 6947, 8574, 6348, 14599, 8315, 36000, 36000, 1, 1, 11368, 13427, 18951, 20285, 23745, 25335, 28589, 36000, 36000, 36000, 1, 1
16:41:39, 1016.30, 28.45, 30.56, 26.602, 2196, 3787, 5057, 6809, 8256, 6327, 14057, 8296, 36000, 35920, 1, 1, 11380, 13471, 19002, 20348, 23809, 25387, 28656, 36000, 36000, 36000, 1, 1
16:41:40, 1015.90, 28.46, 30.54, 26.711, 2212, 3797, 5073, 6795, 8301, 6366, 14175, 8340, 36000, 35979, 1, 1, 11367, 13438, 18962, 20305, 23794, 25374, 28628, 36000, 36000, 36000, 1, 1
16:41:40, 1015.90, 28.46, 30.56, 26.711, 2217, 3835, 5141, 6983, 8631, 6411, 14673, 8412, 36000, 36000, 1, 1, 11328, 13372, 18884, 20220, 23639, 25229, 28467, 36000, 36000, 36000, 1, 1
16:41:41, 1016.20, 28.47, 30.58, 26.805, 2235, 3857, 5146, 7051, 8657, 6465, 14702, 8466, 36000, 36000, 1, 1, 11330, 13373, 18882, 20209, 23657, 25239, 28484, 36000, 36000, 36000, 1, 1
16:41:42, 1016.00, 28.48, 30.58, 26.906, 2227, 3818, 5125, 6956, 8479, 6395, 14533, 8384, 36000, 36000, 1, 1, 11313, 13355, 18856, 20179, 23598, 25189, 28424, 36000, 36000, 36000, 1, 1
16:41:42, 1015.90, 28.49, 30.59, 26.906, 2239, 3855, 5142, 7148, 8870, 6480, 15243, 8480, 36000, 36000, 1, 1, 11278, 13286, 18770, 20080, 23490, 25089, 28303, 36000, 36000, 36000, 1, 1
16:41:43, 1015.90, 28.49, 30.59, 26.969, 2233, 3886, 5153, 7207, 8896, 6493, 15302, 8489, 36000, 36000, 1, 1, 11302, 13313, 18810, 20125, 23583, 25179, 28405, 36000, 36000, 36000, 1, 1
16:41:44, 1016.00, 28.50, 30.59, 27.008, 2227, 3847, 5128, 7003, 8337, 6436, 14662, 8438, 36000, 36000, 1, 1, 11336, 13382, 18898, 20220, 23678, 25261, 28517, 36000, 36000, 36000, 1, 1
16:41:44, 1016.00, 28.51, 30.59, 27.008, 2241, 3853, 5140, 7012, 8483, 6483, 14864, 8467, 36000, 36000, 1, 1, 11321, 13339, 18845, 20160, 23583, 25180, 28407, 36000, 36000, 36000, 1, 1
16:41:45, 1016.10, 28.52, 30.61, 27.055, 2250, 3934, 5204, 7321, 9043, 6605, 15636, 8598, 36000, 36000, 1, 1, 11296, 13284, 18784, 20087, 23521, 25133, 28363, 36000, 36000, 36000, 1, 1
16:41:46, 1016.00, 28.52, 30.59, 26.984, 2255, 3933, 5205, 7281, 8837, 6592, 15428, 8575, 36000, 36000, 1, 1, 11327, 13340, 18849, 20162, 23621, 25218, 28477, 36000, 36000, 36000, 1, 1
16:41:46, 1015.70, 28.52, 30.61, 26.984, 2251, 3906, 5174, 7166, 8547, 6560, 15085, 8553, 36000, 36000, 1, 1, 11351, 13383, 18901, 20235, 23663, 25253, 28527, 36000, 36000, 36000, 1, 1
16:41:47, 1016.10, 28.52, 30.59, 26.883, 2262, 3928, 5202, 7227, 8837, 6625, 15503, 8601, 36000, 36000, 1, 1, 11345, 13358, 18877, 20199, 23631, 25236, 28502, 36000, 36000, 36000, 1, 1
16:41:48, 1015.80, 28.53, 30.59, 26.812, 2261, 3968, 5228, 7378, 9002, 6666, 15829, 8638, 36000, 36000, 1, 1, 11342, 13341, 18865, 20179, 23617, 25221, 28491, 36000, 36000, 36000, 1, 1
16:41:48, 1015.90, 28.53, 30.61, 26.812, 2276, 3963, 5236, 7332, 8858, 6678, 15659, 8659, 36000, 36000, 1, 1, 11367, 13380, 18908, 20230, 23658, 25257, 28539, 36000, 36000, 36000, 1, 1
16:41:49, 1015.90, 28.53, 30.63, 26.734, 2292, 3968, 5249, 7352, 8991, 6704, 15821, 8676, 36000, 36000, 1, 1, 11346, 13348, 18866, 20184, 23591, 25197, 28472, 36000, 36000, 36000, 1, 1
16:41:50, 1016.10, 28.54, 30.65, 26.727, 2298, 4000, 5289, 7519, 9238, 6767, 16081, 8731, 36000, 36000, 1, 1, 11323, 13304, 18811, 20120, 23547, 25149, 28430, 36000, 36000, 36000, 1, 1
16:41:50, 1015.80, 28.55, 30.65, 26.727, 2304, 4000, 5283, 7487, 9082, 6757, 16011, 8729, 36000, 36000, 1, 1, 11338, 13331, 18843, 20159, 23582, 25167, 28455, 36000, 36000, 36000, 1, 1
16:41:51, 1016.10, 28.56, 30.65, 26.711, 2294, 3994, 5264, 7428, 9023, 6742, 15967, 8690, 36000, 36000, 1, 1, 11326, 13317, 18824, 20131, 23545, 25142, 28424, 36000, 36000, 36000, 1, 1
16:41:52, 1016.00, 28.56, 30.59, 26.734, 2306, 4003, 5305, 7574, 9311, 6838, 16213, 8777, 36000, 36000, 1, 1, 11302, 13275, 18771, 20070, 23481, 25074, 28343, 36000, 36000, 36000, 1, 1
16:41:52, 1016.20, 28.57, 30.63, 26.734, 2317, 4008, 5315, 7547, 9159, 6819, 16127, 8766, 36000, 36000, 1, 1, 11306, 13293, 18795, 20097, 23523, 25096, 28396, 36000, 36000, 36000, 1, 1
16:41:53, 1015.90, 28.57, 30.67, 26.766, 2308, 4000, 5289, 7472, 9094, 6808, 16027, 8748, 36000, 36000, 1, 1, 11299, 13284, 18783, 20083, 23481, 25051, 28345, 36000, 36000, 36000, 1, 1
16:41:54, 1016.00, 28.58, 30.61, 26.828, 2323, 4024, 5330, 7623, 9338, 6866, 16211, 8792, 36000, 36000, 1, 1, 11276, 13242, 18728, 20020, 23459, 25035, 28322, 36000, 36000, 36000, 1, 1
16:41:54, 1016.10, 28.59, 30.63, 26.828, 2320, 4021, 5322, 7603, 9242, 6844, 16146, 8765, 36000, 36000, 1, 1, 11293, 13274, 18767, 20065, 23547, 25111, 28413, 36000, 36000, 36000, 1, 1
16:41:55, 1016.00, 28.59, 30.69, 26.836, 2321, 4000, 5307, 7493, 9079, 6849, 16014, 8778, 36000, 36000, 1, 1, 11301, 13297, 18794, 20099, 23526, 25084, 28410, 36000, 36000, 36000, 1, 1
16:41:56, 1016.20, 28.59, 30.69, 26.781, 2328, 4010, 5324, 7552, 9228, 6890, 16119, 8810, 36000, 36000, 1, 1, 11300, 13288, 18781, 20084, 23485, 25054, 28369, 36000, 36000, 36000, 1, 1
16:41:56, 1015.80, 28.60, 30.67, 26.781, 2323, 4002, 5313, 7553, 9156, 6860, 16105, 8767, 36000, 36000, 1, 1, 11309, 13305, 18800, 20113, 23537, 25101, 28429, 36000, 36000, 36000, 1, 1
16:41:57, 1016.00, 28.60, 30.63, 26.695, 2326, 3992, 5292, 7379, 8716, 6833, 15503, 8769, 36000, 36000, 1, 1, 11346, 13377, 18892, 20223, 23633, 25175, 28551, 36000, 36000, 36000, 1, 1
16:41:58, 1016.00, 28.60, 30.67, 26.641, 2326, 3997, 5293, 7366, 8857, 6856, 15724, 8774, 36000, 36000, 1, 1, 11328, 13344, 18849, 20167, 23604, 25151, 28508, 36000, 36000, 36000, 1, 1
16:41:58, 1016.10, 28.61, 30.65, 26.641, 2345, 4063, 5375, 7696, 9441, 6974, 16308, 8871, 36000, 36000, 1, 1, 11272, 13244, 18725, 20019, 23409, 24954, 28306, 36000, 36000, 36000, 1, 1
16:41:59, 1016.10, 28.61, 30.69, 26.633, 2355, 4086, 5411, 7802, 9500, 7017, 16320, 8926, 36000, 36000, 1, 1, 11278, 13256, 18745, 20037, 23471, 25002, 28383, 36000, 36000, 36000, 1, 1
16:42:00, 1016.00, 28.61, 30.69, 26.625, 2354, 4070, 5400, 7711, 9402, 6997, 16227, 8903, 36000, 36000, 1, 1, 11277, 13254, 18743, 20030, 23454, 24980, 28356, 36000, 36000, 36000, 1, 1
16:42:00, 1016.00, 28.62, 30.71, 26.625, 2362, 4116, 5452, 7874, 9808, 7068, 16700, 9000, 36000, 36000, 1, 1, 11255, 13202, 18682, 19950, 23331, 24868, 28226, 36000, 36000, 36000, 1, 1
16:42:01, 1016.10, 28.62, 30.71, 26.570, 2382, 4170, 5523, 8008, 9981, 7115, 17130, 9000, 36000, 36000, 1, 1, 11245, 13191, 18661, 19933, 23375, 24901, 28279, 36000, 36000, 36000, 1, 1
16:42:02, 1016.00, 28.62, 30.71, 26.578, 2365, 4108, 5457, 7789, 9518, 7037, 16292, 8999, 36000, 36000, 1, 1, 11263, 13249, 18713, 20010, 23419, 24947, 28325, 36000, 36000, 36000, 1, 1
16:42:02, 1016.20, 28.62, 30.71, 26.578, 2370, 4114, 5472, 7777, 9610, 7073, 16455, 9000, 36000, 36000, 1, 1, 11250, 13228, 18687, 19984, 23442, 24963, 28330, 36000, 36000, 36000, 1, 1
16:42:03, 1016.00, 28.62, 30.72, 26.492, 2380, 4135, 5503, 7810, 9686, 7083, 16652, 9000, 36000, 36000, 1, 1, 11229, 13207, 18648, 19949, 23377, 24898, 28268, 36000, 36000, 36000, 1, 1
16:42:04, 1015.90, 28.61, 30.72, 26.445, 2368, 4114, 5471, 7704, 9400, 7029, 16176, 9000, 36000, 36000, 1, 1, 11257, 13268, 18712, 20040, 23454, 24960, 28353, 36000, 36000, 36000, 1, 1
16:42:05, 1016.00, 28.61, 30.71, 26.445, 2362, 4061, 5437, 7532, 9209, 7003, 15664, 9000, 36000, 36000, 1, 1, 11262, 13297, 18741, 20081, 23477, 24985, 28375, 36000, 36000, 36000, 1, 1
16:42:05, 1016.10, 28.62, 30.74, 26.406, 2357, 4049, 5436, 7501, 9228, 6990, 15804, 8995, 36000, 36000, 1, 1, 11235, 13263, 18692, 20039, 23409, 24926, 28298, 36000, 36000, 36000, 1, 1
16:42:06, 1016.00, 28.61, 30.74, 26.359, 2354, 4082, 5461, 7567, 9379, 7000, 16125, 9000, 36000, 36000, 1, 1, 11222, 13244, 18651, 19997, 23380, 24907, 28262, 36000, 36000, 36000, 1, 1
16:42:07, 1016.00, 28.62, 30.74, 26.359, 2357, 4040, 5440, 7438, 9172, 6964, 15617, 8947, 36000, 36000, 1, 1, 11227, 13275, 18676, 20040, 23430, 24960, 28322, 36000, 36000, 36000, 1, 1
16:42:07, 1015.90, 28.62, 30.74, 26.352, 2344, 4027, 5427, 7360, 9165, 6947, 15453, 8935, 36000, 36000, 1, 1, 11233, 13293, 18683, 20059, 23445, 24982, 28345, 36000, 36000, 36000, 1, 1
16:42:08, 1016.10, 28.62, 30.74, 26.328, 2353, 4033, 5447, 7325, 9181, 6952, 15422, 8945, 36000, 36000, 1, 1, 11221, 13289, 18668, 20053, 23427, 24957, 28333, 36000, 36000, 36000, 1, 1
16:42:09, 1016.10, 28.62, 30.74, 26.328, 2349, 4017, 5440, 7271, 9171, 6915, 15370, 8901, 36000, 36000, 1, 1, 11206, 13272, 18638, 20031, 23398, 24908, 28303, 36000, 36000, 36000, 1, 1
16:42:09, 1015.80, 28.61, 30.71, 26.273, 2335, 4000, 5413, 7200, 9135, 6892, 15175, 8882, 36000, 36000, 1, 1, 11199, 13281, 18646, 20044, 23426, 24909, 28337, 36000, 36000, 36000, 1, 1
16:42:10, 1015.80, 28.61, 30.71, 26.258, 2343, 4000, 5414, 7124, 9000, 6873, 14870, 8865, 36000, 36000, 1, 1, 11194, 13295, 18661, 20061, 23429, 24904, 28363, 36000, 36000, 36000, 1, 1
16:42:11, 1015.80, 28.61, 30.76, 26.258, 2325, 3988, 5375, 7038, 8896, 6824, 14559, 8822, 36000, 36000, 1, 1, 11176, 13285, 18634, 20044, 23397, 24868, 28324, 36000, 36000, 36000, 1, 1
16:42:11, 1016.00, 28.61, 30.78, 26.195, 2326, 3976, 5376, 6978, 8791, 6815, 14164, 8837, 36000, 36000, 1, 1, 11156, 13278, 18620, 20030, 23369, 24829, 28286, 36000, 36000, 36000, 1, 1
16:42:12, 1016.10, 28.61, 30.74, 26.203, 2336, 3969, 5383, 6928, 8710, 6798, 13874, 8827, 36000, 36000, 1, 1, 11117, 13233, 18550, 19961, 23346, 24798, 28238, 36000, 36000, 36000, 1, 1
16:42:13, 1016.00, 28.62, 30.78, 26.203, 2311, 3941, 5339, 6851, 8583, 6747, 13587, 8768, 36000, 36000, 1, 1, 11055, 13182, 18464, 19885, 23154, 24596, 28018, 36000, 36000, 36000, 1, 1
16:42:13, 1016.00, 28.62, 30.76, 26.219, 2310, 3872, 5275, 6736, 8319, 6703, 13191, 8683, 36000, 34959, 1, 1, 10996, 13122, 18362, 19774, 23072, 24502, 27913, 36000, 36000, 36000, 1, 1
16:42:14, 1016.00, 28.62, 30.78, 26.234, 2312, 3860, 5249, 6757, 8424, 6722, 13553, 8668, 36000, 35856, 1, 1, 10932, 13019, 18248, 19637, 22856, 24277, 27660, 36000, 36000, 36000, 1, 1
16:42:15, 1015.90, 28.62, 30.78, 26.234, 2328, 3937, 5336, 7018, 8977, 6879, 14773, 8828, 36000, 36000, 1, 1, 10831, 12855, 18045, 19387, 22616, 24032, 27371, 36000, 36000, 36000, 1, 1
16:42:15, 1016.10, 28.62, 30.74, 26.281, 2324, 3941, 5333, 7200, 8936, 6903, 15029, 8822, 36000, 36000, 1, 1, 10770, 12771, 17942, 19264, 22466, 23880, 27209, 36000, 36000, 36000, 1, 1
16:42:16, 1016.20, 28.63, 30.78, 26.320, 2254, 3835, 5141, 7204, 8865, 6706, 15252, 8520, 36000, 36000, 1, 1, 10651, 12572, 17695, 18966, 22113, 23523, 26793, 36000, 36000, 36000, 1, 1
16:42:17, 1016.20, 28.63, 30.80, 26.320, 2351, 4134, 5445, 7895, 9903, 7194, 16741, 9062, 36000, 36000, 1, 1, 10568, 12420, 17510, 18724, 21961, 23383, 26611, 36000, 36000, 36000, 1, 1
16:42:17, 1016.10, 28.63, 30.82, 26.336, 2364, 4141, 5429, 7997, 9805, 7201, 16409, 9056, 36000, 36000, 1, 1, 10529, 12348, 17420, 18619, 21756, 23181, 26361, 36000, 36000, 36000, 1, 1
16:42:18, 1016.00, 28.64, 30.80, 26.359, 2377, 4222, 5492, 8345, 10033, 7344, 17719, 9146, 36000, 36000, 1, 1, 10436, 12185, 17222, 18361, 21485, 22913, 26000, 36000, 36000, 36000, 1, 1
16:42:19, 1015.90, 28.65, 30.78, 26.359, 2372, 4291, 5555, 8865, 10519, 7455, 18808, 9217, 36000, 36000, 1, 1, 10363, 12063, 17085, 18182, 21295, 22738, 25740, 36000, 36000, 36000, 1, 1
16:42:19, 1016.00, 28.65, 30.82, 26.406, 2400, 4378, 5594, 9111, 10617, 7606, 18681, 9344, 36000, 36000, 1, 1, 10319, 11992, 16988, 18064, 21167, 22616, 25577, 36000, 36000, 36000, 1, 1
16:42:20, 1016.00, 28.66, 30.80, 26.445, 2411, 4457, 5623, 9361, 11022, 7699, 18859, 9369, 36000, 36000, 1, 1, 10239, 11859, 16821, 17868, 20895, 22345, 25205, 36000, 36000, 36000, 1, 1
16:42:21, 1016.00, 28.66, 30.82, 26.445, 2422, 4598, 5724, 9934, 12214, 8194, 20440, 10007, 36000, 36000, 1, 1, 10139, 11658, 16600, 17565, 20580, 22017, 24762, 35908, 36000, 36000, 1, 1
16:42:21, 1016.20, 28.66, 30.80, 26.445, 2537, 5019, 6123, 11266, 13380, 8589, 21512, 10369, 36000, 36000, 1, 1, 10055, 11500, 16409, 17320, 20365, 21786, 24485, 35521, 36000, 36000, 1, 1
16:42:22, 1015.90, 28.67, 30.82, 26.453, 2577, 5182, 6323, 11813, 14243, 8982, 22390, 10847, 36000, 36000, 1, 1, 9868, 11207, 16050, 16862, 19869, 21206, 23811, 34504, 36000, 36000, 1, 1
16:42:23, 1016.10, 28.68, 30.82, 26.453, 2621, 5655, 6824, 13926, 15429, 10068, 23483, 11517, 36000, 36000, 1, 1, 9666, 10906, 15680, 16391, 19285, 20532, 23044, 33353, 36000, 36000, 1, 1
16:42:23, 1016.20, 28.69, 30.82, 26.484, 1706, 2608, 3499, 4176, 4504, 4742, 5576, 5824, 25124, 9717, 0, 0, 5576, 5396, 9063, 8410, 11592, 11348, 13240, 16448, 36000, 36000, 1, 1
16:42:24, 1016.20, 28.69, 30.82, 26.531, 1716, 2647, 3553, 4233, 4726, 4879, 5868, 6036, 27133, 10807, 0, 0, 7706, 8508, 12765, 12980, 14898, 15660, 17217, 22701, 36000, 36000, 1, 1
16:42:25, 1016.00, 28.69, 30.80, 26.531, 2498, 6124, 7024, 13142, 17198, 10990, 23743, 12419, 36000, 36000, 1, 1, 9254, 10250, 14894, 15400, 18481, 19647, 22009, 31740, 36000, 36000, 1, 1
16:42:25, 1016.20, 28.70, 30.80, 26.578, 2566, 6284, 7188, 13442, 17496, 11452, 23921, 12591, 36000, 36000, 1, 1, 8113, 9243, 13379, 13762, 13606, 13339, 16179, 19735, 36000, 36000, 1, 1
16:42:26, 1016.00, 28.70, 30.84, 26.586, 1836, 2906, 3890, 4556, 5057, 5416, 6072, 6839, 25443, 9420, 0, 0, 3343, 3398, 5358, 5201, 6715, 6453, 7724, 9974, 36000, 36000, 1, 1
16:42:27, 1015.70, 28.70, 30.82, 26.586, 1681, 2634, 3554, 4054, 4311, 4560, 5065, 5931, 22567, 8388, 0, 0, 4627, 4421, 7626, 6713, 9188, 8022, 10450, 12600, 36000, 36000, 1, 1
16:42:27, 1015.90, 28.70, 30.82, 26.586, 1566, 2442, 3294, 3767, 4248, 4604, 5023, 5950, 21093, 7813, 0, 0, 2601, 2869, 4298, 4304, 5569, 5039, 6561, 8382, 36000, 36000, 1, 1
16:42:28, 1015.80, 28.70, 30.80, 26.562, 1111, 1746, 2396, 2604, 2929, 3125, 3453, 4492, 14765, 6736, 0, 0, 2634, 2837, 4380, 4275, 4960, 4540, 5768, 7463, 36000, 36000, 1, 1
16:42:29, 1015.80, 28.70, 30.82, 26.562, 1152, 1795, 2492, 2623, 3150, 3360, 3755, 4804, 16007, 7236, 0, 0, 2297, 2525, 3770, 3775, 4870, 4374, 5757, 7294, 36000, 36000, 1, 1
16:42:29, 1015.90, 28.70, 30.84, 26.547, 1325, 2111, 2862, 3160, 3614, 3808, 4243, 5360, 17793, 7673, 0, 0, 2271, 2484, 3737, 3714, 4875, 4322, 5774, 7180, 36000, 36000, 1, 1
16:42:30, 1015.80, 28.69, 30.82, 26.531, 1503, 2434, 3227, 3691, 4118, 4348, 4789, 5977, 19298, 8080, 0, 0, 2325, 2559, 3840, 3817, 4977, 4414, 5886, 7377, 36000, 36000, 1, 1
16:42:31, 1015.80, 28.69, 30.80, 26.531, 1537, 2487, 3309, 3751, 4230, 4446, 4881, 6185, 19396, 8046, 0, 0, 2302, 2539, 3808, 3792, 4880, 4357, 5739, 7242, 36000, 36000, 1, 1
16:42:31, 1016.10, 28.68, 30.84, 26.547, 1562, 2571, 3390, 3834, 4322, 4476, 4947, 6286, 19580, 8097, 0, 0, 2295, 2519, 3796, 3767, 4978, 4421, 5848, 7355, 36000, 36000, 1, 1
16:42:32, 1016.00, 28.68, 30.78, 26.562, 1597, 2648, 3451, 3981, 4402, 4538, 5079, 6381, 20287, 8341, 0, 0, 2335, 2573, 3853, 3841, 4993, 4454, 5869, 7415, 36000, 36000, 1, 1
16:42:33, 1015.90, 28.67, 30.82, 26.562, 1555, 2593, 3347, 3923, 4388, 4545, 5146, 6326, 20803, 8618, 0, 0, 2372, 2622, 3918, 3918, 5100, 4541, 6008, 7583, 36000, 36000, 1, 1
16:42:33, 1015.90, 28.66, 30.84, 26.570, 1554, 2587, 3358, 3836, 4176, 4304, 4836, 6048, 19280, 8021, 0, 0, 2419, 2676, 4004, 3998, 5192, 4635, 6080, 7737, 36000, 36000, 1, 1
16:42:34, 1016.00, 28.66, 30.76, 26.555, 1400, 2255, 2934, 3417, 3704, 3954, 4483, 5532, 18022, 7665, 0, 0, 2418, 2678, 3989, 4000, 5147, 4637, 6023, 7746, 36000, 36000, 1, 1
16:42:35, 1016.60, 28.66, 30.82, 26.555, 1537, 2443, 3174, 3778, 4011, 4391, 5016, 6008, 19968, 8099, 0, 0, 2607, 2934, 4338, 4423, 4881, 4445, 5921, 7578, 36000, 36000, 1, 1
16:42:35, 1016.00, 28.56, 30.82, 26.539, 1123, 1729, 2389, 2995, 3942, 4150, 5355, 5824, 16133, 6956, 0, 0, 13870, 23552, 31175, 35517, 36000, 36000, 36000, 36000, 36000, 36000, 1, 1
16:42:36, 1016.00, 28.51, 30.80, 26.508, 1351, 2024, 2728, 3255, 4283, 4431, 5644, 6326, 20197, 7592, 0, 0, 34090, 36000, 36000, 36000, 36000, 36000, 36000, 36000, 36000, 36000, 1, 1
16:42:37, 1013.90, 28.53, 30.78, 26.508, 4089, 4880, 6626, 8346, 6241, 6670, 8034, 9123, 27839, 9835, 0, 0, 30556, 36000, 36000, 36000, 36000, 36000, 36000, 36000, 36000, 36000, 1, 1
16:42:37, 1016.30, 28.52, 30.82, 26.539, 15261, 21446, 30351, 36000, 36000, 36000, 36000, 36000, 36000, 36000, 1, 1, 34895, 36000, 36000, 36000, 36000, 36000, 36000, 36000, 36000, 36000, 1, 1
16:42:38, 1015.30, 28.54, 30.82, 26.547, 8454, 10639, 19164, 16568, 27109, 34711, 32848, 36000, 36000, 36000, 1, 1, 29217, 36000, 36000, 36000, 36000, 36000, 36000, 36000, 36000, 36000, 1, 1
16:42:39, 1016.20, 28.48, 30.84, 26.547, 11572, 19233, 29533, 36000, 33923, 36000, 34348, 36000, 36000, 36000, 1, 1, 25868, 36000, 36000, 36000, 36000, 36000, 36000, 36000, 36000, 36000, 1, 1
16:42:39, 1013.20, 28.50, 30.76, 26.570, 10510, 25460, 23955, 33145, 36000, 36000, 36000, 36000, 36000, 36000, 1, 1, 20610, 32979, 36000, 36000, 36000, 36000, 36000, 36000, 36000, 36000, 1, 1
16:42:40, 1015.40, 28.49, 30.82, 26.586, 8891, 16375, 17734, 23156, 25424, 24911, 29912, 36000, 36000, 36000, 1, 1, 36000, 36000, 36000, 36000, 36000, 36000, 36000, 36000, 36000, 36000, 1, 1
16:42:41, 1013.50, 28.46, 30.85, 26.586, 12955, 23391, 33085, 32578, 22395, 23824, 24575, 25724, 31568, 13113, 0, 1, 35418, 36000, 36000, 36000, 36000, 36000, 36000, 36000, 36000, 36000, 1, 1
16:42:41, 1014.50, 28.45, 30.82, 26.562, 6125, 11608, 13824, 15162, 35814, 36000, 36000, 36000, 36000, 36000, 1, 1, 36000, 36000, 36000, 36000, 36000, 36000, 36000, 36000, 36000, 36000, 1, 1
16:42:42, 1014.90, 28.48, 30.84, 26.617, 7873, 16847, 22659, 23897, 36000, 36000, 36000, 36000, 36000, 36000, 1, 1, 32802, 36000, 36000, 36000, 36000, 36000, 36000, 36000, 36000, 36000, 1, 1
16:42:43, 1014.80, 28.52, 30.82, 26.617, 8300, 13802, 16559, 21498, 30559, 26817, 31959, 36000, 36000, 13763, 1, 1, 31344, 36000, 36000, 36000, 36000, 36000, 36000, 36000, 36000, 36000, 1, 1
16:42:43, 1015.40, 28.50, 30.84, 26.602, 8293, 15391, 17527, 20291, 32439, 28299, 33025, 36000, 36000, 30973, 1, 1, 25926, 36000, 36000, 36000, 36000, 36000, 36000, 36000, 36000, 36000, 1, 1
16:42:44, 1016.20, 28.52, 30.84, 26.555, 7364, 15175, 20878, 22718, 35608, 35972, 36000, 36000, 36000, 36000, 1, 1, 13381, 23010, 31144, 36000, 36000, 36000, 36000, 36000, 36000, 36000, 1, 1
16:42:45, 1016.80, 28.54, 30.82, 26.555, 8920, 25905, 25393, 26335, 36000, 33550, 36000, 36000, 36000, 36000, 1, 1, 11402, 18917, 25783, 33132, 33808, 35453, 36000, 36000, 36000, 15716, 1, 1
16:42:45, 1017.60, 28.52, 30.82, 26.531, 12072, 18779, 36000, 33305, 33258, 35252, 36000, 36000, 36000, 26468, 1, 1, 15754, 25366, 35602, 36000, 36000, 36000, 36000, 36000, 36000, 36000, 1, 1
16:42:46, 1017.50, 28.52, 30.87, 26.500, 9714, 18429, 36000, 32324, 30430, 35484, 36000, 36000, 36000, 34085, 1, 1, 13326, 22043, 30385, 35632, 36000, 36000, 36000, 36000, 36000, 35452, 1, 1
16:42:47, 1016.30, 28.53, 30.85, 26.500, 8842, 20531, 34950, 30524, 36000, 32997, 36000, 36000, 36000, 36000, 1, 1, 16802, 26408, 33906, 35731, 28440, 31999, 35768, 36000, 33806, 9555, 1, 1
16:42:47, 1016.60, 28.51, 30.82, 26.484, 9540, 19525, 21645, 36000, 31960, 36000, 36000, 36000, 36000, 36000, 1, 1, 11836, 19668, 26142, 33136, 36000, 36000, 36000, 36000, 36000, 32942, 1, 1
16:42:48, 1015.40, 28.50, 30.80, 26.516, 8569, 17693, 20405, 23469, 29887, 36000, 35486, 36000, 36000, 36000, 1, 1, 13222, 21740, 29775, 36000, 27769, 28970, 32230, 33754, 36000, 31912, 1, 1
16:42:49, 1015.50, 28.50, 30.82, 26.516, 6935, 13180, 16953, 20506, 25539, 28140, 33814, 36000, 36000, 36000, 1, 1, 3980, 5288, 7778, 10416, 17315, 21018, 24218, 24818, 36000, 25865, 1, 1
16:42:50, 1014.30, 28.53, 30.84, 26.531, 8364, 16529, 18779, 20783, 26554, 29428, 31145, 36000, 36000, 36000, 1, 1, 2655, 3689, 5537, 6994, 9150, 10256, 12296, 14060, 35935, 12208, 0, 1
16:42:50, 1016.50, 28.54, 30.85, 26.539, 10104, 17394, 22959, 36000, 25232, 35112, 36000, 36000, 36000, 36000, 1, 1, 2470, 3533, 5238, 6606, 9110, 9942, 12531, 13897, 36000, 12588, 1, 1
16:42:51, 1016.30, 28.53, 30.84, 26.539, 9181, 18468, 22201, 36000, 34547, 35117, 36000, 36000, 36000, 36000, 1, 1, 8083, 13034, 18361, 21399, 15805, 16751, 20426, 23347, 35930, 22619, 0, 1
16:42:52, 1015.80, 28.53, 30.84, 26.547, 8505, 25097, 18178, 28866, 36000, 34634, 36000, 36000, 36000, 36000, 1, 1, 2101, 3297, 4802, 6079, 6803, 7297, 9321, 10804, 28302, 7200, 0, 0
16:42:52, 1016.70, 28.53, 30.85, 26.531, 8681, 19568, 35250, 29418, 36000, 32067, 36000, 36000, 36000, 36000, 1, 1, 3023, 4583, 6930, 8624, 12140, 12628, 15257, 17957, 33041, 15567, 0, 1
16:42:53, 1016.60, 28.53, 30.84, 26.531, 8446, 21086, 26135, 25831, 36000, 31937, 36000, 36000, 36000, 36000, 1, 1, 2237, 3663, 5359, 6649, 5733, 6102, 8144, 9036, 22805, 5474, 0, 0
16:42:54, 1016.50, 28.53, 30.87, 26.500, 10975, 21402, 36000, 31183, 34651, 34124, 36000, 36000, 36000, 36000, 1, 1, 384, 505, 888, 1469, 2348, 2840, 4017, 4760, 10233, 1848, 0, 0
16:42:54, 1020.10, 28.53, 30.85, 26.562, 8336, 20574, 26056, 25000, 36000, 32190, 36000, 36000, 36000, 36000, 1, 1, 331, 419, 757, 1309, 2168, 2718, 3898, 4712, 9121, 1227, 0, 0
16:42:55, 1020.20, 28.54, 30.87, 26.562, 10050, 15591, 23062, 33045, 30748, 36000, 36000, 36000, 36000, 36000, 1, 1, 295, 363, 663, 1177, 1937, 2457, 3562, 4303, 8162, 1049, 0, 0
16:42:56, 1023.50, 28.54, 30.87, 27.266, 6550, 11968, 17769, 20019, 29927, 31673, 35123, 35988, 36000, 28517, 1, 1, 235, 276, 503, 924, 1560, 2021, 3004, 3657, 6542, 814, 0, 0
16:42:56, 1025.80, 28.54, 30.85, 27.664, 5546, 10366, 16447, 20325, 22194, 23822, 33025, 31648, 36000, 14441, 1, 1, 202, 226, 409, 767, 1497, 1951, 2923, 3558, 6071, 738, 0, 0
16:42:57, 1029.50, 28.55, 30.84, 27.664, 6742, 10471, 17123, 27187, 17662, 26172, 30435, 26448, 36000, 14114, 1, 1, 202, 225, 410, 776, 1415, 1867, 2812, 3454, 5984, 694, 0, 0
16:42:58, 1029.20, 28.55, 30.84, 27.859, 3604, 6121, 10129, 17578, 17999, 26389, 31372, 27448, 36000, 15026, 1, 1, 192, 211, 383, 729, 1410, 1860, 2791, 3424, 5820, 669, 0, 0
16:42:58, 1031.00, 28.55, 30.84, 27.977, 4324, 6588, 10604, 18315, 21564, 26875, 31148, 30129, 36000, 19090, 1, 1, 197, 222, 408, 768, 1456, 1907, 2833, 3465, 6210, 723, 0, 0
16:42:59, 1037.90, 28.55, 30.85, 27.977, 3161, 5316, 9068, 15728, 21793, 28739, 33936, 33035, 36000, 17430, 1, 1, 177, 192, 349, 670, 1367, 1820, 2730, 3375, 5939, 675, 0, 0
16:43:00, 1042.20, 28.56, 30.84, 28.055, 1191, 1731, 3395, 4509, 10740, 12748, 16008, 19041, 36000, 6616, 1, 1, 119, 117, 196, 393, 825, 1158, 1824, 2321, 3769, 417, 0, 0
16:43:00, 1044.50, 28.56, 30.80, 28.070, 1415, 2293, 4256, 7738, 13311, 17054, 20196, 23784, 35164, 6382, 0, 1, 113, 110, 182, 364, 766, 1088, 1731, 2216, 3507, 380, 0, 0
16:43:01, 1050.10, 28.56, 30.82, 28.070, 2150, 3200, 6128, 10609, 8064, 10687, 13863, 15282, 34918, 4460, 0, 1, 112, 107, 176, 353, 768, 1099, 1758, 2269, 3493, 370, 0, 0
16:43:02, 1044.60, 28.56, 30.82, 28.109, 862, 1375, 2422, 5481, 16620, 20770, 31325, 32527, 36000, 10365, 1, 1, 95, 89, 142, 287, 656, 947, 1536, 1982, 2998, 318, 0, 0
16:43:02, 1032.90, 28.56, 30.82, 28.125, 2663, 4125, 7608, 14963, 14952, 21460, 26364, 24714, 36000, 8923, 1, 1, 149, 157, 280, 548, 1087, 1462, 2224, 2751, 4701, 532, 0, 0
16:43:03, 1027.40, 28.56, 30.78, 28.125, 3981, 5799, 9856, 17460, 14202, 17649, 22540, 22355, 36000, 10363, 1, 1, 189, 214, 394, 741, 1352, 1761, 2608, 3174, 5679, 678, 0, 0
16:43:04, 1027.80, 28.56, 30.82, 28.148, 3069, 5989, 9097, 17281, 19595, 26033, 34720, 33746, 36000, 21995, 1, 1, 211, 243, 451, 836, 1531, 1979, 2911, 3534, 6447, 765, 0, 0
16:43:04, 1027.60, 28.56, 30.82, 28.141, 3436, 6753, 10412, 20920, 14078, 15635, 23895, 21511, 36000, 19541, 1, 1, 216, 246, 452, 840, 1446, 1888, 2809, 3433, 6217, 745, 0, 0
16:43:05, 1024.20, 28.56, 30.82, 28.141, 5027, 9782, 14907, 19163, 26668, 27469, 30307, 34211, 36000, 27123, 1, 1, 250, 309, 569, 1023, 1850, 2347, 3396, 4078, 7721, 960, 0, 0
16:43:06, 1029.70, 28.56, 30.82, 28.141, 6053, 10461, 16519, 29779, 21145, 25252, 34655, 32858, 36000, 27237, 1, 1, 238, 285, 527, 961, 1677, 2166, 3180, 3860, 7150, 851, 0, 0
16:43:06, 1038.90, 28.56, 30.80, 28.141, 3017, 5823, 9735, 12656, 16057, 19255, 19913, 29319, 36000, 16041, 1, 1, 192, 212, 382, 728, 1278, 1722, 2613, 3257, 5619, 637, 0, 0
16:43:07, 1053.40, 28.56, 30.80, 28.141, 1032, 1626, 2876, 4878, 9366, 11895, 14813, 18327, 35813, 6321, 0, 1, 113, 109, 176, 354, 671, 978, 1607, 2091, 3109, 323, 0, 0
16:43:08, 1064.20, 28.55, 30.82, 28.141, 524, 725, 1259, 2433, 4412, 5849, 7633, 11024, 25964, 2852, 0, 0, 69, 63, 89, 177, 397, 616, 1078, 1451, 1963, 197, 0, 0
16:43:08, 1071.00, 28.55, 30.78, 28.141, 600, 786, 1334, 2604, 3383, 4583, 6263, 8513, 20295, 2195, 0, 0, 64, 58, 82, 162, 356, 560, 993, 1354, 1829, 179, 0, 0
16:43:09, 1088.00, 28.55, 30.80, 28.141, 359, 434, 676, 1370, 2009, 2873, 4220, 5875, 11782, 1130, 0, 0, 38, 34, 43, 79, 193, 326, 626, 895, 1104, 105, 0, 0
16:43:10, 1097.00, 28.55, 30.82, 28.156, 159, 172, 243, 493, 1132, 1697, 2731, 3830, 6627, 569, 0, 0, 27, 24, 29, 49, 135, 238, 477, 699, 815, 76, 0, 0
16:43:10, 1112.00, 28.55, 30.78, 28.156, 117, 125, 163, 326, 709, 1108, 1887, 2735, 5103, 444, 0, 0, 19, 17, 19, 31, 80, 148, 316, 482, 538, 50, 0, 0
16:43:11, 1123.60, 28.55, 30.80, 28.156, 79, 82, 101, 197, 476, 778, 1381, 2046, 3253, 268, 0, 0, 13, 12, 13, 20, 56, 106, 237, 373, 408, 37, 0, 0
16:43:12, 1136.30, 28.55, 30.76, 28.156, 54, 55, 64, 121, 294, 501, 947, 1440, 2179, 177, 0, 0, 9, 8, 9, 13, 34, 67, 161, 263, 273, 25, 0, 0
16:43:12, 1147.40, 28.55, 30.76, 28.133, 35, 35, 39, 68, 181, 325, 659, 1028, 1466, 116, 0, 0, 6, 5, 6, 8, 21, 43, 110, 187, 184, 17, 0, 0
16:43:13, 1157.60, 28.54, 30.80, 28.133, 25, 25, 27, 43, 116, 211, 443, 714, 990, 80, 0, 0, 4, 4, 4, 6, 15, 32, 85, 148, 144, 13, 0, 0
16:43:14, 1166.20, 28.54, 30.74, 28.141, 17, 17, 18, 27, 74, 138, 301, 501, 666, 54, 0, 0, 3, 3, 3, 4, 10, 22, 62, 111, 105, 9, 0, 0
16:43:14, 1174.90, 28.54, 30.76, 28.125, 12, 12, 12, 17, 49, 94, 216, 366, 478, 39, 0, 0, 2, 2, 2, 3, 7, 15, 46, 84, 76, 6, 0, 0
16:43:15, 1180.40, 28.54, 30.78, 28.125, 9, 9, 9, 12, 37, 72, 169, 295, 348, 28, 0, 0, 2, 1, 2, 2, 6, 13, 39, 73, 66, 5, 0, 0
16:43:16, 1195.10, 28.53, 30.82, 28.125, 6, 7, 6, 8, 21, 41, 101, 180, 232, 20, 0, 0, 1, 1, 1, 1, 3, 8, 26, 50, 43, 3, 0, 0
16:43:16, 1200.30, 28.53, 30.78, 28.125, 4, 5, 4, 6, 17, 35, 89, 163, 181, 15, 0, 0, 1, 0, 1, 1, 3, 6, 22, 44, 37, 3, 0, 0
16:43:17, 1208.10, 28.53, 30.76, 28.125, 4, 4, 3, 4, 13, 27, 70, 132, 147, 12, 0, 0, 0, 0, 1, 1, 2, 5, 18, 37, 31, 2, 0, 0
16:43:18, 1218.40, 28.53, 30.76, 28.125, 3, 3, 3, 3, 10, 22, 58, 112, 124, 10, 0, 0, 0, 0, 0, 1, 1, 4, 14, 30, 25, 2, 0, 0
16:43:18, 1231.80, 28.53, 30.80, 28.125, 2, 2, 2, 2, 6, 14, 40, 79, 79, 7, 0, 0, 0, 0, 0, 0, 1, 2, 9, 20, 16, 1, 0, 0
16:43:19, 1236.70, 28.53, 30.76, 28.117, 1, 2, 1, 1, 4, 10, 29, 59, 56, 5, 0, 0, 0, 0, 0, 0, 0, 1, 8, 17, 14, 0, 0, 0
16:43:20, 1244.00, 28.53, 30.78, 28.117, 1, 2, 1, 1, 4, 8, 24, 51, 47, 4, 0, 0, 0, 0, 0, 0, 0, 1, 6, 14, 11, 0, 0, 0
16:43:20, 1260.70, 28.52, 30.72, 28.117, 1, 1, 0, 1, 2, 5, 16, 35, 32, 3, 0, 0, 0, 0, 0, 0, 0, 0, 4, 9, 6, 0, 0, 0
16:43:21, 1268.40, 28.52, 30.78, 28.117, 0, 1, 0, 0, 1, 4, 11, 25, 21, 2, 0, 0, 0, 0, 0, 0, 0, 0, 3, 7, 5, 0, 0, 0
16:43:22, 1282.10, 28.52, 30.76, 28.117, 0, 1, 0, 0, 1, 3, 9, 20, 16, 2, 0, 0, 0, 0, 0, 0, 0, 0, 2, 5, 3, 0, 0, 0
16:43:22, 1300.10, 28.52, 30.76, 28.102, 0, 0, 0, 0, 0, 2, 4, 11, 8, 1, 0, 0, 0, 0, 0, 0, 0, 0, 1, 3, 2, 0, 0, 0
16:43:23, 1306.00, 28.52, 30.74, 28.102, 0, 0, 1, 0, 0, 1, 3, 9, 6, 1, 0, 0, 0, 0, 0, 0, 0, 0, 1, 2, 1, 0, 0, 0
16:43:24, 1319.10, 28.51, 30.78, 28.102, 0, 0, 0, 0, 0, 1, 2, 7, 5, 1, 0, 0, 0, 0, 0, 0, 0, 0, 0, 2, 1, 0, 0, 0
16:43:24, 1329.30, 28.51, 30.74, 28.102, 0, 0, 0, 0, 0, 1, 2, 5, 3, 1, 0, 0, 0, 0, 0, 0, 0, 0, 0, 1, 1, 0, 0, 0
16:43:25, 1340.00, 28.51, 30.71, 28.109, 0, 0, 0, 0, 0, 1, 1, 4, 2, 1, 0, 0, 0, 0, 0, 0, 0, 0, 0, 1, 0, 0, 0, 0
16:43:26, 1351.90, 28.51, 30.74, 28.109, 0, 0, 0, 0, 0, 0, 1, 3, 2, 0, 0, 0, 0, 0, 0, 0, 0, 0, 0, 1, 0, 0, 0, 0
16:43:26, 1364.90, 28.50, 30.76, 28.102, 0, 0, 0, 0, 0, 0, 0, 2, 1, 0, 0, 0, 0, 0, 0, 0, 0, 0, 0, 0, 0, 0, 0, 0
16:43:27, 1374.60, 28.50, 30.71, 28.109, 0, 0, 0, 0, 0, 0, 0, 1, 1, 0, 0, 0, 0, 0, 0, 0, 0, 0, 0, 0, 0, 0, 0, 0
16:43:28, 1382.50, 28.50, 30.76, 28.109, 0, 0, 0, 0, 0, 0, 0, 1, 0, 0, 0, 0, 0, 0, 0, 0, 0, 0, 0, 0, 0, 0, 0, 0
16:43:28, 1388.60, 28.50, 30.74, 28.109, 0, 0, 0, 0, 0, 0, 0, 1, 0, 0, 0, 0, 0, 0, 0, 0, 0, 0, 0, 0, 0, 0, 0, 0
16:43:29, 1395.80, 28.50, 30.78, 28.109, 0, 0, 0, 0, 0, 0, 0, 1, 0, 0, 0, 0, 0, 0, 0, 0, 0, 0, 0, 0, 0, 0, 0, 0
16:43:30, 1409.10, 28.50, 30.72, 28.109, 0, 0, 0, 0, 0, 0, 0, 0, 0, 0, 0, 0, 0, 0, 0, 0, 0, 0, 0, 0, 0, 0, 0, 0
16:43:31, 1425.90, 28.50, 30.72, 28.109, 0, 0, 0, 0, 0, 0, 0, 0, 0, 0, 0, 0, 0, 0, 0, 0, 0, 0, 0, 0, 0, 0, 0, 0
16:43:31, 1437.00, 28.50, 30.80, 28.109, 0, 0, 0, 0, 0, 0, 0, 0, 0, 0, 0, 0, 0, 0, 0, 0, 0, 0, 0, 0, 0, 0, 0, 0
16:43:32, 1452.70, 28.49, 30.72, 28.109, 0, 0, 0, 0, 0, 0, 0, 0, 0, 0, 0, 0, 0, 0, 0, 0, 0, 0, 0, 0, 0, 0, 0, 0
16:43:33, 1459.70, 28.49, 30.78, 28.102, 0, 0, 0, 0, 0, 0, 0, 0, 0, 0, 0, 0, 0, 0, 0, 0, 0, 0, 0, 0, 0, 0, 0, 0
16:43:33, 1475.90, 28.49, 30.74, 28.102, 0, 0, 0, 0, 0, 0, 0, 0, 0, 0, 0, 0, 0, 0, 0, 0, 0, 0, 0, 0, 0, 0, 0, 0
16:43:34, 1488.10, 28.49, 30.72, 28.102, 0, 0, 0, 0, 0, 0, 0, 0, 0, 0, 0, 0, 0, 0, 0, 0, 0, 0, 0, 0, 0, 0, 0, 0
16:43:35, 1500.20, 28.49, 30.76, 28.094, 0, 0, 0, 0, 0, 0, 0, 0, 0, 0, 0, 0, 0, 0, 0, 0, 0, 0, 0, 0, 0, 0, 0, 0
16:43:35, 1515.40, 28.48, 30.72, 28.094, 0, 0, 0, 0, 0, 0, 0, 0, 0, 0, 0, 0, 0, 0, 0, 0, 0, 0, 0, 0, 0, 0, 0, 0
16:43:36, 1522.80, 28.48, 30.80, 28.094, 0, 0, 0, 0, 0, 0, 0, 0, 0, 0, 0, 0, 0, 0, 0, 0, 0, 0, 0, 0, 0, 0, 0, 0
16:43:37, 1533.50, 28.48, 30.72, 28.094, 0, 0, 0, 0, 0, 0, 0, 0, 0, 0, 0, 0, 0, 0, 0, 0, 0, 0, 0, 0, 0, 0, 0, 0
16:43:37, 1545.00, 28.48, 30.71, 28.094, 0, 0, 0, 0, 0, 0, 0, 0, 0, 0, 0, 0, 0, 0, 0, 0, 0, 0, 0, 0, 0, 0, 0, 0
16:43:38, 1548.40, 28.48, 30.74, 28.094, 0, 0, 0, 0, 0, 0, 0, 0, 0, 0, 0, 0, 0, 0, 0, 0, 0, 0, 0, 0, 0, 0, 0, 0
16:43:39, 1562.40, 28.47, 30.71, 28.102, 0, 0, 0, 0, 0, 0, 0, 0, 0, 0, 0, 0, 0, 0, 0, 0, 0, 0, 0, 0, 0, 0, 0, 0
16:43:39, 1576.40, 28.47, 30.72, 28.102, 0, 0, 0, 0, 0, 0, 0, 0, 0, 0, 0, 0, 0, 0, 0, 0, 0, 0, 0, 0, 0, 0, 0, 0
16:43:40, 1591.50, 28.47, 30.71, 28.102, 0, 0, 0, 0, 0, 0, 0, 0, 0, 0, 0, 0, 0, 0, 0, 0, 0, 0, 0, 0, 0, 0, 0, 0
16:43:41, 1606.10, 28.47, 30.71, 28.102, 0, 0, 0, 0, 0, 0, 0, 0, 0, 0, 0, 0, 0, 0, 0, 0, 0, 0, 0, 0, 0, 0, 0, 0
16:43:41, 1620.20, 28.46, 30.72, 28.109, 0, 0, 0, 0, 0, 0, 0, 0, 0, 0, 0, 0, 0, 0, 0, 0, 0, 0, 0, 0, 0, 0, 0, 0
16:43:42, 1635.90, 28.46, 30.72, 28.109, 0, 0, 0, 0, 0, 0, 0, 0, 0, 0, 0, 0, 0, 0, 0, 0, 0, 0, 0, 0, 0, 0, 0, 0
16:43:43, 1647.50, 28.46, 30.72, 28.102, 0, 0, 0, 0, 0, 0, 0, 0, 0, 0, 0, 0, 0, 0, 0, 0, 0, 0, 0, 0, 0, 0, 0, 0
16:43:43, 1661.50, 28.46, 30.72, 28.109, 0, 0, 0, 0, 0, 0, 0, 0, 0, 0, 0, 0, 0, 0, 0, 0, 0, 0, 0, 0, 0, 0, 0, 0
16:43:44, 1674.90, 28.46, 30.72, 28.109, 0, 0, 0, 0, 0, 0, 0, 0, 0, 0, 0, 0, 0, 0, 0, 0, 0, 0, 0, 0, 0, 0, 0, 0
16:43:45, 1687.70, 28.45, 30.72, 28.102, 0, 0, 0, 0, 0, 0, 0, 0, 0, 0, 0, 0, 0, 0, 0, 0, 0, 0, 0, 0, 0, 0, 0, 0
16:43:45, 1697.10, 28.45, 30.74, 28.102, 0, 0, 0, 0, 0, 0, 0, 0, 0, 0, 0, 0, 0, 0, 0, 0, 0, 0, 0, 0, 0, 0, 0, 0
16:43:46, 1708.70, 28.45, 30.72, 28.102, 0, 0, 0, 0, 0, 0, 0, 0, 0, 0, 0, 0, 0, 0, 0, 0, 0, 0, 0, 0, 0, 0, 0, 0
16:43:47, 1719.90, 28.45, 30.71, 28.102, 0, 0, 0, 0, 0, 0, 0, 0, 0, 0, 0, 0, 0, 0, 0, 0, 0, 0, 0, 0, 0, 0, 0, 0
16:43:47, 1732.00, 28.45, 30.72, 28.102, 0, 0, 0, 0, 0, 0, 0, 0, 0, 0, 0, 0, 0, 0, 0, 0, 0, 0, 0, 0, 0, 0, 0, 0
16:43:48, 1743.40, 28.44, 30.74, 28.102, 0, 0, 0, 0, 0, 0, 0, 0, 0, 0, 0, 0, 0, 0, 0, 0, 0, 0, 0, 0, 0, 0, 0, 0
16:43:49, 1754.70, 28.44, 30.69, 28.102, 0, 0, 0, 0, 0, 0, 0, 0, 0, 0, 0, 0, 0, 0, 0, 0, 0, 0, 0, 0, 0, 0, 0, 0
16:43:49, 1767.70, 28.44, 30.72, 28.102, 0, 0, 0, 0, 0, 0, 0, 0, 0, 0, 0, 0, 0, 0, 0, 0, 0, 0, 0, 0, 0, 0, 0, 0
16:43:50, 1778.10, 28.44, 30.72, 28.102, 0, 0, 0, 0, 0, 0, 0, 0, 0, 0, 0, 0, 0, 0, 0, 0, 0, 0, 0, 0, 0, 0, 0, 0
16:43:51, 1791.50, 28.44, 30.72, 28.102, 0, 0, 0, 0, 0, 0, 0, 0, 0, 0, 0, 0, 0, 0, 0, 0, 0, 0, 0, 0, 0, 0, 0, 0
16:43:51, 1803.60, 28.44, 30.72, 28.094, 0, 0, 0, 0, 0, 0, 0, 0, 0, 0, 0, 0, 0, 0, 0, 0, 0, 0, 0, 0, 0, 0, 0, 0
16:43:52, 1813.40, 28.43, 30.72, 28.094, 0, 0, 0, 0, 0, 0, 0, 0, 0, 0, 0, 0, 0, 0, 0, 0, 0, 0, 0, 0, 0, 0, 0, 0
16:43:53, 1827.70, 28.43, 30.74, 28.094, 0, 0, 0, 0, 0, 0, 0, 0, 0, 0, 0, 0, 0, 0, 0, 0, 0, 0, 0, 0, 0, 0, 0, 0
16:43:53, 1837.90, 28.43, 30.72, 28.094, 0, 0, 0, 0, 0, 0, 0, 0, 0, 0, 0, 0, 0, 0, 0, 0, 0, 0, 0, 0, 0, 0, 0, 0
16:43:54, 1851.50, 28.43, 30.72, 28.094, 0, 0, 0, 0, 0, 0, 0, 0, 0, 0, 0, 0, 0, 0, 0, 0, 0, 0, 0, 0, 0, 0, 0, 0
16:43:55, 1861.90, 28.43, 30.71, 28.094, 0, 0, 0, 0, 0, 0, 0, 0, 0, 0, 0, 0, 0, 0, 0, 0, 0, 0, 0, 0, 0, 0, 0, 0
16:43:55, 1873.70, 28.42, 30.71, 28.102, 0, 0, 0, 0, 0, 0, 0, 0, 0, 0, 0, 0, 0, 0, 0, 0, 0, 0, 0, 0, 0, 0, 0, 0
16:43:56, 1885.40, 28.42, 30.72, 28.102, 0, 0, 0, 0, 0, 0, 0, 0, 0, 0, 0, 0, 0, 0, 0, 0, 0, 0, 0, 0, 0, 0, 0, 0
16:43:57, 1892.90, 28.42, 30.74, 28.102, 0, 0, 0, 0, 0, 0, 0, 0, 0, 0, 0, 0, 0, 0, 0, 0, 0, 0, 0, 0, 0, 0, 0, 0
16:43:57, 1906.90, 28.42, 30.71, 28.102, 0, 0, 0, 0, 0, 0, 0, 0, 0, 0, 0, 0, 0, 0, 0, 0, 0, 0, 0, 0, 0, 0, 0, 0
16:43:58, 1917.60, 28.42, 30.74, 28.102, 0, 0, 0, 0, 0, 0, 0, 0, 0, 0, 0, 0, 0, 0, 0, 0, 0, 0, 0, 0, 0, 0, 0, 0
16:43:59, 1930.70, 28.41, 30.71, 28.102, 0, 0, 0, 0, 0, 0, 0, 0, 0, 0, 0, 0, 0, 0, 0, 0, 0, 0, 0, 0, 0, 0, 0, 0
16:43:59, 1941.40, 28.42, 30.72, 28.102, 0, 0, 0, 0, 0, 0, 0, 0, 0, 0, 0, 0, 0, 0, 0, 0, 0, 0, 0, 0, 0, 0, 0, 0
16:44:00, 1952.10, 28.41, 30.71, 28.102, 0, 0, 0, 0, 0, 0, 0, 0, 0, 0, 0, 0, 0, 0, 0, 0, 0, 0, 0, 0, 0, 0, 0, 0
16:44:01, 1952.40, 28.41, 30.71, 28.094, 0, 0, 0, 0, 0, 0, 0, 0, 0, 0, 0, 0, 0, 0, 0, 0, 0, 0, 0, 0, 0, 0, 0, 0
16:44:01, 1940.90, 28.41, 30.71, 28.102, 0, 0, 0, 0, 0, 0, 0, 0, 0, 0, 0, 0, 0, 0, 0, 0, 0, 0, 0, 0, 0, 0, 0, 0
16:44:02, 1935.20, 28.41, 30.71, 28.102, 0, 0, 0, 0, 0, 0, 0, 0, 0, 0, 0, 0, 0, 0, 0, 0, 0, 0, 0, 0, 0, 0, 0, 0
16:44:03, 1935.20, 28.41, 30.71, 28.094, 0, 0, 0, 0, 0, 0, 0, 0, 0, 0, 0, 0, 0, 0, 0, 0, 0, 0, 0, 0, 0, 0, 0, 0
16:44:03, 1942.50, 28.41, 30.72, 28.102, 0, 0, 0, 0, 0, 0, 0, 0, 0, 0, 0, 0, 0, 0, 0, 0, 0, 0, 0, 0, 0, 0, 0, 0
16:44:04, 1941.20, 28.41, 30.71, 28.102, 0, 0, 0, 0, 0, 0, 0, 0, 0, 0, 0, 0, 0, 0, 0, 0, 0, 0, 0, 0, 0, 0, 0, 0
16:44:05, 1939.90, 28.41, 30.72, 28.094, 0, 0, 0, 0, 0, 0, 0, 0, 0, 0, 0, 0, 0, 0, 0, 0, 0, 0, 0, 0, 0, 0, 0, 0
16:44:05, 1940.80, 28.41, 30.72, 28.102, 0, 0, 0, 0, 0, 0, 0, 0, 0, 0, 0, 0, 0, 0, 0, 0, 0, 0, 0, 0, 0, 0, 0, 0
16:44:06, 1941.10, 28.41, 30.69, 28.102, 0, 0, 0, 0, 0, 0, 0, 0, 0, 0, 0, 0, 0, 0, 0, 0, 0, 0, 0, 0, 0, 0, 0, 0
16:44:07, 1928.10, 28.41, 30.69, 28.102, 0, 0, 0, 0, 0, 0, 0, 0, 0, 0, 0, 0, 0, 0, 0, 0, 0, 0, 0, 0, 0, 0, 0, 0
16:44:07, 1911.40, 28.41, 30.72, 28.109, 0, 0, 0, 0, 0, 0, 0, 0, 0, 0, 0, 0, 0, 0, 0, 0, 0, 0, 0, 0, 0, 0, 0, 0
16:44:08, 1900.60, 28.41, 30.72, 28.109, 0, 0, 0, 0, 0, 0, 0, 0, 0, 0, 0, 0, 0, 0, 0, 0, 0, 0, 0, 0, 0, 0, 0, 0
16:44:09, 1889.70, 28.42, 30.72, 28.102, 0, 0, 0, 0, 0, 0, 0, 0, 0, 0, 0, 0, 0, 0, 0, 0, 0, 0, 0, 0, 0, 0, 0, 0
16:44:09, 1880.00, 28.42, 30.72, 28.109, 0, 0, 0, 0, 0, 0, 0, 0, 0, 0, 0, 0, 0, 0, 0, 0, 0, 0, 0, 0, 0, 0, 0, 0
16:44:10, 1865.60, 28.41, 30.69, 28.109, 0, 0, 0, 0, 0, 0, 0, 0, 0, 0, 0, 0, 0, 0, 0, 0, 0, 0, 0, 0, 0, 0, 0, 0
16:44:11, 1851.60, 28.42, 30.71, 28.102, 0, 0, 0, 0, 0, 0, 0, 0, 0, 0, 0, 0, 0, 0, 0, 0, 0, 0, 0, 0, 0, 0, 0, 0
16:44:12, 1837.40, 28.42, 30.69, 28.102, 0, 0, 0, 0, 0, 0, 0, 0, 0, 0, 0, 0, 0, 0, 0, 0, 0, 0, 0, 0, 0, 0, 0, 0
16:44:12, 1824.30, 28.42, 30.71, 28.102, 0, 0, 0, 0, 0, 0, 0, 0, 0, 0, 0, 0, 0, 0, 0, 0, 0, 0, 0, 0, 0, 0, 0, 0
16:44:13, 1806.90, 28.42, 30.72, 28.086, 0, 0, 0, 0, 0, 0, 0, 0, 0, 0, 0, 0, 0, 0, 0, 0, 0, 0, 0, 0, 0, 0, 0, 0
16:44:14, 1792.50, 28.42, 30.72, 28.094, 0, 0, 0, 0, 0, 0, 0, 0, 0, 0, 0, 0, 0, 0, 0, 0, 0, 0, 0, 0, 0, 0, 0, 0
16:44:14, 1780.30, 28.42, 30.69, 28.094, 0, 0, 0, 0, 0, 0, 0, 0, 0, 0, 0, 0, 0, 0, 0, 0, 0, 0, 0, 0, 0, 0, 0, 0
16:44:15, 1766.80, 28.42, 30.71, 28.078, 0, 0, 0, 0, 0, 0, 0, 0, 0, 0, 0, 0, 0, 0, 0, 0, 0, 0, 0, 0, 0, 0, 0, 0
16:44:16, 1749.90, 28.42, 30.69, 28.094, 0, 0, 0, 0, 0, 0, 0, 0, 0, 0, 0, 0, 0, 0, 0, 0, 0, 0, 0, 0, 0, 0, 0, 0
16:44:16, 1735.60, 28.42, 30.71, 28.094, 0, 0, 0, 0, 0, 0, 0, 0, 0, 0, 0, 0, 0, 0, 0, 0, 0, 0, 0, 0, 0, 0, 0, 0
16:44:17, 1721.00, 28.42, 30.72, 28.086, 0, 0, 0, 0, 0, 0, 0, 0, 0, 0, 0, 0, 0, 0, 0, 0, 0, 0, 0, 0, 0, 0, 0, 0
16:44:18, 1710.00, 28.42, 30.71, 28.102, 0, 0, 0, 0, 0, 0, 0, 0, 0, 0, 0, 0, 0, 0, 0, 0, 0, 0, 0, 0, 0, 0, 0, 0
16:44:18, 1697.70, 28.42, 30.71, 28.102, 0, 0, 0, 0, 0, 0, 0, 0, 0, 0, 0, 0, 0, 0, 0, 0, 0, 0, 0, 0, 0, 0, 0, 0
16:44:19, 1688.60, 28.42, 30.69, 28.094, 0, 0, 0, 0, 0, 0, 0, 0, 0, 0, 0, 0, 0, 0, 0, 0, 0, 0, 0, 0, 0, 0, 0, 0
16:44:20, 1676.30, 28.42, 30.69, 28.102, 0, 0, 0, 0, 0, 0, 0, 0, 0, 0, 0, 0, 0, 0, 0, 0, 0, 0, 0, 0, 0, 0, 0, 0
16:44:20, 1664.10, 28.42, 30.71, 28.102, 0, 0, 0, 0, 0, 0, 0, 0, 0, 0, 0, 0, 0, 0, 0, 0, 0, 0, 0, 0, 0, 0, 0, 0
16:44:21, 1650.90, 28.42, 30.71, 28.102, 0, 0, 0, 0, 0, 0, 0, 0, 0, 0, 0, 0, 0, 0, 0, 0, 0, 0, 0, 0, 0, 0, 0, 0
16:44:22, 1637.10, 28.42, 30.72, 28.109, 0, 0, 0, 0, 0, 0, 0, 0, 0, 0, 0, 0, 0, 0, 0, 0, 0, 0, 0, 0, 0, 0, 0, 0
16:44:22, 1625.70, 28.42, 30.67, 28.109, 0, 0, 0, 0, 0, 0, 0, 0, 0, 0, 0, 0, 0, 0, 0, 0, 0, 0, 0, 0, 0, 0, 0, 0
16:44:23, 1612.80, 28.43, 30.71, 28.094, 0, 0, 0, 0, 0, 0, 0, 0, 0, 0, 0, 0, 0, 0, 0, 0, 0, 0, 0, 0, 0, 0, 0, 0
16:44:24, 1599.30, 28.43, 30.72, 28.102, 0, 0, 0, 0, 0, 0, 0, 0, 0, 0, 0, 0, 0, 0, 0, 0, 0, 0, 0, 0, 0, 0, 0, 0
16:44:24, 1585.50, 28.43, 30.71, 28.102, 0, 0, 0, 0, 0, 0, 0, 0, 0, 0, 0, 0, 0, 0, 0, 0, 0, 0, 0, 0, 0, 0, 0, 0
16:44:25, 1571.50, 28.43, 30.71, 28.109, 0, 0, 0, 0, 0, 0, 0, 0, 0, 0, 0, 0, 0, 0, 0, 0, 0, 0, 0, 0, 0, 0, 0, 0
16:44:26, 1556.00, 28.43, 30.71, 28.109, 0, 0, 0, 0, 0, 0, 0, 0, 0, 0, 0, 0, 0, 0, 0, 0, 0, 0, 0, 0, 0, 0, 0, 0
16:44:26, 1542.70, 28.43, 30.69, 28.109, 0, 0, 0, 0, 0, 0, 0, 0, 0, 0, 0, 0, 0, 0, 0, 0, 0, 0, 0, 0, 0, 0, 0, 0
16:44:27, 1528.10, 28.44, 30.67, 28.109, 0, 0, 0, 0, 0, 0, 0, 0, 0, 0, 0, 0, 0, 0, 0, 0, 0, 0, 0, 0, 0, 0, 0, 0
16:44:28, 1517.00, 28.44, 30.71, 28.117, 0, 0, 0, 0, 0, 0, 0, 0, 0, 0, 0, 0, 0, 0, 0, 0, 0, 0, 0, 0, 0, 0, 0, 0
16:44:28, 1501.40, 28.44, 30.71, 28.117, 0, 0, 0, 0, 0, 0, 0, 0, 0, 0, 0, 0, 0, 0, 0, 0, 0, 0, 0, 0, 0, 0, 0, 0
16:44:29, 1487.10, 28.44, 30.69, 28.117, 0, 0, 0, 0, 0, 0, 0, 0, 0, 0, 0, 0, 0, 0, 0, 0, 0, 0, 0, 0, 0, 0, 0, 0
16:44:30, 1473.30, 28.44, 30.69, 28.125, 0, 0, 0, 0, 0, 0, 0, 0, 0, 0, 0, 0, 0, 0, 0, 0, 0, 0, 0, 0, 0, 0, 0, 0
16:44:30, 1457.50, 28.44, 30.72, 28.125, 0, 0, 0, 0, 0, 0, 0, 0, 0, 0, 0, 0, 0, 0, 0, 0, 0, 0, 0, 0, 0, 0, 0, 0
16:44:31, 1444.10, 28.45, 30.72, 28.117, 0, 0, 0, 0, 0, 0, 0, 0, 0, 0, 0, 0, 0, 0, 0, 0, 0, 0, 0, 0, 0, 0, 0, 0
16:44:32, 1428.70, 28.45, 30.67, 28.125, 0, 0, 0, 0, 0, 0, 0, 0, 0, 0, 0, 0, 0, 0, 0, 0, 0, 0, 0, 0, 0, 0, 0, 0
16:44:32, 1414.00, 28.45, 30.69, 28.125, 0, 0, 0, 0, 0, 0, 0, 0, 0, 0, 0, 0, 0, 0, 0, 0, 0, 0, 0, 0, 0, 0, 0, 0
16:44:33, 1401.00, 28.45, 30.67, 28.125, 0, 0, 0, 0, 0, 0, 0, 0, 0, 0, 0, 0, 0, 0, 0, 0, 0, 0, 0, 0, 0, 0, 0, 0
16:44:34, 1388.60, 28.45, 30.69, 28.133, 0, 0, 0, 0, 0, 0, 0, 0, 0, 0, 0, 0, 0, 0, 0, 0, 0, 0, 0, 0, 0, 0, 0, 0
16:44:34, 1375.30, 28.45, 30.67, 28.133, 0, 0, 0, 0, 0, 0, 0, 0, 0, 0, 0, 0, 0, 0, 0, 0, 0, 0, 0, 0, 0, 0, 0, 0
16:44:35, 1365.30, 28.46, 30.65, 28.141, 0, 0, 0, 0, 0, 0, 0, 0, 0, 0, 0, 0, 0, 0, 0, 0, 0, 0, 0, 0, 0, 0, 0, 0
16:44:36, 1352.60, 28.46, 30.69, 28.148, 0, 0, 0, 0, 0, 0, 0, 0, 0, 0, 0, 0, 0, 0, 0, 0, 0, 0, 0, 0, 0, 0, 0, 0
16:44:36, 1340.00, 28.46, 30.69, 28.148, 0, 0, 0, 0, 0, 0, 0, 0, 0, 0, 0, 0, 0, 0, 0, 0, 0, 0, 0, 0, 0, 0, 0, 0
16:44:37, 1326.30, 28.46, 30.69, 28.148, 0, 0, 0, 0, 0, 0, 0, 1, 0, 0, 0, 0, 0, 0, 0, 0, 0, 0, 0, 0, 0, 0, 0, 0
16:44:38, 1314.60, 28.46, 30.67, 28.156, 0, 0, 0, 0, 0, 0, 0, 1, 0, 0, 0, 0, 0, 0, 0, 0, 0, 0, 0, 0, 0, 0, 0, 0
16:44:38, 1297.00, 28.47, 30.69, 28.156, 0, 0, 0, 0, 0, 0, 0, 2, 1, 0, 0, 0, 0, 0, 0, 0, 0, 0, 0, 1, 0, 0, 0, 0
16:44:39, 1285.30, 28.47, 30.69, 28.148, 0, 0, 0, 0, 0, 0, 1, 3, 1, 0, 0, 0, 0, 0, 0, 0, 0, 0, 0, 1, 0, 0, 0, 0
16:44:40, 1274.30, 28.47, 30.71, 28.148, 0, 0, 0, 0, 0, 1, 1, 4, 2, 1, 0, 0, 0, 0, 0, 0, 0, 0, 0, 2, 1, 0, 0, 0
16:44:40, 1261.20, 28.47, 30.67, 28.148, 0, 0, 0, 0, 0, 1, 2, 6, 4, 1, 0, 0, 0, 0, 0, 0, 0, 0, 1, 2, 1, 0, 0, 0
16:44:41, 1252.20, 28.47, 30.69, 28.141, 0, 0, 0, 0, 0, 1, 3, 8, 6, 1, 0, 0, 0, 0, 0, 0, 0, 0, 1, 3, 2, 0, 0, 0
16:44:42, 1240.10, 28.47, 30.67, 28.133, 0, 0, 0, 0, 0, 1, 4, 10, 7, 1, 0, 0, 0, 0, 0, 0, 0, 0, 2, 5, 3, 0, 0, 0
16:44:42, 1225.70, 28.47, 30.69, 28.133, 0, 1, 0, 0, 1, 2, 6, 16, 11, 1, 0, 0, 0, 0, 0, 0, 0, 0, 3, 7, 5, 0, 0, 0
16:44:43, 1209.50, 28.47, 30.71, 28.117, 0, 1, 0, 0, 1, 4, 11, 25, 21, 2, 0, 0, 0, 0, 0, 0, 0, 1, 5, 13, 9, 0, 0, 0
16:44:44, 1197.90, 28.47, 30.69, 28.125, 1, 1, 0, 1, 3, 7, 18, 40, 31, 3, 0, 0, 0, 0, 0, 0, 0, 2, 8, 18, 13, 0, 0, 0
16:44:44, 1183.40, 28.47, 30.71, 28.125, 1, 2, 1, 1, 5, 11, 30, 61, 49, 4, 0, 0, 0, 0, 0, 0, 1, 3, 13, 29, 22, 1, 0, 0
16:44:45, 1171.10, 28.47, 30.71, 28.117, 2, 3, 2, 3, 9, 20, 49, 96, 79, 7, 0, 0, 0, 0, 1, 1, 3, 6, 22, 45, 35, 3, 0, 0
16:44:46, 1158.50, 28.47, 30.72, 28.141, 4, 4, 4, 5, 15, 30, 70, 132, 117, 10, 0, 0, 1, 1, 1, 2, 5, 12, 37, 73, 59, 5, 0, 0
16:44:46, 1149.10, 28.48, 30.72, 28.141, 6, 6, 6, 8, 25, 48, 110, 200, 174, 15, 0, 0, 2, 2, 2, 3, 8, 17, 50, 97, 79, 7, 0, 0
16:44:47, 1136.80, 28.48, 30.67, 28.141, 9, 9, 10, 13, 40, 76, 164, 288, 263, 22, 0, 0, 4, 3, 4, 5, 14, 29, 81, 150, 127, 12, 0, 0
16:44:48, 1134.70, 28.48, 30.71, 28.156, 14, 13, 13, 20, 63, 114, 236, 396, 437, 37, 0, 0, 5, 4, 5, 6, 16, 33, 88, 161, 151, 14, 0, 0
16:44:48, 1123.30, 28.48, 30.67, 28.156, 15, 15, 15, 24, 70, 127, 256, 414, 476, 42, 0, 0, 8, 7, 8, 10, 29, 58, 146, 256, 240, 23, 0, 0
16:44:49, 1113.80, 28.48, 30.67, 28.172, 20, 19, 21, 34, 99, 174, 335, 527, 614, 55, 0, 0, 12, 11, 12, 16, 46, 88, 211, 356, 341, 33, 0, 0
16:44:50, 1104.40, 28.49, 30.65, 28.187, 30, 27, 32, 54, 162, 274, 492, 761, 825, 73, 0, 0, 16, 14, 16, 23, 69, 130, 297, 481, 454, 45, 0, 0
16:44:50, 1096.60, 28.49, 30.67, 28.187, 53, 47, 59, 102, 261, 421, 723, 1103, 1129, 101, 0, 0, 20, 18, 20, 30, 91, 167, 368, 583, 544, 54, 0, 0
16:44:51, 1091.90, 28.49, 30.69, 28.195, 72, 63, 82, 146, 353, 559, 924, 1389, 1514, 139, 0, 0, 22, 20, 23, 35, 100, 182, 393, 619, 627, 64, 0, 0
16:44:52, 1084.20, 28.49, 30.67, 28.195, 68, 60, 79, 149, 379, 592, 956, 1388, 1804, 175, 0, 0, 30, 26, 31, 49, 138, 243, 508, 783, 827, 86, 0, 0
16:44:53, 1077.00, 28.49, 30.65, 28.195, 82, 73, 101, 192, 437, 668, 1030, 1480, 1817, 185, 0, 0, 41, 37, 43, 72, 186, 319, 646, 978, 999, 105, 0, 0
16:44:53, 1066.60, 28.49, 30.69, 28.195, 101, 92, 137, 254, 588, 843, 1266, 1763, 2046, 213, 0, 0, 54, 49, 60, 104, 285, 468, 901, 1316, 1428, 155, 0, 0
16:44:54, 1059.90, 28.49, 30.69, 28.187, 155, 149, 234, 457, 927, 1319, 1889, 2470, 3891, 458, 0, 0, 72, 66, 87, 160, 408, 640, 1158, 1630, 2104, 236, 0, 0
16:44:55, 1052.00, 28.49, 30.67, 28.187, 365, 464, 765, 1423, 3364, 4317, 6085, 8130, 14704, 1730, 0, 0, 69, 64, 89, 171, 482, 730, 1266, 1733, 2434, 272, 0, 0
16:44:55, 1040.80, 28.49, 30.71, 28.187, 268, 371, 627, 1164, 2189, 2486, 3978, 4013, 13110, 2246, 0, 0, 136, 139, 222, 429, 901, 1263, 2031, 2649, 4298, 520, 0, 0
16:44:56, 1026.80, 28.49, 30.67, 28.195, 549, 1001, 1576, 3017, 3360, 3427, 5638, 5163, 22760, 4796, 0, 0, 202, 232, 402, 741, 1452, 1895, 2832, 3548, 6424, 859, 0, 0
16:44:57, 1016.20, 28.49, 30.71, 28.195, 1454, 2701, 3682, 5939, 12056, 9190, 18211, 12437, 36000, 35119, 1, 1, 270, 343, 613, 1058, 1971, 2448, 3510, 4249, 8588, 1264, 0, 0
16:44:57, 1016.60, 28.49, 30.67, 28.180, 7090, 13165, 19117, 19376, 23718, 24870, 26480, 36000, 36000, 36000, 1, 1, 2438, 3723, 5540, 6997, 8755, 9789, 11832, 13878, 36000, 12427, 1, 1
16:44:58, 1015.90, 28.46, 30.69, 28.180, 8367, 13969, 20436, 21154, 21793, 29082, 25119, 36000, 36000, 36000, 1, 1, 6310, 9368, 13407, 17969, 24585, 26057, 33401, 34860, 36000, 36000, 1, 1
16:44:59, 1015.90, 28.45, 30.67, 28.180, 6458, 12082, 15088, 16771, 28142, 30752, 32024, 36000, 36000, 36000, 1, 1, 8867, 12661, 18225, 21759, 20135, 23816, 24542, 30525, 36000, 24156, 1, 1
16:44:59, 1015.90, 28.44, 30.69, 28.141, 7167, 12672, 15853, 21479, 20475, 28018, 36000, 35412, 36000, 36000, 1, 1, 17522, 29249, 35776, 36000, 36000, 36000, 36000, 36000, 36000, 36000, 1, 1
16:45:00, 1016.00, 28.41, 30.71, 28.023, 6315, 15546, 18283, 16750, 31780, 25005, 31713, 36000, 36000, 36000, 1, 1, 20919, 33272, 36000, 36000, 36000, 36000, 36000, 36000, 36000, 23311, 1, 1
16:45:01, 1015.60, 28.41, 30.72, 28.023, 6568, 10528, 19850, 18061, 6250, 6571, 7612, 8733, 28430, 9293, 0, 0, 22261, 35564, 36000, 36000, 36000, 36000, 36000, 36000, 36000, 36000, 1, 1
16:45:01, 1015.70, 28.41, 30.71, 27.867, 5013, 6241, 8356, 10522, 6673, 7222, 8314, 9480, 29318, 9769, 0, 0, 23507, 35477, 36000, 36000, 36000, 36000, 36000, 36000, 36000, 36000, 1, 1
16:45:02, 1016.00, 28.41, 30.71, 27.750, 9039, 15018, 17320, 22088, 17018, 20032, 19907, 22610, 36000, 14877, 1, 1, 25846, 36000, 36000, 36000, 36000, 36000, 36000, 36000, 36000, 36000, 1, 1
16:45:03, 1015.70, 28.41, 30.72, 27.750, 6015, 4548, 8366, 10866, 7306, 15302, 12287, 13700, 32456, 10574, 0, 1, 18180, 28174, 36000, 36000, 36000, 36000, 36000, 36000, 36000, 36000, 1, 1
16:45:03, 1016.20, 28.41, 30.71, 27.695, 2382, 4004, 5362, 6340, 6897, 6949, 8703, 9998, 36000, 13632, 1, 1, 27983, 36000, 36000, 36000, 36000, 36000, 36000, 36000, 36000, 36000, 1, 1
16:45:04, 1016.30, 28.41, 30.72, 27.625, 1725, 2693, 3618, 4212, 5464, 5458, 6877, 7915, 32973, 12326, 0, 1, 24605, 36000, 36000, 36000, 36000, 36000, 36000, 36000, 36000, 36000, 1, 1
16:45:05, 1015.30, 28.40, 30.74, 27.625, 1491, 2321, 3355, 3538, 4279, 4222, 5451, 6026, 25007, 9957, 0, 0, 27519, 36000, 36000, 36000, 36000, 36000, 36000, 36000, 36000, 36000, 1, 1
16:45:05, 1015.90, 28.42, 30.74, 27.539, 1362, 2312, 3045, 3791, 3927, 4052, 5339, 5670, 19638, 7223, 0, 0, 23746, 36000, 36000, 36000, 36000, 36000, 36000, 36000, 36000, 36000, 1, 1
