Secchi Depth (cm) = 9999
Forel Ule Scale = 99
pH Colour Scale = 99
SensingSecchi S/N = A017
Latitude (degs N) = 33.94694
Longitude (degs E) = -77.96805
Date = 2026-08-05
Time (UTC), Pressure (mbar) MS5803, Temp (deg C) MS5803, Temp (deg C) 10KTHERM, Temp (deg C) TMP117, ED 415nm, ED 445nm, ED 480nm, ED 515nm, ED 555nm, ED 590nm, ED 630nm, ED 680nm, ED Clear, ED NIR, ED D-SAT, ED A-SAT, EU 415nm, EU 445nm, EU 480nm, EU 515nm, EU 555nm, EU 590nm, EU 630nm, EU 680nm, EU Clear, EU NIR, EU D-SAT, EU A-SAT
15:17:31, 1017.00, 26.42, 26.78, 25.953, 668, 1120, 1542, 1807, 2090, 2113, 2497, 2765, 10334, 2976, 0, 0, 116, 131, 130, 149, 168, 312, 612, 1013, 2656, 2082, 0, 0
15:17:31, 1016.90, 26.42, 26.76, 25.945, 684, 1146, 1589, 1835, 2124, 2137, 2518, 2821, 10210, 2952, 0, 0, 116, 131, 130, 149, 168, 312, 614, 1015, 2663, 2089, 0, 0
15:17:32, 1016.90, 26.43, 26.76, 25.937, 676, 1134, 1566, 1821, 2094, 2116, 2502, 2767, 10399, 2992, 0, 0, 117, 132, 132, 150, 172, 318, 626, 1034, 2711, 2119, 0, 0
15:17:33, 1017.00, 26.43, 26.76, 25.937, 670, 1114, 1536, 1806, 2077, 2105, 2489, 2728, 10513, 3005, 0, 0, 118, 133, 133, 152, 171, 318, 626, 1033, 2712, 2124, 0, 0
15:17:33, 1017.30, 26.43, 26.74, 25.930, 681, 1134, 1570, 1823, 2113, 2133, 2513, 2795, 10330, 2982, 0, 0, 118, 133, 132, 151, 170, 315, 619, 1025, 2695, 2116, 0, 0
15:17:34, 1017.20, 26.43, 26.80, 25.930, 689, 1145, 1589, 1837, 2122, 2146, 2526, 2806, 10409, 3001, 0, 0, 117, 132, 131, 151, 170, 316, 622, 1027, 2693, 2114, 0, 0
15:17:35, 1017.00, 26.43, 26.78, 25.930, 683, 1129, 1563, 1828, 2101, 2133, 2514, 2756, 10645, 3045, 0, 0, 118, 133, 132, 151, 171, 316, 624, 1031, 2700, 2118, 0, 0
15:17:35, 1017.10, 26.43, 26.74, 25.922, 682, 1127, 1563, 1816, 2094, 2112, 2478, 2761, 10463, 3027, 0, 0, 111, 125, 125, 142, 159, 295, 578, 957, 2517, 1976, 0, 0
15:17:36, 1017.10, 26.43, 26.80, 25.922, 654, 1104, 1541, 1749, 2048, 2030, 2407, 2696, 10121, 2959, 0, 0, 107, 120, 120, 136, 154, 287, 563, 934, 2485, 1957, 0, 0
15:17:37, 1016.80, 26.43, 26.78, 25.922, 609, 1043, 1441, 1671, 1901, 1900, 2283, 2493, 10066, 2936, 0, 0, 106, 120, 119, 135, 153, 285, 563, 931, 2497, 1968, 0, 0
15:17:37, 1017.10, 26.43, 26.74, 25.930, 569, 968, 1331, 1568, 1825, 1833, 2205, 2398, 10137, 2934, 0, 0, 109, 122, 122, 139, 157, 292, 580, 956, 2552, 2006, 0, 0
15:17:38, 1017.10, 26.43, 26.76, 25.930, 612, 1048, 1439, 1688, 1959, 1967, 2365, 2577, 10349, 2962, 0, 0, 110, 124, 123, 140, 158, 295, 584, 966, 2566, 2017, 0, 0
15:17:39, 1017.10, 26.43, 26.80, 25.930, 631, 1076, 1483, 1731, 2000, 2011, 2412, 2635, 10390, 2963, 0, 0, 110, 123, 123, 140, 156, 292, 579, 959, 2546, 2000, 0, 0
15:17:39, 1017.10, 26.43, 26.80, 25.937, 611, 1043, 1437, 1687, 1913, 1925, 2317, 2501, 10378, 2955, 0, 0, 108, 121, 120, 137, 154, 288, 573, 947, 2527, 1984, 0, 0
15:17:40, 1017.10, 26.43, 26.76, 25.937, 593, 1017, 1397, 1650, 1900, 1910, 2302, 2487, 10289, 2918, 0, 0, 107, 119, 119, 135, 151, 283, 560, 930, 2492, 1962, 0, 0
15:17:41, 1016.80, 26.43, 26.80, 25.937, 618, 1052, 1456, 1696, 1980, 1990, 2390, 2601, 10450, 2980, 0, 0, 107, 121, 120, 136, 153, 286, 565, 941, 2513, 1979, 0, 0
15:17:41, 1017.10, 26.43, 26.78, 25.937, 632, 1073, 1485, 1728, 1981, 1990, 2389, 2593, 10540, 2997, 0, 0, 107, 120, 119, 135, 152, 285, 565, 940, 2512, 1976, 0, 0
15:17:42, 1016.90, 26.43, 26.80, 25.945, 603, 1031, 1417, 1669, 1920, 1923, 2319, 2499, 10448, 2959, 0, 0, 107, 121, 120, 136, 153, 287, 568, 943, 2522, 1982, 0, 0
15:17:43, 1017.00, 26.43, 26.80, 25.945, 619, 1054, 1452, 1706, 1980, 1991, 2392, 2589, 10566, 2993, 0, 0, 107, 121, 120, 136, 153, 286, 566, 942, 2515, 1978, 0, 0
15:17:43, 1017.10, 26.43, 26.78, 25.937, 642, 1088, 1508, 1748, 2021, 2023, 2430, 2645, 10654, 3019, 0, 0, 107, 120, 119, 136, 152, 285, 563, 938, 2504, 1969, 0, 0
15:17:44, 1017.10, 26.43, 26.80, 25.937, 616, 1048, 1445, 1694, 1939, 1945, 2341, 2526, 10535, 2974, 0, 0, 107, 120, 119, 135, 152, 284, 562, 936, 2503, 1966, 0, 0
15:17:45, 1016.90, 26.43, 26.82, 25.937, 608, 1035, 1423, 1684, 1942, 1955, 2354, 2530, 10511, 2948, 0, 0, 107, 120, 119, 136, 152, 284, 562, 936, 2500, 1965, 0, 0
15:17:45, 1017.10, 26.43, 26.82, 25.922, 634, 1080, 1489, 1740, 2008, 2020, 2427, 2637, 10517, 2947, 0, 0, 106, 119, 118, 134, 151, 281, 556, 926, 2474, 1948, 0, 0
15:17:46, 1016.90, 26.43, 26.78, 25.914, 624, 1064, 1467, 1714, 1951, 1964, 2359, 2554, 10398, 2906, 0, 0, 105, 118, 117, 132, 149, 279, 551, 917, 2454, 1929, 0, 0
15:17:47, 1017.20, 26.43, 26.82, 25.914, 593, 1015, 1389, 1655, 1887, 1903, 2295, 2457, 10310, 2854, 0, 0, 104, 116, 116, 131, 147, 274, 541, 902, 2416, 1903, 0, 0
15:17:47, 1017.00, 26.43, 26.80, 25.898, 608, 1047, 1429, 1693, 1943, 1963, 2364, 2559, 10124, 2786, 0, 0, 102, 114, 113, 129, 144, 268, 529, 883, 2368, 1869, 0, 0
15:17:48, 1017.20, 26.43, 26.83, 25.883, 620, 1064, 1460, 1710, 1954, 1969, 2367, 2568, 10219, 2835, 0, 0, 102, 115, 114, 129, 146, 272, 538, 897, 2404, 1892, 0, 0
15:17:49, 1017.10, 26.43, 26.82, 25.883, 596, 1017, 1394, 1658, 1881, 1898, 2286, 2450, 10297, 2861, 0, 0, 103, 116, 115, 131, 147, 274, 542, 904, 2423, 1905, 0, 0
15:17:49, 1017.00, 26.43, 26.80, 25.867, 601, 1030, 1408, 1675, 1925, 1947, 2340, 2520, 10194, 2820, 0, 0, 102, 114, 114, 129, 144, 269, 531, 887, 2379, 1877, 0, 0
15:17:50, 1017.10, 26.43, 26.83, 25.867, 624, 1069, 1468, 1718, 1966, 1980, 2381, 2586, 10242, 2842, 0, 0, 101, 114, 113, 128, 144, 269, 531, 887, 2379, 1875, 0, 0
15:17:51, 1017.10, 26.43, 26.82, 25.867, 606, 1035, 1420, 1676, 1907, 1924, 2312, 2487, 10285, 2858, 0, 0, 102, 115, 114, 130, 146, 272, 538, 898, 2408, 1894, 0, 0
15:17:51, 1017.00, 26.43, 26.82, 25.875, 601, 1024, 1403, 1670, 1915, 1935, 2326, 2491, 10364, 2872, 0, 0, 102, 115, 115, 130, 146, 271, 537, 896, 2401, 1891, 0, 0
15:17:52, 1017.00, 26.43, 26.83, 25.875, 628, 1069, 1469, 1723, 1982, 1997, 2399, 2598, 10442, 2904, 0, 0, 103, 115, 115, 130, 146, 272, 539, 897, 2405, 1894, 0, 0
15:17:53, 1017.20, 26.43, 26.80, 25.875, 625, 1062, 1462, 1712, 1955, 1973, 2368, 2550, 10486, 2923, 0, 0, 104, 116, 116, 131, 148, 276, 546, 911, 2437, 1915, 0, 0
15:17:53, 1017.10, 26.43, 26.83, 25.883, 621, 1040, 1444, 1697, 1962, 1977, 2369, 2533, 11019, 3118, 0, 0, 109, 122, 122, 138, 156, 291, 578, 962, 2570, 2013, 0, 0
15:17:54, 1017.20, 26.43, 26.85, 25.875, 658, 1085, 1520, 1756, 2048, 2060, 2458, 2647, 11479, 3283, 0, 0, 111, 125, 124, 140, 158, 295, 587, 977, 2609, 2043, 0, 0
15:17:55, 1017.00, 26.43, 26.82, 25.875, 670, 1098, 1547, 1770, 2057, 2065, 2463, 2657, 11635, 3344, 0, 0, 111, 126, 125, 142, 159, 298, 593, 985, 2631, 2056, 0, 0
15:17:55, 1017.10, 26.43, 26.82, 25.883, 666, 1087, 1533, 1764, 2047, 2059, 2456, 2633, 11752, 3379, 0, 0, 113, 127, 126, 143, 161, 301, 600, 996, 2655, 2073, 0, 0
15:17:56, 1017.10, 26.43, 26.83, 25.867, 672, 1093, 1545, 1777, 2069, 2082, 2483, 2658, 11910, 3441, 0, 0, 114, 128, 127, 144, 162, 303, 603, 1002, 2667, 2082, 0, 0
15:17:57, 1017.10, 26.43, 26.85, 25.867, 682, 1110, 1569, 1793, 2087, 2094, 2498, 2690, 11930, 3451, 0, 0, 113, 127, 126, 143, 162, 302, 600, 998, 2658, 2075, 0, 0
15:17:57, 1017.10, 26.43, 26.83, 25.867, 679, 1104, 1562, 1788, 2080, 2092, 2493, 2674, 11968, 3464, 0, 0, 114, 128, 127, 145, 163, 305, 607, 1008, 2681, 2092, 0, 0
15:17:58, 1016.90, 26.43, 26.85, 25.852, 686, 1114, 1577, 1806, 2102, 2116, 2522, 2702, 12126, 3520, 0, 0, 115, 129, 128, 146, 164, 306, 610, 1013, 2696, 2103, 0, 0
15:17:59, 1017.00, 26.43, 26.85, 25.852, 691, 1121, 1588, 1812, 2104, 2114, 2520, 2707, 12110, 3516, 0, 0, 114, 128, 127, 145, 162, 303, 604, 1004, 2670, 2085, 0, 0
15:17:59, 1017.10, 26.43, 26.83, 25.852, 680, 1104, 1562, 1788, 2080, 2091, 2492, 2671, 12022, 3484, 0, 0, 114, 129, 128, 145, 164, 306, 609, 1012, 2692, 2100, 0, 0
15:18:00, 1017.40, 26.43, 26.87, 25.852, 696, 1127, 1599, 1826, 2133, 2142, 2555, 2741, 12288, 3582, 0, 0, 116, 130, 129, 147, 165, 309, 616, 1024, 2723, 2124, 0, 0
15:18:01, 1017.10, 26.43, 26.83, 25.852, 706, 1142, 1621, 1844, 2136, 2147, 2558, 2749, 12332, 3599, 0, 0, 115, 129, 128, 146, 164, 306, 609, 1013, 2694, 2103, 0, 0
15:18:01, 1017.00, 26.43, 26.83, 25.844, 684, 1106, 1567, 1789, 2080, 2091, 2485, 2669, 12103, 3517, 0, 0, 115, 130, 129, 147, 165, 308, 613, 1018, 2707, 2113, 0, 0
15:18:02, 1016.90, 26.43, 26.83, 25.844, 694, 1121, 1588, 1817, 2120, 2139, 2541, 2728, 12322, 3599, 0, 0, 117, 132, 131, 149, 168, 313, 624, 1037, 2759, 2155, 0, 0
15:18:03, 1017.00, 26.43, 26.83, 25.844, 723, 1163, 1653, 1874, 2176, 2185, 2600, 2807, 12584, 3695, 0, 0, 118, 133, 131, 149, 167, 311, 620, 1032, 2747, 2147, 0, 0
15:18:03, 1017.10, 26.43, 26.85, 25.844, 695, 1118, 1587, 1808, 2073, 2091, 2486, 2665, 12202, 3566, 0, 0, 115, 130, 128, 146, 164, 306, 610, 1013, 2698, 2108, 0, 0
15:18:04, 1017.10, 26.43, 26.83, 25.828, 680, 1097, 1557, 1783, 2083, 2097, 2500, 2670, 12203, 3573, 0, 0, 117, 132, 131, 149, 168, 314, 625, 1038, 2760, 2155, 0, 0
15:18:05, 1017.10, 26.43, 26.87, 25.828, 728, 1178, 1670, 1897, 2225, 2228, 2654, 2864, 12693, 3730, 0, 0, 120, 135, 134, 153, 172, 320, 640, 1063, 2816, 2197, 0, 0
15:18:05, 1017.00, 26.43, 26.91, 25.828, 728, 1177, 1667, 1896, 2184, 2189, 2608, 2803, 12548, 3675, 0, 0, 118, 133, 132, 150, 168, 313, 626, 1038, 2747, 2142, 0, 0
15:18:06, 1017.00, 26.43, 26.85, 25.828, 686, 1111, 1575, 1805, 2100, 2102, 2513, 2679, 12210, 3566, 0, 0, 118, 133, 132, 150, 170, 318, 633, 1051, 2780, 2167, 0, 0
15:18:07, 1017.00, 26.43, 26.89, 25.828, 721, 1168, 1654, 1886, 2221, 2219, 2649, 2845, 12717, 3760, 0, 0, 122, 137, 136, 155, 173, 323, 644, 1070, 2842, 2219, 0, 0
15:18:08, 1017.00, 26.43, 26.91, 25.828, 736, 1190, 1688, 1911, 2204, 2201, 2623, 2828, 12733, 3767, 0, 0, 119, 134, 133, 151, 168, 314, 626, 1041, 2766, 2159, 0, 0
15:18:08, 1017.00, 26.43, 26.89, 25.836, 686, 1108, 1572, 1799, 2079, 2079, 2491, 2652, 12222, 3599, 0, 0, 117, 132, 131, 149, 168, 314, 626, 1040, 2757, 2148, 0, 0
15:18:09, 1016.80, 26.43, 26.85, 25.836, 694, 1123, 1594, 1825, 2146, 2145, 2570, 2739, 12514, 3716, 0, 0, 121, 136, 135, 153, 173, 322, 643, 1069, 2838, 2216, 0, 0
15:18:10, 1017.10, 26.43, 26.85, 25.836, 734, 1188, 1684, 1912, 2229, 2223, 2655, 2859, 12855, 3837, 0, 0, 121, 136, 135, 153, 171, 318, 636, 1059, 2813, 2197, 0, 0
15:18:10, 1017.20, 26.43, 26.89, 25.836, 699, 1131, 1601, 1830, 2100, 2096, 2512, 2677, 12358, 3672, 0, 0, 117, 132, 130, 148, 166, 311, 622, 1033, 2742, 2141, 0, 0
15:18:11, 1017.10, 26.43, 26.89, 25.836, 679, 1099, 1557, 1787, 2092, 2082, 2504, 2659, 12363, 3682, 0, 0, 121, 136, 135, 153, 173, 324, 647, 1073, 2841, 2214, 0, 0
15:18:12, 1017.20, 26.43, 26.91, 25.844, 713, 1156, 1636, 1858, 2187, 2169, 2601, 2787, 12811, 3852, 0, 0, 122, 138, 136, 155, 173, 324, 646, 1072, 2853, 2229, 0, 0
15:18:12, 1017.20, 26.43, 26.91, 25.844, 669, 1077, 1533, 1727, 1965, 1946, 2328, 2501, 12110, 3693, 0, 0, 115, 129, 128, 146, 164, 306, 609, 1003, 2679, 2102, 0, 0
15:18:13, 1017.10, 26.43, 26.91, 25.844, 663, 1080, 1531, 1741, 2086, 2041, 2465, 2638, 12055, 3627, 0, 0, 120, 135, 134, 153, 174, 325, 644, 1068, 2815, 2194, 0, 0
15:18:14, 1017.20, 26.43, 26.89, 25.836, 756, 1206, 1716, 1937, 2306, 2294, 2717, 2940, 12896, 3920, 0, 0, 129, 146, 144, 166, 187, 345, 689, 1136, 2963, 2314, 0, 0
15:18:14, 1016.90, 26.43, 26.87, 25.844, 776, 1231, 1749, 1970, 2294, 2286, 2695, 2930, 12806, 3892, 0, 0, 127, 143, 142, 163, 183, 336, 669, 1104, 2883, 2256, 0, 0
15:18:15, 1017.10, 26.43, 26.91, 25.844, 739, 1166, 1659, 1880, 2200, 2201, 2591, 2803, 12401, 3729, 0, 0, 126, 143, 141, 162, 185, 340, 677, 1117, 2918, 2282, 0, 0
15:18:16, 1017.10, 26.43, 26.92, 25.844, 758, 1204, 1705, 1952, 2297, 2295, 2735, 2915, 12938, 3898, 0, 0, 134, 151, 150, 172, 194, 360, 718, 1183, 3085, 2407, 0, 0
15:18:16, 1017.20, 26.43, 26.89, 25.852, 771, 1224, 1730, 1980, 2298, 2295, 2729, 2919, 12926, 3897, 0, 0, 133, 151, 149, 171, 191, 353, 706, 1162, 3038, 2371, 0, 0
15:18:17, 1017.10, 26.43, 26.89, 25.852, 745, 1182, 1669, 1913, 2230, 2230, 2650, 2834, 12513, 3739, 0, 0, 131, 148, 146, 168, 188, 349, 698, 1149, 2991, 2328, 0, 0
15:18:18, 1017.20, 26.43, 26.94, 25.859, 742, 1191, 1672, 1934, 2257, 2260, 2702, 2870, 12471, 3702, 0, 0, 130, 147, 145, 167, 187, 347, 695, 1144, 2973, 2314, 0, 0
15:18:18, 1017.30, 26.43, 26.91, 25.875, 729, 1192, 1649, 1930, 2199, 2212, 2639, 2826, 11640, 3429, 0, 0, 122, 138, 137, 157, 175, 325, 648, 1069, 2783, 2174, 0, 0
15:18:19, 1017.00, 26.43, 26.91, 25.875, 694, 1133, 1567, 1842, 2114, 2122, 2533, 2709, 11302, 3340, 0, 0, 122, 138, 136, 156, 177, 328, 656, 1079, 2802, 2183, 0, 0
15:18:20, 1017.10, 26.43, 26.91, 25.875, 702, 1150, 1589, 1868, 2173, 2180, 2613, 2784, 11595, 3433, 0, 0, 126, 142, 141, 162, 183, 340, 682, 1121, 2911, 2269, 0, 0
15:18:20, 1017.30, 26.43, 26.91, 25.883, 729, 1210, 1660, 1958, 2245, 2253, 2710, 2893, 11793, 3494, 0, 0, 127, 144, 143, 163, 184, 341, 683, 1124, 2916, 2273, 0, 0
15:18:21, 1017.10, 26.43, 26.87, 25.883, 711, 1160, 1606, 1882, 2152, 2153, 2584, 2746, 11728, 3452, 0, 0, 125, 142, 140, 161, 181, 337, 676, 1108, 2871, 2233, 0, 0
15:18:22, 1017.00, 26.43, 26.91, 25.891, 692, 1126, 1559, 1835, 2126, 2129, 2563, 2717, 11552, 3390, 0, 0, 126, 143, 142, 163, 184, 341, 682, 1119, 2901, 2258, 0, 0
15:18:22, 1016.70, 26.43, 26.91, 25.898, 707, 1181, 1612, 1917, 2185, 2199, 2639, 2830, 11182, 3307, 0, 0, 125, 141, 140, 161, 181, 337, 672, 1108, 2876, 2247, 0, 0
15:18:23, 1017.00, 26.43, 26.89, 25.898, 712, 1168, 1608, 1895, 2134, 2147, 2576, 2745, 11330, 3252, 0, 0, 118, 133, 132, 151, 163, 300, 595, 977, 2518, 1969, 0, 0
15:18:24, 1017.10, 26.43, 26.94, 25.898, 521, 874, 1160, 1389, 1409, 1446, 1739, 1986, 6521, 1987, 0, 0, 99, 112, 112, 129, 139, 256, 505, 818, 2124, 1672, 0, 0
15:18:24, 1017.10, 26.43, 26.91, 25.898, 283, 416, 561, 713, 536, 631, 856, 907, 3738, 1394, 0, 0, 114, 130, 133, 151, 162, 301, 564, 913, 2295, 1698, 0, 0
15:18:25, 1017.10, 26.43, 26.96, 25.898, 90, 112, 156, 199, 228, 271, 390, 382, 1627, 647, 0, 0, 90, 103, 105, 120, 138, 256, 489, 791, 1901, 1420, 0, 0
15:18:26, 1017.00, 26.43, 26.87, 25.906, 142, 203, 271, 339, 769, 826, 1013, 1127, 4419, 1489, 0, 0, 125, 142, 147, 166, 182, 334, 618, 1007, 2568, 1915, 0, 0
15:18:26, 1016.90, 26.43, 26.92, 25.906, 263, 371, 522, 625, 543, 575, 792, 824, 3351, 1421, 0, 0, 94, 108, 108, 125, 146, 268, 523, 854, 2059, 1569, 0, 0
15:18:27, 1017.00, 26.43, 26.89, 25.906, 422, 618, 865, 1074, 1137, 1233, 1587, 1556, 5127, 1678, 0, 0, 93, 106, 106, 122, 147, 271, 528, 860, 2093, 1597, 0, 0
15:18:28, 1017.30, 26.44, 26.91, 25.898, 336, 536, 753, 860, 926, 972, 1230, 1396, 3998, 1357, 0, 0, 105, 119, 120, 138, 229, 414, 759, 1192, 3177, 2359, 0, 0
15:18:28, 1016.90, 26.44, 26.94, 25.883, 319, 487, 677, 821, 888, 962, 1204, 1299, 4340, 1502, 0, 0, 110, 125, 127, 146, 227, 404, 731, 1140, 3169, 2351, 0, 0
15:18:29, 1016.80, 26.44, 26.92, 25.883, 385, 522, 745, 925, 980, 1152, 1300, 1393, 4227, 1324, 0, 0, 95, 109, 117, 133, 235, 385, 656, 958, 2966, 2011, 0, 0
15:18:30, 1016.70, 26.41, 26.94, 26.000, 352, 535, 750, 875, 1133, 1146, 1444, 1579, 6383, 2035, 0, 0, 3216, 5011, 6788, 8481, 16192, 16115, 19751, 21683, 36000, 22310, 1, 1
15:18:30, 1016.80, 26.41, 26.92, 26.281, 225, 322, 449, 533, 517, 578, 683, 897, 2712, 1294, 0, 0, 8738, 13842, 19255, 23546, 25034, 24714, 29930, 31473, 36000, 26936, 1, 1
15:18:31, 1016.90, 26.40, 26.92, 26.281, 59, 69, 75, 81, 101, 177, 400, 538, 1344, 794, 0, 0, 6141, 9458, 13388, 16458, 20307, 20128, 24113, 25837, 36000, 27072, 1, 1
15:18:32, 1016.50, 26.39, 26.92, 26.391, 92, 109, 139, 142, 195, 237, 585, 722, 1569, 885, 0, 0, 5715, 9196, 12496, 15200, 15856, 16173, 20417, 21781, 35218, 18986, 0, 1
15:18:32, 1016.50, 26.39, 26.92, 26.484, 131, 183, 232, 298, 343, 447, 845, 913, 2000, 979, 0, 0, 162, 170, 171, 194, 153, 283, 914, 1504, 2525, 1276, 0, 0
15:18:33, 1016.90, 26.42, 26.91, 26.484, 165, 250, 314, 442, 188, 255, 467, 602, 1397, 638, 0, 0, 16205, 24754, 33845, 36000, 33599, 33447, 35940, 35978, 36000, 36000, 1, 1
15:18:34, 1017.00, 26.43, 26.94, 26.523, 90, 105, 134, 172, 890, 968, 1289, 1559, 7063, 2492, 0, 0, 8024, 12087, 17164, 19999, 21915, 21479, 26828, 28342, 36000, 36000, 1, 1
15:18:34, 1016.70, 26.42, 26.94, 26.453, 549, 834, 1194, 1505, 1518, 1557, 1912, 2129, 12088, 3681, 0, 0, 7582, 11910, 16305, 19827, 22386, 21586, 26356, 27988, 36000, 36000, 1, 1
15:18:35, 1016.80, 26.42, 26.92, 26.453, 235, 332, 407, 584, 526, 691, 1000, 1091, 4293, 1717, 0, 0, 8948, 13378, 18606, 22893, 23825, 23708, 29602, 29763, 36000, 31205, 1, 1
15:18:36, 1016.60, 26.41, 26.94, 26.445, 339, 450, 588, 719, 866, 1117, 1499, 1820, 4814, 1879, 0, 0, 7650, 11877, 16486, 20651, 23628, 23190, 29068, 29387, 36000, 28377, 1, 1
15:18:36, 1016.90, 26.40, 26.92, 26.406, 321, 411, 540, 648, 601, 784, 980, 1327, 3109, 1489, 0, 0, 8007, 12096, 17068, 20544, 23113, 22892, 27576, 28849, 36000, 26503, 1, 1
15:18:37, 1016.60, 26.40, 26.94, 26.406, 161, 203, 268, 351, 339, 449, 717, 826, 2263, 1135, 0, 0, 5407, 8450, 11807, 14282, 6613, 7199, 9307, 11019, 36000, 17594, 1, 1
15:18:38, 1016.50, 26.40, 26.96, 26.367, 94, 106, 127, 195, 281, 394, 645, 780, 2066, 1036, 0, 0, 66, 71, 72, 82, 79, 123, 416, 805, 1360, 672, 0, 0
15:18:38, 1016.60, 26.40, 26.98, 26.383, 119, 149, 183, 288, 361, 447, 762, 815, 2241, 1160, 0, 0, 102, 119, 128, 145, 235, 342, 894, 1565, 2899, 1321, 0, 0
15:18:39, 1016.00, 26.41, 26.99, 26.383, 69, 75, 89, 132, 327, 402, 678, 795, 1808, 867, 0, 0, 190, 215, 222, 266, 226, 349, 1182, 2216, 3583, 1635, 0, 0
15:18:40, 1016.50, 26.41, 26.96, 26.406, 45, 50, 60, 69, 92, 130, 244, 390, 921, 438, 0, 0, 365, 424, 502, 740, 2751, 2963, 4486, 5660, 18168, 7727, 0, 0
15:18:40, 1017.00, 26.43, 26.98, 26.437, 301, 398, 542, 614, 483, 537, 678, 899, 2849, 1677, 0, 0, 2980, 4766, 6749, 8722, 9673, 10258, 13150, 14084, 36000, 14362, 1, 1
15:18:41, 1017.10, 26.42, 26.92, 26.437, 96, 113, 146, 198, 313, 341, 542, 614, 2283, 1359, 0, 0, 2508, 3187, 4274, 5947, 4752, 6194, 8639, 10520, 33236, 13528, 0, 1
15:18:42, 1016.80, 26.42, 26.98, 26.445, 298, 413, 555, 706, 1767, 1752, 2153, 2445, 5336, 2165, 0, 0, 3541, 6329, 8414, 10696, 5498, 5914, 7587, 9352, 16225, 7774, 0, 0
15:18:42, 1016.60, 26.42, 26.94, 26.508, 1029, 1596, 2217, 2530, 2992, 3125, 3607, 4082, 11506, 3134, 0, 0, 188, 198, 198, 226, 672, 901, 1997, 2954, 4091, 1825, 0, 0
15:18:43, 1016.70, 26.42, 26.96, 26.508, 844, 1376, 1836, 2193, 2868, 2892, 3571, 3848, 9913, 2993, 0, 0, 8208, 13937, 19503, 23699, 28071, 28850, 34209, 36000, 36000, 35410, 1, 1
15:18:44, 1016.60, 26.42, 26.98, 26.844, 997, 1616, 2185, 2604, 3206, 3297, 3981, 4366, 11725, 3383, 0, 0, 7746, 13045, 18185, 22428, 24178, 25035, 30001, 33737, 36000, 28503, 1, 1
15:18:44, 1016.80, 26.42, 26.96, 26.758, 1066, 1780, 2387, 2871, 2723, 2856, 3569, 3807, 10006, 2882, 0, 0, 9214, 15282, 21477, 25846, 28467, 29182, 34172, 36000, 36000, 36000, 1, 1
15:18:45, 1016.70, 26.43, 26.99, 26.758, 830, 1306, 1775, 2112, 2407, 2591, 3170, 3438, 9353, 2768, 0, 0, 6048, 9295, 13112, 15880, 17979, 18756, 22650, 29127, 36000, 31734, 1, 1
15:18:46, 1016.80, 26.43, 26.96, 26.758, 794, 1168, 1632, 1909, 2230, 2402, 2945, 3170, 8309, 2554, 0, 0, 6020, 9117, 12723, 15919, 13241, 14116, 17604, 24645, 36000, 29187, 1, 1
15:18:46, 1016.90, 26.43, 26.96, 26.805, 727, 1035, 1422, 1717, 1602, 1859, 2300, 2557, 6162, 2052, 0, 0, 5046, 7770, 11181, 13766, 15753, 16234, 20151, 25845, 36000, 23331, 1, 1
15:18:47, 1016.80, 26.44, 26.99, 26.805, 638, 897, 1226, 1466, 1167, 1406, 1941, 2152, 4707, 1697, 0, 0, 3909, 6137, 8512, 10792, 10948, 12085, 16309, 20171, 36000, 14360, 1, 1
15:18:48, 1017.00, 26.44, 27.01, 26.883, 1000, 1555, 2156, 2524, 3206, 3354, 3949, 4261, 19893, 5688, 0, 0, 4254, 7291, 9971, 12911, 15643, 16429, 20076, 22649, 36000, 24028, 1, 1
15:18:48, 1016.90, 26.45, 26.98, 26.852, 1025, 1639, 2224, 2652, 2938, 2984, 3678, 4007, 16632, 4780, 0, 0, 3739, 6016, 8552, 10923, 9240, 9456, 11365, 12167, 15554, 3902, 0, 0
15:18:49, 1017.20, 26.46, 27.01, 26.852, 964, 1462, 2038, 2451, 2620, 2738, 3348, 3539, 16740, 4857, 0, 0, 2116, 3548, 5092, 6397, 4560, 4635, 5791, 5476, 14060, 3768, 0, 0
15:18:50, 1017.20, 26.46, 26.98, 26.766, 1303, 2100, 2900, 3396, 3377, 3497, 4198, 4527, 19691, 5557, 0, 0, 843, 1272, 1933, 2576, 3070, 2968, 3698, 3271, 11107, 2577, 0, 0
15:18:50, 1017.00, 26.46, 26.99, 26.703, 1264, 1981, 2726, 3251, 3946, 4044, 4826, 5240, 21034, 5802, 0, 0, 655, 1023, 1595, 2103, 2572, 2501, 2851, 2784, 10338, 2304, 0, 0
15:18:51, 1017.20, 26.46, 26.98, 26.703, 1149, 1841, 2518, 2970, 3314, 3348, 4033, 4383, 18809, 5378, 0, 0, 784, 1038, 1632, 2145, 2312, 2297, 2591, 2528, 8814, 2090, 0, 0
15:18:52, 1017.10, 26.46, 26.99, 26.664, 1035, 1634, 2220, 2698, 2870, 2915, 3574, 3818, 13498, 3809, 0, 0, 529, 821, 1297, 1727, 1938, 1895, 2207, 2100, 6476, 1887, 0, 0
15:18:52, 1017.20, 26.46, 26.98, 26.648, 1008, 1655, 2251, 2682, 2794, 2860, 3524, 3756, 11318, 3167, 0, 0, 409, 666, 1050, 1432, 1931, 1886, 2092, 2057, 5291, 1078, 0, 0
15:18:53, 1019.90, 26.60, 27.03, 26.648, 1104, 1726, 2409, 2809, 2888, 2946, 3551, 3814, 9074, 2367, 0, 0, 127, 212, 449, 763, 1185, 1145, 1164, 976, 2526, 208, 0, 0
15:18:54, 1017.50, 26.83, 26.98, 27.203, 1043, 1594, 2237, 2647, 3093, 3164, 3749, 4141, 9883, 2759, 0, 0, 112, 183, 388, 668, 1009, 977, 980, 809, 2056, 170, 0, 0
15:18:54, 1024.10, 27.01, 26.99, 27.867, 1091, 1698, 2383, 2776, 2976, 3091, 3652, 3996, 9372, 2283, 0, 0, 108, 176, 382, 665, 1022, 990, 992, 819, 1983, 157, 0, 0
15:18:55, 1026.80, 27.14, 27.01, 27.867, 964, 1527, 2127, 2599, 2564, 2720, 3076, 3414, 9156, 1682, 0, 0, 116, 189, 410, 718, 1116, 1082, 1093, 899, 2255, 180, 0, 0
15:18:56, 1020.10, 27.25, 27.01, 28.180, 902, 1453, 2095, 2524, 2902, 3037, 3536, 3848, 9908, 1563, 0, 0, 117, 190, 415, 729, 1181, 1144, 1154, 945, 2315, 185, 0, 0
15:18:56, 1024.10, 27.34, 26.98, 28.391, 1122, 1729, 2401, 2877, 2336, 2444, 2844, 3112, 6278, 1364, 0, 0, 120, 196, 424, 740, 1111, 1075, 1076, 881, 2212, 176, 0, 0
15:18:57, 1032.30, 27.40, 27.01, 28.391, 735, 1146, 1643, 2020, 2063, 2089, 2519, 2696, 5507, 829, 0, 0, 115, 186, 411, 729, 1008, 977, 973, 791, 1983, 155, 0, 0
15:18:58, 1030.40, 27.46, 27.01, 28.508, 896, 1513, 2216, 2720, 2653, 2709, 3209, 3503, 7703, 1050, 0, 0, 104, 166, 376, 682, 1273, 1236, 1250, 1014, 2551, 203, 0, 0
15:18:58, 1024.40, 27.51, 27.03, 28.578, 594, 985, 1477, 1847, 2150, 2270, 2590, 2822, 6914, 857, 0, 0, 104, 167, 371, 666, 1076, 1041, 1040, 836, 2050, 161, 0, 0
15:18:59, 1033.40, 27.55, 27.03, 28.578, 793, 1308, 1868, 2266, 2640, 2700, 3189, 3436, 8179, 1235, 0, 0, 116, 187, 419, 749, 1093, 1058, 1057, 861, 2152, 167, 0, 0
15:19:00, 1030.70, 27.58, 27.03, 28.602, 774, 1285, 1934, 2502, 2400, 2453, 2908, 3104, 6951, 816, 0, 0, 113, 180, 408, 740, 1282, 1243, 1255, 1007, 2376, 186, 0, 0
15:19:00, 1029.40, 27.61, 27.03, 28.641, 435, 698, 1054, 1300, 1512, 1602, 1843, 1996, 3783, 465, 0, 0, 123, 200, 447, 798, 1217, 1179, 1185, 959, 2381, 187, 0, 0
15:19:01, 1032.00, 27.64, 27.03, 28.641, 589, 943, 1396, 1730, 1989, 2102, 2434, 2659, 5261, 655, 0, 0, 99, 157, 355, 645, 1016, 987, 978, 785, 1939, 151, 0, 0
15:19:02, 1037.60, 27.67, 26.98, 28.664, 651, 1082, 1596, 1982, 2588, 2705, 3178, 3417, 7250, 821, 0, 0, 95, 152, 342, 618, 939, 915, 901, 731, 1816, 141, 0, 0
15:19:02, 1028.70, 27.69, 26.98, 28.672, 616, 1042, 1595, 1937, 2250, 2336, 2704, 2978, 6220, 646, 0, 0, 88, 138, 319, 590, 1152, 1122, 1120, 896, 2296, 181, 0, 0
15:19:03, 1028.10, 27.70, 26.99, 28.672, 759, 1158, 1656, 2040, 2227, 2378, 2675, 2930, 7744, 1329, 0, 0, 108, 174, 384, 685, 1131, 1095, 1097, 893, 2169, 169, 0, 0
15:19:04, 1028.70, 27.72, 26.99, 28.672, 674, 1114, 1616, 1943, 2026, 2009, 2360, 2588, 4875, 623, 0, 0, 136, 218, 481, 854, 1335, 1290, 1307, 1058, 2450, 191, 0, 0
15:19:04, 1036.70, 27.73, 26.96, 28.687, 601, 958, 1434, 1731, 2113, 2177, 2526, 2760, 5904, 719, 0, 0, 103, 165, 376, 684, 1063, 1031, 1029, 825, 1976, 152, 0, 0
15:19:05, 1024.10, 27.75, 27.01, 28.687, 500, 842, 1308, 1624, 1990, 1973, 2369, 2516, 5007, 546, 0, 0, 107, 170, 384, 697, 1152, 1113, 1115, 896, 2112, 164, 0, 0
15:19:06, 1027.50, 27.76, 27.01, 28.687, 907, 1467, 2066, 2540, 2628, 2711, 3239, 3444, 9190, 1622, 0, 0, 130, 211, 461, 808, 1235, 1193, 1192, 971, 2413, 190, 0, 0
15:19:06, 1037.00, 27.77, 26.99, 28.695, 762, 1269, 1836, 2322, 2254, 2358, 2748, 2931, 9349, 1361, 0, 0, 98, 160, 349, 618, 958, 931, 921, 750, 2004, 157, 0, 0
15:19:07, 1036.70, 27.78, 26.99, 28.695, 587, 964, 1450, 1831, 1740, 1793, 2081, 2323, 3637, 412, 0, 0, 110, 175, 397, 723, 1246, 1215, 1213, 983, 2766, 221, 0, 0
15:19:08, 1032.70, 27.80, 26.98, 28.695, 312, 524, 790, 1062, 1117, 1191, 1357, 1427, 3679, 415, 0, 0, 129, 206, 455, 816, 1218, 1187, 1181, 955, 2694, 216, 0, 0
15:19:09, 1049.30, 27.82, 26.99, 28.711, 777, 1377, 2016, 2574, 2917, 2928, 3583, 3691, 7871, 740, 0, 0, 92, 144, 332, 611, 934, 907, 884, 702, 1656, 126, 0, 0
15:19:09, 1056.40, 27.83, 27.03, 28.711, 405, 735, 1173, 1576, 1620, 1699, 1962, 2083, 4161, 347, 0, 0, 79, 119, 289, 559, 953, 933, 914, 713, 1866, 144, 0, 0
15:19:10, 1052.30, 27.84, 26.98, 28.703, 451, 804, 1343, 1790, 1892, 1972, 2256, 2379, 4078, 305, 0, 0, 96, 146, 353, 678, 1307, 1271, 1277, 1000, 2332, 179, 0, 0
15:19:11, 1066.10, 27.85, 26.99, 28.711, 284, 486, 836, 1111, 1746, 1762, 2037, 2157, 3832, 291, 0, 0, 73, 110, 268, 522, 873, 855, 833, 655, 1726, 131, 0, 0
15:19:11, 1082.60, 27.85, 27.01, 28.711, 305, 555, 997, 1376, 2091, 2112, 2452, 2561, 7415, 553, 0, 0, 61, 88, 225, 456, 830, 816, 796, 612, 1503, 114, 0, 0
15:19:12, 1083.30, 27.86, 27.03, 28.703, 198, 356, 668, 958, 1004, 1059, 1160, 1200, 1821, 122, 0, 0, 76, 108, 276, 564, 887, 873, 855, 651, 1573, 120, 0, 0
15:19:13, 1089.10, 27.87, 27.01, 28.711, 278, 525, 966, 1418, 1838, 1924, 2165, 2191, 4372, 275, 0, 0, 55, 77, 200, 418, 726, 717, 689, 526, 1358, 103, 0, 0
15:19:13, 1105.60, 27.88, 27.05, 28.711, 251, 466, 894, 1349, 1790, 1864, 2104, 2047, 5796, 384, 0, 0, 48, 65, 171, 362, 634, 628, 599, 451, 1192, 91, 0, 0
15:19:14, 1108.20, 27.89, 26.99, 28.711, 170, 320, 647, 1009, 1368, 1435, 1612, 1569, 3003, 181, 0, 0, 44, 57, 156, 343, 654, 650, 621, 462, 1196, 91, 0, 0
15:19:15, 1110.20, 27.89, 27.01, 28.719, 115, 203, 421, 659, 842, 881, 964, 953, 1563, 100, 0, 0, 54, 69, 187, 410, 678, 674, 646, 479, 1216, 93, 0, 0
15:19:15, 1122.60, 27.89, 27.01, 28.719, 178, 344, 703, 1106, 1413, 1468, 1612, 1604, 4191, 270, 0, 0, 44, 56, 152, 335, 586, 586, 554, 415, 1135, 86, 0, 0
15:19:16, 1132.20, 27.90, 27.01, 28.703, 127, 233, 502, 830, 1117, 1176, 1305, 1251, 2447, 149, 0, 0, 35, 42, 116, 270, 522, 522, 492, 359, 942, 72, 0, 0
15:19:17, 1132.70, 27.90, 27.03, 28.703, 97, 173, 378, 631, 900, 940, 1036, 996, 1790, 111, 0, 0, 38, 45, 125, 292, 549, 549, 518, 377, 969, 74, 0, 0
15:19:17, 1135.40, 27.91, 27.01, 28.703, 119, 220, 479, 814, 1185, 1246, 1389, 1309, 2970, 182, 0, 0, 32, 38, 107, 252, 498, 500, 468, 341, 915, 70, 0, 0
15:19:18, 1147.30, 27.91, 27.03, 28.703, 114, 211, 469, 794, 1119, 1171, 1285, 1227, 3037, 193, 0, 0, 31, 35, 100, 236, 456, 458, 428, 309, 827, 63, 0, 0
15:19:19, 1158.70, 27.92, 26.99, 28.703, 87, 152, 349, 621, 930, 980, 1082, 997, 2063, 127, 0, 0, 27, 30, 85, 209, 423, 427, 395, 283, 751, 57, 0, 0
15:19:19, 1155.60, 27.92, 27.01, 28.703, 74, 126, 296, 533, 720, 757, 817, 760, 1448, 91, 0, 0, 31, 34, 95, 236, 484, 488, 457, 324, 841, 65, 0, 0
15:19:20, 1162.10, 27.93, 27.01, 28.703, 71, 119, 283, 516, 822, 862, 934, 868, 1759, 109, 0, 0, 27, 30, 85, 210, 422, 426, 395, 283, 764, 59, 0, 0
15:19:21, 1171.10, 27.93, 27.01, 28.703, 79, 137, 331, 601, 940, 992, 1089, 990, 2480, 158, 0, 0, 25, 27, 76, 189, 387, 393, 363, 258, 698, 54, 0, 0
15:19:21, 1171.10, 27.94, 27.05, 28.703, 69, 116, 280, 528, 797, 839, 916, 827, 1787, 112, 0, 0, 24, 25, 72, 183, 401, 406, 376, 265, 709, 55, 0, 0
15:19:22, 1173.60, 27.94, 27.03, 28.695, 58, 92, 225, 427, 695, 731, 790, 715, 1393, 87, 0, 0, 25, 26, 76, 192, 390, 395, 364, 257, 686, 53, 0, 0
15:19:23, 1185.30, 27.94, 27.05, 28.703, 70, 118, 290, 543, 820, 865, 942, 851, 2225, 144, 0, 0, 23, 24, 68, 173, 349, 355, 326, 230, 645, 49, 0, 0
15:19:23, 1189.10, 27.95, 27.03, 28.703, 56, 90, 224, 442, 691, 729, 790, 697, 1536, 97, 0, 0, 20, 20, 56, 149, 332, 338, 309, 216, 597, 46, 0, 0
15:19:24, 1182.70, 27.95, 27.05, 28.695, 46, 70, 177, 355, 577, 611, 653, 577, 1206, 77, 0, 0, 23, 24, 68, 176, 391, 398, 368, 257, 681, 52, 0, 0
15:19:25, 1187.30, 27.96, 27.01, 28.703, 51, 80, 198, 383, 667, 701, 762, 683, 1357, 86, 0, 0, 21, 22, 62, 162, 346, 352, 323, 226, 616, 47, 0, 0
15:19:25, 1193.20, 27.96, 27.01, 28.703, 56, 87, 222, 442, 691, 735, 796, 696, 1885, 124, 0, 0, 20, 20, 57, 151, 322, 329, 300, 209, 573, 44, 0, 0
15:19:26, 1196.70, 27.97, 27.03, 28.695, 49, 76, 190, 377, 642, 676, 729, 648, 1436, 92, 0, 0, 19, 19, 54, 144, 314, 321, 293, 203, 558, 43, 0, 0
15:19:27, 1200.40, 27.97, 27.05, 28.703, 48, 73, 186, 376, 607, 639, 687, 604, 1300, 83, 0, 0, 19, 18, 53, 142, 307, 314, 285, 197, 543, 41, 0, 0
15:19:27, 1206.80, 27.97, 27.05, 28.703, 50, 77, 195, 401, 654, 691, 748, 646, 1627, 105, 0, 0, 18, 17, 49, 133, 293, 301, 274, 190, 532, 41, 0, 0
15:19:28, 1209.60, 27.97, 27.07, 28.695, 47, 71, 182, 374, 613, 649, 698, 608, 1414, 91, 0, 0, 17, 17, 48, 130, 288, 296, 269, 185, 515, 40, 0, 0
15:19:29, 1210.70, 27.97, 27.01, 28.711, 44, 65, 168, 352, 577, 611, 657, 566, 1302, 84, 0, 0, 16, 15, 44, 121, 282, 291, 264, 180, 495, 38, 0, 0
15:19:29, 1217.20, 27.97, 27.01, 28.711, 38, 55, 143, 302, 555, 587, 630, 543, 1221, 78, 0, 0, 16, 15, 43, 120, 276, 285, 258, 178, 502, 38, 0, 0
15:19:30, 1227.90, 27.98, 27.03, 28.695, 38, 56, 146, 310, 511, 540, 582, 499, 1270, 83, 0, 0, 14, 13, 37, 105, 241, 250, 224, 153, 430, 33, 0, 0
15:19:31, 1226.60, 27.98, 27.03, 28.687, 33, 45, 119, 262, 461, 490, 523, 441, 1086, 71, 0, 0, 14, 12, 35, 101, 243, 252, 226, 153, 439, 34, 0, 0
15:19:31, 1227.20, 27.98, 27.03, 28.687, 29, 40, 104, 230, 437, 464, 494, 419, 1006, 66, 0, 0, 14, 13, 37, 104, 242, 251, 225, 153, 436, 33, 0, 0
15:19:32, 1236.60, 27.98, 27.07, 28.680, 34, 47, 125, 273, 466, 496, 525, 446, 1065, 70, 0, 0, 13, 12, 33, 96, 221, 230, 205, 138, 397, 30, 0, 0
15:19:33, 1240.00, 27.98, 27.01, 28.680, 29, 39, 103, 231, 423, 452, 478, 400, 972, 64, 0, 0, 12, 11, 30, 88, 213, 222, 198, 133, 384, 29, 0, 0
15:19:33, 1239.30, 27.99, 26.99, 28.680, 29, 38, 102, 230, 417, 444, 469, 393, 936, 61, 0, 0, 12, 11, 31, 89, 218, 227, 203, 136, 384, 29, 0, 0
15:19:34, 1247.70, 27.99, 27.07, 28.672, 29, 39, 103, 233, 420, 450, 474, 394, 965, 63, 0, 0, 12, 10, 29, 84, 200, 208, 184, 123, 361, 28, 0, 0
15:19:35, 1251.90, 28.00, 27.05, 28.680, 26, 34, 91, 208, 382, 408, 428, 354, 838, 55, 0, 0, 11, 9, 26, 76, 188, 196, 173, 115, 328, 25, 0, 0
15:19:35, 1256.80, 28.00, 27.07, 28.680, 26, 33, 89, 205, 375, 399, 419, 347, 804, 52, 0, 0, 10, 9, 25, 75, 182, 190, 167, 111, 320, 24, 0, 0
15:19:36, 1262.60, 28.00, 27.05, 28.680, 24, 30, 82, 193, 357, 381, 399, 326, 805, 53, 0, 0, 9, 8, 22, 67, 168, 176, 154, 101, 290, 22, 0, 0
15:19:37, 1263.90, 28.01, 27.01, 28.687, 22, 27, 74, 177, 335, 358, 373, 305, 725, 48, 0, 0, 9, 8, 22, 66, 167, 175, 153, 100, 290, 22, 0, 0
15:19:37, 1270.60, 28.01, 27.05, 28.687, 22, 28, 75, 178, 338, 361, 377, 307, 771, 51, 0, 0, 9, 7, 21, 64, 160, 168, 146, 96, 284, 22, 0, 0
15:19:38, 1274.40, 28.01, 27.05, 28.680, 20, 25, 67, 163, 308, 331, 343, 277, 676, 45, 0, 0, 8, 7, 19, 58, 150, 158, 137, 89, 261, 20, 0, 0
15:19:39, 1273.90, 28.01, 27.05, 28.680, 20, 24, 64, 155, 300, 321, 332, 269, 636, 42, 0, 0, 8, 7, 19, 58, 152, 159, 138, 90, 258, 20, 0, 0
15:19:39, 1282.00, 28.00, 27.07, 28.680, 19, 22, 60, 148, 291, 311, 321, 259, 622, 41, 0, 0, 8, 6, 18, 55, 142, 150, 130, 84, 252, 19, 0, 0
15:19:40, 1284.50, 28.00, 27.07, 28.680, 18, 21, 56, 138, 272, 292, 301, 240, 584, 39, 0, 0, 7, 6, 17, 53, 138, 146, 126, 81, 239, 18, 0, 0
15:19:41, 1287.30, 28.00, 27.07, 28.680, 18, 21, 56, 140, 274, 294, 303, 243, 582, 38, 0, 0, 7, 6, 17, 53, 136, 144, 124, 80, 235, 18, 0, 0
15:19:41, 1295.70, 28.00, 27.07, 28.680, 16, 19, 52, 129, 252, 272, 279, 220, 575, 39, 0, 0, 6, 5, 14, 46, 122, 129, 110, 70, 208, 16, 0, 0
15:19:42, 1292.50, 28.00, 27.08, 28.680, 15, 17, 46, 118, 238, 258, 262, 206, 508, 34, 0, 0, 7, 5, 15, 47, 128, 135, 116, 74, 217, 16, 0, 0
15:19:43, 1301.20, 28.00, 27.07, 28.687, 16, 18, 49, 123, 252, 272, 278, 220, 555, 37, 0, 0, 7, 5, 14, 46, 123, 130, 111, 71, 216, 16, 0, 0
15:19:43, 1306.20, 28.01, 27.03, 28.687, 14, 16, 43, 111, 221, 239, 242, 189, 460, 31, 0, 0, 6, 5, 13, 41, 111, 118, 100, 63, 189, 14, 0, 0
15:19:44, 1311.10, 28.01, 27.08, 28.680, 13, 15, 39, 102, 210, 228, 230, 178, 438, 29, 0, 0, 6, 4, 12, 39, 107, 113, 96, 61, 184, 14, 0, 0
15:19:45, 1312.60, 28.02, 27.03, 28.687, 13, 14, 37, 97, 199, 216, 217, 168, 409, 27, 0, 0, 5, 4, 11, 38, 104, 111, 94, 59, 176, 13, 0, 0
15:19:45, 1315.90, 28.02, 27.03, 28.687, 13, 14, 36, 96, 202, 220, 221, 172, 426, 29, 0, 0, 5, 4, 11, 37, 103, 109, 93, 59, 178, 13, 0, 0
15:19:46, 1317.60, 28.02, 27.07, 28.680, 12, 13, 35, 94, 194, 212, 212, 164, 405, 27, 0, 0, 5, 4, 11, 35, 99, 105, 89, 56, 170, 13, 0, 0
15:19:47, 1320.40, 28.02, 27.08, 28.672, 12, 13, 33, 89, 186, 202, 202, 156, 381, 26, 0, 0, 5, 4, 11, 35, 98, 104, 88, 55, 167, 12, 0, 0
15:19:47, 1320.80, 28.03, 27.07, 28.672, 11, 12, 32, 87, 183, 199, 199, 153, 384, 26, 0, 0, 5, 4, 10, 34, 98, 105, 89, 55, 166, 12, 0, 0
15:19:48, 1319.70, 28.03, 27.03, 28.672, 11, 12, 32, 87, 184, 201, 201, 154, 376, 25, 0, 0, 5, 4, 10, 35, 99, 106, 90, 56, 164, 12, 0, 0
15:19:49, 1316.60, 28.04, 27.05, 28.680, 11, 12, 32, 85, 171, 187, 185, 143, 323, 22, 0, 0, 6, 4, 12, 39, 106, 113, 97, 60, 174, 13, 0, 0
15:19:49, 1331.10, 28.04, 27.05, 28.680, 11, 12, 31, 86, 175, 191, 191, 143, 431, 29, 0, 0, 5, 3, 10, 33, 88, 95, 80, 50, 151, 11, 0, 0
15:19:50, 1338.80, 28.04, 27.08, 28.672, 10, 10, 26, 72, 158, 173, 172, 129, 331, 22, 0, 0, 4, 3, 8, 28, 80, 86, 72, 44, 134, 10, 0, 0
15:19:51, 1344.70, 28.05, 27.07, 28.680, 9, 10, 25, 69, 152, 166, 165, 123, 325, 22, 0, 0, 4, 3, 8, 26, 76, 82, 68, 42, 130, 10, 0, 0
15:19:51, 1346.90, 28.06, 27.07, 28.680, 8, 9, 22, 64, 141, 155, 153, 114, 296, 20, 0, 0, 3, 2, 7, 24, 73, 78, 65, 40, 123, 9, 0, 0
15:19:52, 1351.90, 28.06, 27.05, 28.672, 8, 8, 21, 59, 135, 148, 145, 108, 276, 19, 0, 0, 3, 2, 7, 24, 70, 76, 63, 38, 118, 9, 0, 0
15:19:53, 1351.10, 28.06, 27.08, 28.680, 7, 8, 19, 56, 125, 138, 134, 99, 256, 17, 0, 0, 3, 2, 6, 23, 69, 74, 62, 37, 114, 8, 0, 0
15:19:53, 1350.90, 28.06, 27.08, 28.680, 7, 7, 18, 52, 118, 131, 127, 94, 235, 16, 0, 0, 3, 3, 7, 24, 71, 76, 63, 38, 117, 8, 0, 0
15:19:54, 1355.30, 28.07, 27.08, 28.672, 8, 8, 20, 60, 132, 146, 143, 106, 292, 20, 0, 0, 3, 2, 6, 23, 68, 73, 61, 37, 116, 8, 0, 0
15:19:55, 1361.80, 28.07, 27.12, 28.680, 7, 8, 19, 55, 124, 137, 133, 98, 260, 18, 0, 0, 3, 2, 6, 21, 63, 68, 56, 34, 107, 8, 0, 0
15:19:55, 1368.60, 28.07, 27.10, 28.680, 7, 7, 17, 49, 113, 125, 121, 89, 232, 16, 0, 0, 3, 2, 5, 19, 58, 63, 52, 31, 97, 7, 0, 0
15:19:56, 1378.20, 28.08, 27.07, 28.680, 6, 6, 15, 45, 104, 115, 111, 81, 215, 15, 0, 0, 2, 2, 5, 17, 52, 57, 47, 28, 88, 6, 0, 0
15:19:57, 1384.70, 28.08, 27.08, 28.680, 5, 5, 13, 39, 93, 103, 99, 71, 193, 13, 0, 0, 2, 1, 4, 15, 48, 52, 43, 25, 80, 6, 0, 0
15:19:57, 1392.30, 28.08, 27.08, 28.680, 5, 5, 12, 36, 87, 97, 93, 66, 180, 12, 0, 0, 2, 1, 4, 14, 45, 49, 39, 23, 75, 5, 0, 0
15:19:58, 1399.20, 28.08, 27.07, 28.672, 4, 5, 10, 32, 79, 88, 84, 60, 160, 11, 0, 0, 2, 1, 3, 13, 41, 45, 36, 21, 69, 5, 0, 0
15:19:59, 1397.20, 28.08, 27.07, 28.680, 4, 4, 9, 30, 75, 84, 79, 56, 150, 10, 0, 0, 2, 1, 3, 12, 42, 45, 37, 21, 68, 5, 0, 0
15:19:59, 1397.80, 28.08, 27.08, 28.680, 4, 4, 9, 29, 75, 84, 79, 56, 146, 10, 0, 0, 2, 1, 3, 13, 42, 46, 37, 21, 68, 5, 0, 0
15:20:00, 1402.80, 28.08, 27.05, 28.680, 4, 4, 10, 31, 77, 86, 81, 58, 160, 11, 0, 0, 2, 1, 3, 12, 40, 44, 35, 21, 67, 5, 0, 0
15:20:01, 1408.30, 28.08, 27.10, 28.680, 4, 4, 9, 28, 71, 79, 75, 52, 145, 10, 0, 0, 1, 1, 3, 11, 37, 41, 33, 19, 63, 4, 0, 0
15:20:02, 1406.90, 28.09, 27.07, 28.680, 4, 4, 8, 25, 62, 70, 65, 46, 115, 8, 0, 0, 2, 1, 3, 12, 39, 43, 35, 20, 64, 4, 0, 0
15:20:02, 1412.30, 28.09, 27.08, 28.672, 4, 4, 8, 27, 68, 77, 72, 50, 148, 10, 0, 0, 1, 1, 3, 11, 36, 39, 31, 18, 58, 4, 0, 0
15:20:03, 1421.20, 28.09, 27.08, 28.680, 3, 4, 7, 24, 64, 72, 67, 46, 132, 9, 0, 0, 1, 1, 2, 10, 33, 37, 29, 17, 57, 4, 0, 0
15:20:04, 1423.00, 28.10, 27.10, 28.680, 3, 3, 7, 23, 59, 66, 62, 42, 116, 8, 0, 0, 1, 1, 2, 9, 32, 35, 27, 16, 52, 3, 0, 0
15:20:04, 1428.40, 28.10, 27.07, 28.672, 3, 3, 7, 22, 60, 67, 62, 43, 122, 9, 0, 0, 1, 1, 2, 9, 31, 34, 27, 16, 52, 3, 0, 0
15:20:05, 1433.50, 28.11, 27.08, 28.680, 3, 3, 6, 21, 55, 62, 57, 39, 114, 8, 0, 0, 1, 0, 2, 8, 28, 31, 24, 14, 46, 3, 0, 0
15:20:06, 1432.00, 28.11, 27.08, 28.680, 3, 3, 6, 20, 54, 60, 56, 38, 111, 8, 0, 0, 1, 0, 2, 8, 29, 32, 25, 14, 47, 3, 0, 0
15:20:06, 1435.20, 28.11, 27.08, 28.680, 3, 3, 6, 20, 54, 61, 56, 38, 109, 8, 0, 0, 1, 0, 2, 8, 28, 31, 24, 14, 45, 3, 0, 0
15:20:07, 1439.80, 28.10, 27.08, 28.687, 3, 3, 6, 19, 52, 58, 54, 36, 105, 7, 0, 0, 1, 0, 2, 7, 26, 29, 23, 13, 43, 3, 0, 0
15:20:08, 1442.30, 28.10, 27.08, 28.687, 2, 3, 5, 18, 49, 55, 50, 34, 98, 7, 0, 0, 1, 0, 2, 7, 26, 28, 22, 13, 42, 3, 0, 0
15:20:08, 1442.50, 28.10, 27.08, 28.680, 2, 3, 5, 17, 47, 54, 49, 33, 94, 7, 0, 0, 1, 0, 2, 7, 26, 28, 22, 13, 42, 3, 0, 0
15:20:09, 1448.50, 28.10, 27.14, 28.680, 2, 3, 5, 18, 48, 55, 50, 34, 97, 7, 0, 0, 1, 0, 1, 7, 24, 27, 21, 12, 40, 2, 0, 0
15:20:10, 1453.40, 28.10, 27.12, 28.680, 2, 2, 5, 16, 45, 51, 46, 31, 90, 6, 0, 0, 1, 0, 1, 6, 23, 25, 20, 11, 37, 2, 0, 0
15:20:10, 1454.00, 28.10, 27.08, 28.687, 2, 2, 4, 15, 43, 49, 44, 29, 87, 6, 0, 0, 0, 0, 1, 6, 22, 25, 19, 11, 36, 2, 0, 0
15:20:11, 1458.70, 28.11, 27.10, 28.680, 2, 2, 4, 15, 43, 48, 44, 29, 83, 6, 0, 0, 1, 0, 1, 6, 22, 25, 19, 11, 37, 2, 0, 0
15:20:12, 1463.50, 28.11, 27.07, 28.680, 2, 2, 4, 14, 40, 45, 41, 27, 78, 6, 0, 0, 0, 0, 1, 5, 20, 23, 18, 10, 33, 2, 0, 0
15:20:12, 1466.30, 28.11, 27.08, 28.672, 2, 2, 4, 14, 39, 44, 40, 26, 77, 6, 0, 0, 0, 0, 1, 5, 19, 22, 17, 9, 32, 2, 0, 0
15:20:13, 1471.00, 28.11, 27.08, 28.680, 2, 2, 4, 13, 38, 43, 39, 26, 76, 5, 0, 0, 0, 0, 1, 5, 19, 21, 16, 9, 31, 2, 0, 0
15:20:14, 1471.70, 28.11, 27.08, 28.680, 2, 2, 3, 12, 35, 40, 36, 24, 69, 5, 0, 0, 0, 0, 1, 5, 19, 20, 16, 9, 30, 2, 0, 0
15:20:14, 1468.90, 28.11, 27.12, 28.672, 2, 2, 3, 12, 35, 40, 36, 24, 66, 5, 0, 0, 0, 0, 1, 5, 19, 21, 16, 9, 30, 2, 0, 0
15:20:15, 1465.20, 28.12, 27.16, 28.680, 2, 2, 3, 12, 37, 42, 37, 25, 68, 5, 0, 0, 0, 0, 1, 5, 20, 22, 17, 9, 31, 2, 0, 0
15:20:16, 1459.10, 28.12, 27.08, 28.680, 2, 2, 3, 13, 38, 43, 38, 25, 65, 5, 0, 0, 0, 0, 1, 6, 22, 24, 19, 10, 33, 2, 0, 0
15:20:16, 1462.60, 28.12, 27.10, 28.680, 2, 2, 4, 14, 40, 45, 41, 27, 72, 5, 0, 0, 0, 0, 1, 6, 21, 23, 18, 10, 33, 2, 0, 0
15:20:17, 1459.10, 28.12, 27.12, 28.680, 2, 2, 4, 14, 38, 43, 39, 26, 68, 5, 0, 0, 0, 0, 1, 6, 23, 25, 19, 11, 34, 2, 0, 0
15:20:18, 1460.50, 28.12, 27.10, 28.680, 2, 2, 4, 13, 39, 44, 40, 26, 71, 5, 0, 0, 0, 0, 1, 6, 21, 23, 18, 10, 33, 2, 0, 0
15:20:18, 1456.50, 28.12, 27.12, 28.672, 2, 2, 4, 14, 39, 45, 40, 27, 77, 6, 0, 0, 0, 0, 1, 6, 22, 25, 19, 11, 36, 2, 0, 0
15:20:19, 1454.10, 28.12, 27.10, 28.680, 2, 2, 3, 12, 36, 41, 37, 25, 70, 5, 0, 0, 1, 0, 1, 6, 23, 25, 20, 11, 37, 2, 0, 0
15:20:20, 1451.60, 28.13, 27.10, 28.680, 2, 2, 4, 15, 42, 48, 43, 29, 84, 6, 0, 0, 0, 0, 1, 6, 23, 26, 20, 11, 37, 2, 0, 0
15:20:20, 1445.10, 28.13, 27.08, 28.672, 2, 2, 3, 13, 37, 43, 38, 26, 71, 5, 0, 0, 1, 0, 1, 7, 25, 28, 22, 12, 40, 3, 0, 0
15:20:21, 1438.30, 28.14, 27.10, 28.680, 2, 2, 4, 14, 40, 46, 42, 28, 74, 5, 0, 0, 1, 0, 2, 7, 27, 30, 24, 14, 43, 3, 0, 0
15:20:22, 1434.60, 28.14, 27.12, 28.680, 2, 2, 4, 16, 46, 52, 48, 32, 86, 6, 0, 0, 1, 0, 2, 7, 27, 30, 24, 13, 43, 3, 0, 0
15:20:22, 1427.30, 28.15, 27.12, 28.672, 2, 2, 5, 17, 47, 54, 49, 34, 89, 6, 0, 0, 1, 0, 2, 8, 29, 32, 25, 14, 46, 3, 0, 0
15:20:23, 1423.30, 28.15, 27.12, 28.680, 3, 3, 6, 19, 54, 61, 56, 39, 104, 7, 0, 0, 1, 0, 2, 8, 29, 32, 26, 15, 48, 3, 0, 0
15:20:24, 1416.50, 28.15, 27.12, 28.680, 3, 3, 6, 20, 54, 62, 57, 40, 104, 7, 0, 0, 1, 1, 2, 9, 32, 35, 28, 16, 51, 3, 0, 0
15:20:24, 1412.40, 28.15, 27.16, 28.664, 3, 3, 7, 22, 58, 66, 62, 43, 114, 8, 0, 0, 1, 1, 2, 10, 33, 37, 29, 17, 53, 3, 0, 0
15:20:25, 1407.00, 28.15, 27.16, 28.680, 3, 3, 7, 23, 60, 68, 64, 45, 114, 8, 0, 0, 1, 1, 2, 10, 35, 38, 31, 18, 55, 4, 0, 0
15:20:26, 1399.60, 28.16, 27.14, 28.680, 3, 3, 7, 24, 62, 70, 66, 47, 118, 8, 0, 0, 1, 1, 3, 11, 38, 42, 34, 20, 61, 4, 0, 0
15:20:26, 1395.90, 28.16, 27.12, 28.672, 4, 4, 8, 25, 64, 72, 68, 48, 124, 9, 0, 0, 2, 1, 3, 12, 39, 43, 35, 21, 64, 4, 0, 0
15:20:27, 1392.60, 28.16, 27.12, 28.672, 4, 4, 8, 27, 70, 79, 75, 53, 139, 10, 0, 0, 2, 1, 3, 12, 40, 44, 36, 21, 66, 4, 0, 0
15:20:28, 1385.60, 28.16, 27.16, 28.672, 4, 4, 9, 28, 70, 78, 74, 53, 138, 10, 0, 0, 2, 1, 4, 13, 44, 48, 40, 24, 72, 5, 0, 0
15:20:28, 1383.40, 28.17, 27.10, 28.680, 4, 4, 9, 29, 74, 84, 80, 57, 145, 10, 0, 0, 2, 1, 4, 14, 44, 48, 40, 24, 72, 5, 0, 0
15:20:29, 1377.40, 28.17, 27.12, 28.672, 4, 4, 10, 31, 74, 83, 79, 56, 145, 10, 0, 0, 2, 1, 4, 15, 50, 54, 45, 27, 82, 6, 0, 0
15:20:30, 1376.50, 28.17, 27.12, 28.672, 5, 5, 11, 33, 80, 89, 85, 62, 154, 11, 0, 0, 2, 1, 4, 15, 49, 54, 44, 26, 79, 6, 0, 0
15:20:30, 1372.10, 28.17, 27.16, 28.672, 5, 5, 11, 33, 77, 87, 83, 60, 139, 10, 0, 0, 2, 2, 5, 17, 54, 58, 49, 29, 83, 6, 0, 0
15:20:31, 1370.20, 28.18, 27.16, 28.680, 5, 5, 11, 35, 85, 95, 91, 66, 154, 11, 0, 0, 2, 1, 4, 17, 52, 57, 47, 28, 81, 6, 0, 0
15:20:32, 1367.00, 28.18, 27.17, 28.680, 5, 5, 12, 37, 92, 103, 100, 73, 175, 12, 0, 0, 2, 2, 5, 16, 53, 58, 48, 29, 84, 6, 0, 0
15:20:32, 1361.10, 28.18, 27.14, 28.672, 6, 6, 14, 41, 98, 110, 107, 79, 190, 13, 0, 0, 2, 2, 5, 18, 55, 60, 50, 30, 89, 6, 0, 0
15:20:33, 1355.30, 28.19, 27.16, 28.680, 6, 6, 14, 43, 102, 114, 111, 82, 203, 14, 0, 0, 3, 2, 5, 19, 58, 63, 53, 32, 97, 7, 0, 0
15:20:34, 1350.80, 28.19, 27.14, 28.680, 6, 7, 16, 47, 112, 125, 123, 91, 243, 17, 0, 0, 3, 2, 5, 20, 60, 66, 55, 34, 103, 7, 0, 0
15:20:34, 1341.00, 28.18, 27.10, 28.672, 7, 7, 17, 50, 117, 129, 128, 96, 252, 17, 0, 0, 3, 2, 6, 22, 68, 73, 62, 38, 115, 8, 0, 0
15:20:35, 1336.60, 28.18, 27.16, 28.672, 7, 8, 19, 53, 124, 137, 136, 103, 266, 18, 0, 0, 3, 2, 7, 24, 71, 77, 66, 41, 120, 9, 0, 0
15:20:36, 1327.50, 28.18, 27.12, 28.672, 8, 8, 21, 59, 129, 143, 143, 108, 269, 18, 0, 0, 4, 3, 8, 26, 80, 87, 74, 46, 132, 10, 0, 0
15:20:36, 1321.40, 28.19, 27.17, 28.680, 8, 9, 21, 60, 138, 152, 152, 116, 285, 19, 0, 0, 4, 3, 9, 29, 85, 92, 79, 49, 141, 11, 0, 0
15:20:37, 1314.30, 28.19, 27.16, 28.680, 9, 10, 25, 69, 152, 168, 169, 131, 304, 21, 0, 0, 5, 3, 9, 32, 91, 98, 85, 53, 149, 11, 0, 0
15:20:38, 1308.00, 28.20, 27.17, 28.680, 10, 11, 27, 75, 164, 181, 183, 142, 333, 22, 0, 0, 5, 4, 10, 33, 95, 103, 89, 56, 159, 12, 0, 0
15:20:38, 1301.30, 28.20, 27.17, 28.680, 11, 12, 30, 81, 178, 196, 199, 155, 387, 26, 0, 0, 5, 4, 11, 36, 103, 111, 97, 62, 179, 13, 0, 0
15:20:39, 1294.40, 28.20, 27.17, 28.680, 12, 13, 34, 90, 194, 212, 218, 171, 447, 30, 0, 0, 6, 5, 12, 40, 112, 120, 105, 68, 197, 15, 0, 0
15:20:40, 1286.90, 28.21, 27.16, 28.680, 13, 14, 38, 97, 206, 225, 232, 183, 469, 32, 0, 0, 6, 5, 14, 44, 123, 131, 115, 75, 215, 16, 0, 0
15:20:40, 1281.90, 28.21, 27.17, 28.680, 14, 15, 40, 102, 221, 242, 250, 199, 498, 34, 0, 0, 7, 5, 14, 46, 128, 136, 120, 78, 225, 17, 0, 0
15:20:41, 1273.90, 28.22, 27.14, 28.687, 14, 16, 41, 105, 221, 241, 250, 200, 500, 34, 0, 0, 8, 6, 17, 54, 144, 154, 136, 89, 253, 19, 0, 0
15:20:42, 1266.20, 28.22, 27.16, 28.687, 16, 19, 49, 121, 236, 258, 267, 216, 511, 34, 0, 0, 9, 7, 20, 61, 160, 170, 152, 100, 272, 21, 0, 0
15:20:42, 1259.40, 28.23, 27.17, 28.680, 17, 20, 52, 128, 259, 282, 294, 239, 544, 36, 0, 0, 9, 8, 21, 65, 173, 183, 164, 108, 290, 22, 0, 0
15:20:43, 1254.50, 28.23, 27.19, 28.680, 19, 23, 61, 147, 293, 319, 335, 274, 651, 43, 0, 0, 10, 8, 22, 67, 177, 187, 168, 112, 310, 24, 0, 0
15:20:44, 1247.40, 28.22, 27.17, 28.680, 20, 25, 66, 158, 316, 340, 362, 296, 764, 51, 0, 0, 11, 9, 26, 77, 194, 206, 186, 125, 354, 27, 0, 0
15:20:45, 1245.40, 28.23, 27.17, 28.680, 22, 27, 71, 169, 324, 349, 371, 305, 773, 52, 0, 0, 11, 10, 27, 81, 199, 210, 190, 128, 357, 27, 0, 0
15:20:45, 1239.20, 28.23, 27.16, 28.687, 22, 28, 73, 171, 321, 346, 368, 303, 754, 51, 0, 0, 12, 11, 29, 86, 221, 234, 212, 144, 399, 31, 0, 0
15:20:46, 1234.20, 28.24, 27.23, 28.687, 23, 29, 76, 178, 344, 371, 394, 327, 784, 52, 0, 0, 13, 12, 32, 93, 234, 247, 225, 153, 408, 31, 0, 0
15:20:47, 1227.50, 28.24, 27.16, 28.687, 25, 32, 83, 191, 365, 394, 418, 352, 777, 51, 0, 0, 15, 13, 37, 106, 257, 270, 248, 169, 442, 34, 0, 0
15:20:47, 1222.10, 28.24, 27.16, 28.687, 29, 37, 97, 220, 414, 445, 473, 398, 915, 60, 0, 0, 16, 15, 40, 114, 268, 282, 259, 178, 475, 37, 0, 0
15:20:48, 1214.60, 28.24, 27.16, 28.687, 34, 46, 121, 266, 483, 517, 556, 472, 1127, 74, 0, 0, 17, 16, 44, 124, 295, 309, 285, 198, 537, 41, 0, 0
15:20:49, 1208.80, 28.25, 27.19, 28.680, 37, 51, 134, 293, 535, 568, 617, 524, 1321, 88, 0, 0, 19, 18, 51, 141, 330, 346, 321, 224, 624, 48, 0, 0
15:20:49, 1201.90, 28.25, 27.17, 28.695, 39, 56, 145, 310, 525, 556, 608, 517, 1389, 93, 0, 0, 22, 21, 59, 161, 358, 373, 348, 244, 675, 52, 0, 0
15:20:50, 1194.30, 28.26, 27.21, 28.695, 40, 58, 149, 314, 541, 577, 627, 542, 1288, 85, 0, 0, 24, 23, 66, 176, 401, 417, 391, 275, 708, 55, 0, 0
15:20:51, 1191.30, 28.26, 27.19, 28.687, 46, 66, 169, 351, 587, 628, 682, 595, 1352, 88, 0, 0, 24, 24, 66, 177, 402, 417, 392, 276, 702, 54, 0, 0
15:20:51, 1185.40, 28.26, 27.21, 28.695, 45, 65, 164, 337, 567, 606, 652, 579, 1183, 77, 0, 0, 28, 28, 78, 205, 459, 474, 450, 318, 767, 59, 0, 0
15:20:52, 1184.10, 28.26, 27.23, 28.695, 50, 72, 183, 371, 662, 708, 772, 683, 1450, 93, 0, 0, 26, 25, 71, 187, 420, 435, 410, 290, 734, 57, 0, 0
15:20:53, 1180.40, 28.26, 27.19, 28.695, 51, 77, 192, 389, 661, 700, 772, 681, 1637, 107, 0, 0, 27, 27, 76, 199, 422, 438, 413, 295, 786, 60, 0, 0
15:20:53, 1176.50, 28.27, 27.21, 28.703, 55, 86, 213, 426, 680, 716, 797, 695, 1858, 124, 0, 0, 30, 31, 86, 220, 472, 491, 465, 336, 943, 73, 0, 0
15:20:54, 1172.10, 28.27, 27.19, 28.703, 55, 87, 215, 422, 700, 731, 820, 719, 2045, 139, 0, 0, 33, 34, 94, 239, 514, 535, 509, 370, 1047, 81, 0, 0
15:20:55, 1169.70, 28.27, 27.23, 28.695, 60, 96, 237, 465, 724, 760, 852, 745, 2014, 135, 0, 0, 33, 35, 97, 246, 507, 526, 503, 365, 982, 76, 0, 0
15:20:55, 1167.50, 28.27, 27.17, 28.703, 59, 96, 232, 452, 721, 761, 850, 759, 1871, 124, 0, 0, 33, 34, 96, 241, 513, 531, 510, 369, 957, 74, 0, 0
15:20:56, 1163.50, 28.28, 27.24, 28.703, 54, 83, 203, 400, 660, 703, 775, 693, 1542, 101, 0, 0, 37, 38, 107, 269, 564, 584, 564, 410, 1025, 79, 0, 0
15:20:57, 1160.90, 28.28, 27.16, 28.695, 65, 103, 250, 481, 759, 808, 894, 811, 1762, 113, 0, 0, 36, 38, 106, 265, 551, 569, 551, 403, 991, 77, 0, 0
15:20:57, 1156.30, 28.29, 27.17, 28.695, 66, 106, 255, 484, 787, 835, 927, 846, 1806, 116, 0, 0, 37, 40, 111, 275, 564, 584, 568, 418, 1056, 82, 0, 0
15:20:58, 1151.30, 28.29, 27.17, 28.695, 76, 128, 303, 568, 894, 935, 1064, 959, 2558, 170, 0, 0, 37, 41, 114, 277, 587, 609, 593, 444, 1211, 93, 0, 0
15:20:59, 1147.50, 28.29, 27.19, 28.695, 77, 134, 310, 564, 1002, 1051, 1192, 1094, 2927, 192, 0, 0, 37, 41, 113, 274, 621, 645, 631, 473, 1271, 98, 0, 0
15:20:59, 1141.60, 28.29, 27.23, 28.695, 75, 127, 297, 552, 905, 945, 1085, 984, 2634, 175, 0, 0, 44, 50, 136, 322, 699, 726, 716, 542, 1450, 112, 0, 0
15:21:00, 1138.30, 28.29, 27.17, 28.695, 66, 113, 254, 464, 752, 790, 901, 831, 2054, 137, 0, 0, 48, 55, 149, 350, 684, 707, 701, 529, 1323, 102, 0, 0
15:21:01, 1135.50, 28.29, 27.21, 28.695, 80, 136, 312, 566, 884, 935, 1061, 985, 2224, 145, 0, 0, 46, 52, 143, 336, 640, 661, 656, 497, 1220, 94, 0, 0
15:21:01, 1129.50, 28.29, 27.17, 28.695, 91, 159, 353, 619, 899, 954, 1077, 1017, 2188, 142, 0, 0, 48, 55, 151, 350, 687, 709, 707, 538, 1300, 100, 0, 0
15:21:02, 1121.80, 28.30, 27.23, 28.695, 102, 182, 402, 696, 1034, 1088, 1243, 1179, 2630, 170, 0, 0, 53, 63, 170, 387, 748, 771, 775, 595, 1443, 111, 0, 0
15:21:03, 1117.10, 28.30, 27.24, 28.695, 118, 214, 461, 781, 1194, 1257, 1439, 1378, 3158, 203, 0, 0, 55, 67, 180, 402, 757, 779, 786, 611, 1539, 118, 0, 0
15:21:03, 1107.80, 28.31, 27.21, 28.687, 131, 246, 516, 859, 1145, 1185, 1390, 1309, 3707, 251, 0, 0, 66, 84, 222, 485, 908, 934, 948, 748, 1947, 150, 0, 0
15:21:04, 1103.80, 28.31, 27.26, 28.687, 140, 266, 538, 871, 1228, 1278, 1493, 1445, 3547, 236, 0, 0, 74, 96, 251, 536, 935, 956, 979, 772, 1860, 143, 0, 0
15:21:05, 1104.50, 28.31, 27.21, 28.687, 146, 268, 551, 886, 1229, 1287, 1480, 1453, 3122, 202, 0, 0, 65, 83, 220, 475, 877, 898, 917, 720, 1684, 130, 0, 0
15:21:05, 1093.90, 28.31, 27.23, 28.695, 159, 294, 593, 934, 1287, 1349, 1554, 1536, 3216, 209, 0, 0, 74, 97, 254, 537, 1022, 1042, 1075, 853, 1979, 153, 0, 0
15:21:06, 1092.70, 28.31, 27.23, 28.695, 168, 312, 611, 945, 1571, 1640, 1928, 1896, 4609, 305, 0, 0, 71, 96, 246, 513, 965, 985, 1015, 811, 1963, 151, 0, 0
15:21:07, 1085.00, 28.31, 27.24, 28.695, 217, 417, 798, 1225, 1460, 1497, 1798, 1754, 5025, 357, 0, 0, 91, 126, 318, 649, 1115, 1140, 1180, 956, 2452, 189, 0, 0
15:21:07, 1081.80, 28.31, 27.17, 28.695, 171, 324, 596, 903, 1222, 1254, 1510, 1473, 4222, 316, 0, 0, 91, 130, 324, 649, 1017, 1035, 1073, 872, 2196, 168, 0, 0
15:21:08, 1065.00, 28.31, 27.21, 28.695, 204, 386, 714, 1059, 1215, 1237, 1506, 1475, 4351, 341, 0, 0, 117, 173, 419, 815, 1460, 1481, 1554, 1284, 3306, 258, 0, 0
15:21:09, 1060.70, 28.32, 27.21, 28.695, 239, 435, 729, 1061, 1428, 1486, 1779, 1818, 4445, 368, 0, 0, 129, 195, 466, 884, 1364, 1373, 1446, 1196, 2826, 218, 0, 0
15:21:09, 1042.00, 28.32, 27.19, 28.695, 284, 492, 834, 1162, 1357, 1458, 1679, 1763, 3302, 272, 0, 0, 138, 214, 496, 917, 1512, 1511, 1594, 1329, 3073, 242, 0, 0
15:21:10, 1029.30, 28.32, 27.23, 28.695, 605, 998, 1488, 1938, 2395, 2510, 2967, 3179, 6853, 842, 0, 0, 167, 270, 595, 1048, 1654, 1637, 1723, 1455, 3338, 265, 0, 0
15:21:11, 1020.30, 28.32, 27.23, 28.695, 975, 1642, 2344, 2889, 3399, 3542, 4202, 4641, 12692, 2055, 0, 0, 161, 261, 563, 974, 1498, 1480, 1554, 1321, 3209, 263, 0, 0
15:21:11, 1016.90, 28.32, 27.26, 28.703, 1199, 2008, 2679, 3302, 3812, 3836, 4851, 5049, 17829, 5428, 0, 0, 165, 269, 548, 917, 1601, 1584, 1699, 1507, 4672, 808, 0, 0
15:21:12, 1017.00, 28.32, 27.23, 28.703, 1089, 1753, 2438, 2955, 3339, 3317, 4236, 4344, 16434, 5345, 0, 0, 302, 448, 825, 1212, 1856, 1839, 2042, 1890, 7106, 1549, 0, 0
15:21:13, 1016.80, 28.31, 27.19, 28.664, 1275, 2083, 2807, 3480, 3927, 3871, 4980, 5097, 22543, 7187, 0, 0, 664, 1057, 1668, 2279, 2983, 2926, 3366, 3205, 10451, 2539, 0, 0
15:21:13, 1016.80, 28.30, 27.26, 28.578, 1541, 2322, 3291, 3757, 3895, 3812, 4674, 4999, 23475, 7995, 0, 0, 1047, 1375, 2278, 2881, 4444, 4435, 5011, 4970, 12353, 3160, 0, 0
15:21:14, 1016.90, 28.29, 27.26, 28.578, 1587, 2391, 3374, 3925, 4239, 4493, 5156, 5750, 25681, 7942, 0, 0, 735, 1161, 1801, 2444, 2724, 2696, 3099, 2956, 11048, 2600, 0, 0
15:21:15, 1016.80, 28.28, 27.24, 28.453, 1647, 2475, 3499, 4087, 4097, 4382, 5006, 5614, 25104, 7751, 0, 0, 790, 1250, 1944, 2632, 2790, 2808, 3120, 3091, 11200, 2448, 0, 0
15:21:15, 1016.70, 28.25, 27.26, 28.328, 1591, 2411, 3346, 4107, 4487, 4716, 5668, 5954, 24133, 7003, 0, 0, 1781, 2641, 3854, 5077, 5873, 6398, 7257, 7879, 13593, 2910, 0, 0
15:21:16, 1016.80, 28.23, 27.24, 28.328, 1582, 2385, 3317, 4062, 4182, 4473, 5316, 5612, 22145, 6267, 0, 0, 1490, 2285, 3376, 4645, 5736, 5966, 7520, 7290, 16455, 3291, 0, 0
15:21:17, 1016.50, 28.22, 27.24, 28.195, 1586, 2485, 3440, 4131, 4334, 4477, 5302, 5760, 21913, 6291, 0, 0, 4350, 7272, 10002, 13213, 12584, 12992, 15744, 16212, 34085, 8576, 0, 1
15:21:17, 1016.60, 28.19, 27.30, 28.000, 1535, 2342, 3230, 3937, 4339, 4616, 5403, 5984, 22189, 6201, 0, 0, 4976, 8293, 11938, 14851, 18251, 18528, 23364, 23748, 36000, 14896, 1, 1
15:21:18, 1016.30, 28.16, 27.26, 28.000, 1396, 2109, 2965, 3380, 3708, 3723, 4540, 4998, 18332, 5348, 0, 0, 16465, 26914, 36000, 36000, 36000, 36000, 36000, 36000, 36000, 36000, 1, 1
15:21:19, 1016.60, 28.13, 27.26, 27.766, 1139, 1720, 2406, 2789, 3408, 3420, 4237, 4409, 15952, 4582, 0, 0, 13836, 22584, 31654, 36000, 36000, 36000, 36000, 36000, 36000, 36000, 1, 1
15:21:19, 1016.40, 28.11, 27.26, 27.617, 1350, 2119, 2921, 3389, 3986, 4039, 4901, 5305, 17493, 5054, 0, 0, 12277, 20175, 28686, 34459, 31682, 32772, 36000, 36000, 36000, 36000, 1, 1
15:21:20, 1016.60, 28.09, 27.28, 27.617, 1118, 1686, 2318, 2799, 3209, 3296, 3990, 4328, 14930, 4294, 0, 0, 7459, 11955, 16884, 21095, 25170, 26919, 31802, 36000, 36000, 36000, 1, 1
15:21:21, 1016.80, 28.07, 27.28, 27.484, 1379, 2004, 2807, 3298, 3456, 3624, 4253, 4752, 17242, 5097, 0, 0, 6193, 10097, 13882, 18042, 22709, 24984, 31678, 35584, 36000, 36000, 1, 1
15:21:21, 1016.70, 28.05, 27.32, 27.367, 1371, 1994, 2778, 3293, 2557, 2697, 3191, 3491, 15004, 4596, 0, 0, 6636, 10764, 15203, 18656, 20050, 21961, 27042, 31442, 36000, 36000, 1, 1
15:21:22, 1016.70, 28.02, 27.28, 27.367, 657, 943, 1371, 1579, 1606, 1595, 2240, 2287, 12963, 4808, 0, 0, 5246, 7756, 10295, 13346, 13936, 17155, 23328, 27706, 36000, 33061, 1, 1
15:21:23, 1016.80, 28.01, 27.32, 27.281, 793, 1074, 1531, 1924, 3114, 3167, 3859, 4163, 16045, 4761, 0, 0, 401, 471, 518, 600, 775, 1387, 2397, 3364, 9777, 6441, 0, 0
15:21:23, 1017.00, 27.99, 27.32, 27.203, 1037, 1544, 2136, 2675, 3098, 3213, 3938, 3946, 19387, 5857, 0, 0, 220, 253, 283, 319, 1347, 2383, 4010, 5382, 12992, 7880, 0, 0
