Secchi Depth (cm) = 9999
Forel Ule Scale = 99
pH Colour Scale = 99
SensingSecchi S/N = A017
Latitude (degs N) = 34.19538
Longitude (degs E) = -77.95744
Date = 2026-08-05
Time (UTC), Pressure (mbar) MS5803, Temp (deg C) MS5803, Temp (deg C) 10KTHERM, Temp (deg C) TMP117, ED 415nm, ED 445nm, ED 480nm, ED 515nm, ED 555nm, ED 590nm, ED 630nm, ED 680nm, ED Clear, ED NIR, ED D-SAT, ED A-SAT, EU 415nm, EU 445nm, EU 480nm, EU 515nm, EU 555nm, EU 590nm, EU 630nm, EU 680nm, EU Clear, EU NIR, EU D-SAT, EU A-SAT
17:16:24, 1027.60, 29.01, 28.78, 31.055, 419, 572, 763, 1052, 1105, 1337, 1923, 2858, 8766, 5097, 0, 0, 7797, 11781, 15193, 18578, 19713, 20176, 26536, 30952, 36000, 31640, 1, 1
17:16:24, 1032.60, 29.00, 28.78, 31.109, 416, 567, 759, 1050, 1109, 1346, 1936, 2888, 8787, 5116, 0, 0, 7689, 11500, 14984, 18182, 19727, 20242, 26845, 31130, 36000, 31947, 1, 1
17:16:25, 1034.10, 29.00, 28.80, 31.109, 429, 586, 778, 1062, 1130, 1395, 2027, 3057, 8912, 5206, 0, 0, 7675, 11490, 14862, 18143, 19967, 20487, 27029, 31632, 36000, 32305, 1, 1
17:16:26, 1026.30, 29.04, 28.78, 31.125, 420, 573, 764, 1052, 1107, 1342, 1931, 2877, 8777, 5109, 0, 0, 7695, 11548, 15020, 18188, 19327, 19783, 25913, 30417, 36000, 31293, 1, 1
17:16:26, 1029.30, 29.03, 28.78, 31.133, 412, 561, 752, 1047, 1098, 1322, 1889, 2795, 8726, 5072, 0, 0, 7486, 11049, 14460, 17406, 18772, 19434, 25539, 30006, 36000, 31026, 1, 1
17:16:27, 1032.90, 29.02, 28.80, 31.133, 422, 576, 768, 1054, 1119, 1371, 1987, 2984, 8850, 5169, 0, 0, 7751, 11574, 15217, 18318, 19445, 20117, 26368, 31148, 36000, 32147, 1, 1
17:16:28, 1026.50, 29.05, 28.78, 31.164, 422, 576, 767, 1053, 1110, 1353, 1951, 2920, 8806, 5133, 0, 0, 7713, 11407, 14943, 17947, 19033, 19550, 25574, 30325, 36000, 31336, 1, 1
17:16:28, 1026.10, 29.06, 28.80, 31.195, 412, 560, 751, 1045, 1096, 1317, 1879, 2774, 8703, 5065, 0, 0, 7550, 11118, 14549, 17483, 18684, 19238, 25135, 29824, 36000, 31020, 1, 1
17:16:29, 1031.60, 29.04, 28.80, 31.195, 417, 568, 759, 1049, 1107, 1347, 1939, 2898, 8781, 5123, 0, 0, 7687, 11453, 14974, 18074, 19474, 20120, 26253, 30979, 36000, 31950, 1, 1
17:16:30, 1029.20, 29.05, 28.78, 31.148, 421, 573, 765, 1050, 1109, 1352, 1952, 2922, 8788, 5128, 0, 0, 7601, 11236, 14732, 17791, 19039, 19640, 25614, 30327, 36000, 31457, 1, 1
17:16:30, 1024.30, 29.07, 28.78, 31.125, 415, 564, 756, 1046, 1100, 1328, 1900, 2820, 8738, 5086, 0, 0, 7643, 11305, 14750, 17741, 18774, 19462, 25252, 29858, 36000, 31001, 1, 1
17:16:31, 1027.50, 29.06, 28.81, 31.125, 415, 563, 756, 1047, 1101, 1330, 1903, 2828, 8751, 5096, 0, 0, 7505, 11061, 14480, 17430, 18604, 19381, 25041, 29911, 36000, 30702, 1, 1
17:16:32, 1030.10, 29.05, 28.80, 31.102, 417, 567, 759, 1046, 1103, 1340, 1928, 2878, 8756, 5106, 0, 0, 7688, 11366, 14909, 17931, 18980, 19781, 25493, 30320, 36000, 31307, 1, 1
17:16:32, 1024.70, 29.08, 28.80, 31.102, 415, 565, 756, 1045, 1100, 1331, 1907, 2835, 8744, 5091, 0, 0, 7532, 11170, 14653, 17582, 18535, 19233, 24952, 29818, 36000, 30685, 1, 1
17:16:33, 1025.00, 29.08, 28.78, 31.102, 414, 562, 755, 1047, 1099, 1327, 1893, 2808, 8742, 5084, 0, 0, 7539, 11175, 14662, 17572, 18665, 19540, 25182, 29752, 36000, 30968, 1, 1
17:16:34, 1029.90, 29.06, 28.83, 31.062, 414, 563, 755, 1045, 1098, 1328, 1902, 2828, 8731, 5085, 0, 0, 7649, 11387, 14873, 17888, 18846, 19669, 25558, 30213, 36000, 31394, 1, 1
17:16:34, 1024.50, 29.08, 28.81, 31.031, 416, 565, 757, 1045, 1101, 1334, 1915, 2853, 8749, 5099, 0, 0, 7523, 11118, 14648, 17543, 18562, 19419, 25188, 29739, 36000, 31094, 1, 1
17:16:35, 1023.70, 29.09, 28.81, 31.031, 413, 560, 753, 1045, 1095, 1318, 1875, 2774, 8716, 5071, 0, 0, 7609, 11147, 14640, 17477, 18742, 19497, 25088, 29693, 36000, 30698, 1, 1
17:16:36, 1027.50, 29.08, 28.81, 30.992, 411, 557, 749, 1042, 1091, 1312, 1869, 2760, 8684, 5057, 0, 0, 7720, 11107, 14809, 17435, 18663, 19514, 24831, 29628, 36000, 30673, 1, 1
17:16:36, 1023.80, 29.11, 28.81, 30.977, 412, 558, 751, 1042, 1094, 1316, 1876, 2774, 8703, 5065, 0, 0, 7735, 11190, 14811, 17605, 18562, 19404, 24816, 29488, 36000, 30802, 1, 1
17:16:37, 1022.60, 29.12, 28.81, 30.977, 413, 558, 752, 1046, 1095, 1315, 1866, 2754, 8713, 5069, 0, 0, 7640, 11007, 14568, 17275, 18174, 19087, 24303, 29006, 36000, 30165, 1, 1
17:16:38, 1026.10, 29.11, 28.81, 31.000, 409, 553, 746, 1041, 1087, 1301, 1843, 2707, 8648, 5032, 0, 0, 7684, 11110, 14701, 17433, 18610, 19574, 24749, 29423, 36000, 30765, 1, 1
17:16:38, 1023.00, 29.13, 28.81, 31.031, 409, 553, 745, 1038, 1087, 1303, 1848, 2721, 8648, 5041, 0, 0, 7896, 11369, 15052, 17768, 18725, 19561, 24859, 29450, 36000, 30565, 1, 1
17:16:39, 1022.10, 29.14, 28.83, 31.031, 409, 552, 746, 1042, 1088, 1301, 1831, 2684, 8670, 5039, 0, 0, 7651, 10885, 14488, 17045, 17931, 18738, 23581, 28333, 36000, 29663, 1, 1
17:16:40, 1025.00, 29.13, 28.80, 31.047, 410, 552, 747, 1042, 1089, 1303, 1844, 2711, 8681, 5049, 0, 0, 7715, 11062, 14622, 17274, 18552, 19414, 24559, 29029, 36000, 30417, 1, 1
17:16:40, 1022.20, 29.14, 28.81, 31.008, 410, 554, 747, 1041, 1088, 1304, 1844, 2709, 8668, 5044, 0, 0, 7739, 11144, 14669, 17383, 18194, 18972, 24235, 28607, 36000, 30147, 1, 1
17:16:41, 1021.60, 29.15, 28.80, 31.008, 408, 548, 743, 1042, 1084, 1290, 1809, 2637, 8642, 5018, 0, 0, 7570, 10692, 14252, 16521, 17497, 18470, 22995, 27772, 36000, 28987, 1, 1
17:16:42, 1023.90, 29.14, 28.85, 30.953, 406, 547, 741, 1039, 1081, 1288, 1812, 2647, 8623, 5015, 0, 0, 7764, 11095, 14675, 17363, 18353, 19228, 24378, 28910, 36000, 30336, 1, 1
17:16:42, 1021.30, 29.16, 28.85, 30.930, 408, 550, 743, 1038, 1083, 1294, 1823, 2674, 8641, 5026, 0, 0, 7534, 10838, 14264, 17027, 17841, 18692, 23956, 28246, 36000, 29767, 1, 1
17:16:43, 1021.70, 29.17, 28.81, 30.930, 405, 543, 738, 1037, 1075, 1276, 1778, 2582, 8583, 4985, 0, 0, 7580, 10675, 14215, 16599, 17666, 18600, 23426, 27921, 36000, 29525, 1, 1
17:16:44, 1023.60, 29.16, 28.85, 30.883, 403, 540, 734, 1035, 1074, 1273, 1775, 2574, 8564, 4979, 0, 0, 7689, 10929, 14414, 17067, 17945, 18764, 23778, 28217, 36000, 29793, 1, 1
17:16:44, 1023.00, 29.18, 28.80, 30.867, 409, 551, 744, 1037, 1087, 1306, 1849, 2729, 8667, 5048, 0, 0, 7470, 10719, 14159, 16923, 17725, 18643, 23822, 28211, 36000, 29823, 1, 1
17:16:45, 1025.40, 29.17, 28.83, 30.867, 411, 553, 748, 1039, 1089, 1309, 1855, 2740, 8673, 5052, 0, 0, 7451, 10651, 14122, 16585, 17978, 18979, 23998, 28589, 36000, 30158, 1, 1
17:16:46, 1030.00, 29.16, 28.85, 30.859, 412, 556, 749, 1037, 1090, 1318, 1883, 2794, 8690, 5064, 0, 0, 7599, 11009, 14513, 17298, 18340, 19144, 24555, 28944, 36000, 30713, 1, 1
17:16:46, 1022.70, 29.20, 28.83, 30.875, 414, 559, 752, 1039, 1093, 1321, 1884, 2798, 8719, 5081, 0, 0, 7479, 10746, 14244, 16891, 17921, 18613, 23883, 28172, 36000, 29858, 1, 1
17:16:47, 1025.10, 29.20, 28.87, 30.875, 412, 555, 751, 1042, 1093, 1315, 1863, 2755, 8722, 5071, 0, 0, 7461, 10788, 14258, 17059, 18196, 19100, 24530, 28914, 36000, 30733, 1, 1
17:16:48, 1030.90, 29.19, 28.87, 30.867, 415, 560, 754, 1039, 1093, 1324, 1894, 2818, 8718, 5086, 0, 0, 7655, 11153, 14703, 17611, 18405, 19328, 24819, 29346, 36000, 31137, 1, 1
17:16:48, 1021.70, 29.23, 28.85, 30.875, 411, 554, 748, 1035, 1085, 1304, 1849, 2725, 8662, 5048, 0, 0, 7498, 10636, 14097, 16604, 17391, 18196, 23011, 27569, 36000, 29472, 1, 1
17:16:49, 1023.90, 29.23, 28.81, 30.875, 407, 546, 742, 1037, 1081, 1292, 1813, 2656, 8623, 5021, 0, 0, 7632, 10857, 14327, 16959, 18040, 18876, 23895, 28293, 36000, 29932, 1, 1
17:16:50, 1029.10, 29.21, 28.80, 30.906, 415, 560, 753, 1038, 1093, 1328, 1902, 2838, 8711, 5094, 0, 0, 7717, 11069, 14691, 17385, 18349, 19099, 24477, 29040, 36000, 30386, 1, 1
17:16:50, 1020.90, 29.26, 28.81, 30.945, 410, 553, 747, 1035, 1080, 1292, 1820, 2669, 8621, 5018, 0, 0, 7437, 10484, 13934, 16176, 17063, 17954, 22418, 27016, 36000, 28390, 1, 1
17:16:51, 1024.40, 29.25, 28.85, 30.945, 403, 538, 735, 1034, 1075, 1277, 1775, 2578, 8585, 4984, 0, 0, 7397, 10593, 13896, 16623, 17272, 18110, 22936, 27332, 36000, 29374, 1, 1
17:16:52, 1034.80, 29.22, 28.83, 30.945, 417, 564, 757, 1037, 1101, 1352, 1952, 2938, 8762, 5133, 0, 0, 7325, 10737, 13975, 16949, 17738, 18485, 23981, 28283, 36000, 30712, 1, 1
17:16:52, 1021.50, 29.27, 28.85, 30.922, 417, 564, 758, 1038, 1090, 1320, 1883, 2799, 8698, 5079, 0, 0, 7283, 10607, 13856, 16682, 17479, 18333, 23439, 27872, 36000, 30132, 1, 1
17:16:53, 1021.60, 29.27, 28.85, 30.922, 400, 532, 729, 1031, 1064, 1254, 1724, 2477, 8497, 4936, 0, 0, 7088, 10240, 13335, 16074, 16578, 17199, 22338, 26477, 36000, 28677, 1, 1
17:16:54, 1034.50, 29.22, 28.83, 30.820, 409, 550, 743, 1029, 1087, 1320, 1889, 2820, 8676, 5082, 0, 0, 7165, 10613, 13801, 16780, 17632, 18288, 24028, 28129, 36000, 30782, 1, 1
17:16:54, 1023.90, 29.26, 28.83, 30.687, 424, 574, 767, 1043, 1103, 1356, 1958, 2949, 8785, 5153, 0, 0, 7498, 11081, 14351, 17354, 18147, 18513, 24120, 27906, 36000, 30240, 1, 1
17:16:55, 1021.10, 29.28, 28.87, 30.687, 403, 540, 735, 1030, 1067, 1263, 1749, 2532, 8522, 4959, 0, 0, 7353, 10867, 13899, 16899, 17620, 17983, 23452, 27063, 36000, 28922, 1, 1
17:16:56, 1028.20, 29.26, 28.83, 30.602, 403, 540, 734, 1029, 1075, 1287, 1811, 2657, 8588, 5015, 0, 0, 7500, 11100, 14289, 17384, 18421, 18770, 24455, 28280, 36000, 30160, 1, 1
17:16:56, 1025.30, 29.27, 28.87, 30.523, 418, 564, 758, 1036, 1097, 1344, 1933, 2909, 8749, 5132, 0, 0, 7435, 11057, 14228, 17302, 18179, 18490, 24227, 27782, 36000, 30278, 1, 1
17:16:57, 1021.80, 29.29, 28.87, 30.523, 408, 549, 742, 1028, 1073, 1286, 1813, 2669, 8577, 5011, 0, 0, 7046, 10411, 13400, 16307, 16797, 17348, 22536, 26180, 36000, 29202, 1, 1
17:16:58, 1023.60, 29.29, 28.87, 30.469, 401, 536, 731, 1024, 1065, 1269, 1769, 2579, 8521, 4974, 0, 0, 6459, 9326, 12134, 14538, 15303, 16419, 21479, 26012, 36000, 28718, 1, 1
17:16:58, 1025.60, 29.29, 28.87, 30.500, 409, 549, 742, 1025, 1079, 1307, 1861, 2769, 8629, 5058, 0, 0, 6724, 9780, 12765, 14858, 15864, 16828, 20572, 25760, 36000, 27404, 1, 1
17:16:59, 1023.40, 29.31, 28.85, 30.500, 409, 550, 744, 1027, 1077, 1300, 1842, 2729, 8608, 5038, 0, 0, 7141, 10841, 13697, 16611, 17390, 17966, 23320, 27158, 36000, 29552, 1, 1
17:17:00, 1022.30, 29.33, 28.87, 30.539, 404, 542, 735, 1023, 1069, 1279, 1796, 2634, 8543, 4996, 0, 0, 6243, 9095, 11746, 14138, 14996, 15936, 21041, 25358, 36000, 29845, 1, 1
17:17:00, 1024.00, 29.33, 28.87, 30.641, 405, 543, 736, 1023, 1071, 1287, 1814, 2675, 8571, 5015, 0, 0, 6116, 8978, 11507, 14028, 14952, 15955, 20855, 24927, 36000, 29889, 1, 1
17:17:01, 1024.80, 29.33, 28.83, 30.641, 407, 547, 739, 1022, 1073, 1294, 1835, 2716, 8577, 5027, 0, 0, 6183, 9153, 11699, 14286, 15130, 15979, 21072, 25300, 36000, 29625, 1, 1
17:17:02, 1021.90, 29.35, 28.89, 30.648, 404, 543, 736, 1022, 1067, 1277, 1796, 2638, 8534, 4992, 0, 0, 6050, 8948, 11479, 13990, 14763, 15581, 20605, 24833, 36000, 29128, 1, 1
17:17:02, 1022.70, 29.36, 28.85, 30.562, 402, 537, 731, 1021, 1065, 1271, 1779, 2605, 8515, 4980, 0, 0, 5853, 8428, 10896, 13249, 14885, 16147, 20701, 25111, 36000, 28737, 1, 1
17:17:03, 1024.50, 29.36, 28.87, 30.562, 407, 546, 739, 1021, 1072, 1296, 1842, 2735, 8570, 5021, 0, 0, 6023, 9056, 11880, 13806, 15066, 16519, 19470, 24933, 36000, 21825, 1, 1
17:17:04, 1016.90, 29.44, 28.92, 30.633, 402, 538, 731, 1016, 1058, 1265, 1773, 2597, 8462, 4941, 0, 0, 5115, 7610, 9921, 11801, 12629, 14237, 16841, 22282, 35892, 14995, 0, 1
17:17:05, 1016.90, 29.44, 28.87, 30.625, 288, 358, 524, 796, 753, 880, 1075, 1290, 6285, 3540, 0, 0, 5760, 9006, 11374, 13294, 14077, 15080, 17915, 22216, 35546, 14519, 0, 1
17:17:05, 1016.70, 29.43, 28.89, 30.625, 316, 394, 591, 839, 834, 941, 1170, 1409, 6864, 3809, 0, 0, 11994, 18359, 23423, 26755, 27647, 28949, 34814, 36000, 36000, 36000, 1, 1
17:17:06, 1016.70, 29.44, 28.87, 30.437, 213, 267, 423, 442, 446, 498, 625, 822, 4299, 2419, 0, 0, 9718, 14974, 19003, 20888, 14827, 16330, 19555, 24610, 36000, 32411, 1, 1
17:17:07, 1016.80, 29.46, 28.87, 30.258, 249, 331, 588, 884, 661, 712, 979, 1244, 4080, 2544, 0, 0, 5923, 8174, 10462, 12177, 12208, 13808, 15883, 24776, 36000, 36000, 1, 1
17:17:07, 1016.90, 29.47, 28.89, 30.258, 703, 1099, 1684, 2075, 2176, 2149, 2485, 2866, 8984, 3865, 0, 0, 2820, 3610, 4782, 5384, 5794, 7049, 7511, 12466, 23802, 17459, 0, 0
17:17:08, 1016.90, 29.47, 28.87, 30.055, 666, 1035, 1613, 1945, 1915, 1897, 2174, 2706, 8548, 3746, 0, 0, 3923, 5353, 7074, 8165, 8048, 9067, 10457, 16376, 26331, 19096, 0, 0
17:17:09, 1017.00, 29.47, 28.91, 29.891, 193, 239, 314, 329, 555, 736, 1088, 1362, 4708, 2257, 0, 0, 3388, 4663, 6018, 6951, 7080, 8190, 9248, 14604, 26227, 18503, 0, 0
17:17:09, 1016.80, 29.48, 28.89, 29.891, 457, 720, 1061, 1264, 1319, 1401, 1730, 2105, 7975, 3335, 0, 0, 3322, 4535, 5857, 6773, 7066, 8213, 9229, 14625, 26597, 18843, 0, 0
17:17:10, 1016.80, 29.48, 28.87, 29.750, 429, 674, 991, 1212, 829, 961, 1233, 1539, 6279, 2871, 0, 0, 6588, 8841, 11757, 13772, 14643, 16636, 19735, 32681, 36000, 36000, 1, 1
17:17:11, 1017.10, 29.48, 28.91, 29.641, 99, 129, 152, 155, 357, 403, 524, 702, 3565, 2054, 0, 0, 2673, 3541, 4587, 5310, 7141, 7846, 9164, 14111, 19096, 14059, 0, 0
17:17:11, 1016.80, 29.49, 28.91, 29.641, 224, 310, 443, 602, 811, 846, 1189, 1422, 4445, 2516, 0, 0, 3879, 5854, 7232, 8627, 9152, 10012, 11849, 17237, 24637, 18277, 0, 0
17:17:12, 1017.00, 29.47, 28.94, 29.523, 451, 714, 1108, 1532, 1194, 1120, 1500, 1828, 5727, 2938, 0, 0, 3764, 5306, 6786, 7603, 10784, 12838, 18354, 23973, 36000, 34640, 1, 1
17:17:13, 1016.50, 29.47, 28.91, 29.453, 9, 11, 10, 11, 11, 20, 39, 71, 260, 218, 0, 0, 7048, 9840, 12720, 15127, 18651, 21984, 29127, 36000, 36000, 36000, 1, 1
17:17:13, 1017.40, 29.46, 28.89, 29.453, 357, 542, 749, 946, 961, 1128, 1448, 1848, 5474, 2661, 0, 0, 2387, 3226, 3839, 5204, 21262, 23511, 27630, 30945, 36000, 36000, 1, 1
17:17:14, 1017.10, 29.43, 28.89, 29.367, 795, 1184, 1667, 1898, 3086, 3131, 3607, 3821, 17084, 5335, 0, 0, 34818, 36000, 36000, 36000, 36000, 36000, 36000, 36000, 36000, 36000, 1, 1
17:17:15, 1015.10, 29.42, 28.87, 29.180, 9984, 21928, 27088, 29080, 22374, 24086, 28756, 24311, 34923, 22436, 0, 1, 24314, 33915, 36000, 36000, 36000, 36000, 36000, 36000, 36000, 36000, 1, 1
17:17:15, 1015.20, 29.38, 28.87, 29.180, 8043, 14333, 16179, 21036, 17192, 21500, 29586, 24119, 36000, 25427, 1, 1, 20481, 31276, 36000, 36000, 36000, 36000, 36000, 36000, 36000, 36000, 1, 1
17:17:16, 1014.50, 29.38, 28.89, 29.109, 13524, 23090, 30456, 35949, 32770, 36000, 36000, 36000, 36000, 36000, 1, 1, 18018, 28997, 36000, 36000, 36000, 36000, 36000, 36000, 36000, 36000, 1, 1
17:17:17, 1016.40, 29.35, 28.91, 28.883, 16629, 24660, 34016, 35402, 36000, 36000, 36000, 36000, 36000, 36000, 1, 1, 20095, 26775, 35917, 36000, 36000, 36000, 36000, 36000, 36000, 36000, 1, 1
17:17:17, 1016.60, 29.36, 28.92, 28.883, 9460, 19161, 22024, 29926, 36000, 36000, 36000, 36000, 36000, 34528, 1, 1, 36000, 36000, 36000, 36000, 36000, 36000, 36000, 36000, 36000, 36000, 1, 1
17:17:18, 1014.80, 29.26, 28.92, 28.836, 11810, 24806, 33183, 31783, 36000, 36000, 36000, 36000, 36000, 36000, 1, 1, 36000, 36000, 36000, 36000, 36000, 36000, 36000, 36000, 36000, 36000, 1, 1
17:17:19, 1016.20, 29.28, 28.94, 28.758, 10095, 19935, 31848, 30753, 36000, 36000, 36000, 36000, 36000, 35968, 1, 1, 36000, 36000, 36000, 36000, 36000, 36000, 36000, 36000, 36000, 36000, 1, 1
17:17:19, 1017.00, 29.36, 28.98, 28.758, 1134, 1701, 2236, 2363, 30087, 30280, 30497, 30253, 32266, 30420, 0, 0, 36000, 36000, 36000, 36000, 36000, 36000, 36000, 36000, 36000, 36000, 1, 1
17:17:20, 1014.10, 29.39, 29.00, 28.641, 8671, 20837, 29136, 22148, 34750, 29882, 34905, 33387, 36000, 36000, 1, 1, 27828, 36000, 36000, 36000, 36000, 36000, 36000, 36000, 36000, 36000, 1, 1
17:17:21, 1015.90, 29.43, 28.94, 28.609, 15389, 26183, 36000, 36000, 36000, 36000, 36000, 36000, 36000, 36000, 1, 1, 7585, 12351, 17665, 23096, 30109, 30006, 35849, 36000, 36000, 36000, 1, 1
17:17:21, 1016.40, 29.44, 28.94, 28.609, 11277, 24298, 32641, 29832, 36000, 36000, 36000, 36000, 36000, 36000, 1, 1, 5610, 8653, 12910, 16366, 12340, 12650, 17878, 17326, 36000, 35799, 1, 1
17:17:22, 1017.00, 29.47, 29.00, 28.602, 14561, 25380, 35336, 35257, 31897, 36000, 36000, 36000, 36000, 36000, 1, 1, 2007, 3105, 5038, 6217, 17548, 19143, 21025, 25257, 35744, 26304, 0, 1
17:17:23, 1016.50, 29.47, 28.98, 28.562, 11243, 30143, 26753, 36000, 36000, 36000, 36000, 36000, 36000, 36000, 1, 1, 408, 576, 1139, 1958, 3055, 3576, 4603, 4876, 10109, 1120, 0, 0
17:17:23, 1022.70, 29.44, 28.98, 28.562, 13273, 21153, 31481, 32726, 36000, 35875, 36000, 36000, 31601, 13123, 1, 1, 362, 472, 970, 1770, 2933, 3523, 4587, 4849, 8932, 958, 0, 0
17:17:24, 1022.00, 29.43, 28.96, 28.828, 10601, 16090, 20891, 22141, 25695, 24157, 26539, 31360, 36000, 18828, 1, 1, 381, 522, 1064, 1925, 3614, 4252, 5532, 5825, 11930, 1246, 0, 0
17:17:25, 1026.80, 29.43, 29.00, 28.961, 2744, 5928, 4858, 16972, 17491, 22105, 28273, 21295, 36000, 35880, 1, 1, 382, 530, 1073, 1935, 2950, 3530, 4608, 4869, 9802, 984, 0, 0
17:17:25, 1021.20, 29.42, 28.96, 28.961, 4493, 9251, 11737, 15958, 5315, 8152, 9894, 7822, 23968, 5737, 0, 0, 444, 630, 1260, 2214, 3486, 4116, 5362, 5662, 10853, 1194, 0, 0
17:17:26, 1027.60, 29.42, 29.00, 29.016, 3484, 2869, 4016, 6784, 4275, 7253, 5782, 6710, 13884, 4004, 0, 0, 360, 468, 973, 1794, 2665, 3240, 4247, 4492, 7725, 797, 0, 0
17:17:27, 1023.00, 29.42, 28.98, 29.062, 6459, 12212, 17932, 21038, 25527, 24585, 26391, 29579, 26366, 4787, 0, 0, 329, 413, 860, 1609, 3094, 3744, 4913, 5182, 8327, 832, 0, 0
17:17:27, 1025.10, 29.42, 28.98, 29.062, 11524, 7036, 20093, 10527, 21750, 21781, 21279, 25845, 15721, 4306, 0, 0, 328, 410, 851, 1604, 2726, 3314, 4359, 4579, 7504, 749, 0, 0
17:17:28, 1027.60, 29.42, 29.00, 29.078, 4935, 11833, 15724, 25489, 23610, 22663, 28315, 27604, 24237, 4427, 0, 0, 285, 355, 733, 1388, 2536, 3079, 4031, 4274, 7733, 796, 0, 0
17:17:29, 1021.20, 29.42, 28.96, 29.102, 4963, 2898, 6895, 5737, 5652, 11247, 6009, 9426, 12726, 3210, 0, 0, 358, 462, 958, 1765, 2991, 3601, 4707, 4959, 8391, 864, 0, 0
17:17:29, 1025.10, 29.42, 28.96, 29.102, 8798, 14512, 17780, 20146, 20939, 26592, 21251, 34851, 20672, 5357, 0, 1, 326, 419, 864, 1596, 2734, 3314, 4347, 4583, 7803, 799, 0, 0
17:17:30, 1022.00, 29.42, 28.96, 29.102, 9737, 17602, 24074, 26430, 23394, 21358, 24783, 27644, 33854, 10047, 0, 1, 340, 441, 912, 1682, 3126, 3744, 4906, 5166, 8885, 931, 0, 0
17:17:31, 1020.60, 29.42, 28.96, 29.109, 8010, 4663, 10371, 13359, 9402, 24195, 12057, 24917, 18415, 5074, 0, 0, 370, 492, 1007, 1822, 2979, 3567, 4654, 4890, 8552, 901, 0, 0
17:17:31, 1025.40, 29.42, 28.98, 29.109, 8561, 11759, 15821, 19918, 20542, 23953, 20654, 27896, 19290, 4999, 0, 0, 323, 408, 844, 1574, 2633, 3196, 4181, 4421, 7732, 800, 0, 0
17:17:32, 1021.20, 29.42, 29.01, 29.109, 6361, 7763, 12859, 12592, 5799, 10653, 6041, 9641, 12561, 3426, 0, 0, 379, 491, 1012, 1849, 3034, 3650, 4772, 5019, 8354, 851, 0, 0
17:17:33, 1021.60, 29.42, 28.98, 29.109, 7861, 9672, 15931, 16256, 24001, 23479, 24663, 34744, 15804, 4536, 0, 1, 353, 450, 930, 1727, 2966, 3581, 4684, 4930, 7999, 803, 0, 0
17:17:33, 1021.30, 29.42, 28.98, 29.109, 6682, 12759, 14581, 16918, 19348, 18604, 19763, 31976, 14544, 3974, 0, 0, 344, 438, 903, 1679, 2955, 3569, 4677, 4917, 7864, 785, 0, 0
17:17:34, 1022.80, 29.42, 28.98, 29.102, 5305, 11229, 12915, 17748, 26012, 29155, 32062, 35844, 16298, 4640, 0, 1, 338, 431, 887, 1651, 2874, 3475, 4548, 4785, 7708, 769, 0, 0
17:17:35, 1034.40, 29.42, 29.00, 29.109, 9461, 19271, 27745, 30163, 26423, 27876, 30421, 31523, 36000, 23999, 1, 1, 321, 439, 894, 1606, 2514, 3036, 3964, 4199, 8008, 811, 0, 0
17:17:35, 1038.50, 29.41, 29.00, 29.109, 2797, 1933, 4283, 4732, 6744, 11690, 8700, 12916, 13441, 1939, 0, 0, 262, 305, 642, 1270, 2368, 2947, 3939, 4174, 7017, 689, 0, 0
17:17:36, 1050.90, 29.41, 28.96, 29.102, 3995, 8534, 14425, 19425, 20880, 23854, 29448, 29454, 36000, 8533, 1, 1, 214, 243, 511, 1030, 1879, 2386, 3197, 3424, 5952, 548, 0, 0
17:17:37, 1063.10, 29.41, 29.00, 29.102, 1176, 1445, 2653, 4803, 7312, 9910, 12403, 14280, 24449, 1997, 0, 0, 175, 178, 362, 780, 1528, 2008, 2767, 2970, 4876, 444, 0, 0
17:17:37, 1075.10, 29.40, 29.01, 29.102, 1440, 2384, 4987, 8306, 15154, 17270, 22963, 27158, 36000, 3917, 1, 1, 140, 135, 263, 585, 1258, 1703, 2398, 2580, 3988, 360, 0, 0
17:17:38, 1090.90, 29.39, 28.96, 29.078, 837, 1250, 2560, 4660, 7406, 8733, 12082, 14147, 21015, 1589, 0, 0, 104, 94, 168, 385, 922, 1308, 1900, 2065, 3004, 269, 0, 0
17:17:39, 1097.20, 29.39, 28.98, 29.078, 453, 416, 849, 1727, 2885, 4044, 4874, 6053, 7506, 586, 0, 0, 97, 85, 147, 340, 818, 1179, 1732, 1883, 2598, 234, 0, 0
17:17:39, 1104.20, 29.38, 28.98, 29.078, 622, 735, 1544, 3301, 6040, 7920, 11301, 12457, 20011, 1448, 0, 0, 83, 73, 123, 286, 709, 1032, 1515, 1659, 2389, 210, 0, 0
17:17:40, 1119.90, 29.38, 28.96, 29.070, 487, 573, 1152, 2544, 3768, 4890, 6860, 8201, 12518, 921, 0, 0, 65, 55, 87, 199, 531, 806, 1233, 1359, 1823, 163, 0, 0
17:17:41, 1124.50, 29.37, 28.98, 29.078, 263, 238, 429, 954, 1814, 2548, 3480, 4280, 5198, 381, 0, 0, 59, 49, 74, 168, 492, 758, 1172, 1293, 1673, 151, 0, 0
17:17:41, 1128.10, 29.37, 28.96, 29.078, 253, 198, 368, 759, 1922, 2641, 3671, 4606, 4441, 329, 0, 0, 55, 46, 69, 155, 438, 680, 1055, 1168, 1489, 133, 0, 0
17:17:42, 1139.60, 29.36, 28.96, 29.062, 264, 272, 494, 1200, 2408, 3477, 5195, 5926, 11321, 808, 0, 0, 48, 41, 60, 134, 349, 552, 866, 968, 1286, 113, 0, 0
17:17:43, 1148.80, 29.35, 28.94, 29.070, 175, 164, 271, 616, 1524, 2149, 3184, 3909, 4683, 336, 0, 0, 38, 31, 44, 95, 284, 461, 739, 831, 1062, 94, 0, 0
17:17:43, 1147.40, 29.35, 28.98, 29.070, 145, 135, 218, 507, 1130, 1652, 2403, 2957, 3728, 270, 0, 0, 39, 33, 45, 97, 297, 482, 776, 871, 1113, 99, 0, 0
17:17:44, 1157.50, 29.34, 28.96, 29.047, 162, 159, 262, 615, 1588, 2288, 3473, 4108, 5730, 409, 0, 0, 36, 30, 41, 89, 261, 426, 686, 776, 1005, 88, 0, 0
17:17:45, 1165.70, 29.34, 29.01, 29.047, 120, 111, 170, 396, 920, 1363, 2053, 2544, 3064, 222, 0, 0, 28, 24, 32, 66, 206, 346, 572, 649, 812, 72, 0, 0
17:17:45, 1168.00, 29.33, 28.96, 29.047, 113, 107, 159, 368, 904, 1349, 2081, 2585, 3049, 221, 0, 0, 27, 22, 29, 60, 197, 333, 553, 629, 781, 69, 0, 0
17:17:46, 1172.80, 29.32, 28.98, 29.031, 114, 109, 164, 384, 971, 1444, 2253, 2749, 3389, 244, 0, 0, 25, 21, 28, 56, 182, 309, 516, 586, 727, 64, 0, 0
17:17:47, 1182.10, 29.32, 28.96, 29.031, 101, 96, 140, 331, 834, 1283, 2036, 2471, 3240, 234, 0, 0, 21, 17, 22, 44, 147, 256, 438, 500, 602, 53, 0, 0
17:17:47, 1184.90, 29.31, 29.00, 29.031, 76, 70, 99, 225, 654, 1005, 1594, 1991, 2404, 176, 0, 0, 20, 17, 21, 41, 140, 245, 419, 480, 577, 51, 0, 0
17:17:48, 1185.80, 29.31, 29.01, 29.000, 74, 69, 95, 216, 637, 985, 1584, 1956, 2363, 172, 0, 0, 19, 16, 20, 38, 135, 237, 408, 468, 559, 49, 0, 0
17:17:49, 1192.70, 29.30, 28.98, 28.984, 71, 66, 91, 207, 638, 995, 1604, 1963, 2577, 189, 0, 0, 18, 15, 19, 38, 126, 223, 383, 441, 546, 48, 0, 0
17:17:49, 1200.10, 29.29, 28.98, 28.984, 64, 59, 79, 177, 499, 787, 1271, 1587, 1816, 133, 0, 0, 15, 13, 16, 30, 103, 186, 327, 377, 447, 39, 0, 0
17:17:50, 1202.30, 29.29, 28.98, 28.969, 54, 49, 65, 142, 423, 678, 1105, 1381, 1549, 114, 0, 0, 14, 12, 15, 27, 98, 177, 312, 360, 423, 37, 0, 0
17:17:51, 1208.50, 29.28, 28.98, 28.945, 53, 49, 65, 143, 434, 694, 1144, 1418, 1672, 122, 0, 0, 14, 11, 14, 26, 90, 163, 289, 336, 400, 35, 0, 0
17:17:51, 1214.20, 29.27, 28.96, 28.945, 45, 42, 54, 116, 341, 557, 925, 1151, 1303, 96, 0, 0, 12, 10, 12, 21, 76, 141, 254, 296, 340, 30, 0, 0
17:17:52, 1217.10, 29.26, 28.98, 28.922, 41, 38, 48, 103, 319, 524, 878, 1098, 1263, 93, 0, 0, 11, 9, 11, 20, 72, 133, 242, 282, 326, 28, 0, 0
17:17:53, 1215.70, 29.25, 28.98, 28.891, 40, 36, 46, 97, 313, 514, 864, 1084, 1261, 93, 0, 0, 11, 9, 11, 19, 74, 138, 250, 291, 336, 29, 0, 0
17:17:53, 1224.20, 29.24, 28.98, 28.891, 38, 36, 44, 94, 315, 525, 888, 1098, 1405, 104, 0, 0, 10, 9, 11, 19, 65, 121, 221, 259, 304, 26, 0, 0
17:17:54, 1229.70, 29.23, 28.96, 28.875, 33, 31, 38, 78, 249, 417, 709, 889, 1052, 78, 0, 0, 9, 7, 9, 15, 55, 105, 195, 229, 262, 23, 0, 0
17:17:55, 1235.10, 29.22, 29.00, 28.859, 31, 29, 35, 71, 233, 393, 673, 846, 974, 72, 0, 0, 8, 7, 8, 14, 51, 97, 181, 213, 244, 21, 0, 0
17:17:55, 1240.60, 29.21, 29.00, 28.859, 28, 27, 32, 64, 205, 349, 606, 764, 881, 65, 0, 0, 7, 6, 7, 12, 45, 87, 164, 193, 217, 19, 0, 0
17:17:56, 1245.60, 29.20, 29.01, 28.844, 25, 24, 28, 56, 186, 318, 556, 701, 812, 60, 0, 0, 6, 5, 7, 11, 41, 80, 151, 178, 199, 17, 0, 0
17:17:57, 1248.70, 29.19, 29.00, 28.836, 23, 21, 25, 49, 163, 282, 493, 623, 706, 53, 0, 0, 6, 5, 6, 10, 39, 76, 144, 171, 192, 16, 0, 0
17:17:57, 1254.10, 29.19, 28.98, 28.836, 22, 21, 24, 47, 158, 276, 484, 612, 690, 51, 0, 0, 6, 5, 6, 9, 36, 70, 134, 159, 180, 15, 0, 0
17:17:58, 1261.00, 29.17, 28.94, 28.820, 20, 18, 21, 40, 136, 239, 424, 538, 596, 45, 0, 0, 5, 4, 5, 8, 31, 62, 120, 143, 159, 13, 0, 0
17:17:59, 1265.60, 29.17, 28.98, 28.820, 17, 16, 18, 34, 121, 215, 384, 489, 541, 41, 0, 0, 4, 4, 5, 7, 29, 57, 112, 134, 148, 13, 0, 0
17:17:59, 1274.00, 29.16, 28.96, 28.820, 16, 15, 17, 32, 111, 199, 359, 457, 521, 39, 0, 0, 4, 3, 4, 6, 25, 50, 99, 119, 131, 11, 0, 0
17:18:00, 1277.60, 29.15, 28.98, 28.812, 14, 13, 14, 25, 91, 166, 302, 385, 428, 32, 0, 0, 4, 3, 4, 6, 23, 46, 93, 111, 121, 10, 0, 0
17:18:01, 1279.00, 29.15, 28.98, 28.812, 13, 12, 14, 25, 90, 164, 297, 379, 418, 31, 0, 0, 3, 3, 4, 6, 22, 45, 91, 109, 118, 10, 0, 0
17:18:01, 1283.60, 29.14, 28.94, 28.812, 13, 12, 13, 23, 86, 158, 289, 368, 421, 32, 0, 0, 3, 3, 3, 5, 21, 43, 86, 104, 113, 10, 0, 0
17:18:02, 1290.80, 29.13, 28.98, 28.805, 12, 11, 12, 22, 79, 146, 268, 342, 392, 30, 0, 0, 3, 2, 3, 5, 18, 38, 78, 95, 102, 8, 0, 0
17:18:03, 1290.50, 29.13, 28.98, 28.812, 10, 10, 11, 18, 69, 128, 237, 304, 335, 25, 0, 0, 3, 2, 3, 4, 18, 38, 77, 93, 101, 8, 0, 0
17:18:04, 1293.90, 29.13, 29.00, 28.812, 10, 10, 11, 18, 70, 130, 240, 307, 342, 26, 0, 0, 3, 2, 3, 4, 17, 37, 75, 91, 98, 8, 0, 0
17:18:04, 1301.50, 29.12, 29.00, 28.805, 10, 9, 10, 17, 64, 120, 225, 288, 328, 25, 0, 0, 2, 2, 3, 4, 15, 33, 68, 82, 88, 7, 0, 0
17:18:05, 1304.00, 29.12, 28.98, 28.812, 8, 8, 8, 14, 54, 103, 193, 248, 277, 21, 0, 0, 2, 2, 2, 4, 14, 31, 64, 78, 83, 7, 0, 0
17:18:06, 1307.50, 29.11, 29.00, 28.812, 8, 8, 8, 14, 53, 100, 190, 244, 272, 21, 0, 0, 2, 2, 2, 3, 13, 29, 61, 75, 80, 6, 0, 0
17:18:06, 1313.40, 29.11, 28.96, 28.812, 8, 7, 8, 13, 48, 92, 176, 226, 259, 20, 0, 0, 2, 1, 2, 3, 12, 26, 56, 69, 73, 6, 0, 0
17:18:07, 1322.80, 29.11, 28.98, 28.820, 7, 7, 7, 11, 42, 82, 157, 202, 233, 18, 0, 0, 2, 1, 2, 2, 10, 22, 47, 59, 62, 5, 0, 0
17:18:08, 1331.50, 29.10, 28.98, 28.820, 6, 6, 5, 9, 34, 68, 131, 170, 187, 14, 0, 0, 1, 1, 1, 2, 8, 18, 40, 50, 52, 4, 0, 0
17:18:08, 1338.30, 29.10, 28.98, 28.812, 5, 5, 4, 7, 28, 56, 110, 143, 155, 12, 0, 0, 1, 1, 1, 2, 7, 16, 35, 43, 45, 3, 0, 0
17:18:09, 1346.90, 29.10, 29.01, 28.812, 4, 4, 4, 6, 24, 48, 96, 125, 136, 11, 0, 0, 1, 0, 1, 1, 6, 13, 29, 37, 38, 3, 0, 0
17:18:10, 1353.30, 29.09, 29.00, 28.812, 3, 4, 3, 5, 20, 41, 82, 108, 116, 9, 0, 0, 0, 0, 1, 1, 5, 11, 26, 33, 34, 2, 0, 0
17:18:10, 1358.10, 29.09, 29.01, 28.805, 3, 3, 3, 4, 18, 36, 74, 97, 106, 8, 0, 0, 0, 0, 1, 1, 4, 10, 23, 29, 30, 2, 0, 0
17:18:11, 1367.30, 29.08, 29.00, 28.812, 3, 3, 2, 4, 16, 33, 67, 88, 99, 8, 0, 0, 0, 0, 0, 1, 3, 8, 20, 26, 26, 2, 0, 0
17:18:12, 1369.00, 29.07, 28.98, 28.812, 2, 2, 2, 3, 13, 27, 56, 74, 81, 7, 0, 0, 0, 0, 0, 1, 3, 8, 19, 24, 25, 2, 0, 0
17:18:12, 1375.80, 29.07, 29.00, 28.812, 2, 2, 2, 3, 13, 27, 56, 74, 81, 7, 0, 0, 0, 0, 0, 1, 3, 7, 17, 22, 22, 1, 0, 0
17:18:13, 1382.50, 29.06, 28.98, 28.812, 2, 2, 2, 2, 11, 23, 48, 64, 69, 6, 0, 0, 0, 0, 0, 0, 2, 6, 15, 19, 19, 1, 0, 0
17:18:14, 1388.50, 29.06, 28.98, 28.812, 2, 2, 1, 2, 9, 20, 43, 57, 61, 5, 0, 0, 0, 0, 0, 0, 2, 5, 14, 17, 17, 1, 0, 0
17:18:14, 1395.50, 29.06, 28.98, 28.812, 1, 2, 1, 2, 8, 18, 38, 51, 54, 4, 0, 0, 0, 0, 0, 0, 2, 4, 12, 15, 15, 1, 0, 0
17:18:15, 1404.30, 29.05, 28.98, 28.820, 1, 2, 1, 1, 7, 15, 32, 43, 46, 4, 0, 0, 0, 0, 0, 0, 1, 4, 10, 13, 13, 0, 0, 0
17:18:16, 1408.90, 29.05, 29.03, 28.820, 1, 1, 1, 1, 6, 14, 29, 39, 41, 3, 0, 0, 0, 0, 0, 0, 1, 3, 9, 12, 12, 0, 0, 0
17:18:16, 1416.20, 29.04, 29.00, 28.805, 1, 1, 1, 1, 5, 12, 26, 35, 37, 3, 0, 0, 0, 0, 0, 0, 1, 3, 8, 11, 10, 0, 0, 0
17:18:17, 1421.60, 29.04, 28.98, 28.812, 1, 1, 0, 1, 5, 11, 23, 31, 32, 3, 0, 0, 0, 0, 0, 0, 1, 2, 7, 10, 9, 0, 0, 0
17:18:18, 1428.50, 29.04, 28.98, 28.812, 1, 1, 0, 1, 4, 10, 21, 28, 30, 3, 0, 0, 0, 0, 0, 0, 1, 2, 7, 9, 8, 0, 0, 0
17:18:18, 1433.10, 29.04, 29.00, 28.812, 0, 1, 0, 1, 3, 9, 18, 25, 26, 2, 0, 0, 0, 0, 0, 0, 0, 2, 6, 8, 8, 0, 0, 0
17:18:19, 1440.70, 29.04, 28.98, 28.820, 0, 1, 0, 0, 3, 8, 16, 23, 24, 2, 0, 0, 0, 0, 0, 0, 0, 1, 5, 7, 7, 0, 0, 0
17:18:20, 1445.80, 29.03, 29.00, 28.820, 0, 1, 0, 0, 3, 7, 15, 20, 21, 2, 0, 0, 0, 0, 0, 0, 0, 1, 5, 6, 6, 0, 0, 0
17:18:20, 1452.50, 29.03, 28.98, 28.812, 0, 1, 0, 0, 2, 6, 13, 19, 19, 2, 0, 0, 0, 0, 0, 0, 0, 1, 4, 6, 5, 0, 0, 0
17:18:21, 1458.10, 29.03, 29.00, 28.828, 0, 1, 0, 0, 2, 5, 12, 16, 17, 2, 0, 0, 0, 0, 0, 0, 0, 1, 4, 5, 5, 0, 0, 0
17:18:22, 1460.70, 29.02, 28.98, 28.828, 0, 1, 0, 0, 2, 5, 11, 15, 15, 1, 0, 0, 0, 0, 0, 0, 0, 1, 3, 5, 4, 0, 0, 0
17:18:22, 1466.40, 29.02, 29.00, 28.812, 0, 1, 0, 0, 2, 5, 10, 15, 15, 1, 0, 0, 0, 0, 0, 0, 0, 1, 3, 4, 4, 0, 0, 0
17:18:23, 1471.10, 29.02, 28.98, 28.820, 0, 1, 0, 0, 1, 4, 9, 12, 12, 1, 0, 0, 0, 0, 0, 0, 0, 0, 3, 4, 4, 0, 0, 0
17:18:24, 1475.60, 29.02, 29.01, 28.820, 0, 1, 0, 0, 1, 4, 8, 12, 12, 1, 0, 0, 0, 0, 0, 0, 0, 0, 2, 4, 3, 0, 0, 0
17:18:24, 1480.80, 29.01, 29.01, 28.820, 0, 1, 0, 0, 1, 4, 8, 11, 11, 1, 0, 0, 0, 0, 0, 0, 0, 0, 2, 3, 3, 0, 0, 0
17:18:25, 1486.70, 29.01, 29.00, 28.820, 0, 0, 0, 0, 1, 3, 7, 10, 10, 1, 0, 0, 0, 0, 0, 0, 0, 0, 2, 3, 3, 0, 0, 0
17:18:26, 1493.50, 29.01, 29.01, 28.820, 0, 0, 0, 0, 1, 3, 6, 9, 9, 1, 0, 0, 0, 0, 0, 0, 0, 0, 2, 3, 2, 0, 0, 0
17:18:26, 1497.50, 29.00, 29.00, 28.812, 0, 0, 0, 0, 1, 3, 5, 8, 8, 1, 0, 0, 0, 0, 0, 0, 0, 0, 1, 2, 2, 0, 0, 0
17:18:27, 1505.40, 29.00, 28.98, 28.820, 0, 0, 0, 0, 1, 2, 5, 7, 7, 1, 0, 0, 0, 0, 0, 0, 0, 0, 1, 2, 2, 0, 0, 0
17:18:28, 1508.80, 29.00, 29.00, 28.820, 0, 0, 0, 0, 0, 2, 4, 6, 6, 1, 0, 0, 0, 0, 0, 0, 0, 0, 1, 2, 2, 0, 0, 0
17:18:28, 1514.80, 29.00, 29.01, 28.820, 0, 0, 0, 0, 0, 2, 4, 6, 6, 1, 0, 0, 0, 0, 0, 0, 0, 0, 1, 2, 1, 0, 0, 0
17:18:29, 1518.90, 29.00, 28.98, 28.820, 0, 0, 0, 0, 0, 2, 3, 5, 5, 1, 0, 0, 0, 0, 0, 0, 0, 0, 1, 1, 1, 0, 0, 0
17:18:30, 1521.40, 28.99, 29.00, 28.820, 0, 0, 0, 0, 0, 2, 3, 5, 5, 1, 0, 0, 0, 0, 0, 0, 0, 0, 1, 1, 1, 0, 0, 0
17:18:30, 1524.20, 28.99, 28.98, 28.820, 0, 0, 0, 0, 0, 2, 3, 5, 4, 1, 0, 0, 0, 0, 0, 0, 0, 0, 1, 1, 1, 0, 0, 0
17:18:31, 1531.90, 28.99, 28.98, 28.820, 0, 0, 0, 0, 0, 1, 3, 4, 4, 1, 0, 0, 0, 0, 0, 0, 0, 0, 1, 1, 1, 0, 0, 0
17:18:32, 1533.00, 28.99, 29.00, 28.820, 0, 0, 0, 0, 0, 1, 2, 4, 3, 1, 0, 0, 0, 0, 0, 0, 0, 0, 1, 1, 1, 0, 0, 0
17:18:32, 1536.30, 28.99, 29.01, 28.820, 0, 0, 0, 0, 0, 1, 2, 4, 3, 1, 0, 0, 0, 0, 0, 0, 0, 0, 1, 1, 1, 0, 0, 0
17:18:33, 1545.80, 28.98, 29.05, 28.828, 0, 0, 0, 0, 0, 1, 2, 3, 3, 1, 0, 0, 0, 0, 0, 0, 0, 0, 0, 1, 1, 0, 0, 0
17:18:34, 1552.10, 28.98, 29.00, 28.828, 0, 0, 0, 0, 0, 1, 2, 3, 2, 1, 0, 0, 0, 0, 0, 0, 0, 0, 0, 1, 0, 0, 0, 0
17:18:34, 1554.60, 28.98, 29.03, 28.828, 0, 0, 0, 0, 0, 1, 1, 2, 2, 0, 0, 0, 0, 0, 0, 0, 0, 0, 0, 1, 0, 0, 0, 0
17:18:35, 1560.30, 28.98, 29.00, 28.828, 0, 0, 0, 0, 0, 1, 1, 2, 2, 0, 0, 0, 0, 0, 0, 0, 0, 0, 0, 0, 0, 0, 0, 0
17:18:36, 1565.70, 28.97, 29.00, 28.828, 0, 0, 0, 0, 0, 1, 1, 2, 2, 0, 0, 0, 0, 0, 0, 0, 0, 0, 0, 0, 0, 0, 0, 0
17:18:36, 1569.20, 28.97, 29.01, 28.828, 0, 0, 0, 0, 0, 1, 1, 2, 2, 0, 0, 0, 0, 0, 0, 0, 0, 0, 0, 0, 0, 0, 0, 0
17:18:37, 1576.30, 28.97, 28.98, 28.828, 0, 0, 0, 0, 0, 1, 1, 2, 1, 0, 0, 0, 0, 0, 0, 0, 0, 0, 0, 0, 0, 0, 0, 0
17:18:38, 1582.60, 28.97, 29.00, 28.828, 0, 0, 0, 0, 0, 1, 1, 1, 1, 0, 0, 0, 0, 0, 0, 0, 0, 0, 0, 0, 0, 0, 0, 0
17:18:38, 1577.30, 28.97, 29.00, 28.820, 0, 0, 0, 0, 0, 1, 1, 1, 1, 0, 0, 0, 0, 0, 0, 0, 0, 0, 0, 0, 0, 0, 0, 0
17:18:39, 1568.90, 28.97, 29.00, 28.828, 0, 0, 0, 0, 0, 1, 1, 1, 1, 0, 0, 0, 0, 0, 0, 0, 0, 0, 0, 0, 0, 0, 0, 0
17:18:40, 1564.20, 28.97, 29.03, 28.828, 0, 0, 0, 0, 0, 1, 1, 2, 1, 0, 0, 0, 0, 0, 0, 0, 0, 0, 0, 0, 0, 0, 0, 0
17:18:40, 1556.90, 28.97, 29.03, 28.836, 0, 0, 0, 0, 0, 1, 1, 2, 2, 0, 0, 0, 0, 0, 0, 0, 0, 0, 0, 0, 0, 0, 0, 0
17:18:41, 1549.10, 28.97, 29.01, 28.828, 0, 0, 0, 0, 0, 1, 1, 2, 2, 0, 0, 0, 0, 0, 0, 0, 0, 0, 0, 1, 1, 0, 0, 0
17:18:42, 1544.00, 28.97, 29.03, 28.828, 0, 0, 0, 0, 0, 1, 2, 3, 2, 1, 0, 0, 0, 0, 0, 0, 0, 0, 0, 1, 1, 0, 0, 0
17:18:42, 1541.60, 28.96, 29.00, 28.828, 0, 0, 0, 0, 0, 1, 2, 3, 3, 1, 0, 0, 0, 0, 0, 0, 0, 0, 0, 1, 1, 0, 0, 0
17:18:43, 1538.10, 28.96, 29.01, 28.828, 0, 0, 0, 0, 0, 1, 2, 3, 3, 1, 0, 0, 0, 0, 0, 0, 0, 0, 0, 1, 1, 0, 0, 0
17:18:44, 1531.00, 28.96, 29.00, 28.828, 0, 0, 0, 0, 0, 1, 2, 3, 3, 1, 0, 0, 0, 0, 0, 0, 0, 0, 1, 1, 1, 0, 0, 0
17:18:44, 1519.30, 28.96, 29.00, 28.820, 0, 0, 0, 0, 0, 1, 3, 4, 4, 1, 0, 0, 0, 0, 0, 0, 0, 0, 1, 1, 1, 0, 0, 0
17:18:45, 1506.10, 28.96, 29.00, 28.828, 0, 0, 0, 0, 0, 2, 4, 5, 5, 1, 0, 0, 0, 0, 0, 0, 0, 0, 1, 2, 2, 0, 0, 0
17:18:46, 1496.20, 28.96, 29.00, 28.828, 0, 0, 0, 0, 1, 2, 5, 7, 6, 1, 0, 0, 0, 0, 0, 0, 0, 0, 2, 2, 2, 0, 0, 0
17:18:46, 1484.60, 28.96, 29.00, 28.820, 0, 0, 0, 0, 1, 3, 6, 8, 8, 1, 0, 0, 0, 0, 0, 0, 0, 0, 2, 3, 3, 0, 0, 0
17:18:47, 1475.20, 28.96, 29.00, 28.828, 0, 0, 0, 0, 1, 3, 7, 10, 10, 1, 0, 0, 0, 0, 0, 0, 0, 0, 2, 3, 3, 0, 0, 0
17:18:48, 1463.70, 28.96, 29.03, 28.828, 0, 1, 0, 0, 1, 4, 8, 12, 12, 1, 0, 0, 0, 0, 0, 0, 0, 0, 3, 4, 4, 0, 0, 0
17:18:48, 1451.60, 28.96, 29.01, 28.820, 0, 1, 0, 0, 2, 5, 11, 15, 15, 1, 0, 0, 0, 0, 0, 0, 0, 1, 4, 6, 5, 0, 0, 0
17:18:49, 1443.80, 28.96, 29.00, 28.820, 0, 1, 0, 0, 2, 6, 13, 18, 18, 2, 0, 0, 0, 0, 0, 0, 0, 1, 5, 6, 6, 0, 0, 0
17:18:50, 1430.70, 28.96, 29.03, 28.820, 0, 1, 0, 0, 3, 7, 16, 22, 22, 2, 0, 0, 0, 0, 0, 0, 0, 2, 6, 8, 8, 0, 0, 0
17:18:50, 1422.50, 28.96, 29.01, 28.812, 1, 1, 0, 1, 4, 9, 20, 27, 27, 2, 0, 0, 0, 0, 0, 0, 1, 2, 7, 10, 9, 0, 0, 0
17:18:51, 1414.40, 28.95, 29.01, 28.812, 1, 1, 0, 1, 5, 11, 23, 32, 31, 3, 0, 0, 0, 0, 0, 0, 1, 3, 9, 11, 11, 0, 0, 0
17:18:52, 1405.70, 28.95, 29.05, 28.812, 1, 1, 1, 1, 5, 13, 27, 37, 37, 3, 0, 0, 0, 0, 0, 0, 1, 4, 10, 13, 13, 1, 0, 0
17:18:52, 1396.00, 28.95, 29.00, 28.797, 1, 1, 1, 1, 6, 15, 31, 42, 42, 4, 0, 0, 0, 0, 0, 0, 1, 4, 12, 15, 15, 0, 0, 0
17:18:53, 1387.80, 28.95, 29.01, 28.805, 1, 2, 1, 2, 8, 18, 37, 50, 51, 4, 0, 0, 0, 0, 0, 0, 2, 5, 13, 17, 17, 1, 0, 0
17:18:54, 1379.50, 28.95, 29.00, 28.805, 1, 2, 1, 2, 9, 20, 43, 58, 59, 5, 0, 0, 0, 0, 0, 0, 2, 6, 15, 19, 19, 1, 0, 0
17:18:54, 1371.20, 28.95, 29.05, 28.797, 2, 2, 2, 2, 11, 23, 48, 64, 66, 5, 0, 0, 0, 0, 0, 1, 3, 7, 17, 22, 22, 1, 0, 0
17:18:55, 1362.10, 28.95, 29.07, 28.797, 2, 2, 2, 3, 13, 27, 55, 74, 76, 6, 0, 0, 0, 0, 0, 1, 3, 8, 20, 25, 25, 1, 0, 0
17:18:56, 1353.60, 28.95, 29.05, 28.797, 2, 3, 2, 3, 15, 31, 63, 83, 86, 7, 0, 0, 0, 0, 0, 1, 4, 10, 23, 29, 29, 2, 0, 0
17:18:56, 1348.30, 28.95, 29.03, 28.797, 3, 3, 3, 4, 18, 36, 73, 97, 99, 8, 0, 0, 0, 0, 1, 1, 4, 11, 25, 31, 31, 2, 0, 0
17:18:57, 1339.90, 28.94, 28.98, 28.797, 3, 3, 3, 4, 18, 38, 75, 100, 100, 8, 0, 0, 0, 0, 1, 1, 5, 13, 30, 37, 37, 3, 0, 0
17:18:58, 1332.80, 28.94, 29.01, 28.797, 4, 4, 3, 5, 22, 44, 88, 116, 116, 9, 0, 0, 1, 0, 1, 1, 6, 15, 33, 41, 40, 3, 0, 0
17:18:59, 1326.10, 28.94, 28.98, 28.781, 4, 4, 4, 6, 25, 50, 98, 129, 125, 10, 0, 0, 1, 1, 1, 2, 7, 17, 37, 46, 45, 3, 0, 0
17:18:59, 1320.10, 28.94, 29.01, 28.789, 5, 5, 4, 7, 29, 57, 109, 144, 138, 11, 0, 0, 1, 1, 1, 2, 8, 19, 41, 51, 50, 4, 0, 0
17:19:00, 1313.40, 28.94, 29.01, 28.789, 5, 5, 5, 8, 33, 64, 123, 161, 155, 12, 0, 0, 1, 1, 1, 2, 9, 21, 45, 55, 55, 4, 0, 0
17:19:01, 1306.20, 28.94, 29.01, 28.781, 6, 6, 5, 9, 37, 71, 135, 176, 175, 14, 0, 0, 2, 1, 2, 3, 11, 24, 51, 62, 64, 5, 0, 0
17:19:01, 1299.50, 28.94, 29.01, 28.789, 7, 7, 7, 12, 45, 87, 164, 213, 227, 17, 0, 0, 2, 1, 2, 3, 13, 28, 58, 71, 75, 6, 0, 0
17:19:02, 1291.70, 28.94, 29.05, 28.789, 7, 7, 7, 12, 49, 92, 172, 222, 252, 20, 0, 0, 2, 2, 2, 4, 16, 33, 69, 84, 90, 7, 0, 0
17:19:03, 1287.40, 28.94, 29.05, 28.789, 8, 8, 8, 14, 58, 108, 201, 259, 293, 23, 0, 0, 3, 2, 3, 4, 17, 35, 72, 87, 93, 8, 0, 0
17:19:03, 1286.30, 28.94, 29.01, 28.789, 9, 8, 9, 15, 58, 108, 197, 255, 268, 21, 0, 0, 3, 2, 3, 4, 17, 36, 74, 89, 94, 8, 0, 0
17:19:04, 1286.20, 28.94, 29.05, 28.789, 10, 10, 11, 18, 70, 130, 241, 311, 333, 25, 0, 0, 3, 2, 3, 4, 17, 35, 72, 88, 92, 8, 0, 0
17:19:05, 1278.10, 28.94, 29.01, 28.789, 10, 9, 10, 17, 54, 100, 182, 235, 221, 17, 0, 0, 4, 3, 4, 5, 21, 44, 89, 107, 106, 9, 0, 0
17:19:05, 1273.90, 28.93, 29.03, 28.789, 10, 9, 10, 17, 66, 121, 219, 282, 259, 20, 0, 0, 4, 3, 4, 5, 22, 46, 93, 112, 110, 9, 0, 0
17:19:06, 1266.10, 28.93, 29.03, 28.789, 11, 10, 11, 19, 72, 132, 237, 304, 281, 21, 0, 0, 4, 3, 4, 6, 26, 54, 107, 128, 126, 11, 0, 0
17:19:07, 1262.90, 28.93, 28.98, 28.797, 13, 11, 13, 22, 85, 154, 271, 349, 345, 26, 0, 0, 5, 4, 5, 7, 28, 56, 110, 131, 141, 12, 0, 0
17:19:07, 1257.40, 28.93, 29.00, 28.797, 17, 15, 17, 32, 111, 198, 351, 447, 494, 37, 0, 0, 5, 4, 5, 8, 32, 63, 123, 147, 160, 14, 0, 0
17:19:08, 1252.90, 28.93, 29.05, 28.797, 16, 14, 16, 30, 109, 195, 341, 436, 470, 36, 0, 0, 5, 4, 5, 9, 35, 69, 135, 160, 170, 15, 0, 0
17:19:09, 1249.40, 28.93, 29.05, 28.789, 14, 13, 14, 27, 98, 175, 300, 382, 392, 30, 0, 0, 6, 5, 6, 10, 39, 77, 149, 176, 185, 16, 0, 0
17:19:09, 1246.40, 28.93, 29.03, 28.797, 17, 16, 18, 34, 119, 209, 361, 460, 481, 36, 0, 0, 6, 5, 6, 10, 40, 79, 153, 181, 195, 17, 0, 0
17:19:10, 1241.30, 28.93, 29.03, 28.797, 18, 16, 18, 34, 119, 210, 358, 452, 507, 39, 0, 0, 7, 6, 7, 12, 47, 92, 175, 206, 228, 20, 0, 0
17:19:11, 1235.70, 28.93, 29.07, 28.789, 22, 20, 23, 46, 155, 269, 460, 581, 659, 50, 0, 0, 7, 6, 7, 12, 51, 98, 186, 219, 244, 21, 0, 0
17:19:11, 1228.80, 28.93, 29.03, 28.805, 20, 17, 20, 40, 136, 236, 396, 492, 591, 46, 0, 0, 10, 8, 10, 16, 63, 119, 222, 260, 295, 26, 0, 0
17:19:12, 1223.00, 28.93, 29.03, 28.805, 21, 19, 22, 45, 145, 249, 408, 510, 563, 43, 0, 0, 11, 9, 11, 18, 68, 129, 239, 279, 301, 27, 0, 0
17:19:13, 1218.70, 28.93, 29.07, 28.797, 24, 21, 25, 51, 172, 291, 474, 597, 622, 48, 0, 0, 11, 9, 11, 20, 76, 141, 260, 302, 331, 29, 0, 0
17:19:13, 1213.20, 28.93, 29.03, 28.812, 29, 25, 31, 63, 211, 354, 577, 723, 808, 61, 0, 0, 12, 10, 13, 22, 87, 161, 294, 342, 391, 35, 0, 0
17:19:14, 1208.10, 28.93, 29.07, 28.812, 31, 27, 34, 72, 239, 396, 643, 794, 957, 73, 0, 0, 14, 11, 14, 25, 95, 174, 314, 363, 422, 37, 0, 0
17:19:15, 1200.40, 28.93, 29.01, 28.820, 32, 27, 34, 74, 220, 361, 572, 699, 845, 65, 0, 0, 17, 14, 18, 32, 117, 211, 375, 432, 498, 45, 0, 0
17:19:15, 1200.30, 28.94, 29.03, 28.828, 35, 29, 38, 83, 272, 442, 694, 858, 963, 73, 0, 0, 17, 14, 17, 32, 110, 198, 350, 404, 460, 41, 0, 0
17:19:16, 1194.90, 28.94, 29.03, 28.828, 53, 48, 63, 138, 377, 604, 964, 1205, 1311, 97, 0, 0, 17, 14, 17, 31, 125, 223, 394, 452, 508, 46, 0, 0
17:19:17, 1187.60, 28.94, 29.05, 28.836, 40, 33, 44, 96, 279, 448, 684, 842, 916, 71, 0, 0, 23, 19, 24, 45, 159, 281, 491, 560, 606, 55, 0, 0
17:19:17, 1182.90, 28.94, 29.05, 28.844, 44, 36, 50, 107, 306, 485, 738, 911, 953, 73, 0, 0, 23, 19, 24, 46, 163, 285, 494, 563, 627, 57, 0, 0
17:19:18, 1179.40, 28.94, 29.05, 28.844, 46, 38, 53, 119, 354, 558, 846, 1019, 1279, 99, 0, 0, 25, 21, 27, 52, 173, 299, 511, 584, 718, 64, 0, 0
17:19:19, 1176.90, 28.94, 29.05, 28.852, 74, 66, 92, 213, 639, 983, 1540, 1911, 2467, 182, 0, 0, 23, 19, 24, 47, 167, 289, 492, 561, 688, 61, 0, 0
17:19:19, 1172.70, 28.95, 29.05, 28.883, 57, 48, 68, 156, 437, 678, 1014, 1233, 1475, 112, 0, 0, 27, 23, 29, 58, 207, 354, 600, 682, 808, 73, 0, 0
17:19:20, 1164.60, 28.95, 29.03, 28.883, 59, 48, 69, 156, 397, 618, 908, 1102, 1271, 98, 0, 0, 33, 27, 35, 71, 251, 425, 714, 805, 921, 84, 0, 0
17:19:21, 1161.80, 28.95, 29.07, 28.891, 50, 42, 62, 142, 402, 609, 881, 1057, 1182, 93, 0, 0, 38, 31, 41, 84, 257, 430, 716, 806, 911, 82, 0, 0
17:19:21, 1156.40, 28.96, 29.03, 28.922, 77, 63, 97, 217, 533, 803, 1157, 1416, 1551, 119, 0, 0, 37, 31, 41, 84, 280, 466, 770, 865, 1024, 93, 0, 0
17:19:22, 1150.60, 28.96, 29.05, 28.922, 70, 58, 90, 210, 501, 752, 1070, 1267, 1636, 129, 0, 0, 44, 37, 50, 107, 328, 537, 875, 980, 1209, 109, 0, 0
17:19:23, 1145.60, 28.97, 29.07, 28.937, 83, 70, 111, 259, 650, 963, 1371, 1628, 2152, 167, 0, 0, 45, 37, 51, 110, 365, 591, 953, 1065, 1340, 121, 0, 0
17:19:23, 1139.20, 28.98, 29.07, 28.969, 82, 69, 111, 259, 640, 946, 1317, 1567, 2011, 159, 0, 0, 52, 43, 61, 131, 408, 654, 1048, 1163, 1422, 129, 0, 0
17:19:24, 1134.80, 28.99, 29.09, 28.969, 101, 83, 141, 319, 747, 1078, 1471, 1767, 2112, 165, 0, 0, 58, 48, 69, 151, 434, 687, 1087, 1206, 1496, 135, 0, 0
17:19:25, 1127.20, 28.99, 29.05, 28.984, 112, 95, 163, 377, 886, 1283, 1758, 2063, 2870, 225, 0, 0, 59, 50, 73, 163, 494, 769, 1200, 1326, 1750, 157, 0, 0
17:19:25, 1121.50, 29.00, 29.07, 29.000, 130, 113, 202, 467, 1043, 1473, 1987, 2322, 3253, 254, 0, 0, 69, 58, 87, 197, 563, 864, 1337, 1470, 1914, 173, 0, 0
17:19:26, 1112.10, 29.00, 29.07, 29.000, 142, 124, 231, 520, 1148, 1613, 2111, 2504, 3354, 265, 0, 0, 79, 67, 103, 236, 674, 1013, 1543, 1687, 2206, 200, 0, 0
17:19:27, 1105.80, 29.01, 29.05, 28.992, 168, 148, 287, 624, 1269, 1734, 2216, 2626, 3394, 275, 0, 0, 96, 81, 132, 303, 787, 1164, 1751, 1906, 2469, 224, 0, 0
17:19:27, 1095.30, 29.01, 29.07, 29.008, 216, 184, 372, 770, 1370, 1869, 2326, 2776, 3658, 304, 0, 0, 108, 93, 156, 358, 993, 1434, 2122, 2299, 3146, 288, 0, 0
17:19:28, 1086.80, 29.01, 29.07, 29.008, 185, 184, 371, 788, 1462, 1919, 2456, 2755, 4588, 386, 0, 0, 142, 127, 227, 520, 1300, 1824, 2641, 2848, 4186, 384, 0, 0
17:19:29, 1080.30, 29.01, 29.09, 29.008, 245, 256, 521, 1054, 1843, 2461, 3008, 3424, 5545, 494, 0, 0, 152, 137, 253, 574, 1359, 1883, 2710, 2920, 4245, 389, 0, 0
17:19:29, 1073.60, 29.02, 29.05, 29.008, 364, 374, 771, 1467, 2329, 3067, 3635, 4248, 6486, 594, 0, 0, 150, 138, 262, 591, 1397, 1907, 2712, 2911, 4272, 392, 0, 0
17:19:30, 1067.50, 29.02, 29.05, 29.008, 305, 333, 690, 1264, 2392, 3180, 3582, 4272, 6315, 618, 0, 0, 171, 160, 310, 691, 1595, 2150, 3036, 3249, 4671, 431, 0, 0
17:19:31, 1056.50, 29.03, 29.05, 29.016, 437, 506, 1024, 1747, 2423, 3045, 3489, 4059, 6335, 673, 0, 0, 232, 233, 478, 1023, 2109, 2740, 3775, 4021, 6195, 581, 0, 0
17:19:31, 1052.20, 29.03, 29.07, 29.031, 502, 611, 1183, 1940, 2704, 3442, 3766, 4406, 7161, 835, 0, 0, 229, 237, 490, 1032, 2030, 2624, 3603, 3831, 5901, 555, 0, 0
17:19:32, 1043.30, 29.04, 29.05, 29.031, 1229, 1170, 2307, 3711, 5047, 7495, 7225, 8911, 12606, 1314, 0, 0, 247, 265, 554, 1148, 2556, 3221, 4363, 4624, 7391, 713, 0, 0
17:19:33, 1026.70, 29.04, 29.07, 29.039, 933, 1180, 2008, 2988, 3622, 4797, 4880, 5790, 10311, 1847, 0, 0, 350, 438, 917, 1731, 3191, 3853, 5089, 5377, 9238, 947, 0, 0
17:19:33, 1029.60, 29.05, 29.07, 29.055, 2661, 2066, 3387, 4658, 8848, 19410, 16721, 18641, 23429, 4608, 0, 0, 265, 328, 680, 1299, 2172, 2664, 3500, 3702, 5824, 574, 0, 0
17:19:34, 1020.00, 29.05, 29.11, 29.055, 12067, 17862, 23067, 24473, 24956, 27559, 27752, 29936, 32499, 9369, 0, 1, 251, 329, 675, 1270, 2127, 2577, 3432, 3561, 5033, 499, 0, 0
17:19:35, 1020.10, 29.06, 29.09, 29.070, 10187, 21439, 23903, 29618, 35709, 34367, 35884, 35914, 31541, 10358, 0, 1, 313, 407, 833, 1540, 2759, 3305, 4346, 4543, 7306, 741, 0, 0
17:19:35, 1019.70, 29.07, 29.11, 29.094, 20017, 24588, 24095, 36000, 36000, 36000, 36000, 36000, 36000, 29886, 1, 1, 352, 475, 955, 1718, 2824, 3360, 4391, 4625, 8360, 891, 0, 0
17:19:36, 1020.60, 29.07, 29.11, 29.094, 12435, 21140, 27807, 26644, 26126, 28478, 32432, 36000, 27250, 6017, 1, 1, 305, 403, 824, 1510, 2335, 2797, 3675, 3875, 6736, 710, 0, 0
17:19:37, 1018.80, 29.08, 29.09, 29.102, 7829, 19931, 26780, 36000, 36000, 36000, 36000, 36000, 35345, 14985, 1, 1, 271, 355, 718, 1304, 2429, 2902, 3836, 4007, 6467, 694, 0, 0
17:19:38, 1018.90, 29.08, 29.09, 29.102, 10144, 24406, 31515, 35961, 36000, 35849, 36000, 36000, 34174, 11423, 1, 1, 331, 438, 889, 1618, 2777, 3330, 4357, 4581, 7687, 814, 0, 0
17:19:38, 1020.60, 29.09, 29.11, 29.102, 9703, 21149, 25969, 32345, 36000, 35015, 36000, 36000, 33108, 10749, 1, 1, 316, 415, 842, 1543, 2576, 3105, 4095, 4288, 6898, 717, 0, 0
17:19:39, 1020.40, 29.09, 29.12, 29.078, 5551, 5743, 9611, 9759, 24103, 23607, 26583, 27877, 33318, 16695, 0, 1, 255, 345, 688, 1257, 2241, 2732, 3610, 3778, 5497, 522, 0, 0
17:19:40, 1016.70, 29.10, 29.09, 29.078, 9140, 14409, 19629, 23821, 35967, 28884, 35946, 36000, 36000, 16987, 1, 1, 325, 427, 876, 1608, 2798, 3360, 4381, 4605, 7525, 763, 0, 0
17:19:40, 1016.30, 29.09, 29.07, 29.078, 11728, 25114, 34805, 35946, 36000, 36000, 36000, 36000, 36000, 30699, 1, 1, 1890, 2918, 4376, 5959, 10726, 11424, 13771, 15119, 32994, 12963, 0, 1
17:19:41, 1016.50, 29.09, 29.11, 29.062, 13542, 27342, 35999, 36000, 36000, 36000, 36000, 36000, 36000, 35868, 1, 1, 7044, 9601, 14729, 17477, 15581, 18536, 19303, 22268, 36000, 28292, 1, 1
17:19:42, 1016.30, 29.08, 29.11, 29.016, 10784, 23987, 31358, 36000, 36000, 36000, 36000, 36000, 36000, 36000, 1, 1, 7857, 11849, 16687, 20890, 27876, 30350, 35091, 36000, 36000, 36000, 1, 1
17:19:42, 1016.50, 29.07, 29.12, 29.016, 9067, 16513, 20158, 22418, 34337, 30424, 34803, 36000, 36000, 35064, 1, 1, 9725, 14707, 20495, 26855, 36000, 36000, 36000, 36000, 36000, 36000, 1, 1
17:19:43, 1016.40, 29.06, 29.12, 28.914, 9580, 13020, 28349, 22210, 34449, 31307, 36000, 36000, 36000, 36000, 1, 1, 36000, 36000, 36000, 36000, 36000, 36000, 36000, 36000, 36000, 36000, 1, 1
17:19:44, 1016.50, 29.03, 29.12, 28.758, 824, 1224, 1568, 1823, 1855, 1889, 2415, 2533, 8820, 2908, 0, 0, 30019, 36000, 36000, 36000, 36000, 36000, 36000, 36000, 36000, 36000, 1, 1
17:19:44, 1016.10, 29.05, 29.12, 28.758, 853, 1266, 1651, 1918, 1951, 2106, 2553, 2745, 9630, 2662, 0, 0, 24127, 34512, 36000, 36000, 36000, 36000, 36000, 36000, 36000, 36000, 1, 1
17:19:45, 1016.10, 29.01, 29.16, 28.641, 10736, 19311, 28359, 27764, 36000, 36000, 36000, 36000, 36000, 36000, 1, 1, 35406, 36000, 36000, 36000, 36000, 36000, 36000, 36000, 36000, 36000, 1, 1
17:19:46, 1017.70, 28.98, 29.12, 28.555, 1204, 1646, 2266, 2411, 2436, 2464, 2930, 3285, 13196, 4500, 0, 0, 36000, 36000, 36000, 36000, 36000, 36000, 36000, 36000, 36000, 36000, 1, 1
17:19:46, 1016.90, 28.95, 29.16, 28.555, 1035, 1433, 1885, 2029, 2094, 2273, 2676, 2983, 11792, 3328, 0, 0, 35425, 36000, 36000, 36000, 36000, 36000, 36000, 36000, 36000, 36000, 1, 1
17:19:47, 1016.80, 28.96, 29.16, 28.492, 814, 1160, 1562, 1757, 1807, 2087, 2651, 3035, 9920, 2903, 0, 0, 35800, 36000, 36000, 36000, 36000, 36000, 36000, 36000, 36000, 36000, 1, 1
17:19:48, 1016.00, 28.93, 29.16, 28.422, 799, 1149, 1523, 1751, 1758, 2016, 2566, 2897, 10012, 3006, 0, 0, 31154, 36000, 36000, 36000, 36000, 36000, 36000, 36000, 36000, 36000, 1, 1
17:19:48, 1016.70, 28.99, 29.12, 28.422, 757, 1053, 1466, 1702, 2113, 2372, 3061, 3459, 13295, 4718, 0, 0, 18517, 21472, 31803, 35760, 16626, 24406, 26505, 31244, 36000, 36000, 1, 1
17:19:49, 1016.50, 29.03, 29.16, 28.344, 473, 572, 835, 937, 971, 1225, 1809, 2302, 7157, 3775, 0, 0, 2525, 2826, 2998, 3773, 1533, 2571, 4073, 5916, 17183, 14902, 0, 0
17:19:50, 1016.80, 29.02, 29.18, 28.320, 437, 520, 708, 689, 511, 860, 1735, 2311, 5023, 2691, 0, 0, 2199, 2235, 2396, 2827, 1068, 1906, 3341, 6076, 12692, 10470, 0, 0
17:19:50, 1016.70, 29.02, 29.22, 28.320, 59, 67, 70, 78, 471, 630, 1030, 1430, 5074, 2801, 0, 0, 3521, 4141, 4185, 5350, 3546, 6046, 11156, 15452, 33625, 33138, 0, 1
17:19:51, 1016.70, 29.02, 29.20, 28.312, 43, 49, 52, 57, 56, 80, 126, 249, 923, 883, 0, 0, 632, 777, 847, 921, 919, 1596, 2506, 3741, 10044, 8012, 0, 0
17:19:52, 1016.40, 29.02, 29.16, 28.312, 9, 10, 9, 11, 43, 66, 114, 220, 786, 672, 0, 0, 1666, 1706, 1796, 2113, 3231, 6845, 10764, 17439, 33244, 24794, 0, 1
17:19:52, 1016.50, 29.01, 29.18, 28.312, 104, 121, 129, 146, 146, 252, 472, 804, 2522, 1888, 0, 0, 4820, 5228, 5544, 6682, 10123, 19385, 32880, 36000, 36000, 36000, 1, 1
17:19:53, 1016.60, 29.02, 29.16, 28.336, 76, 86, 90, 100, 164, 277, 554, 901, 2855, 2124, 0, 0, 1312, 1353, 1429, 1673, 2130, 4351, 7223, 11257, 25501, 19192, 0, 0
17:19:54, 1016.70, 29.02, 29.20, 28.352, 110, 131, 143, 160, 149, 227, 406, 736, 2471, 1953, 0, 0, 1031, 1128, 1175, 1360, 1455, 2404, 3907, 6467, 20575, 17772, 0, 0
17:19:54, 1016.60, 29.02, 29.18, 28.352, 107, 125, 137, 152, 117, 187, 334, 573, 1924, 1507, 0, 0, 719, 824, 858, 965, 897, 1499, 2416, 4196, 12835, 11022, 0, 0
17:19:55, 1016.60, 29.02, 29.20, 28.375, 39, 43, 46, 50, 47, 83, 160, 261, 869, 671, 0, 0, 292, 339, 358, 393, 315, 559, 952, 1488, 4353, 3632, 0, 0