Secchi Depth (cm) = 9999
Forel Ule Scale = 99
pH Colour Scale = 99
SensingSecchi S/N = A017
Latitude (degs N) = 33.92226
Longitude (degs E) = -78.00168
Date = 2026-08-05
Time (UTC), Pressure (mbar) MS5803, Temp (deg C) MS5803, Temp (deg C) 10KTHERM, Temp (deg C) TMP117, ED 415nm, ED 445nm, ED 480nm, ED 515nm, ED 555nm, ED 590nm, ED 630nm, ED 680nm, ED Clear, ED NIR, ED D-SAT, ED A-SAT, EU 415nm, EU 445nm, EU 480nm, EU 515nm, EU 555nm, EU 590nm, EU 630nm, EU 680nm, EU Clear, EU NIR, EU D-SAT, EU A-SAT
15:05:01, 1016.60, 25.54, 25.41, 26.922, 522, 786, 1123, 1358, 1549, 1621, 1960, 2131, 7740, 2370, 0, 0, 570, 693, 993, 1449, 1455, 1583, 2545, 2794, 13077, 8297, 0, 0
15:05:01, 1016.10, 25.48, 25.41, 26.922, 432, 717, 1027, 1174, 1419, 1455, 1743, 1977, 5371, 1689, 0, 0, 21444, 32622, 36000, 36000, 36000, 36000, 36000, 36000, 36000, 36000, 1, 1
15:05:02, 1016.50, 25.53, 25.41, 26.906, 113, 162, 246, 321, 876, 901, 1091, 1030, 5123, 1553, 0, 0, 6248, 9936, 14056, 17185, 14622, 16054, 20585, 24642, 36000, 35985, 1, 1
15:05:03, 1016.50, 25.54, 25.47, 26.883, 1654, 2624, 3665, 4331, 4864, 4994, 6004, 6438, 24037, 7232, 0, 0, 3634, 5513, 8047, 9743, 4364, 4739, 6005, 7466, 34743, 18086, 0, 1
15:05:03, 1016.40, 25.55, 25.40, 26.883, 1350, 2102, 2902, 3483, 4279, 4402, 5410, 5630, 22240, 6645, 0, 0, 231, 294, 436, 528, 2293, 2970, 4709, 5668, 11053, 3964, 0, 0
15:05:04, 1016.40, 25.55, 25.41, 26.875, 1470, 2310, 3218, 3852, 4483, 4637, 5510, 5969, 22761, 6780, 0, 0, 427, 543, 757, 967, 1300, 1572, 2345, 4072, 4768, 2450, 0, 0
15:05:05, 1016.60, 25.56, 25.41, 26.859, 381, 579, 775, 1055, 2510, 2605, 3220, 3637, 10537, 3255, 0, 0, 120, 135, 173, 217, 833, 952, 1293, 2196, 4145, 2489, 0, 0
15:05:05, 1016.50, 25.57, 25.41, 26.859, 1355, 2075, 2914, 3483, 3541, 3684, 4375, 4852, 16999, 5342, 0, 0, 1884, 2793, 4145, 5406, 4559, 4807, 5219, 5271, 19160, 6464, 0, 0
15:05:06, 1016.50, 25.57, 25.47, 26.875, 1452, 2254, 3098, 3754, 3994, 4220, 4996, 5389, 17105, 5099, 0, 0, 2000, 3140, 4586, 5948, 5538, 5792, 6632, 6898, 22438, 8242, 0, 0
15:05:07, 1016.60, 25.58, 25.47, 26.906, 1453, 2245, 3120, 3748, 4104, 4259, 5093, 5476, 19297, 5921, 0, 0, 749, 1205, 1896, 2540, 3461, 3378, 3744, 3702, 10236, 2228, 0, 0
15:05:07, 1016.50, 25.59, 25.43, 26.906, 1407, 2238, 3120, 3727, 4244, 4352, 5244, 5643, 21840, 6600, 0, 0, 401, 632, 1054, 1500, 2232, 2211, 2350, 2320, 7224, 1695, 0, 0
15:05:08, 1018.40, 25.59, 25.43, 26.945, 1564, 2466, 3436, 4060, 4174, 4346, 5088, 5636, 23957, 7271, 0, 0, 315, 505, 925, 1406, 1739, 1676, 1681, 1427, 4384, 374, 0, 0
15:05:09, 1022.10, 25.60, 25.43, 27.187, 1555, 2444, 3419, 3968, 4200, 4246, 5096, 5571, 24314, 7469, 0, 0, 215, 360, 738, 1225, 1699, 1636, 1641, 1374, 4208, 343, 0, 0
15:05:09, 1025.10, 25.63, 25.48, 27.187, 1436, 2304, 3326, 3978, 4539, 4699, 5503, 5972, 19558, 3131, 0, 0, 202, 337, 703, 1182, 2026, 1953, 1973, 1659, 5391, 443, 0, 0
15:05:10, 1023.80, 25.67, 25.43, 27.812, 1198, 1981, 2737, 3310, 4009, 4110, 4917, 5386, 21254, 5136, 0, 0, 190, 319, 664, 1115, 1652, 1586, 1594, 1325, 4039, 329, 0, 0
15:05:11, 1027.50, 25.70, 25.43, 28.133, 1163, 1947, 2661, 3272, 3671, 3789, 4548, 4948, 19431, 4136, 0, 0, 159, 267, 563, 957, 1400, 1339, 1340, 1099, 3174, 252, 0, 0
15:05:11, 1024.30, 25.73, 25.43, 28.133, 972, 1575, 2243, 2766, 2947, 3038, 3711, 3942, 15207, 3545, 0, 0, 170, 281, 595, 1018, 1623, 1560, 1555, 1285, 3953, 322, 0, 0
15:05:12, 1021.80, 25.76, 25.45, 28.328, 944, 1552, 2243, 2756, 3542, 3683, 4453, 4684, 14726, 2353, 0, 0, 159, 266, 559, 948, 1521, 1461, 1453, 1201, 3525, 293, 0, 0
15:05:13, 1025.60, 25.80, 25.43, 28.437, 1295, 2050, 2882, 3331, 3882, 3918, 4686, 5223, 16252, 4878, 0, 0, 187, 312, 662, 1123, 1688, 1617, 1618, 1339, 3643, 294, 0, 0
15:05:13, 1023.00, 25.82, 25.45, 28.437, 1081, 1788, 2557, 3194, 3229, 3291, 3924, 4309, 11407, 1834, 0, 0, 160, 265, 573, 989, 1600, 1534, 1527, 1252, 3440, 279, 0, 0
15:05:14, 1028.00, 25.85, 25.47, 28.516, 1074, 1670, 2341, 2831, 2973, 3067, 3658, 4044, 10817, 2765, 0, 0, 165, 275, 587, 1007, 1469, 1407, 1392, 1135, 3108, 247, 0, 0
15:05:15, 1024.80, 25.88, 25.45, 28.555, 1028, 1707, 2473, 2989, 3260, 3298, 3926, 4334, 12325, 2068, 0, 0, 155, 258, 555, 957, 1459, 1398, 1382, 1130, 3149, 251, 0, 0
15:05:15, 1023.10, 25.91, 25.41, 28.555, 1018, 1598, 2241, 2765, 3436, 3517, 4233, 4601, 12864, 3658, 0, 0, 153, 252, 539, 931, 1472, 1408, 1392, 1133, 3044, 245, 0, 0
15:05:16, 1019.30, 25.93, 25.43, 28.586, 1215, 1996, 2784, 3451, 3570, 3714, 4442, 4784, 14567, 2664, 0, 0, 147, 243, 521, 901, 1503, 1439, 1428, 1164, 3132, 255, 0, 0
15:05:17, 1017.00, 25.96, 25.41, 28.617, 1329, 2066, 2831, 3499, 4030, 4195, 4943, 5443, 14487, 3993, 0, 0, 817, 1274, 1998, 2693, 3060, 2876, 3381, 3061, 7614, 1500, 0, 0
15:05:17, 1022.00, 25.99, 25.45, 28.617, 1543, 2362, 3287, 3920, 4299, 4526, 5278, 5779, 17863, 5177, 0, 0, 197, 333, 686, 1137, 1631, 1561, 1563, 1304, 3645, 306, 0, 0
15:05:18, 1033.70, 26.04, 25.45, 28.602, 945, 1581, 2202, 2678, 3422, 3508, 4137, 4497, 12531, 1853, 0, 0, 156, 261, 561, 964, 1426, 1369, 1358, 1116, 3027, 240, 0, 0
15:05:19, 1034.20, 26.12, 25.47, 28.617, 819, 1379, 2053, 2493, 2898, 3021, 3516, 3800, 8280, 1027, 0, 0, 145, 239, 528, 929, 1395, 1338, 1319, 1065, 2772, 216, 0, 0
15:05:19, 1040.60, 26.20, 25.41, 28.617, 772, 1263, 1880, 2334, 2731, 2837, 3308, 3602, 8130, 1038, 0, 0, 126, 206, 460, 817, 1229, 1180, 1153, 925, 2495, 192, 0, 0
15:05:20, 1041.40, 26.28, 25.43, 28.641, 797, 1407, 2108, 2667, 2873, 2948, 3451, 3731, 9427, 1067, 0, 0, 124, 202, 462, 832, 1360, 1308, 1283, 1024, 2796, 214, 0, 0
15:05:21, 1026.20, 26.34, 25.43, 28.648, 651, 1076, 1639, 2084, 2501, 2594, 3060, 3272, 8117, 1050, 0, 0, 160, 265, 576, 1003, 1596, 1531, 1517, 1235, 3397, 271, 0, 0
15:05:21, 1030.30, 26.39, 25.45, 28.648, 781, 1194, 1700, 2151, 2355, 2481, 2922, 3138, 8010, 1471, 0, 0, 165, 275, 593, 1020, 1450, 1391, 1379, 1127, 3050, 238, 0, 0
15:05:22, 1026.70, 26.44, 25.45, 28.648, 868, 1430, 2082, 2517, 2545, 2668, 3198, 3346, 9635, 1690, 0, 0, 174, 289, 618, 1062, 1648, 1586, 1578, 1297, 3776, 304, 0, 0
15:05:23, 1027.20, 26.49, 25.47, 28.656, 1008, 1673, 2419, 2949, 3531, 3652, 4387, 4696, 12689, 1888, 0, 0, 149, 247, 536, 924, 1514, 1454, 1447, 1182, 3269, 258, 0, 0
15:05:23, 1026.10, 26.53, 25.47, 28.656, 878, 1372, 1973, 2435, 2875, 3036, 3516, 3912, 9160, 1690, 0, 0, 167, 279, 594, 1011, 1465, 1405, 1399, 1150, 3092, 247, 0, 0
15:05:24, 1032.90, 26.56, 25.47, 28.656, 903, 1410, 2019, 2501, 2810, 2948, 3506, 3736, 9565, 1731, 0, 0, 151, 250, 543, 945, 1444, 1387, 1379, 1127, 2896, 225, 0, 0
15:05:25, 1022.40, 26.58, 25.45, 28.656, 816, 1369, 1995, 2491, 2605, 2742, 3244, 3406, 9227, 1394, 0, 0, 162, 269, 577, 994, 1530, 1472, 1468, 1210, 3340, 270, 0, 0
15:05:25, 1022.20, 26.60, 25.40, 28.656, 1172, 1823, 2564, 3068, 3458, 3550, 4264, 4589, 13112, 3793, 0, 0, 176, 294, 616, 1042, 1543, 1483, 1480, 1221, 3454, 281, 0, 0
15:05:26, 1024.50, 26.62, 25.47, 28.656, 982, 1620, 2257, 2839, 3440, 3546, 4366, 4511, 15635, 2558, 0, 0, 161, 269, 573, 979, 1612, 1551, 1551, 1275, 3586, 287, 0, 0
15:05:27, 1025.60, 26.65, 25.48, 28.664, 1050, 1625, 2310, 2792, 3352, 3455, 4147, 4413, 13186, 3614, 0, 0, 171, 285, 599, 1014, 1510, 1450, 1446, 1189, 3306, 266, 0, 0
15:05:27, 1024.40, 26.67, 25.47, 28.664, 1054, 1775, 2513, 3071, 3253, 3272, 3963, 4286, 11914, 2055, 0, 0, 171, 285, 606, 1035, 1581, 1522, 1519, 1252, 3495, 283, 0, 0
15:05:28, 1034.30, 26.69, 25.48, 28.656, 1039, 1631, 2285, 2796, 2948, 3098, 3646, 3916, 10703, 2124, 0, 0, 156, 259, 554, 954, 1461, 1404, 1401, 1144, 2923, 228, 0, 0
15:05:29, 1049.10, 26.71, 25.48, 28.664, 773, 1331, 2008, 2493, 2807, 2915, 3407, 3683, 8553, 908, 0, 0, 125, 203, 464, 838, 1324, 1278, 1259, 1002, 2523, 192, 0, 0
15:05:29, 1061.40, 26.72, 25.47, 28.664, 601, 1045, 1653, 2135, 2674, 2762, 3197, 3448, 7873, 700, 0, 0, 113, 182, 423, 776, 1213, 1175, 1151, 914, 2422, 184, 0, 0
15:05:30, 1077.50, 26.75, 25.45, 28.664, 447, 821, 1392, 1931, 2048, 2109, 2437, 2498, 5031, 346, 0, 0, 96, 145, 359, 697, 1130, 1099, 1066, 822, 2092, 158, 0, 0
15:05:31, 1088.80, 26.77, 25.47, 28.664, 308, 563, 1000, 1414, 1849, 1915, 2208, 2219, 4369, 289, 0, 0, 87, 130, 327, 646, 1021, 996, 960, 741, 2021, 152, 0, 0
15:05:31, 1101.70, 26.79, 25.47, 28.664, 270, 526, 980, 1446, 1701, 1758, 2004, 1984, 4256, 270, 0, 0, 76, 107, 281, 578, 990, 967, 925, 697, 1758, 133, 0, 0
15:05:32, 1105.00, 26.81, 25.47, 28.664, 221, 415, 799, 1189, 1620, 1666, 1884, 1878, 3968, 251, 0, 0, 71, 99, 260, 539, 941, 923, 882, 665, 1743, 132, 0, 0
15:05:33, 1117.70, 26.83, 25.50, 28.664, 217, 416, 806, 1262, 1563, 1645, 1883, 1742, 5474, 369, 0, 0, 64, 91, 236, 488, 831, 818, 777, 589, 1708, 128, 0, 0
15:05:33, 1124.60, 26.85, 25.47, 28.664, 163, 310, 635, 1002, 1312, 1356, 1532, 1448, 3372, 214, 0, 0, 56, 73, 199, 436, 816, 807, 762, 564, 1586, 120, 0, 0
15:05:34, 1134.00, 26.87, 25.48, 28.672, 133, 252, 524, 856, 1367, 1411, 1597, 1499, 3859, 247, 0, 0, 49, 64, 174, 381, 708, 701, 657, 486, 1379, 104, 0, 0
15:05:35, 1145.20, 26.88, 25.48, 28.664, 143, 266, 566, 935, 1300, 1341, 1501, 1391, 3728, 240, 0, 0, 44, 56, 154, 346, 643, 637, 592, 432, 1246, 94, 0, 0
15:05:35, 1151.30, 26.89, 25.48, 28.664, 112, 205, 449, 771, 1067, 1105, 1232, 1123, 2923, 187, 0, 0, 40, 48, 135, 314, 612, 607, 562, 404, 1155, 87, 0, 0
15:05:36, 1153.10, 26.91, 25.47, 28.664, 90, 162, 363, 632, 985, 1020, 1128, 1028, 2524, 161, 0, 0, 39, 47, 134, 312, 596, 591, 546, 391, 1119, 85, 0, 0
15:05:37, 1155.80, 26.92, 25.47, 28.664, 104, 189, 429, 738, 1095, 1131, 1254, 1145, 3071, 198, 0, 0, 38, 46, 128, 298, 583, 580, 534, 383, 1109, 84, 0, 0
15:05:37, 1166.10, 26.93, 25.48, 28.664, 96, 171, 391, 692, 1037, 1077, 1185, 1070, 2835, 183, 0, 0, 34, 40, 114, 270, 525, 523, 480, 342, 983, 74, 0, 0
15:05:38, 1168.50, 26.94, 25.47, 28.664, 79, 138, 320, 575, 843, 877, 965, 867, 2060, 131, 0, 0, 32, 37, 106, 255, 515, 514, 471, 333, 937, 71, 0, 0
15:05:39, 1172.60, 26.96, 25.48, 28.664, 69, 117, 276, 503, 786, 817, 891, 799, 1840, 118, 0, 0, 32, 36, 104, 252, 497, 497, 454, 323, 934, 71, 0, 0
15:05:39, 1179.20, 26.97, 25.50, 28.664, 70, 119, 283, 526, 830, 864, 944, 833, 2265, 146, 0, 0, 29, 32, 92, 227, 460, 461, 419, 294, 842, 64, 0, 0
15:05:40, 1185.70, 26.98, 25.50, 28.664, 63, 105, 252, 476, 743, 775, 843, 738, 1916, 124, 0, 0, 26, 28, 80, 202, 424, 426, 385, 267, 770, 59, 0, 0
15:05:41, 1190.00, 27.00, 25.48, 28.656, 53, 86, 210, 403, 657, 685, 742, 649, 1645, 107, 0, 0, 25, 27, 78, 196, 403, 405, 365, 253, 740, 56, 0, 0
15:05:41, 1190.60, 27.01, 25.45, 28.656, 56, 92, 223, 431, 682, 713, 772, 673, 1762, 115, 0, 0, 24, 26, 74, 188, 403, 405, 365, 252, 736, 56, 0, 0
15:05:42, 1186.10, 27.02, 25.50, 28.664, 49, 79, 194, 375, 598, 624, 675, 585, 1495, 97, 0, 0, 27, 29, 83, 210, 438, 441, 400, 277, 804, 62, 0, 0
15:05:43, 1188.40, 27.02, 25.50, 28.672, 52, 84, 205, 392, 648, 675, 732, 638, 1584, 102, 0, 0, 25, 27, 78, 198, 405, 408, 368, 255, 736, 56, 0, 0
15:05:44, 1191.00, 27.02, 25.48, 28.672, 57, 93, 228, 438, 701, 733, 793, 690, 1890, 123, 0, 0, 25, 26, 76, 191, 399, 402, 363, 253, 739, 56, 0, 0
15:05:44, 1190.90, 27.04, 25.47, 28.664, 55, 89, 217, 420, 652, 680, 740, 645, 1620, 104, 0, 0, 24, 25, 73, 187, 405, 408, 369, 254, 708, 54, 0, 0
15:05:45, 1186.80, 27.05, 25.52, 28.664, 42, 66, 162, 321, 523, 550, 587, 508, 1128, 73, 0, 0, 28, 30, 85, 216, 452, 454, 414, 287, 782, 60, 0, 0
15:05:46, 1188.90, 27.06, 25.52, 28.664, 52, 86, 209, 398, 664, 694, 756, 662, 1610, 103, 0, 0, 24, 26, 74, 188, 395, 398, 359, 249, 710, 54, 0, 0
15:05:46, 1190.00, 27.07, 25.50, 28.664, 53, 84, 207, 406, 654, 685, 744, 644, 1656, 107, 0, 0, 23, 25, 71, 181, 395, 398, 359, 247, 681, 52, 0, 0
15:05:47, 1187.00, 27.09, 25.56, 28.664, 48, 76, 187, 361, 604, 632, 681, 599, 1318, 84, 0, 0, 25, 27, 77, 196, 423, 426, 386, 267, 725, 55, 0, 0
15:05:48, 1186.60, 27.09, 25.50, 28.664, 53, 85, 207, 397, 644, 675, 728, 640, 1430, 91, 0, 0, 26, 28, 80, 203, 426, 429, 389, 270, 726, 55, 0, 0
15:05:48, 1187.40, 27.10, 25.54, 28.656, 54, 87, 212, 406, 651, 680, 735, 647, 1423, 90, 0, 0, 26, 27, 78, 197, 414, 416, 377, 261, 704, 54, 0, 0
15:05:49, 1186.30, 27.11, 25.52, 28.656, 53, 86, 209, 401, 644, 674, 727, 638, 1427, 91, 0, 0, 25, 26, 76, 193, 414, 417, 377, 261, 711, 54, 0, 0
15:05:50, 1187.50, 27.11, 25.52, 28.656, 53, 85, 209, 402, 670, 700, 760, 668, 1623, 105, 0, 0, 25, 27, 76, 192, 404, 407, 369, 257, 740, 56, 0, 0
15:05:50, 1184.30, 27.11, 25.54, 28.664, 57, 93, 227, 430, 659, 689, 747, 659, 1594, 103, 0, 0, 27, 29, 82, 207, 436, 439, 400, 279, 797, 61, 0, 0
15:05:51, 1183.10, 27.12, 25.48, 28.664, 54, 88, 212, 407, 660, 691, 751, 661, 1628, 106, 0, 0, 27, 29, 82, 206, 429, 432, 393, 275, 789, 60, 0, 0
15:05:52, 1181.50, 27.13, 25.54, 28.664, 55, 91, 220, 417, 681, 714, 776, 683, 1683, 109, 0, 0, 26, 28, 79, 200, 426, 429, 389, 272, 772, 59, 0, 0
15:05:52, 1180.90, 27.13, 25.50, 28.656, 55, 90, 219, 417, 678, 708, 769, 682, 1634, 105, 0, 0, 27, 30, 85, 213, 436, 439, 400, 280, 787, 60, 0, 0
15:05:53, 1181.90, 27.14, 25.56, 28.664, 63, 105, 247, 474, 749, 783, 856, 752, 1970, 128, 0, 0, 27, 29, 83, 206, 435, 438, 398, 279, 775, 59, 0, 0
15:05:54, 1183.10, 27.16, 25.54, 28.664, 57, 93, 225, 426, 679, 709, 770, 682, 1509, 96, 0, 0, 27, 30, 84, 211, 439, 441, 402, 280, 755, 58, 0, 0
15:05:54, 1181.30, 27.16, 25.54, 28.656, 54, 88, 212, 404, 647, 675, 731, 646, 1365, 87, 0, 0, 27, 29, 84, 211, 444, 446, 406, 283, 752, 57, 0, 0
15:05:55, 1181.90, 27.17, 25.56, 28.664, 57, 93, 225, 428, 700, 732, 793, 702, 1593, 102, 0, 0, 26, 29, 82, 205, 423, 425, 386, 271, 769, 59, 0, 0
15:05:56, 1184.60, 27.18, 25.50, 28.664, 59, 100, 243, 451, 737, 764, 841, 748, 1996, 130, 0, 0, 26, 28, 80, 199, 414, 416, 377, 264, 752, 57, 0, 0
15:05:56, 1182.00, 27.19, 25.48, 28.664, 59, 97, 237, 449, 702, 734, 798, 704, 1653, 106, 0, 0, 27, 29, 83, 209, 444, 446, 407, 284, 785, 60, 0, 0
15:05:57, 1180.30, 27.20, 25.52, 28.664, 56, 92, 221, 417, 666, 696, 755, 668, 1595, 103, 0, 0, 28, 30, 87, 217, 451, 453, 413, 289, 815, 62, 0, 0
15:05:58, 1181.00, 27.20, 25.54, 28.664, 56, 92, 222, 423, 694, 724, 787, 693, 1700, 110, 0, 0, 27, 29, 84, 210, 435, 438, 398, 278, 790, 60, 0, 0
15:05:58, 1184.60, 27.21, 25.52, 28.656, 63, 107, 257, 483, 764, 799, 873, 767, 2023, 131, 0, 0, 27, 29, 84, 207, 428, 431, 391, 275, 797, 61, 0, 0
15:05:59, 1182.80, 27.23, 25.54, 28.672, 60, 100, 244, 461, 714, 747, 817, 721, 1727, 111, 0, 0, 27, 29, 82, 206, 446, 448, 409, 285, 763, 58, 0, 0
15:06:00, 1181.80, 27.23, 25.56, 28.672, 47, 74, 182, 350, 571, 597, 640, 564, 1121, 72, 0, 0, 29, 32, 91, 227, 463, 465, 425, 295, 771, 59, 0, 0
15:06:00, 1182.10, 27.24, 25.56, 28.664, 50, 80, 196, 375, 606, 633, 680, 597, 1221, 78, 0, 0, 29, 31, 88, 223, 460, 461, 420, 291, 764, 58, 0, 0
15:06:01, 1187.00, 27.24, 25.56, 28.664, 58, 95, 232, 439, 713, 746, 813, 720, 1716, 109, 0, 0, 25, 27, 79, 198, 414, 416, 376, 262, 734, 56, 0, 0
15:06:02, 1186.00, 27.25, 25.57, 28.664, 56, 90, 220, 421, 652, 680, 733, 644, 1392, 89, 0, 0, 27, 29, 84, 211, 446, 447, 408, 283, 760, 58, 0, 0
15:06:02, 1182.90, 27.26, 25.57, 28.664, 55, 88, 215, 408, 651, 680, 732, 647, 1426, 91, 0, 0, 28, 30, 85, 214, 451, 453, 413, 287, 780, 60, 0, 0
15:06:03, 1182.60, 27.27, 25.57, 28.664, 58, 94, 229, 435, 726, 759, 825, 726, 1738, 111, 0, 0, 27, 29, 83, 208, 435, 438, 397, 279, 793, 60, 0, 0
15:06:04, 1181.20, 27.27, 25.56, 28.664, 65, 109, 263, 493, 774, 808, 883, 783, 1899, 121, 0, 0, 28, 30, 86, 215, 446, 449, 409, 287, 809, 62, 0, 0
15:06:04, 1179.10, 27.27, 25.56, 28.664, 65, 109, 265, 496, 771, 804, 879, 778, 1881, 121, 0, 0, 29, 31, 90, 224, 472, 475, 434, 304, 840, 64, 0, 0
15:06:05, 1179.70, 27.28, 25.56, 28.664, 63, 105, 252, 470, 763, 798, 870, 775, 1788, 114, 0, 0, 29, 31, 89, 222, 457, 460, 419, 294, 814, 62, 0, 0
15:06:06, 1179.70, 27.29, 25.57, 28.664, 65, 109, 262, 488, 765, 801, 873, 776, 1787, 114, 0, 0, 29, 31, 90, 223, 465, 467, 425, 298, 805, 61, 0, 0
15:06:06, 1179.10, 27.29, 25.57, 28.664, 65, 108, 259, 487, 772, 807, 879, 783, 1793, 114, 0, 0, 29, 31, 89, 222, 458, 460, 419, 294, 808, 62, 0, 0
15:06:07, 1177.80, 27.29, 25.56, 28.664, 65, 109, 262, 490, 768, 803, 876, 778, 1740, 110, 0, 0, 30, 32, 93, 230, 476, 477, 436, 305, 827, 63, 0, 0
15:06:08, 1178.50, 27.30, 25.59, 28.664, 68, 115, 276, 509, 804, 839, 923, 828, 2054, 132, 0, 0, 29, 32, 92, 227, 467, 469, 427, 301, 839, 64, 0, 0
15:06:08, 1175.80, 27.30, 25.57, 28.664, 68, 115, 277, 514, 802, 836, 917, 814, 1996, 129, 0, 0, 29, 32, 93, 229, 481, 483, 441, 310, 870, 66, 0, 0
15:06:09, 1174.40, 27.31, 25.56, 28.672, 60, 98, 235, 444, 747, 781, 849, 755, 1826, 118, 0, 0, 30, 33, 93, 231, 478, 480, 437, 308, 882, 67, 0, 0
15:06:10, 1176.20, 27.31, 25.57, 28.672, 62, 104, 248, 466, 751, 786, 858, 758, 1841, 119, 0, 0, 31, 34, 99, 242, 484, 485, 442, 312, 889, 68, 0, 0
15:06:10, 1177.20, 27.31, 25.57, 28.664, 74, 126, 294, 551, 845, 890, 977, 863, 2350, 154, 0, 0, 30, 33, 95, 234, 477, 478, 435, 307, 868, 66, 0, 0
15:06:11, 1176.60, 27.32, 25.56, 28.672, 62, 101, 242, 455, 706, 737, 796, 707, 1623, 105, 0, 0, 32, 36, 102, 253, 523, 524, 481, 337, 914, 70, 0, 0
15:06:12, 1177.20, 27.33, 25.56, 28.672, 68, 113, 272, 507, 826, 864, 943, 832, 2058, 132, 0, 0, 29, 32, 91, 226, 470, 471, 428, 300, 850, 65, 0, 0
15:06:12, 1179.90, 27.33, 25.59, 28.664, 69, 115, 276, 515, 812, 847, 923, 823, 1893, 121, 0, 0, 30, 33, 94, 233, 475, 477, 433, 305, 881, 67, 0, 0
15:06:13, 1179.10, 27.34, 25.57, 28.672, 69, 116, 273, 517, 787, 822, 903, 800, 1838, 117, 0, 0, 31, 34, 98, 244, 523, 523, 479, 334, 873, 67, 0, 0
15:06:14, 1178.10, 27.35, 25.59, 28.672, 55, 87, 212, 403, 612, 641, 688, 605, 1248, 80, 0, 0, 34, 37, 107, 264, 536, 536, 491, 341, 911, 70, 0, 0
15:06:14, 1182.20, 27.35, 25.57, 28.664, 63, 104, 250, 467, 774, 807, 885, 784, 1814, 116, 0, 0, 28, 31, 88, 220, 452, 454, 410, 287, 825, 63, 0, 0
15:06:15, 1178.90, 27.36, 25.59, 28.664, 63, 104, 251, 473, 691, 721, 780, 691, 1475, 94, 0, 0, 31, 34, 98, 245, 503, 503, 458, 319, 851, 65, 0, 0
15:06:16, 1185.00, 27.36, 25.57, 28.664, 64, 105, 253, 475, 788, 824, 899, 802, 1942, 124, 0, 0, 28, 31, 88, 219, 448, 450, 406, 285, 832, 63, 0, 0
15:06:16, 1180.10, 27.37, 25.59, 28.672, 60, 99, 239, 451, 633, 661, 712, 628, 1288, 83, 0, 0, 32, 35, 99, 246, 517, 518, 473, 328, 887, 68, 0, 0
15:06:17, 1176.10, 27.37, 25.57, 28.672, 60, 98, 239, 454, 715, 749, 808, 712, 1560, 100, 0, 0, 34, 37, 105, 262, 597, 599, 551, 384, 1043, 80, 0, 0
15:06:18, 1179.20, 27.37, 25.59, 28.672, 60, 98, 236, 443, 804, 840, 917, 813, 1883, 120, 0, 0, 29, 32, 92, 228, 467, 469, 424, 297, 842, 64, 0, 0
15:06:18, 1181.60, 27.37, 25.61, 28.672, 65, 106, 256, 481, 765, 797, 865, 772, 1742, 111, 0, 0, 29, 32, 92, 230, 466, 467, 423, 294, 817, 62, 0, 0
15:06:19, 1180.90, 27.38, 25.59, 28.672, 68, 113, 272, 506, 760, 795, 864, 770, 1671, 106, 0, 0, 29, 32, 91, 227, 461, 462, 417, 290, 805, 61, 0, 0
15:06:20, 1173.50, 27.38, 25.59, 28.672, 60, 97, 235, 444, 732, 764, 829, 739, 1516, 96, 0, 0, 33, 36, 103, 254, 523, 522, 476, 333, 897, 69, 0, 0
15:06:20, 1176.60, 27.39, 25.61, 28.664, 74, 126, 301, 553, 836, 871, 958, 860, 2294, 149, 0, 0, 30, 33, 93, 231, 489, 490, 444, 310, 855, 65, 0, 0
15:06:21, 1177.00, 27.39, 25.61, 28.672, 65, 108, 258, 482, 800, 834, 909, 810, 1879, 120, 0, 0, 30, 33, 96, 237, 494, 494, 449, 314, 885, 67, 0, 0
15:06:22, 1175.30, 27.39, 25.57, 28.672, 72, 121, 289, 534, 787, 822, 897, 803, 1855, 119, 0, 0, 34, 38, 108, 265, 543, 544, 497, 347, 958, 73, 0, 0
15:06:22, 1175.00, 27.40, 25.61, 28.672, 76, 128, 302, 566, 881, 923, 1012, 896, 2127, 136, 0, 0, 32, 35, 101, 248, 523, 523, 477, 334, 921, 70, 0, 0
15:06:23, 1176.60, 27.41, 25.57, 28.680, 71, 120, 288, 534, 855, 894, 984, 869, 2113, 135, 0, 0, 31, 34, 97, 239, 506, 507, 461, 322, 890, 68, 0, 0
15:06:24, 1177.70, 27.42, 25.61, 28.680, 69, 115, 274, 508, 797, 833, 908, 812, 1761, 112, 0, 0, 32, 35, 100, 248, 506, 507, 461, 323, 897, 68, 0, 0
15:06:24, 1178.80, 27.42, 25.61, 28.664, 73, 123, 297, 550, 856, 896, 981, 875, 2005, 127, 0, 0, 32, 35, 100, 248, 502, 504, 459, 322, 896, 68, 0, 0
15:06:25, 1175.50, 27.43, 25.63, 28.672, 72, 125, 300, 546, 819, 857, 937, 835, 1806, 114, 0, 0, 34, 38, 107, 265, 557, 557, 510, 356, 925, 71, 0, 0
15:06:26, 1177.20, 27.44, 25.63, 28.672, 70, 117, 280, 522, 848, 887, 970, 864, 1956, 124, 0, 0, 32, 35, 100, 247, 507, 510, 465, 328, 952, 72, 0, 0
15:06:26, 1178.70, 27.44, 25.61, 28.664, 74, 126, 301, 559, 861, 900, 987, 878, 2051, 131, 0, 0, 32, 35, 101, 248, 507, 510, 465, 328, 934, 71, 0, 0
15:06:27, 1175.10, 27.45, 25.61, 28.672, 78, 132, 311, 587, 900, 940, 1029, 914, 2220, 142, 0, 0, 33, 37, 105, 258, 548, 550, 505, 355, 1000, 76, 0, 0
15:06:28, 1175.30, 27.45, 25.63, 28.672, 76, 130, 308, 568, 941, 984, 1077, 963, 2352, 151, 0, 0, 32, 36, 104, 253, 520, 522, 477, 338, 971, 74, 0, 0
15:06:28, 1166.60, 27.45, 25.61, 28.672, 70, 117, 277, 513, 771, 807, 882, 785, 1889, 122, 0, 0, 37, 42, 118, 287, 576, 578, 531, 377, 1078, 82, 0, 0
15:06:29, 1149.20, 27.46, 25.64, 28.664, 68, 114, 265, 488, 742, 778, 850, 754, 1888, 124, 0, 0, 50, 59, 165, 386, 789, 791, 741, 538, 1526, 117, 0, 0
15:06:30, 1149.80, 27.46, 25.63, 28.664, 89, 154, 345, 606, 997, 1043, 1149, 1060, 2394, 152, 0, 0, 45, 54, 152, 353, 688, 685, 637, 460, 1274, 97, 0, 0
15:06:30, 1148.40, 27.47, 25.66, 28.664, 106, 190, 425, 737, 1161, 1211, 1344, 1238, 2802, 178, 0, 0, 45, 54, 152, 352, 692, 689, 640, 462, 1275, 97, 0, 0
15:06:31, 1142.20, 27.47, 25.66, 28.680, 106, 188, 416, 717, 1008, 1061, 1172, 1086, 2363, 150, 0, 0, 51, 63, 174, 398, 762, 758, 709, 513, 1367, 104, 0, 0
15:06:32, 1133.70, 27.48, 25.63, 28.680, 114, 205, 454, 775, 972, 1011, 1119, 1036, 1936, 121, 0, 0, 61, 75, 208, 469, 911, 901, 853, 620, 1520, 116, 0, 0
15:06:32, 1125.90, 27.48, 25.63, 28.664, 102, 178, 388, 648, 924, 957, 1062, 995, 1748, 111, 0, 0, 69, 89, 242, 534, 1029, 1014, 970, 711, 1689, 128, 0, 0
15:06:33, 1119.90, 27.48, 25.64, 28.672, 101, 175, 377, 614, 899, 934, 1021, 982, 1761, 113, 0, 0, 79, 104, 280, 604, 1042, 1029, 986, 731, 1897, 145, 0, 0
15:06:34, 1112.20, 27.49, 25.66, 28.672, 140, 251, 515, 829, 998, 1050, 1164, 1117, 2409, 155, 0, 0, 76, 102, 272, 582, 1082, 1070, 1026, 770, 2145, 164, 0, 0
15:06:34, 1108.60, 27.50, 25.66, 28.672, 132, 241, 483, 786, 1243, 1298, 1481, 1412, 3476, 228, 0, 0, 73, 100, 264, 556, 984, 970, 926, 697, 2005, 151, 0, 0
15:06:35, 1101.70, 27.50, 25.66, 28.680, 182, 343, 665, 1042, 1128, 1189, 1354, 1296, 3270, 215, 0, 0, 90, 127, 329, 679, 1185, 1168, 1127, 858, 2431, 185, 0, 0
15:06:36, 1101.90, 27.51, 25.64, 28.680, 206, 381, 738, 1143, 1490, 1555, 1778, 1730, 3882, 252, 0, 0, 79, 112, 291, 601, 1024, 1005, 965, 729, 1996, 151, 0, 0
15:06:36, 1098.80, 27.52, 25.64, 28.672, 185, 333, 637, 975, 1093, 1162, 1288, 1282, 2679, 172, 0, 0, 88, 124, 322, 665, 1166, 1146, 1107, 839, 2292, 175, 0, 0
15:06:37, 1099.40, 27.52, 25.64, 28.680, 190, 346, 670, 1015, 1421, 1488, 1676, 1679, 3226, 204, 0, 0, 80, 113, 295, 610, 1044, 1025, 983, 741, 1948, 148, 0, 0
15:06:38, 1098.30, 27.52, 25.64, 28.680, 220, 401, 772, 1144, 1377, 1424, 1610, 1626, 2655, 170, 0, 0, 85, 120, 312, 642, 1157, 1132, 1094, 827, 2021, 153, 0, 0
15:06:38, 1095.50, 27.53, 25.64, 28.672, 219, 401, 776, 1152, 1536, 1582, 1802, 1815, 2981, 189, 0, 0, 85, 121, 314, 644, 1136, 1112, 1074, 814, 1992, 151, 0, 0
15:06:39, 1087.60, 27.53, 25.64, 28.672, 181, 322, 615, 893, 1250, 1284, 1454, 1487, 2207, 145, 0, 0, 95, 137, 350, 706, 1193, 1168, 1133, 865, 2173, 165, 0, 0
15:06:40, 1077.40, 27.54, 25.64, 28.672, 211, 377, 702, 1001, 1404, 1436, 1648, 1696, 2524, 168, 0, 0, 104, 153, 385, 763, 1326, 1295, 1268, 980, 2385, 180, 0, 0
15:06:40, 1067.60, 27.54, 25.66, 28.672, 268, 467, 834, 1143, 1589, 1641, 1871, 1981, 3080, 214, 0, 0, 113, 171, 420, 813, 1438, 1403, 1385, 1083, 2726, 207, 0, 0
15:06:41, 1062.90, 27.55, 25.68, 28.672, 339, 586, 991, 1354, 1968, 2058, 2342, 2518, 4874, 371, 0, 0, 114, 177, 426, 809, 1316, 1283, 1263, 996, 2561, 194, 0, 0
15:06:42, 1053.40, 27.55, 25.63, 28.672, 427, 767, 1264, 1717, 1863, 1939, 2245, 2392, 4877, 388, 0, 0, 135, 212, 502, 936, 1628, 1586, 1581, 1262, 3356, 257, 0, 0
15:06:42, 1038.80, 27.56, 25.68, 28.672, 390, 646, 1009, 1359, 1800, 1916, 2214, 2407, 5230, 558, 0, 0, 173, 282, 628, 1116, 1713, 1665, 1671, 1359, 3663, 285, 0, 0
15:06:43, 1034.80, 27.56, 25.68, 28.672, 676, 1127, 1661, 2118, 2020, 2198, 2532, 2782, 5744, 715, 0, 0, 178, 292, 641, 1125, 1676, 1626, 1631, 1331, 3541, 277, 0, 0
15:06:44, 1028.70, 27.56, 25.66, 28.672, 897, 1527, 2243, 2755, 3051, 3140, 3737, 4069, 8156, 1015, 0, 0, 136, 219, 486, 866, 1475, 1433, 1425, 1153, 3065, 239, 0, 0
15:06:45, 1022.70, 27.57, 25.64, 28.672, 921, 1521, 2180, 2730, 4173, 4314, 5088, 5651, 13042, 1830, 0, 0, 146, 239, 519, 911, 1474, 1427, 1432, 1168, 2972, 241, 0, 0
15:06:45, 1024.70, 27.57, 25.68, 28.672, 1697, 2716, 3781, 4539, 5230, 5489, 6488, 7159, 17477, 4629, 0, 0, 161, 264, 564, 978, 1673, 1617, 1629, 1336, 3267, 261, 0, 0
15:06:46, 1029.90, 27.57, 25.64, 28.672, 1243, 2059, 2938, 3587, 4131, 4286, 5072, 5583, 12059, 1798, 0, 0, 178, 294, 636, 1098, 1686, 1631, 1644, 1350, 3298, 260, 0, 0
15:06:47, 1030.20, 27.56, 25.66, 28.664, 1230, 1991, 2897, 3605, 4264, 4532, 5355, 5792, 12756, 1849, 0, 0, 171, 281, 610, 1062, 1627, 1572, 1584, 1295, 3197, 252, 0, 0
15:06:47, 1027.80, 27.57, 25.70, 28.680, 1240, 2046, 2991, 3732, 3898, 4097, 4760, 5199, 10809, 1477, 0, 0, 171, 281, 616, 1077, 1644, 1589, 1599, 1310, 3228, 254, 0, 0
15:06:48, 1018.30, 27.57, 25.71, 28.680, 1583, 2513, 3550, 4262, 5404, 5711, 6641, 7370, 20181, 4583, 0, 0, 176, 291, 612, 1044, 1684, 1624, 1642, 1356, 3338, 274, 0, 0
15:06:49, 1016.30, 27.56, 25.68, 28.672, 1573, 2407, 3367, 3985, 4468, 4788, 5490, 6166, 13807, 3748, 0, 0, 186, 310, 647, 1090, 1676, 1617, 1645, 1373, 3473, 307, 0, 0
15:06:49, 1017.00, 27.56, 25.66, 28.664, 1743, 2854, 3916, 4585, 5322, 5476, 6478, 7311, 18641, 5278, 0, 0, 635, 1026, 1639, 2275, 3345, 3261, 3660, 3563, 8903, 1801, 0, 0
15:06:50, 1016.80, 27.55, 25.71, 28.664, 1839, 2893, 3980, 4831, 5596, 5931, 6956, 7586, 20476, 5795, 0, 0, 866, 1371, 2141, 2830, 3802, 3785, 4208, 4240, 13409, 4784, 0, 0
15:06:51, 1016.60, 27.54, 25.73, 28.586, 1946, 3151, 4312, 5126, 5741, 5958, 7032, 7840, 20952, 6316, 0, 0, 1221, 1693, 2802, 3364, 4516, 4280, 5037, 4937, 20701, 8737, 0, 0
15:06:51, 1016.80, 27.51, 25.70, 28.453, 1688, 2666, 3721, 4376, 5256, 5346, 6504, 7090, 22890, 7036, 0, 0, 1765, 2862, 4141, 5527, 7751, 7921, 9398, 10120, 36000, 15103, 1, 1
15:06:52, 1017.10, 27.50, 25.75, 28.453, 1850, 2992, 4094, 4864, 5570, 5760, 6753, 7575, 31129, 9264, 0, 0, 1505, 1998, 3212, 4009, 4573, 4674, 5031, 5213, 16520, 3709, 0, 0
15:06:53, 1017.10, 27.47, 25.71, 28.297, 1855, 3034, 4168, 5011, 6096, 6380, 7609, 8327, 31227, 9173, 0, 0, 2415, 3945, 5628, 7111, 7817, 7949, 9209, 10504, 16661, 4001, 0, 0
15:06:53, 1017.00, 27.44, 25.71, 28.117, 1717, 2772, 3841, 4552, 5355, 5633, 6663, 7419, 29931, 9098, 0, 0, 1374, 2292, 3417, 4634, 7016, 7011, 8567, 9219, 18514, 4494, 0, 0
15:06:54, 1016.90, 27.42, 25.75, 28.117, 1666, 2650, 3622, 4389, 4787, 5072, 6092, 6611, 29008, 8746, 0, 0, 1861, 3028, 4447, 5629, 6058, 5655, 7191, 7025, 15892, 3711, 0, 0
15:06:55, 1016.90, 27.39, 25.71, 27.852, 1768, 2949, 3981, 4718, 5833, 6133, 7301, 7919, 30925, 8897, 0, 0, 2407, 3752, 5410, 6802, 7669, 7929, 8727, 9983, 19947, 4474, 0, 0
15:06:55, 1017.10, 27.36, 25.73, 27.656, 1976, 3141, 4352, 5122, 6119, 6413, 7560, 8446, 32405, 9532, 0, 1, 2149, 3132, 4690, 5907, 8232, 8250, 9527, 10596, 19143, 4341, 0, 0
15:06:56, 1017.10, 27.34, 25.73, 27.656, 2187, 3537, 4868, 5801, 6384, 6760, 8066, 8781, 34875, 10616, 0, 1, 2384, 3834, 5527, 7006, 8166, 8418, 9830, 10912, 16916, 3805, 0, 0
15:06:57, 1017.10, 27.30, 25.73, 27.484, 2192, 3535, 4856, 5810, 6480, 6812, 8102, 8858, 34449, 10420, 0, 1, 2707, 4380, 6254, 8004, 11721, 12050, 14476, 16110, 22132, 5384, 0, 0
15:06:57, 1017.10, 27.28, 25.77, 27.297, 2238, 3584, 4919, 5830, 5568, 5761, 6870, 7631, 33382, 10455, 0, 1, 5351, 8871, 12596, 15519, 18537, 19135, 23245, 26554, 36000, 13883, 1, 1
15:06:58, 1016.80, 27.25, 25.77, 27.297, 2095, 3308, 4581, 5394, 5927, 6192, 7393, 8152, 34801, 10682, 0, 1, 10608, 18453, 25546, 31265, 35876, 36000, 36000, 36000, 36000, 32766, 1, 1
15:06:59, 1016.90, 27.24, 25.75, 27.125, 2111, 3328, 4640, 5423, 6639, 6991, 8123, 9126, 35068, 10623, 0, 1, 10979, 19083, 26449, 32102, 28075, 28796, 33064, 34844, 36000, 18199, 1, 1
15:06:59, 1017.00, 27.21, 25.73, 26.953, 2286, 3683, 5077, 6002, 7051, 7411, 8721, 9583, 32971, 9405, 0, 1, 10160, 17169, 24132, 28822, 22664, 23654, 28527, 32972, 36000, 16136, 1, 1
15:07:00, 1016.80, 27.19, 25.75, 26.953, 2346, 3780, 5201, 6129, 7313, 7713, 9114, 9898, 35907, 10536, 0, 1, 6522, 10497, 14749, 18061, 18246, 19041, 22385, 25543, 36000, 14842, 1, 1
15:07:01, 1016.90, 27.16, 25.77, 26.836, 2278, 3677, 5046, 5913, 5871, 6138, 7212, 8026, 34505, 10826, 0, 1, 7069, 11827, 16633, 20224, 26796, 27512, 33111, 35034, 36000, 15559, 1, 1
15:07:01, 1016.80, 27.15, 25.77, 26.703, 2213, 3511, 4791, 5799, 6238, 6474, 7896, 8663, 35736, 10910, 0, 1, 7266, 11942, 16828, 20749, 16871, 17906, 20898, 24056, 36000, 10671, 1, 1
15:07:02, 1016.80, 27.12, 25.77, 26.703, 2289, 3661, 5025, 6008, 6778, 7075, 8378, 9144, 29731, 8534, 0, 0, 5738, 9243, 13115, 15862, 17097, 17559, 20471, 23062, 35001, 11145, 0, 1
15:07:03, 1016.80, 27.09, 25.77, 26.562, 1023, 1604, 2199, 2584, 125, 206, 501, 764, 1638, 764, 0, 0, 1074, 1317, 1844, 2206, 215, 305, 737, 1227, 2175, 1006, 0, 0
15:07:03, 1016.90, 27.08, 25.75, 26.492, 171, 255, 336, 338, 124, 186, 411, 598, 1359, 665, 0, 0, 4541, 7317, 10239, 12194, 16635, 17671, 21661, 26157, 35943, 14227, 0, 1
15:07:04, 1016.70, 27.05, 25.79, 26.492, 46, 52, 54, 62, 59, 103, 287, 483, 1040, 517, 0, 0, 4328, 7156, 10014, 11783, 14369, 15156, 18286, 22386, 34607, 12086, 0, 1
15:07:05, 1016.70, 27.04, 25.79, 26.430, 40, 44, 43, 48, 48, 85, 247, 430, 928, 462, 0, 0, 3934, 6610, 9336, 10496, 13179, 13694, 16022, 20718, 29523, 10720, 0, 0
