Secchi Depth (cm) = 9999
Forel Ule Scale = 99
pH Colour Scale = 99
SensingSecchi S/N = A017
Latitude (degs N) = 34.24495
Longitude (degs E) = -77.97059
Date = 2026-08-05
Time (UTC), Pressure (mbar) MS5803, Temp (deg C) MS5803, Temp (deg C) 10KTHERM, Temp (deg C) TMP117, ED 415nm, ED 445nm, ED 480nm, ED 515nm, ED 555nm, ED 590nm, ED 630nm, ED 680nm, ED Clear, ED NIR, ED D-SAT, ED A-SAT, EU 415nm, EU 445nm, EU 480nm, EU 515nm, EU 555nm, EU 590nm, EU 630nm, EU 680nm, EU Clear, EU NIR, EU D-SAT, EU A-SAT
16:54:26, 1016.70, 27.64, 29.78, 27.641, 36, 40, 39, 43, 43, 86, 265, 390, 1001, 622, 0, 0, 4559, 6116, 7686, 10325, 11696, 15075, 22263, 26363, 36000, 36000, 1, 1
16:54:26, 1016.50, 27.65, 29.80, 27.695, 35, 39, 38, 41, 42, 84, 258, 379, 973, 602, 0, 0, 4466, 5996, 7538, 10153, 11416, 14657, 21625, 25461, 36000, 36000, 1, 1
16:54:27, 1016.40, 27.65, 29.82, 27.695, 33, 37, 35, 39, 39, 78, 238, 349, 895, 552, 0, 0, 4197, 5656, 7115, 9643, 10625, 13465, 19876, 22975, 36000, 36000, 1, 1
16:54:28, 1016.60, 27.65, 29.82, 27.734, 28, 31, 30, 33, 33, 67, 204, 296, 762, 467, 0, 0, 3823, 5182, 6519, 8953, 9818, 12213, 18078, 20362, 36000, 36000, 1, 1
16:54:28, 1016.60, 27.66, 29.82, 27.758, 26, 29, 27, 30, 31, 63, 191, 277, 710, 433, 0, 0, 3724, 5064, 6373, 8780, 9691, 12005, 17784, 19912, 36000, 36000, 1, 1
16:54:29, 1016.40, 27.66, 29.84, 27.758, 26, 29, 28, 31, 31, 64, 194, 281, 721, 439, 0, 0, 3771, 5129, 6454, 8879, 9805, 12173, 18010, 20242, 36000, 36000, 1, 1
16:54:30, 1016.60, 27.66, 29.82, 27.766, 26, 30, 28, 31, 32, 65, 197, 286, 733, 446, 0, 0, 3761, 5118, 6440, 8849, 9724, 12064, 17879, 20086, 36000, 36000, 1, 1
16:54:30, 1016.60, 27.66, 29.86, 27.789, 25, 28, 27, 30, 30, 61, 186, 270, 692, 421, 0, 0, 3630, 4943, 6223, 8573, 9391, 11569, 17144, 19067, 36000, 36000, 1, 1
16:54:31, 1016.50, 27.66, 29.80, 27.789, 24, 27, 26, 29, 29, 59, 180, 259, 666, 404, 0, 0, 3580, 4891, 6154, 8534, 9319, 11393, 16910, 18592, 36000, 36000, 1, 1
16:54:32, 1016.50, 27.67, 29.80, 27.797, 23, 26, 25, 28, 28, 58, 176, 254, 651, 395, 0, 0, 3509, 4797, 6035, 8375, 9145, 11158, 16560, 18151, 36000, 36000, 1, 1
16:54:32, 1016.50, 27.67, 29.84, 27.805, 23, 26, 25, 27, 28, 57, 172, 248, 636, 386, 0, 0, 3473, 4751, 5981, 8302, 9046, 11002, 16335, 17851, 36000, 35670, 1, 1
16:54:33, 1016.40, 27.67, 29.80, 27.805, 22, 25, 24, 27, 27, 56, 170, 244, 627, 380, 0, 0, 3425, 4687, 5896, 8194, 8921, 10833, 16101, 17555, 36000, 35166, 1, 1
16:54:34, 1016.30, 27.67, 29.82, 27.797, 22, 25, 24, 27, 27, 56, 169, 243, 625, 379, 0, 0, 3443, 4706, 5921, 8245, 8975, 10884, 16140, 17525, 36000, 35310, 1, 1
16:54:34, 1016.50, 27.67, 29.86, 27.805, 22, 25, 24, 27, 27, 55, 168, 241, 619, 375, 0, 0, 3418, 4680, 5888, 8207, 8880, 10731, 15972, 17295, 36000, 35052, 1, 1
16:54:35, 1016.60, 27.67, 29.84, 27.805, 22, 25, 24, 26, 27, 55, 166, 238, 612, 371, 0, 0, 3327, 4571, 5747, 8002, 8684, 10488, 15649, 16972, 36000, 34337, 1, 1
16:54:36, 1016.60, 27.68, 29.84, 27.781, 22, 25, 23, 26, 26, 54, 163, 234, 602, 365, 0, 0, 3277, 4511, 5673, 7890, 8563, 10315, 15425, 16703, 36000, 33923, 1, 1
16:54:36, 1016.70, 27.68, 29.80, 27.773, 21, 24, 23, 26, 26, 53, 162, 233, 598, 363, 0, 0, 3268, 4498, 5651, 7864, 8557, 10308, 15401, 16674, 36000, 33916, 1, 1
16:54:37, 1016.70, 27.68, 29.84, 27.773, 21, 24, 23, 25, 26, 53, 160, 230, 591, 359, 0, 0, 3230, 4444, 5585, 7759, 8435, 10169, 15191, 16469, 36000, 33419, 1, 1
16:54:38, 1016.50, 27.68, 29.84, 27.758, 21, 24, 23, 25, 25, 52, 157, 226, 582, 353, 0, 0, 3198, 4401, 5531, 7683, 8364, 10066, 15045, 16282, 36000, 33165, 1, 1
16:54:38, 1016.40, 27.68, 29.84, 27.758, 21, 24, 22, 25, 25, 52, 157, 225, 580, 352, 0, 0, 3181, 4386, 5509, 7668, 8351, 10019, 15001, 16180, 36000, 33187, 1, 1
16:54:39, 1016.50, 27.68, 29.82, 27.758, 21, 24, 22, 25, 25, 52, 157, 225, 579, 352, 0, 0, 3172, 4377, 5497, 7651, 8328, 9978, 14949, 16122, 36000, 33125, 1, 1
16:54:40, 1016.60, 27.69, 29.82, 27.758, 21, 24, 22, 25, 25, 52, 157, 225, 579, 352, 0, 0, 3166, 4366, 5483, 7627, 8308, 9963, 14923, 16114, 36000, 33068, 1, 1
16:54:40, 1016.50, 27.69, 29.84, 27.758, 21, 24, 22, 25, 25, 52, 157, 226, 582, 353, 0, 0, 3179, 4380, 5502, 7638, 8347, 10023, 14994, 16243, 36000, 33228, 1, 1
16:54:41, 1016.70, 27.69, 29.80, 27.758, 21, 24, 23, 25, 26, 53, 160, 230, 591, 359, 0, 0, 3197, 4406, 5535, 7678, 8378, 10067, 15071, 16348, 36000, 33377, 1, 1
16:54:42, 1016.70, 27.69, 29.80, 27.758, 21, 24, 23, 26, 26, 53, 162, 232, 596, 362, 0, 0, 3175, 4388, 5509, 7620, 8353, 10049, 15058, 16411, 36000, 33259, 1, 1
16:54:42, 1016.60, 27.69, 29.80, 27.727, 21, 24, 23, 26, 26, 54, 163, 234, 602, 365, 0, 0, 3196, 4397, 5527, 7615, 8382, 10127, 15127, 16569, 36000, 33295, 1, 1
16:54:43, 1016.80, 27.69, 29.84, 27.727, 22, 25, 24, 26, 27, 55, 166, 239, 614, 372, 0, 0, 3223, 4437, 5579, 7681, 8451, 10215, 15256, 16735, 36000, 33579, 1, 1
16:54:44, 1016.50, 27.69, 29.87, 27.711, 22, 25, 24, 26, 27, 55, 167, 240, 616, 373, 0, 0, 3207, 4411, 5546, 7613, 8368, 10144, 15137, 16692, 36000, 33233, 1, 1
16:54:44, 1016.40, 27.69, 29.84, 27.703, 22, 25, 24, 27, 27, 56, 169, 244, 625, 379, 0, 0, 3230, 4437, 5577, 7627, 8487, 10339, 15424, 17136, 36000, 33804, 1, 1
16:54:45, 1016.40, 27.69, 29.82, 27.703, 24, 27, 25, 28, 29, 60, 182, 262, 671, 407, 0, 0, 3367, 4616, 5807, 7901, 8858, 10873, 16203, 18207, 36000, 35422, 1, 1
16:54:46, 1016.50, 27.70, 29.86, 27.687, 25, 28, 27, 30, 31, 63, 191, 277, 708, 429, 0, 0, 3421, 4688, 5894, 7997, 8932, 11005, 16402, 18559, 36000, 35800, 1, 1
16:54:46, 1016.50, 27.69, 29.82, 27.687, 25, 28, 27, 30, 30, 62, 189, 274, 701, 426, 0, 0, 3400, 4661, 5862, 7928, 8809, 10861, 16173, 18353, 36000, 35247, 1, 1
16:54:47, 1016.60, 27.70, 29.80, 27.687, 25, 28, 27, 30, 30, 61, 187, 271, 693, 421, 0, 0, 3378, 4626, 5818, 7871, 8797, 10835, 16139, 18282, 36000, 35231, 1, 1
16:54:48, 1016.60, 27.69, 29.84, 27.648, 25, 28, 27, 30, 31, 63, 191, 276, 707, 430, 0, 0, 3416, 4679, 5884, 7951, 8920, 11016, 16418, 18688, 36000, 35850, 1, 1
16:54:48, 1016.60, 27.70, 29.84, 27.648, 26, 29, 28, 31, 32, 64, 197, 285, 731, 445, 0, 0, 3485, 4756, 5982, 8039, 9088, 11322, 16841, 19393, 36000, 36000, 1, 1
16:54:49, 1016.70, 27.70, 29.84, 27.648, 28, 31, 30, 33, 34, 69, 210, 305, 781, 477, 0, 0, 3627, 4937, 6213, 8297, 9477, 11885, 17670, 20572, 36000, 36000, 1, 1
16:54:50, 1016.70, 27.70, 29.87, 27.664, 29, 32, 31, 34, 35, 71, 217, 316, 809, 496, 0, 0, 3677, 4998, 6288, 8369, 9539, 12011, 17854, 20908, 36000, 36000, 1, 1
16:54:50, 1016.60, 27.70, 29.84, 27.672, 29, 33, 31, 35, 35, 71, 218, 318, 817, 501, 0, 0, 3674, 4996, 6289, 8378, 9436, 11838, 17602, 20511, 36000, 36000, 1, 1
16:54:51, 1016.50, 27.70, 29.82, 27.672, 28, 32, 30, 33, 33, 68, 207, 301, 774, 475, 0, 0, 3501, 4774, 6000, 8009, 9057, 11333, 16859, 19603, 36000, 36000, 1, 1
16:54:52, 1016.60, 27.70, 29.84, 27.687, 27, 30, 29, 32, 33, 66, 202, 294, 757, 465, 0, 0, 3533, 4787, 6023, 8002, 9101, 11452, 16950, 19840, 36000, 36000, 1, 1
16:54:52, 1016.70, 27.70, 29.84, 27.695, 28, 31, 30, 33, 34, 68, 209, 305, 784, 483, 0, 0, 3622, 4912, 6175, 8200, 9367, 11819, 17533, 20614, 36000, 36000, 1, 1
16:54:53, 1016.40, 27.70, 29.82, 27.695, 30, 34, 33, 36, 37, 75, 229, 335, 861, 532, 0, 0, 3751, 5096, 6396, 8473, 9823, 12479, 18580, 22083, 36000, 36000, 1, 1
16:54:54, 1016.80, 27.70, 29.84, 27.687, 34, 38, 36, 40, 42, 84, 257, 378, 970, 601, 0, 0, 4032, 5457, 6840, 8954, 10533, 13617, 20261, 24653, 36000, 36000, 1, 1
16:54:54, 1016.70, 27.70, 29.82, 27.703, 37, 41, 39, 43, 44, 88, 268, 396, 1018, 634, 0, 0, 4188, 5627, 7069, 9178, 10729, 13972, 20666, 25350, 36000, 36000, 1, 1
16:54:55, 1016.60, 27.70, 29.82, 27.703, 37, 41, 39, 43, 44, 89, 272, 401, 1032, 645, 0, 0, 4281, 5714, 7185, 9318, 10920, 14274, 21049, 25894, 36000, 36000, 1, 1
16:54:56, 1016.60, 27.70, 29.82, 27.711, 38, 43, 41, 45, 46, 93, 284, 419, 1077, 675, 0, 0, 4366, 5812, 7306, 9464, 11065, 14522, 21406, 26443, 36000, 36000, 1, 1
16:54:56, 1016.70, 27.70, 29.87, 27.727, 39, 43, 42, 46, 46, 93, 284, 420, 1083, 680, 0, 0, 4358, 5811, 7302, 9428, 11066, 14519, 21482, 26617, 36000, 36000, 1, 1
16:54:57, 1016.50, 27.70, 29.84, 27.727, 39, 44, 42, 46, 47, 94, 287, 424, 1092, 687, 0, 0, 4314, 5793, 7261, 9366, 11042, 14440, 21512, 26644, 36000, 36000, 1, 1
16:54:58, 1016.50, 27.71, 29.84, 27.750, 39, 44, 42, 46, 47, 94, 289, 427, 1100, 692, 0, 0, 4272, 5754, 7200, 9298, 10986, 14328, 21387, 26457, 36000, 36000, 1, 1
16:54:58, 1016.70, 27.70, 29.87, 27.773, 40, 44, 42, 47, 47, 94, 288, 427, 1100, 693, 0, 0, 4248, 5721, 7167, 9240, 10916, 14240, 21270, 26333, 36000, 36000, 1, 1
16:54:59, 1016.50, 27.71, 29.82, 27.773, 39, 44, 42, 47, 47, 94, 288, 426, 1101, 695, 0, 0, 4263, 5733, 7180, 9239, 10986, 14373, 21461, 26666, 36000, 36000, 1, 1
16:55:00, 1016.60, 27.71, 29.87, 27.805, 40, 45, 43, 47, 48, 96, 294, 435, 1125, 711, 0, 0, 4357, 5847, 7324, 9393, 11208, 14717, 21959, 27422, 36000, 36000, 1, 1
16:55:00, 1016.40, 27.71, 29.87, 27.852, 41, 46, 44, 48, 49, 98, 299, 443, 1144, 724, 0, 0, 4392, 5886, 7372, 9455, 11252, 14776, 22040, 27519, 36000, 36000, 1, 1
16:55:01, 1016.40, 27.71, 29.86, 27.852, 41, 46, 44, 49, 49, 98, 300, 445, 1150, 728, 0, 0, 4378, 5869, 7353, 9425, 11213, 14717, 21979, 27450, 36000, 36000, 1, 1
16:55:02, 1016.40, 27.71, 29.86, 27.898, 41, 46, 44, 48, 48, 97, 296, 439, 1135, 719, 0, 0, 4344, 5827, 7299, 9335, 11129, 14605, 21817, 27291, 36000, 36000, 1, 1
16:55:02, 1016.30, 27.71, 29.86, 27.945, 41, 45, 43, 48, 48, 96, 294, 437, 1129, 715, 0, 0, 4347, 5826, 7302, 9334, 11135, 14608, 21811, 27268, 36000, 36000, 1, 1
16:55:03, 1016.60, 27.71, 29.87, 27.945, 41, 46, 44, 48, 49, 97, 297, 441, 1139, 721, 0, 0, 4336, 5810, 7284, 9311, 11093, 14557, 21735, 27172, 36000, 36000, 1, 1
16:55:04, 1016.40, 27.71, 29.87, 27.992, 41, 45, 43, 48, 48, 97, 295, 437, 1129, 714, 0, 0, 4315, 5782, 7249, 9248, 11035, 14490, 21619, 27085, 36000, 36000, 1, 1
16:55:04, 1016.50, 27.72, 29.87, 28.016, 41, 45, 44, 48, 49, 97, 297, 441, 1138, 719, 0, 0, 4310, 5770, 7237, 9225, 11022, 14474, 21600, 27061, 36000, 36000, 1, 1
16:55:05, 1016.60, 27.72, 29.89, 28.016, 41, 45, 44, 48, 48, 96, 295, 437, 1128, 713, 0, 0, 4292, 5748, 7204, 9179, 10968, 14404, 21501, 26965, 36000, 36000, 1, 1
16:55:06, 1016.30, 27.72, 29.89, 28.039, 40, 44, 43, 47, 47, 95, 288, 428, 1105, 700, 0, 0, 4276, 5727, 7189, 9128, 10947, 14389, 21471, 26961, 36000, 36000, 1, 1
16:55:06, 1016.60, 27.71, 29.86, 28.078, 40, 45, 43, 47, 48, 96, 293, 434, 1121, 709, 0, 0, 4342, 5785, 7272, 9240, 11058, 14583, 21633, 27197, 36000, 36000, 1, 1
16:55:07, 1016.40, 27.71, 29.89, 28.078, 41, 45, 43, 48, 48, 96, 294, 436, 1125, 711, 0, 0, 4360, 5795, 7287, 9247, 11024, 14546, 21578, 27161, 36000, 36000, 1, 1
16:55:08, 1016.40, 27.72, 29.89, 28.070, 40, 44, 42, 47, 47, 94, 287, 426, 1100, 696, 0, 0, 4280, 5713, 7182, 9089, 10896, 14343, 21362, 26898, 36000, 36000, 1, 1
16:55:08, 1016.40, 27.72, 29.86, 28.062, 40, 44, 43, 47, 48, 95, 291, 432, 1116, 705, 0, 0, 4278, 5716, 7183, 9099, 10938, 14379, 21440, 26947, 36000, 36000, 1, 1
16:55:09, 1016.50, 27.72, 29.89, 28.062, 41, 45, 43, 48, 48, 96, 294, 436, 1126, 712, 0, 0, 4267, 5708, 7169, 9084, 10893, 14320, 21371, 26882, 36000, 36000, 1, 1
16:55:10, 1016.60, 27.72, 29.86, 28.086, 40, 44, 43, 47, 47, 94, 287, 427, 1104, 698, 0, 0, 4304, 5726, 7204, 9105, 10950, 14456, 21444, 27051, 36000, 36000, 1, 1
16:55:11, 1016.40, 27.72, 29.86, 28.117, 39, 44, 42, 46, 47, 94, 285, 424, 1096, 694, 0, 0, 4388, 5783, 7295, 9209, 11021, 14591, 21540, 27202, 36000, 36000, 1, 1
16:55:11, 1016.30, 27.72, 29.86, 28.117, 40, 44, 43, 47, 47, 95, 289, 429, 1109, 701, 0, 0, 4394, 5787, 7302, 9219, 11002, 14564, 21495, 27139, 36000, 36000, 1, 1
16:55:12, 1016.20, 27.72, 29.87, 28.180, 40, 44, 43, 47, 47, 94, 287, 426, 1100, 696, 0, 0, 4369, 5751, 7261, 9150, 10930, 14486, 21366, 27009, 36000, 36000, 1, 1
16:55:13, 1016.30, 27.72, 29.87, 28.203, 39, 44, 42, 46, 46, 93, 282, 419, 1083, 685, 0, 0, 4381, 5759, 7271, 9161, 10970, 14555, 21423, 27082, 36000, 36000, 1, 1
16:55:13, 1016.40, 27.72, 29.89, 28.203, 39, 44, 42, 46, 47, 93, 284, 423, 1092, 690, 0, 0, 4389, 5768, 7281, 9185, 10960, 14532, 21393, 27024, 36000, 36000, 1, 1
16:55:14, 1016.50, 27.72, 29.87, 28.242, 40, 44, 42, 47, 47, 94, 287, 426, 1099, 695, 0, 0, 4365, 5740, 7248, 9138, 10896, 14444, 21276, 26897, 36000, 36000, 1, 1
16:55:15, 1016.30, 27.72, 29.89, 28.289, 39, 43, 42, 46, 46, 92, 280, 417, 1077, 681, 0, 0, 4314, 5675, 7167, 9004, 10779, 14285, 21059, 26668, 36000, 36000, 1, 1
16:55:15, 1016.50, 27.73, 29.86, 28.289, 38, 43, 41, 45, 46, 91, 278, 414, 1070, 676, 0, 0, 4298, 5658, 7144, 8991, 10771, 14260, 21031, 26603, 36000, 36000, 1, 1
16:55:16, 1016.50, 27.73, 29.86, 28.328, 39, 44, 42, 46, 47, 93, 284, 422, 1091, 689, 0, 0, 4335, 5700, 7199, 9070, 10823, 14346, 21101, 26677, 36000, 36000, 1, 1
16:55:17, 1016.50, 27.73, 29.89, 28.359, 39, 43, 42, 46, 46, 92, 281, 418, 1079, 682, 0, 0, 4325, 5673, 7168, 9014, 10745, 14268, 20960, 26542, 36000, 36000, 1, 1
16:55:17, 1016.30, 27.73, 29.87, 28.359, 38, 43, 41, 45, 45, 90, 275, 409, 1057, 669, 0, 0, 4307, 5645, 7132, 8962, 10697, 14205, 20872, 26441, 36000, 36000, 1, 1
16:55:18, 1016.60, 27.73, 29.89, 28.359, 38, 43, 41, 45, 46, 91, 278, 414, 1069, 676, 0, 0, 4316, 5656, 7147, 8992, 10742, 14265, 20940, 26510, 36000, 36000, 1, 1
16:55:19, 1016.20, 27.73, 29.89, 28.375, 39, 43, 42, 46, 46, 92, 281, 417, 1079, 682, 0, 0, 4330, 5668, 7166, 9007, 10739, 14272, 20931, 26515, 36000, 36000, 1, 1
16:55:19, 1016.40, 27.73, 29.87, 28.375, 38, 43, 41, 45, 45, 91, 276, 410, 1061, 671, 0, 0, 4303, 5634, 7123, 8939, 10682, 14194, 20838, 26438, 36000, 36000, 1, 1
16:55:20, 1016.50, 27.73, 29.89, 28.398, 38, 42, 41, 45, 45, 90, 275, 409, 1058, 669, 0, 0, 4313, 5644, 7135, 8958, 10713, 14242, 20884, 26492, 36000, 36000, 1, 1
16:55:21, 1016.50, 27.73, 29.89, 28.453, 38, 43, 41, 45, 46, 92, 279, 415, 1071, 678, 0, 0, 4337, 5670, 7171, 9001, 10740, 14289, 20939, 26558, 36000, 36000, 1, 1
16:55:21, 1016.30, 27.74, 29.87, 28.453, 39, 43, 41, 45, 46, 92, 279, 415, 1072, 678, 0, 0, 4324, 5654, 7148, 8973, 10703, 14250, 20890, 26526, 36000, 36000, 1, 1
16:55:22, 1016.50, 27.74, 29.89, 28.508, 38, 43, 41, 45, 45, 91, 276, 410, 1060, 671, 0, 0, 4305, 5631, 7119, 8918, 10676, 14211, 20841, 26503, 36000, 36000, 1, 1
16:55:23, 1016.30, 27.74, 29.87, 28.562, 38, 42, 41, 45, 45, 91, 275, 410, 1060, 671, 0, 0, 4319, 5649, 7143, 8949, 10708, 14254, 20899, 26571, 36000, 36000, 1, 1
16:55:23, 1016.40, 27.74, 29.89, 28.562, 39, 43, 41, 46, 46, 92, 281, 418, 1080, 683, 0, 0, 4332, 5666, 7162, 8980, 10746, 14309, 20979, 26662, 36000, 36000, 1, 1
16:55:24, 1016.50, 27.74, 29.89, 28.609, 39, 43, 42, 46, 46, 92, 279, 416, 1074, 680, 0, 0, 4309, 5642, 7130, 8923, 10670, 14209, 20860, 26568, 36000, 36000, 1, 1
16:55:25, 1016.50, 27.74, 29.89, 28.617, 38, 42, 41, 45, 45, 90, 274, 408, 1055, 668, 0, 0, 4264, 5604, 7078, 8846, 10635, 14127, 20826, 26511, 36000, 36000, 1, 1
16:55:25, 1016.60, 27.74, 29.91, 28.617, 39, 43, 41, 46, 46, 92, 281, 418, 1081, 684, 0, 0, 4272, 5630, 7104, 8904, 10698, 14198, 20940, 26611, 36000, 36000, 1, 1
16:55:26, 1016.50, 27.74, 29.89, 28.617, 39, 44, 42, 46, 47, 93, 283, 421, 1087, 688, 0, 0, 4235, 5593, 7052, 8827, 10606, 14070, 20794, 26470, 36000, 36000, 1, 1
16:55:27, 1016.60, 27.75, 29.89, 28.617, 38, 43, 41, 45, 46, 91, 276, 411, 1063, 674, 0, 0, 4227, 5573, 7032, 8782, 10585, 14066, 20749, 26466, 36000, 36000, 1, 1
16:55:27, 1016.40, 27.75, 29.91, 28.617, 38, 43, 41, 45, 46, 91, 278, 414, 1072, 679, 0, 0, 4231, 5575, 7036, 8790, 10604, 14090, 20770, 26483, 36000, 36000, 1, 1
16:55:28, 1016.50, 27.75, 29.89, 28.648, 40, 44, 42, 47, 48, 95, 290, 431, 1113, 707, 0, 0, 4099, 5396, 6805, 8541, 9656, 12699, 18698, 23823, 36000, 36000, 1, 1
16:55:29, 1016.70, 27.76, 29.89, 28.703, 37, 41, 39, 42, 40, 80, 244, 369, 957, 615, 0, 0, 1847, 2245, 2785, 3619, 4044, 5610, 8170, 10717, 30395, 18608, 0, 0
16:55:29, 1016.50, 27.76, 29.93, 28.703, 10, 11, 10, 12, 15, 29, 86, 121, 329, 208, 0, 0, 1876, 2615, 3361, 4227, 5385, 6208, 9798, 11112, 36000, 24813, 1, 1
16:55:30, 1016.80, 27.76, 29.89, 28.695, 16, 18, 17, 19, 20, 41, 119, 171, 462, 297, 0, 0, 2414, 3186, 4137, 5140, 6339, 7882, 11711, 14192, 36000, 29491, 1, 1
16:55:31, 1016.60, 27.76, 29.93, 28.695, 16, 19, 18, 20, 20, 40, 116, 166, 450, 289, 0, 0, 2396, 3156, 4093, 5134, 6328, 7824, 11689, 14006, 36000, 28990, 1, 1
16:55:31, 1016.50, 27.76, 29.91, 28.695, 20, 22, 21, 24, 29, 57, 169, 250, 661, 423, 0, 0, 2681, 3529, 4528, 5629, 6917, 8715, 13073, 16323, 36000, 33304, 1, 1
16:55:32, 1016.60, 27.76, 29.89, 28.719, 33, 37, 35, 39, 39, 79, 238, 352, 927, 600, 0, 0, 2752, 3618, 4642, 5747, 7004, 8821, 13220, 16580, 36000, 34078, 1, 1
16:55:33, 1016.50, 27.76, 29.89, 28.703, 33, 37, 36, 39, 40, 79, 241, 355, 932, 600, 0, 0, 2723, 3584, 4600, 5704, 6938, 8715, 13095, 16336, 36000, 33657, 1, 1
16:55:33, 1016.50, 27.76, 29.91, 28.703, 29, 32, 31, 34, 31, 62, 186, 273, 718, 457, 0, 0, 2567, 3404, 4381, 5455, 6476, 8001, 12063, 14550, 36000, 29906, 1, 1
16:55:34, 1016.40, 27.76, 29.89, 28.648, 16, 18, 17, 19, 19, 38, 110, 156, 423, 269, 0, 0, 2251, 3037, 3923, 4906, 5936, 7118, 10847, 12686, 36000, 26882, 1, 1
16:55:35, 1016.60, 27.76, 29.89, 28.633, 15, 17, 16, 18, 19, 38, 112, 159, 428, 272, 0, 0, 2382, 3219, 4137, 5193, 6250, 7503, 11382, 13408, 36000, 27955, 1, 1
16:55:35, 1016.50, 27.77, 29.93, 28.633, 15, 18, 17, 19, 19, 38, 110, 156, 423, 268, 0, 0, 2330, 3160, 4058, 5103, 6187, 7451, 11340, 13262, 36000, 27354, 1, 1
16:55:36, 1016.50, 27.77, 29.89, 28.594, 15, 17, 17, 19, 19, 38, 110, 156, 421, 267, 0, 0, 2349, 3185, 4087, 5135, 6212, 7497, 11406, 13371, 36000, 27474, 1, 1
16:55:37, 1016.80, 27.77, 29.91, 28.578, 15, 18, 17, 19, 19, 38, 110, 157, 425, 270, 0, 0, 2307, 3100, 4005, 4996, 6025, 7272, 11051, 13013, 36000, 27573, 1, 1
16:55:37, 1016.70, 27.77, 29.89, 28.578, 15, 18, 17, 19, 19, 39, 113, 160, 434, 276, 0, 0, 2342, 3169, 4081, 5113, 6227, 7540, 11461, 13528, 36000, 28405, 1, 1
16:55:38, 1016.50, 27.77, 29.89, 28.547, 29, 32, 31, 34, 40, 80, 242, 359, 947, 616, 0, 0, 2690, 3561, 4557, 5627, 6713, 8335, 12490, 15742, 36000, 33489, 1, 1
16:55:39, 1016.80, 27.77, 29.89, 28.562, 34, 38, 36, 40, 40, 79, 238, 355, 937, 612, 0, 0, 2671, 3498, 4493, 5547, 6513, 8055, 12025, 15268, 36000, 32262, 1, 1
16:55:39, 1016.60, 27.77, 29.95, 28.562, 33, 37, 35, 39, 38, 76, 230, 341, 901, 587, 0, 0, 2268, 2900, 3772, 4672, 5334, 6606, 9683, 12018, 36000, 25445, 1, 1
16:55:40, 1016.60, 27.78, 29.91, 28.578, 32, 36, 35, 38, 39, 77, 232, 343, 906, 590, 0, 0, 2170, 2799, 3650, 4459, 4923, 5985, 8910, 11176, 36000, 24965, 1, 1
16:55:41, 1016.70, 27.78, 29.89, 28.609, 11, 12, 12, 13, 13, 26, 74, 109, 307, 206, 0, 0, 2368, 3055, 3814, 4824, 5974, 7923, 11616, 15215, 36000, 28222, 1, 1
16:55:41, 1016.60, 27.77, 29.91, 28.609, 33, 36, 35, 38, 39, 78, 232, 353, 936, 622, 0, 0, 3920, 5194, 6501, 8123, 10100, 13393, 19846, 25465, 36000, 36000, 1, 1
16:55:42, 1016.60, 27.77, 29.87, 28.609, 38, 43, 41, 45, 46, 91, 275, 407, 1071, 697, 0, 0, 4314, 5707, 7200, 8950, 10816, 14413, 21321, 27240, 36000, 36000, 1, 1
16:55:43, 1016.50, 27.77, 29.89, 28.617, 39, 43, 42, 46, 46, 91, 275, 406, 1068, 694, 0, 0, 4269, 5657, 7136, 8849, 10739, 14294, 21175, 27079, 36000, 36000, 1, 1
16:55:43, 1016.30, 27.77, 29.95, 28.617, 36, 40, 39, 43, 42, 84, 253, 377, 992, 645, 0, 0, 4221, 5602, 7068, 8743, 10670, 14197, 21052, 26932, 36000, 36000, 1, 1
16:55:44, 1016.50, 27.77, 29.89, 28.609, 36, 41, 39, 43, 44, 87, 263, 390, 1026, 667, 0, 0, 4245, 5630, 7103, 8810, 10734, 14274, 21144, 26997, 36000, 36000, 1, 1
16:55:45, 1016.40, 27.77, 29.89, 28.602, 38, 42, 40, 44, 44, 88, 267, 396, 1039, 674, 0, 0, 4245, 5630, 7105, 8808, 10742, 14277, 21162, 27029, 36000, 36000, 1, 1
16:55:45, 1016.50, 27.77, 29.93, 28.602, 36, 40, 39, 43, 43, 85, 256, 380, 1000, 648, 0, 0, 4234, 5616, 7087, 8777, 10704, 14230, 21086, 26948, 36000, 36000, 1, 1
16:55:46, 1016.40, 27.77, 29.89, 28.617, 37, 41, 39, 43, 44, 87, 263, 390, 1025, 666, 0, 0, 4256, 5639, 7118, 8829, 10730, 14259, 21111, 26950, 36000, 36000, 1, 1
16:55:47, 1016.40, 27.78, 29.93, 28.648, 37, 41, 40, 44, 43, 86, 260, 386, 1017, 663, 0, 0, 4232, 5614, 7083, 8782, 10637, 14139, 20958, 26774, 36000, 36000, 1, 1
16:55:47, 1016.30, 27.78, 29.93, 28.648, 35, 39, 37, 41, 40, 80, 238, 356, 940, 614, 0, 0, 4164, 5529, 6962, 8632, 10411, 13915, 20609, 26394, 36000, 36000, 1, 1
16:55:48, 1016.40, 27.78, 29.91, 28.656, 31, 35, 33, 37, 36, 70, 208, 314, 832, 547, 0, 0, 4037, 5367, 6731, 8384, 10144, 13627, 20177, 25870, 36000, 36000, 1, 1
16:55:49, 1016.30, 27.78, 29.91, 28.680, 28, 31, 30, 33, 32, 63, 186, 282, 750, 495, 0, 0, 4029, 5376, 6754, 8386, 10284, 13655, 20353, 25935, 36000, 36000, 1, 1
16:55:49, 1016.30, 27.78, 29.93, 28.680, 26, 30, 28, 31, 32, 62, 182, 275, 731, 481, 0, 0, 4094, 5460, 6888, 8516, 10449, 13791, 20560, 26136, 36000, 36000, 1, 1
16:55:50, 1016.40, 27.78, 29.91, 28.672, 30, 34, 32, 36, 36, 72, 214, 320, 843, 549, 0, 0, 4149, 5506, 6954, 8606, 10522, 13921, 20672, 26308, 36000, 36000, 1, 1
16:55:51, 1016.30, 27.78, 29.95, 28.656, 31, 35, 33, 37, 36, 72, 215, 322, 847, 551, 0, 0, 4128, 5486, 6925, 8564, 10454, 13814, 20552, 26150, 36000, 36000, 1, 1
16:55:51, 1016.60, 27.78, 29.93, 28.656, 29, 33, 31, 35, 35, 68, 203, 304, 803, 524, 0, 0, 4133, 5496, 6943, 8580, 10510, 13867, 20606, 26204, 36000, 36000, 1, 1
16:55:52, 1016.60, 27.78, 29.95, 28.680, 31, 35, 33, 37, 38, 74, 222, 332, 873, 567, 0, 0, 4178, 5548, 7009, 8677, 10566, 13950, 20690, 26299, 36000, 36000, 1, 1
16:55:53, 1016.50, 27.78, 29.91, 28.711, 32, 36, 34, 38, 38, 75, 224, 334, 878, 570, 0, 0, 4148, 5510, 6961, 8620, 10511, 13881, 20583, 26163, 36000, 36000, 1, 1
16:55:53, 1016.30, 27.78, 29.93, 28.711, 32, 37, 35, 39, 39, 77, 232, 345, 907, 587, 0, 0, 4166, 5531, 6987, 8663, 10509, 13889, 20580, 26148, 36000, 36000, 1, 1
16:55:54, 1016.50, 27.78, 29.93, 28.711, 34, 38, 36, 40, 40, 79, 238, 354, 929, 601, 0, 0, 4148, 5505, 6955, 8625, 10450, 13804, 20473, 26004, 36000, 36000, 1, 1
16:55:55, 1016.60, 27.78, 29.95, 28.711, 32, 36, 34, 38, 37, 74, 221, 330, 868, 563, 0, 0, 4107, 5461, 6900, 8541, 10368, 13676, 20320, 25809, 36000, 36000, 1, 1
16:55:55, 1016.40, 27.78, 29.93, 28.711, 31, 35, 33, 37, 37, 73, 220, 328, 863, 560, 0, 0, 4079, 5429, 6856, 8491, 10336, 13632, 20269, 25727, 36000, 36000, 1, 1
16:55:56, 1016.40, 27.78, 29.93, 28.719, 32, 36, 35, 38, 39, 76, 229, 341, 897, 581, 0, 0, 4077, 5451, 6874, 8531, 10344, 13606, 20280, 25700, 36000, 36000, 1, 1
16:55:57, 1016.40, 27.78, 29.93, 28.703, 32, 36, 35, 38, 38, 76, 228, 339, 892, 578, 0, 0, 4065, 5435, 6854, 8504, 10377, 13631, 20317, 25737, 36000, 36000, 1, 1
16:55:57, 1016.40, 27.78, 29.97, 28.703, 31, 35, 34, 37, 37, 73, 220, 328, 862, 559, 0, 0, 3988, 5331, 6723, 8345, 10075, 13196, 19729, 24886, 36000, 36000, 1, 1
16:55:58, 1016.50, 27.79, 29.99, 28.664, 30, 34, 32, 36, 36, 71, 212, 316, 831, 539, 0, 0, 3814, 5135, 6462, 8053, 9748, 12713, 19124, 23917, 36000, 36000, 1, 1
16:55:59, 1016.70, 27.79, 29.97, 28.617, 28, 32, 30, 33, 26, 50, 145, 217, 576, 370, 0, 0, 3280, 4476, 5637, 7115, 7720, 9650, 14779, 17377, 36000, 33625, 1, 1
16:55:59, 1015.50, 27.74, 29.91, 28.617, 14, 16, 15, 17, 19, 39, 115, 164, 439, 276, 0, 0, 12733, 18908, 25999, 30584, 33995, 36000, 36000, 36000, 36000, 36000, 1, 1
16:56:00, 1016.60, 27.76, 29.95, 28.484, 17, 19, 18, 21, 20, 40, 116, 167, 445, 280, 0, 0, 10557, 14835, 20500, 23192, 20469, 23430, 30307, 36000, 36000, 36000, 1, 1
16:56:01, 1016.60, 27.76, 29.93, 28.375, 3, 3, 3, 3, 2, 5, 10, 17, 50, 38, 0, 0, 17836, 27559, 35993, 36000, 36000, 36000, 36000, 36000, 36000, 36000, 1, 1
16:56:02, 1016.40, 27.78, 29.93, 28.375, 15, 18, 18, 21, 28, 52, 129, 173, 444, 296, 0, 0, 12854, 21005, 29349, 35885, 36000, 36000, 36000, 36000, 36000, 36000, 1, 1
16:56:02, 1016.20, 27.77, 29.91, 28.289, 99, 118, 125, 146, 128, 236, 568, 766, 2119, 1317, 0, 0, 10692, 17893, 25027, 31170, 22245, 25462, 33296, 36000, 36000, 36000, 1, 1
16:56:03, 1016.30, 27.76, 29.97, 28.227, 52, 61, 61, 68, 107, 193, 460, 638, 1938, 1299, 0, 0, 18192, 28908, 36000, 36000, 36000, 36000, 36000, 36000, 36000, 36000, 1, 1
16:56:04, 1016.40, 27.77, 29.93, 28.227, 112, 127, 134, 147, 168, 306, 697, 960, 3110, 2201, 0, 0, 15899, 23831, 33971, 36000, 36000, 36000, 36000, 36000, 36000, 36000, 1, 1
16:56:04, 1016.30, 27.77, 29.91, 28.102, 4511, 7210, 9710, 10733, 21546, 24633, 21271, 30950, 36000, 32887, 1, 1, 16768, 26426, 36000, 36000, 36000, 36000, 36000, 36000, 36000, 36000, 1, 1
16:56:05, 1016.30, 27.77, 29.97, 28.000, 2115, 4369, 5713, 8452, 9288, 7056, 16198, 8456, 36000, 30541, 1, 1, 17096, 25959, 35989, 36000, 36000, 36000, 36000, 36000, 36000, 36000, 1, 1
16:56:06, 1016.60, 27.76, 29.97, 28.000, 1976, 3035, 4032, 4875, 5378, 6008, 6786, 7757, 26865, 9037, 0, 0, 20224, 31809, 36000, 36000, 36000, 36000, 36000, 36000, 36000, 36000, 1, 1
16:56:06, 1016.30, 27.72, 29.97, 28.023, 4597, 7553, 7167, 14281, 11887, 14106, 21278, 13360, 36000, 25639, 1, 1, 16070, 26139, 35687, 36000, 36000, 36000, 36000, 36000, 36000, 36000, 1, 1
16:56:07, 1015.50, 27.71, 29.93, 28.039, 6124, 12159, 16754, 17072, 25453, 22135, 25412, 36000, 36000, 34398, 1, 1, 23018, 36000, 36000, 36000, 36000, 36000, 36000, 36000, 36000, 36000, 1, 1
16:56:08, 1016.20, 27.72, 29.97, 28.039, 2229, 3223, 3385, 8907, 4003, 7259, 8001, 6135, 28914, 9399, 0, 0, 12427, 19528, 27049, 32542, 34647, 35585, 36000, 36000, 36000, 35685, 1, 1
16:56:08, 1015.80, 27.72, 29.91, 28.211, 2738, 4169, 4098, 10408, 6841, 5904, 13988, 6790, 36000, 21457, 1, 1, 18828, 31860, 36000, 36000, 36000, 36000, 36000, 36000, 36000, 36000, 1, 1
16:56:09, 1016.20, 27.72, 29.95, 28.500, 2169, 2092, 2793, 4744, 3601, 4524, 6918, 5822, 25485, 8992, 0, 0, 20147, 34694, 36000, 36000, 36000, 36000, 36000, 36000, 36000, 36000, 1, 1
16:56:10, 1015.70, 27.71, 29.97, 28.500, 1753, 3902, 4752, 8205, 10387, 5383, 15390, 8615, 36000, 36000, 1, 1, 22506, 36000, 36000, 36000, 36000, 36000, 36000, 36000, 36000, 36000, 1, 1
16:56:10, 1016.30, 27.71, 29.95, 28.531, 8726, 14580, 22844, 23997, 21612, 23157, 23751, 32884, 36000, 35411, 1, 1, 20664, 34210, 36000, 36000, 36000, 36000, 36000, 36000, 36000, 36000, 1, 1
16:56:11, 1016.00, 27.71, 30.00, 28.312, 6562, 12935, 17826, 17724, 30235, 28384, 34912, 36000, 36000, 35994, 1, 1, 24062, 36000, 36000, 36000, 36000, 36000, 36000, 36000, 36000, 36000, 1, 1
16:56:12, 1017.10, 27.72, 29.99, 28.312, 1614, 2382, 3386, 3919, 3468, 3487, 4376, 4667, 19321, 6833, 0, 0, 13821, 19789, 27456, 33762, 32728, 34561, 35857, 36000, 36000, 36000, 1, 1
16:56:12, 1016.30, 27.77, 29.99, 28.031, 667, 995, 1414, 1781, 2018, 2075, 2544, 2673, 9314, 3600, 0, 0, 1786, 2157, 2665, 3408, 2757, 3039, 3615, 5386, 25598, 23408, 0, 0
16:56:13, 1016.30, 27.77, 29.97, 27.766, 942, 1539, 2103, 2691, 2910, 3052, 3957, 4062, 12307, 4505, 0, 0, 1503, 1920, 2169, 2611, 2429, 2622, 3075, 4644, 28231, 25850, 0, 0
16:56:14, 1016.40, 27.77, 30.02, 27.766, 902, 1505, 2096, 2751, 3130, 3197, 4069, 4369, 11088, 4161, 0, 0, 3536, 4536, 5413, 7269, 5944, 7078, 8454, 10489, 36000, 29976, 1, 1
16:56:14, 1016.30, 27.75, 29.95, 27.633, 1222, 1880, 2776, 3595, 3915, 4415, 5086, 5770, 14818, 6406, 0, 0, 13724, 20415, 27076, 31731, 31390, 33467, 36000, 36000, 36000, 36000, 1, 1
16:56:15, 1015.70, 27.73, 29.99, 27.539, 818, 1256, 1890, 2403, 4247, 4363, 5220, 5705, 26695, 9547, 0, 0, 22257, 34955, 36000, 36000, 36000, 36000, 36000, 36000, 36000, 36000, 1, 1
16:56:16, 1015.10, 27.72, 29.99, 27.539, 1599, 2243, 3143, 3589, 4088, 4339, 5141, 5739, 20932, 7485, 0, 0, 22860, 35999, 36000, 36000, 36000, 36000, 36000, 36000, 36000, 36000, 1, 1
16:56:16, 1015.80, 27.75, 29.97, 27.445, 1836, 2751, 3654, 4350, 4495, 5066, 5653, 6736, 25434, 8460, 0, 0, 22510, 34769, 36000, 36000, 36000, 36000, 36000, 36000, 36000, 36000, 1, 1
16:56:17, 1014.90, 27.72, 29.99, 27.383, 1663, 2535, 3433, 3848, 4360, 4526, 5307, 5815, 19685, 6097, 0, 0, 18764, 30277, 36000, 36000, 36000, 36000, 36000, 36000, 36000, 36000, 1, 1
16:56:18, 1016.70, 27.75, 29.99, 27.383, 8667, 18349, 26393, 24538, 36000, 23324, 25629, 36000, 36000, 32326, 1, 1, 23110, 35983, 36000, 36000, 36000, 36000, 36000, 36000, 36000, 36000, 1, 1
16:56:18, 1014.90, 27.73, 29.99, 27.352, 7765, 13398, 30788, 22237, 30485, 31695, 34200, 36000, 36000, 33044, 1, 1, 21418, 33777, 36000, 36000, 36000, 36000, 36000, 36000, 36000, 36000, 1, 1
16:56:19, 1015.80, 27.71, 30.02, 27.289, 1795, 2707, 3589, 4097, 4890, 5289, 5758, 7085, 25218, 8070, 0, 0, 24607, 36000, 36000, 36000, 36000, 36000, 36000, 36000, 36000, 36000, 1, 1
16:56:20, 1016.50, 27.70, 29.99, 27.289, 12190, 16628, 21910, 30474, 28630, 30222, 36000, 36000, 36000, 36000, 1, 1, 23427, 36000, 36000, 36000, 36000, 36000, 36000, 36000, 36000, 36000, 1, 1
16:56:20, 1015.40, 27.71, 29.99, 27.219, 12367, 15782, 19225, 28914, 34829, 35999, 34606, 31800, 36000, 16634, 1, 1, 21952, 35247, 36000, 36000, 36000, 36000, 36000, 36000, 36000, 36000, 1, 1
16:56:21, 1015.90, 27.71, 30.02, 27.172, 7350, 13357, 14483, 14905, 33669, 33873, 35214, 36000, 36000, 36000, 1, 1, 21010, 31871, 36000, 36000, 36000, 36000, 36000, 36000, 36000, 36000, 1, 1
16:56:22, 1015.70, 27.68, 30.02, 27.172, 3256, 3301, 5037, 6780, 18197, 17880, 18682, 22333, 36000, 34907, 1, 1, 24567, 35014, 36000, 36000, 36000, 36000, 36000, 36000, 36000, 36000, 1, 1
16:56:22, 1015.70, 27.67, 30.00, 27.094, 2637, 4356, 5847, 7489, 19447, 15447, 22097, 20089, 36000, 36000, 1, 1, 29412, 36000, 36000, 36000, 36000, 36000, 36000, 36000, 36000, 36000, 1, 1
16:56:23, 1014.90, 27.65, 30.00, 27.000, 6340, 12163, 16154, 17126, 28904, 30798, 29837, 36000, 36000, 36000, 1, 1, 31349, 36000, 36000, 36000, 36000, 36000, 36000, 36000, 36000, 36000, 1, 1
16:56:24, 1015.30, 27.66, 29.99, 27.000, 3902, 6082, 7290, 11408, 30866, 35170, 35090, 36000, 36000, 36000, 1, 1, 34582, 36000, 36000, 36000, 36000, 36000, 36000, 36000, 36000, 36000, 1, 1
16:56:24, 1015.80, 27.72, 30.02, 27.008, 6156, 12768, 15429, 17895, 29438, 33171, 29069, 36000, 36000, 36000, 1, 1, 25301, 36000, 36000, 36000, 36000, 36000, 36000, 36000, 36000, 36000, 1, 1
16:56:25, 1016.00, 27.70, 30.00, 26.937, 7774, 14883, 18012, 33014, 31279, 32050, 30275, 36000, 36000, 36000, 1, 1, 20551, 33894, 36000, 36000, 36000, 36000, 36000, 36000, 36000, 36000, 1, 1
16:56:26, 1016.30, 27.72, 30.00, 26.937, 6993, 14042, 16676, 19613, 28971, 36000, 36000, 36000, 36000, 36000, 1, 1, 17560, 29624, 36000, 36000, 36000, 36000, 36000, 36000, 36000, 36000, 1, 1
16:56:26, 1016.00, 27.74, 30.00, 26.781, 6686, 11462, 13875, 20354, 30482, 21547, 25787, 31113, 36000, 36000, 1, 1, 12967, 21095, 29576, 35365, 24009, 25954, 30330, 32561, 36000, 18772, 1, 1
16:56:27, 1016.20, 27.70, 30.00, 26.656, 5741, 6251, 11638, 9756, 26232, 20725, 31413, 26645, 36000, 36000, 1, 1, 8024, 13290, 18461, 23759, 29662, 29290, 35731, 35923, 36000, 27957, 1, 1
16:56:28, 1016.60, 27.72, 30.06, 26.656, 5996, 8264, 12701, 12729, 13467, 10709, 16532, 14755, 36000, 36000, 1, 1, 4751, 6076, 9352, 10958, 30309, 32244, 35041, 35706, 36000, 26038, 1, 1
16:56:28, 1015.70, 27.72, 30.00, 26.578, 8241, 14259, 21182, 35357, 25311, 30263, 27392, 35867, 36000, 36000, 1, 1, 2976, 4227, 6266, 7657, 12360, 13830, 15104, 17595, 36000, 14285, 1, 1
16:56:29, 1015.90, 27.72, 30.02, 26.555, 7652, 19887, 18853, 21872, 33044, 26804, 32550, 36000, 36000, 36000, 1, 1, 3746, 4257, 6959, 7759, 6989, 7862, 8973, 10044, 25738, 6913, 0, 0
16:56:30, 1016.10, 27.72, 30.08, 26.555, 6811, 12195, 14431, 28787, 32625, 28169, 35117, 36000, 36000, 36000, 1, 1, 4866, 6398, 9592, 11378, 10885, 12335, 13125, 15884, 24805, 7112, 0, 0
16:56:30, 1013.70, 27.68, 30.08, 26.523, 6263, 11506, 14076, 20030, 18746, 26929, 36000, 33153, 36000, 36000, 1, 1, 2272, 3443, 5113, 6153, 10620, 11560, 14387, 14942, 35305, 14968, 0, 1
16:56:31, 1016.30, 27.73, 30.04, 26.547, 7079, 15029, 15862, 31294, 29721, 31677, 36000, 36000, 36000, 36000, 1, 1, 1124, 1846, 2682, 3663, 3366, 3624, 4713, 5168, 14595, 3285, 0, 0
16:56:32, 1016.60, 27.73, 30.04, 26.547, 6627, 12240, 15107, 32892, 18617, 26096, 36000, 33399, 36000, 36000, 1, 1, 2888, 4539, 6446, 8137, 7843, 8739, 10148, 11441, 31934, 12914, 0, 0
16:56:32, 1019.90, 27.79, 30.02, 26.547, 6684, 12307, 16701, 34268, 17818, 22907, 36000, 33186, 36000, 36000, 1, 1, 250, 344, 649, 1109, 1520, 1865, 2611, 3012, 6105, 730, 0, 0
16:56:33, 1022.70, 27.84, 30.04, 27.445, 5179, 8060, 10703, 14739, 13928, 13078, 17001, 16407, 36000, 32722, 1, 1, 219, 290, 551, 965, 1511, 1871, 2629, 3047, 6008, 683, 0, 0
16:56:34, 1021.50, 27.86, 30.04, 27.445, 2046, 2267, 4142, 4201, 5258, 5428, 6467, 6530, 36000, 24484, 1, 1, 274, 383, 715, 1217, 1872, 2279, 3145, 3623, 7410, 841, 0, 0
16:56:34, 1022.30, 27.88, 30.02, 28.047, 1390, 2174, 3303, 3922, 4666, 4396, 6021, 5945, 28383, 10407, 0, 0, 273, 383, 718, 1239, 1879, 2281, 3154, 3629, 7257, 840, 0, 0
16:56:35, 1021.70, 27.90, 30.04, 28.367, 997, 1695, 2222, 3346, 5546, 6490, 12354, 6497, 31237, 12580, 0, 0, 212, 278, 527, 942, 1536, 1905, 2713, 3141, 5390, 642, 0, 0
16:56:36, 1021.80, 27.94, 30.08, 28.367, 2201, 2074, 3278, 4334, 3923, 5313, 4903, 6042, 12473, 2959, 0, 0, 180, 214, 411, 763, 1384, 1753, 2526, 2946, 4332, 487, 0, 0
16:56:36, 1022.60, 27.97, 30.02, 28.570, 1581, 1626, 2689, 2950, 3919, 4779, 4415, 5704, 10028, 2515, 0, 0, 190, 219, 420, 789, 1397, 1783, 2576, 3020, 4222, 460, 0, 0
16:56:37, 1021.00, 28.00, 30.02, 28.695, 3896, 3351, 7726, 5332, 8019, 7691, 7545, 10705, 9811, 2492, 0, 0, 185, 216, 412, 772, 1383, 1763, 2548, 2981, 4156, 453, 0, 0
16:56:38, 1021.60, 28.04, 30.06, 28.695, 3197, 2389, 5458, 4042, 4656, 5798, 4787, 6827, 10421, 2627, 0, 0, 186, 215, 413, 772, 1381, 1753, 2525, 2955, 4359, 494, 0, 0
16:56:38, 1022.40, 28.06, 30.02, 28.750, 2435, 2160, 3525, 4361, 4098, 6608, 5356, 6567, 14059, 3477, 0, 0, 188, 229, 439, 804, 1427, 1792, 2573, 3000, 4891, 577, 0, 0
16:56:39, 1022.70, 28.09, 30.00, 28.789, 1604, 1672, 2545, 3620, 3478, 5308, 4789, 5506, 12652, 2999, 0, 0, 194, 237, 456, 835, 1438, 1801, 2590, 3014, 4877, 581, 0, 0
16:56:40, 1022.30, 28.11, 30.00, 28.789, 1298, 1525, 2303, 3055, 3453, 5025, 4586, 5410, 11581, 2763, 0, 0, 189, 229, 441, 811, 1438, 1804, 2597, 3022, 4883, 580, 0, 0
16:56:40, 1022.50, 28.13, 29.99, 28.812, 1275, 1521, 2282, 2952, 3597, 5486, 4762, 5588, 12962, 3108, 0, 0, 184, 222, 428, 786, 1332, 1682, 2423, 2827, 4511, 529, 0, 0
16:56:41, 1022.60, 28.15, 30.02, 28.828, 1266, 1432, 2166, 2780, 3156, 3973, 3944, 4663, 10978, 2779, 0, 0, 206, 252, 487, 890, 1468, 1838, 2635, 3064, 4937, 585, 0, 0
16:56:42, 1021.70, 28.17, 29.99, 28.828, 1381, 1429, 2216, 3000, 2968, 4081, 3922, 4534, 10516, 2435, 0, 0, 201, 248, 476, 863, 1537, 1919, 2756, 3197, 5187, 619, 0, 0
16:56:42, 1022.40, 28.19, 29.99, 28.828, 1124, 1423, 2115, 2766, 3241, 4549, 4305, 5027, 11603, 2644, 0, 0, 193, 234, 451, 828, 1480, 1849, 2654, 3086, 5047, 604, 0, 0
16:56:43, 1022.90, 28.21, 30.02, 28.844, 1286, 1606, 2337, 3110, 3010, 3781, 3899, 4391, 11843, 2937, 0, 0, 208, 257, 495, 905, 1571, 1959, 2802, 3254, 5375, 642, 0, 0
16:56:44, 1022.30, 28.23, 30.00, 28.844, 1047, 1247, 1913, 2610, 2780, 3729, 3706, 4264, 9944, 2298, 0, 0, 202, 247, 476, 868, 1573, 1963, 2817, 3272, 5299, 628, 0, 0
16:56:45, 1023.30, 28.23, 30.00, 28.836, 1215, 1444, 2209, 2891, 2861, 3745, 3649, 4351, 9678, 2152, 0, 0, 200, 239, 462, 853, 1489, 1870, 2689, 3133, 4930, 577, 0, 0
16:56:45, 1024.30, 28.25, 29.97, 28.844, 1175, 1405, 2185, 2778, 3313, 4410, 4181, 5075, 10819, 2510, 0, 0, 180, 209, 402, 754, 1360, 1735, 2518, 2946, 4492, 512, 0, 0
16:56:46, 1027.00, 28.26, 30.02, 28.844, 1110, 1239, 2022, 2644, 2916, 3971, 3752, 4525, 9911, 2033, 0, 0, 180, 209, 403, 755, 1268, 1623, 2362, 2774, 4343, 499, 0, 0
16:56:47, 1035.30, 28.28, 29.97, 28.836, 1460, 1336, 2404, 3124, 4903, 6467, 6117, 8783, 11109, 1884, 0, 0, 132, 141, 265, 518, 944, 1250, 1865, 2223, 3225, 356, 0, 0
16:56:47, 1048.30, 28.28, 29.99, 28.836, 1410, 2057, 3714, 5544, 7891, 8927, 11175, 14827, 33582, 5022, 0, 1, 80, 78, 136, 280, 601, 849, 1344, 1657, 2131, 221, 0, 0
16:56:48, 1058.90, 28.29, 29.99, 28.836, 278, 281, 541, 917, 1387, 1815, 2188, 2779, 3701, 444, 0, 0, 67, 61, 96, 200, 422, 624, 1023, 1295, 1623, 164, 0, 0
16:56:49, 1064.60, 28.30, 29.99, 28.781, 695, 865, 1658, 3323, 4587, 6114, 8551, 9727, 19382, 1842, 0, 0, 62, 57, 89, 184, 411, 614, 1012, 1294, 1707, 171, 0, 0
16:56:49, 1068.00, 28.31, 30.00, 28.758, 421, 513, 887, 1687, 1828, 2629, 3650, 4454, 7454, 723, 0, 0, 67, 60, 89, 183, 479, 727, 1233, 1585, 2080, 209, 0, 0
16:56:50, 1078.90, 28.32, 29.99, 28.758, 365, 426, 712, 1392, 3103, 4219, 6418, 7866, 13024, 1105, 0, 0, 45, 40, 56, 113, 277, 440, 771, 1021, 1270, 122, 0, 0
16:56:51, 1087.30, 28.32, 29.99, 28.703, 311, 355, 567, 1141, 1971, 2677, 4139, 5545, 6745, 581, 0, 0, 36, 32, 41, 79, 205, 341, 628, 854, 983, 94, 0, 0
16:56:51, 1095.20, 28.32, 29.97, 28.617, 187, 170, 256, 519, 985, 1451, 2145, 3024, 3212, 276, 0, 0, 31, 27, 34, 62, 163, 279, 530, 734, 805, 77, 0, 0
16:56:52, 1100.40, 28.31, 29.99, 28.617, 163, 161, 227, 462, 757, 1153, 1747, 2493, 2584, 220, 0, 0, 30, 26, 31, 56, 149, 259, 506, 707, 739, 71, 0, 0
16:56:53, 1105.90, 28.30, 30.00, 28.523, 148, 149, 209, 434, 1037, 1611, 2695, 3625, 4307, 355, 0, 0, 23, 20, 24, 42, 119, 212, 420, 596, 642, 60, 0, 0
16:56:53, 1111.70, 28.30, 29.99, 28.461, 110, 109, 142, 286, 730, 1117, 1909, 2705, 2855, 231, 0, 0, 20, 18, 21, 35, 101, 183, 373, 537, 572, 53, 0, 0
16:56:54, 1119.40, 28.29, 29.99, 28.461, 89, 83, 106, 209, 482, 767, 1292, 1861, 2106, 172, 0, 0, 18, 16, 19, 30, 85, 157, 327, 476, 499, 46, 0, 0
16:56:55, 1124.80, 28.28, 29.99, 28.406, 85, 85, 106, 208, 469, 756, 1347, 1961, 2424, 196, 0, 0, 15, 13, 15, 24, 72, 137, 295, 436, 446, 41, 0, 0
16:56:55, 1125.30, 28.27, 29.99, 28.352, 59, 54, 65, 122, 312, 520, 922, 1360, 1498, 122, 0, 0, 14, 12, 14, 22, 67, 128, 280, 416, 412, 38, 0, 0
16:56:56, 1130.30, 28.26, 29.99, 28.352, 45, 38, 47, 85, 220, 368, 638, 936, 913, 76, 0, 0, 15, 13, 15, 22, 61, 117, 256, 384, 372, 34, 0, 0
16:56:57, 1133.40, 28.26, 29.95, 28.312, 64, 63, 75, 141, 374, 629, 1173, 1671, 1890, 150, 0, 0, 12, 11, 12, 18, 55, 106, 235, 355, 353, 32, 0, 0
16:56:57, 1137.40, 28.25, 29.97, 28.289, 54, 53, 61, 112, 299, 503, 954, 1414, 1409, 112, 0, 0, 11, 10, 11, 16, 48, 95, 214, 327, 319, 29, 0, 0
16:56:58, 1141.40, 28.24, 29.97, 28.289, 48, 48, 54, 97, 264, 452, 872, 1286, 1399, 110, 0, 0, 10, 9, 10, 14, 42, 83, 191, 296, 288, 26, 0, 0
16:56:59, 1145.70, 28.23, 29.99, 28.281, 40, 38, 43, 74, 213, 368, 707, 1072, 1124, 89, 0, 0, 9, 8, 9, 12, 38, 77, 178, 278, 271, 24, 0, 0
16:56:59, 1150.60, 28.23, 29.91, 28.281, 40, 40, 44, 76, 218, 384, 759, 1151, 1239, 97, 0, 0, 8, 7, 8, 11, 34, 68, 162, 255, 247, 22, 0, 0
16:57:00, 1152.20, 28.23, 29.99, 28.281, 33, 32, 35, 58, 157, 280, 549, 850, 879, 70, 0, 0, 8, 7, 8, 10, 32, 65, 156, 247, 232, 21, 0, 0
16:57:01, 1157.00, 28.22, 29.93, 28.281, 32, 31, 34, 55, 168, 301, 609, 929, 955, 75, 0, 0, 7, 6, 7, 9, 29, 59, 143, 228, 218, 19, 0, 0
16:57:01, 1160.60, 28.23, 29.99, 28.273, 29, 29, 31, 51, 148, 269, 551, 847, 863, 67, 0, 0, 6, 5, 6, 8, 25, 51, 127, 204, 188, 17, 0, 0
16:57:02, 1162.50, 28.23, 29.99, 28.273, 25, 24, 26, 40, 114, 210, 428, 680, 647, 51, 0, 0, 6, 5, 6, 8, 23, 48, 121, 197, 179, 16, 0, 0
16:57:03, 1166.40, 28.23, 29.97, 28.266, 24, 24, 25, 39, 123, 228, 476, 739, 769, 60, 0, 0, 5, 5, 5, 7, 21, 45, 114, 186, 172, 15, 0, 0
16:57:03, 1168.40, 28.22, 29.99, 28.258, 22, 21, 23, 35, 102, 189, 397, 631, 616, 48, 0, 0, 5, 4, 5, 6, 19, 40, 103, 169, 153, 14, 0, 0
16:57:04, 1171.10, 28.23, 29.97, 28.258, 19, 19, 20, 30, 91, 169, 358, 571, 565, 44, 0, 0, 4, 4, 4, 5, 17, 36, 93, 154, 139, 12, 0, 0
16:57:05, 1173.10, 28.22, 29.99, 28.258, 18, 18, 18, 28, 85, 161, 344, 545, 544, 43, 0, 0, 4, 3, 4, 5, 16, 34, 89, 147, 133, 12, 0, 0
16:57:05, 1174.50, 28.22, 29.95, 28.250, 17, 17, 17, 26, 78, 148, 320, 513, 498, 39, 0, 0, 4, 3, 4, 5, 15, 32, 86, 143, 127, 11, 0, 0
16:57:06, 1177.80, 28.22, 29.97, 28.250, 16, 16, 16, 24, 74, 141, 306, 494, 461, 36, 0, 0, 4, 3, 4, 5, 15, 31, 84, 141, 126, 11, 0, 0
16:57:07, 1180.00, 28.22, 29.99, 28.250, 15, 15, 15, 23, 67, 129, 282, 460, 430, 34, 0, 0, 4, 3, 3, 4, 13, 28, 77, 131, 113, 10, 0, 0
16:57:07, 1182.20, 28.22, 29.99, 28.242, 13, 13, 13, 19, 58, 113, 251, 409, 390, 30, 0, 0, 3, 3, 3, 4, 11, 25, 69, 118, 100, 9, 0, 0
16:57:08, 1186.90, 28.22, 29.97, 28.242, 11, 11, 11, 16, 51, 100, 226, 372, 358, 28, 0, 0, 3, 2, 3, 4, 10, 23, 63, 109, 96, 8, 0, 0
16:57:09, 1191.20, 28.22, 29.95, 28.242, 11, 11, 11, 15, 47, 93, 210, 349, 318, 25, 0, 0, 3, 2, 3, 3, 10, 22, 62, 108, 94, 8, 0, 0
16:57:09, 1195.20, 28.22, 29.95, 28.250, 10, 11, 10, 14, 44, 87, 200, 334, 305, 24, 0, 0, 2, 2, 2, 3, 9, 20, 58, 102, 84, 7, 0, 0
16:57:10, 1201.50, 28.22, 29.93, 28.250, 9, 9, 8, 11, 36, 73, 171, 287, 267, 21, 0, 0, 2, 2, 2, 3, 7, 17, 50, 89, 75, 6, 0, 0
16:57:11, 1207.90, 28.22, 29.93, 28.242, 7, 7, 7, 9, 30, 60, 144, 246, 223, 18, 0, 0, 2, 1, 2, 2, 6, 14, 43, 78, 65, 5, 0, 0
16:57:11, 1211.20, 28.22, 29.95, 28.258, 7, 7, 6, 8, 25, 52, 126, 218, 197, 16, 0, 0, 1, 1, 2, 2, 5, 13, 39, 71, 59, 5, 0, 0
16:57:12, 1216.40, 28.22, 29.97, 28.258, 6, 6, 5, 7, 24, 49, 120, 210, 193, 15, 0, 0, 1, 1, 1, 2, 5, 11, 36, 65, 55, 4, 0, 0
16:57:13, 1217.80, 28.22, 29.99, 28.281, 5, 6, 5, 7, 20, 41, 101, 176, 160, 13, 0, 0, 1, 1, 1, 2, 4, 10, 33, 60, 49, 4, 0, 0
16:57:13, 1222.30, 28.22, 29.95, 28.312, 4, 4, 4, 5, 16, 34, 86, 152, 136, 11, 0, 0, 1, 1, 1, 1, 3, 8, 26, 48, 39, 3, 0, 0
16:57:14, 1226.70, 28.22, 29.95, 28.312, 4, 4, 4, 4, 15, 32, 81, 143, 127, 10, 0, 0, 1, 0, 1, 1, 3, 7, 25, 47, 39, 3, 0, 0
16:57:15, 1227.20, 28.23, 29.91, 28.336, 4, 4, 4, 4, 15, 31, 80, 141, 133, 11, 0, 0, 1, 0, 1, 1, 3, 7, 23, 43, 34, 2, 0, 0
16:57:15, 1230.90, 28.22, 29.97, 28.359, 3, 3, 3, 3, 11, 24, 62, 112, 95, 8, 0, 0, 0, 0, 1, 1, 2, 6, 21, 39, 31, 2, 0, 0
16:57:16, 1233.60, 28.23, 29.97, 28.359, 3, 3, 3, 3, 12, 26, 67, 120, 109, 9, 0, 0, 0, 0, 1, 1, 2, 6, 20, 39, 32, 2, 0, 0
16:57:17, 1234.20, 28.23, 29.93, 28.367, 3, 3, 3, 4, 11, 25, 64, 116, 102, 8, 0, 0, 0, 0, 1, 1, 2, 5, 20, 38, 30, 2, 0, 0
16:57:17, 1237.70, 28.24, 29.93, 28.375, 3, 3, 2, 3, 10, 22, 58, 105, 90, 7, 0, 0, 0, 0, 0, 1, 2, 5, 18, 36, 28, 2, 0, 0
16:57:18, 1238.30, 28.24, 29.95, 28.375, 3, 3, 2, 3, 10, 22, 58, 105, 96, 8, 0, 0, 0, 0, 1, 1, 2, 5, 18, 34, 27, 2, 0, 0
16:57:19, 1239.80, 28.24, 29.99, 28.375, 2, 3, 2, 3, 8, 19, 49, 91, 76, 6, 0, 0, 0, 0, 0, 1, 2, 5, 17, 33, 26, 2, 0, 0
16:57:19, 1243.30, 28.25, 29.99, 28.375, 2, 3, 2, 2, 8, 19, 50, 91, 78, 6, 0, 0, 0, 0, 0, 0, 2, 4, 15, 30, 24, 1, 0, 0
16:57:20, 1244.60, 28.25, 29.93, 28.375, 2, 3, 2, 2, 8, 17, 46, 86, 72, 6, 0, 0, 0, 0, 0, 0, 1, 4, 15, 29, 22, 1, 0, 0
16:57:21, 1247.40, 28.25, 29.93, 28.383, 2, 2, 2, 2, 7, 15, 40, 75, 59, 5, 0, 0, 0, 0, 0, 0, 1, 4, 14, 28, 20, 1, 0, 0
16:57:21, 1250.80, 28.25, 29.97, 28.375, 2, 2, 1, 2, 6, 13, 36, 68, 52, 4, 0, 0, 0, 0, 0, 0, 1, 3, 13, 26, 19, 1, 0, 0
16:57:22, 1253.60, 28.26, 29.93, 28.375, 1, 2, 1, 2, 5, 12, 34, 64, 50, 4, 0, 0, 0, 0, 0, 0, 1, 3, 12, 24, 17, 1, 0, 0
16:57:23, 1256.70, 28.26, 29.97, 28.391, 1, 2, 1, 1, 4, 10, 28, 55, 41, 3, 0, 0, 0, 0, 0, 0, 1, 2, 10, 21, 15, 1, 0, 0
16:57:23, 1259.60, 28.26, 29.95, 28.383, 1, 1, 1, 1, 4, 9, 24, 47, 36, 3, 0, 0, 0, 0, 0, 0, 1, 2, 9, 19, 14, 1, 0, 0
16:57:24, 1255.80, 28.26, 29.95, 28.383, 1, 2, 1, 1, 5, 11, 29, 56, 49, 4, 0, 0, 0, 0, 0, 0, 1, 2, 10, 21, 16, 1, 0, 0
16:57:25, 1259.40, 28.27, 29.97, 28.391, 1, 2, 1, 1, 5, 11, 30, 57, 50, 4, 0, 0, 0, 0, 0, 0, 1, 2, 10, 21, 16, 1, 0, 0
16:57:26, 1260.90, 28.27, 29.95, 28.383, 1, 2, 1, 1, 5, 11, 30, 58, 50, 4, 0, 0, 0, 0, 0, 0, 1, 2, 9, 19, 15, 1, 0, 0
16:57:26, 1263.90, 28.27, 29.95, 28.383, 1, 2, 1, 1, 4, 9, 25, 49, 42, 4, 0, 0, 0, 0, 0, 0, 0, 2, 8, 18, 13, 0, 0, 0
16:57:27, 1267.50, 28.27, 29.97, 28.375, 1, 1, 1, 1, 4, 9, 24, 47, 39, 3, 0, 0, 0, 0, 0, 0, 0, 2, 8, 16, 12, 0, 0, 0
16:57:28, 1270.00, 28.27, 29.91, 28.383, 1, 1, 1, 1, 3, 8, 23, 45, 36, 3, 0, 0, 0, 0, 0, 0, 0, 1, 7, 15, 11, 0, 0, 0
16:57:28, 1272.50, 28.27, 29.93, 28.383, 1, 1, 0, 1, 3, 7, 19, 38, 28, 2, 0, 0, 0, 0, 0, 0, 0, 1, 7, 15, 10, 0, 0, 0
16:57:29, 1274.70, 28.27, 29.95, 28.383, 1, 1, 0, 0, 2, 6, 16, 32, 22, 2, 0, 0, 0, 0, 0, 0, 0, 1, 7, 14, 9, 0, 0, 0
16:57:30, 1279.80, 28.28, 29.89, 28.391, 1, 1, 0, 0, 2, 6, 17, 33, 26, 2, 0, 0, 0, 0, 0, 0, 0, 1, 5, 12, 8, 0, 0, 0
16:57:30, 1284.00, 28.28, 29.93, 28.391, 0, 1, 0, 0, 2, 5, 14, 29, 22, 2, 0, 0, 0, 0, 0, 0, 0, 1, 5, 11, 8, 0, 0, 0
16:57:31, 1283.80, 28.28, 29.89, 28.398, 0, 1, 0, 0, 2, 5, 14, 29, 24, 2, 0, 0, 0, 0, 0, 0, 0, 1, 5, 10, 8, 0, 0, 0
16:57:32, 1283.00, 28.28, 29.95, 28.414, 0, 1, 0, 0, 2, 5, 14, 28, 25, 2, 0, 0, 0, 0, 0, 0, 0, 1, 5, 10, 8, 0, 0, 0
16:57:32, 1283.40, 28.28, 29.95, 28.414, 0, 1, 0, 0, 2, 5, 14, 28, 24, 2, 0, 0, 0, 0, 0, 0, 0, 0, 4, 10, 8, 0, 0, 0
16:57:33, 1284.90, 28.29, 29.95, 28.422, 0, 1, 0, 0, 2, 5, 13, 28, 23, 2, 0, 0, 0, 0, 0, 0, 0, 1, 4, 10, 7, 0, 0, 0
16:57:34, 1286.40, 28.29, 29.89, 28.430, 0, 1, 0, 0, 2, 4, 12, 24, 19, 2, 0, 0, 0, 0, 0, 0, 0, 0, 4, 9, 7, 0, 0, 0
16:57:34, 1289.30, 28.29, 29.97, 28.430, 0, 1, 0, 0, 1, 4, 12, 24, 21, 2, 0, 0, 0, 0, 0, 0, 0, 0, 4, 8, 6, 0, 0, 0
16:57:35, 1291.20, 28.30, 29.91, 28.437, 0, 1, 0, 0, 1, 3, 9, 19, 15, 1, 0, 0, 0, 0, 0, 0, 0, 0, 3, 8, 5, 0, 0, 0
16:57:36, 1295.00, 28.30, 29.91, 28.437, 0, 1, 0, 0, 1, 3, 8, 17, 13, 1, 0, 0, 0, 0, 0, 0, 0, 0, 3, 7, 5, 0, 0, 0
16:57:36, 1297.90, 28.30, 29.93, 28.437, 0, 1, 0, 0, 1, 3, 8, 17, 14, 1, 0, 0, 0, 0, 0, 0, 0, 0, 2, 6, 4, 0, 0, 0
16:57:37, 1299.60, 28.30, 29.97, 28.453, 0, 1, 0, 0, 1, 2, 7, 15, 12, 1, 0, 0, 0, 0, 0, 0, 0, 0, 2, 5, 4, 0, 0, 0
16:57:38, 1303.20, 28.31, 29.97, 28.453, 0, 1, 0, 0, 0, 2, 5, 11, 8, 1, 0, 0, 0, 0, 0, 0, 0, 0, 2, 5, 3, 0, 0, 0
16:57:38, 1308.30, 28.31, 29.93, 28.453, 0, 0, 0, 0, 0, 2, 5, 11, 8, 1, 0, 0, 0, 0, 0, 0, 0, 0, 1, 4, 3, 0, 0, 0
16:57:39, 1313.00, 28.31, 29.89, 28.461, 0, 0, 0, 0, 0, 2, 4, 9, 7, 1, 0, 0, 0, 0, 0, 0, 0, 0, 1, 3, 2, 0, 0, 0
16:57:40, 1315.30, 28.31, 29.93, 28.461, 0, 0, 0, 0, 0, 1, 3, 7, 4, 1, 0, 0, 0, 0, 0, 0, 0, 0, 1, 3, 2, 0, 0, 0
16:57:40, 1319.10, 28.32, 29.95, 28.461, 0, 0, 0, 0, 0, 1, 3, 6, 4, 1, 0, 0, 0, 0, 0, 0, 0, 0, 1, 2, 2, 0, 0, 0
16:57:41, 1322.80, 28.32, 29.91, 28.461, 0, 0, 0, 0, 0, 1, 2, 6, 4, 1, 0, 0, 0, 0, 0, 0, 0, 0, 1, 2, 1, 0, 0, 0
16:57:42, 1321.30, 28.32, 29.93, 28.461, 0, 0, 0, 0, 0, 1, 3, 7, 5, 1, 0, 0, 0, 0, 0, 0, 0, 0, 1, 3, 2, 0, 0, 0
16:57:42, 1322.10, 28.32, 29.97, 28.461, 0, 0, 0, 0, 0, 1, 2, 6, 5, 1, 0, 0, 0, 0, 0, 0, 0, 0, 1, 2, 1, 0, 0, 0
16:57:43, 1325.60, 28.32, 29.91, 28.469, 0, 0, 0, 0, 0, 1, 2, 6, 4, 1, 0, 0, 0, 0, 0, 0, 0, 0, 1, 2, 1, 0, 0, 0
16:57:44, 1323.60, 28.33, 29.93, 28.469, 0, 0, 0, 0, 0, 1, 2, 6, 5, 1, 0, 0, 0, 0, 0, 0, 0, 0, 0, 2, 1, 0, 0, 0
16:57:44, 1329.50, 28.33, 29.93, 28.477, 0, 0, 0, 0, 0, 1, 2, 4, 3, 1, 0, 0, 0, 0, 0, 0, 0, 0, 0, 2, 1, 0, 0, 0
16:57:45, 1332.80, 28.33, 29.91, 28.477, 0, 0, 0, 0, 0, 1, 2, 4, 3, 1, 0, 0, 0, 0, 0, 0, 0, 0, 0, 1, 1, 0, 0, 0
16:57:46, 1336.10, 28.33, 29.95, 28.477, 0, 0, 0, 0, 0, 1, 1, 4, 3, 1, 0, 0, 0, 0, 0, 0, 0, 0, 0, 1, 1, 0, 0, 0
16:57:46, 1337.20, 28.33, 29.93, 28.477, 0, 0, 0, 0, 0, 1, 1, 3, 2, 0, 0, 0, 0, 0, 0, 0, 0, 0, 0, 1, 1, 0, 0, 0
16:57:47, 1336.20, 28.34, 29.95, 28.477, 0, 0, 0, 0, 0, 1, 1, 3, 2, 0, 0, 0, 0, 0, 0, 0, 0, 0, 0, 1, 1, 0, 0, 0
16:57:48, 1324.90, 28.34, 29.97, 28.477, 0, 0, 0, 0, 0, 1, 1, 3, 1, 0, 0, 0, 0, 0, 0, 0, 0, 0, 1, 2, 1, 0, 0, 0
16:57:48, 1314.00, 28.34, 29.93, 28.477, 0, 0, 0, 0, 0, 1, 1, 4, 3, 1, 0, 0, 0, 0, 0, 0, 0, 0, 1, 4, 2, 0, 0, 0
16:57:49, 1310.70, 28.34, 29.89, 28.477, 0, 0, 0, 0, 0, 1, 2, 6, 4, 1, 0, 0, 0, 0, 0, 0, 0, 0, 1, 4, 3, 0, 0, 0
16:57:50, 1307.50, 28.34, 29.97, 28.477, 0, 0, 0, 0, 0, 1, 3, 7, 6, 1, 0, 0, 0, 0, 0, 0, 0, 0, 2, 5, 3, 0, 0, 0
16:57:50, 1303.90, 28.35, 29.91, 28.469, 0, 0, 0, 0, 0, 1, 3, 8, 6, 1, 0, 0, 0, 0, 0, 0, 0, 0, 2, 5, 3, 0, 0, 0
16:57:51, 1298.90, 28.35, 29.97, 28.469, 0, 0, 0, 0, 0, 1, 4, 8, 6, 1, 0, 0, 0, 0, 0, 0, 0, 0, 2, 6, 4, 0, 0, 0
16:57:52, 1295.40, 28.35, 29.93, 28.469, 0, 0, 0, 0, 0, 2, 4, 10, 7, 1, 0, 0, 0, 0, 0, 0, 0, 0, 3, 6, 4, 0, 0, 0
16:57:52, 1290.80, 28.35, 29.89, 28.469, 0, 1, 0, 0, 1, 2, 6, 12, 9, 1, 0, 0, 0, 0, 0, 0, 0, 0, 3, 8, 6, 0, 0, 0
16:57:53, 1285.60, 28.36, 29.91, 28.469, 0, 1, 0, 0, 1, 3, 7, 16, 13, 1, 0, 0, 0, 0, 0, 0, 0, 1, 4, 9, 7, 0, 0, 0
16:57:54, 1277.40, 28.36, 29.95, 28.461, 0, 1, 0, 0, 1, 3, 9, 18, 16, 2, 0, 0, 0, 0, 0, 0, 0, 1, 6, 12, 9, 0, 0, 0
16:57:54, 1272.40, 28.36, 29.93, 28.461, 0, 1, 0, 0, 1, 4, 10, 20, 16, 2, 0, 0, 0, 0, 0, 0, 0, 1, 7, 14, 10, 0, 0, 0
16:57:55, 1265.60, 28.36, 29.91, 28.461, 0, 1, 0, 0, 1, 4, 11, 23, 17, 2, 0, 0, 0, 0, 0, 0, 0, 2, 8, 17, 12, 0, 0, 0
16:57:56, 1260.60, 28.36, 29.95, 28.445, 0, 1, 0, 0, 2, 5, 12, 25, 18, 2, 0, 0, 0, 0, 0, 0, 0, 2, 9, 18, 13, 0, 0, 0
16:57:56, 1253.70, 28.36, 29.91, 28.445, 0, 1, 0, 0, 2, 5, 14, 27, 21, 2, 0, 0, 0, 0, 0, 0, 1, 2, 11, 22, 16, 1, 0, 0
16:57:57, 1249.50, 28.36, 29.95, 28.445, 1, 1, 0, 1, 2, 6, 16, 31, 25, 2, 0, 0, 0, 0, 0, 0, 1, 3, 12, 23, 18, 1, 0, 0
16:57:58, 1242.80, 28.36, 29.95, 28.430, 1, 1, 0, 1, 3, 7, 18, 34, 29, 3, 0, 0, 0, 0, 0, 1, 2, 4, 16, 31, 24, 2, 0, 0
16:57:58, 1239.60, 28.36, 29.95, 28.422, 1, 1, 0, 1, 3, 8, 19, 37, 30, 3, 0, 0, 0, 0, 1, 1, 2, 5, 19, 36, 27, 2, 0, 0
16:57:59, 1235.10, 28.36, 29.93, 28.422, 1, 1, 1, 1, 4, 9, 22, 42, 33, 3, 0, 0, 1, 0, 1, 1, 3, 6, 23, 43, 32, 2, 0, 0
16:58:00, 1231.70, 28.36, 29.91, 28.422, 1, 2, 1, 1, 4, 10, 26, 48, 37, 3, 0, 0, 1, 0, 1, 1, 3, 7, 25, 48, 34, 3, 0, 0
16:58:00, 1226.40, 28.36, 29.93, 28.422, 1, 2, 1, 1, 5, 11, 28, 53, 39, 3, 0, 0, 1, 1, 1, 1, 4, 9, 32, 59, 44, 3, 0, 0
16:58:01, 1221.70, 28.36, 29.91, 28.422, 2, 2, 1, 2, 6, 13, 33, 61, 50, 4, 0, 0, 1, 1, 1, 2, 5, 11, 35, 64, 50, 4, 0, 0
16:58:02, 1215.50, 28.36, 29.89, 28.414, 2, 2, 2, 2, 7, 17, 41, 73, 61, 5, 0, 0, 1, 1, 1, 2, 6, 13, 41, 74, 57, 5, 0, 0
16:58:02, 1213.40, 28.36, 29.93, 28.414, 2, 2, 2, 2, 7, 16, 39, 70, 55, 5, 0, 0, 2, 2, 2, 2, 7, 15, 47, 85, 64, 5, 0, 0
16:58:03, 1209.50, 28.36, 29.93, 28.414, 2, 2, 2, 2, 8, 17, 42, 75, 61, 5, 0, 0, 2, 2, 2, 3, 8, 17, 53, 93, 73, 6, 0, 0
16:58:04, 1204.30, 28.36, 29.91, 28.398, 3, 3, 2, 3, 9, 20, 48, 85, 74, 6, 0, 0, 3, 2, 3, 3, 10, 21, 63, 111, 89, 8, 0, 0
16:58:04, 1200.70, 28.36, 29.95, 28.391, 3, 3, 2, 3, 10, 23, 53, 92, 75, 6, 0, 0, 3, 2, 3, 3, 11, 24, 69, 121, 94, 8, 0, 0
16:58:05, 1197.80, 28.36, 29.89, 28.391, 3, 3, 2, 3, 11, 23, 53, 92, 72, 6, 0, 0, 3, 3, 3, 4, 12, 26, 75, 129, 96, 8, 0, 0
16:58:06, 1192.20, 28.36, 29.91, 28.383, 3, 3, 3, 4, 13, 27, 61, 105, 80, 7, 0, 0, 4, 3, 4, 5, 15, 32, 90, 154, 115, 10, 0, 0
16:58:07, 1190.40, 28.36, 29.91, 28.367, 4, 4, 3, 4, 14, 30, 67, 114, 89, 8, 0, 0, 4, 4, 4, 5, 15, 33, 93, 158, 123, 11, 0, 0
16:58:07, 1189.60, 28.35, 29.89, 28.367, 4, 4, 4, 5, 17, 36, 79, 133, 117, 10, 0, 0, 4, 3, 4, 4, 13, 29, 81, 138, 114, 10, 0, 0
16:58:08, 1185.70, 28.36, 29.91, 28.352, 5, 5, 5, 6, 20, 42, 92, 153, 139, 12, 0, 0, 4, 4, 4, 5, 16, 34, 93, 158, 134, 12, 0, 0
16:58:09, 1189.60, 28.35, 29.87, 28.352, 5, 5, 4, 6, 21, 42, 93, 153, 148, 12, 0, 0, 4, 3, 4, 5, 13, 28, 77, 132, 111, 10, 0, 0
16:58:09, 1188.50, 28.35, 29.91, 28.352, 5, 5, 5, 7, 20, 41, 91, 152, 142, 12, 0, 0, 3, 3, 3, 4, 13, 29, 80, 137, 116, 10, 0, 0
16:58:10, 1181.60, 28.35, 29.93, 28.336, 5, 5, 4, 6, 20, 40, 88, 146, 136, 11, 0, 0, 5, 4, 5, 6, 18, 39, 105, 176, 148, 14, 0, 0
16:58:11, 1176.90, 28.35, 29.91, 28.336, 5, 5, 5, 7, 23, 46, 99, 162, 148, 12, 0, 0, 6, 5, 5, 7, 21, 45, 118, 196, 164, 15, 0, 0
16:58:11, 1172.90, 28.35, 29.93, 28.336, 6, 6, 6, 8, 25, 50, 106, 174, 154, 13, 0, 0, 6, 5, 6, 7, 23, 49, 129, 213, 174, 16, 0, 0
16:58:12, 1172.20, 28.35, 29.93, 28.336, 6, 6, 5, 8, 24, 47, 99, 160, 139, 12, 0, 0, 7, 6, 7, 8, 24, 49, 128, 211, 170, 15, 0, 0
16:58:13, 1168.30, 28.35, 29.89, 28.336, 7, 6, 6, 9, 29, 57, 118, 192, 165, 14, 0, 0, 7, 6, 7, 9, 27, 57, 147, 241, 195, 18, 0, 0
16:58:13, 1163.80, 28.35, 29.91, 28.336, 7, 6, 6, 9, 29, 57, 118, 191, 162, 14, 0, 0, 8, 7, 8, 10, 32, 65, 166, 271, 224, 21, 0, 0
16:58:14, 1160.80, 28.35, 29.99, 28.328, 8, 8, 8, 11, 38, 72, 147, 235, 197, 17, 0, 0, 9, 8, 9, 12, 35, 71, 179, 293, 241, 23, 0, 0
16:58:15, 1158.00, 28.35, 29.89, 28.336, 9, 9, 9, 13, 41, 78, 156, 245, 216, 18, 0, 0, 11, 9, 10, 14, 36, 71, 175, 281, 229, 22, 0, 0
16:58:15, 1151.50, 28.35, 29.91, 28.336, 11, 10, 10, 16, 52, 97, 191, 299, 267, 22, 0, 0, 11, 10, 11, 15, 51, 102, 245, 384, 329, 31, 0, 0
16:58:16, 1147.10, 28.35, 29.89, 28.328, 11, 9, 10, 15, 47, 89, 174, 270, 244, 21, 0, 0, 13, 12, 13, 18, 56, 112, 266, 410, 347, 33, 0, 0
16:58:17, 1143.00, 28.35, 29.89, 28.320, 12, 11, 12, 19, 59, 107, 206, 317, 280, 24, 0, 0, 14, 12, 14, 19, 59, 117, 275, 422, 350, 33, 0, 0
16:58:17, 1136.80, 28.35, 29.95, 28.320, 15, 13, 15, 24, 72, 129, 242, 366, 330, 28, 0, 0, 19, 16, 18, 26, 79, 152, 347, 521, 441, 42, 0, 0
16:58:18, 1133.90, 28.35, 29.89, 28.312, 17, 15, 17, 28, 84, 149, 276, 415, 403, 34, 0, 0, 19, 16, 19, 27, 85, 163, 365, 548, 509, 49, 0, 0
16:58:19, 1125.50, 28.35, 29.93, 28.305, 20, 18, 20, 35, 100, 175, 322, 473, 525, 45, 0, 0, 21, 18, 21, 31, 102, 194, 421, 626, 633, 61, 0, 0
16:58:19, 1119.00, 28.34, 29.91, 28.305, 22, 20, 24, 44, 115, 196, 349, 493, 614, 54, 0, 0, 29, 25, 29, 46, 131, 243, 514, 749, 762, 74, 0, 0
16:58:20, 1113.50, 28.34, 29.93, 28.297, 25, 23, 27, 51, 131, 220, 384, 539, 662, 58, 0, 0, 32, 27, 32, 52, 149, 272, 563, 815, 849, 83, 0, 0
16:58:21, 1109.80, 28.34, 29.93, 28.289, 31, 27, 33, 65, 173, 282, 480, 662, 850, 76, 0, 0, 32, 28, 33, 54, 153, 276, 565, 810, 836, 81, 0, 0
16:58:21, 1105.40, 28.34, 29.91, 28.289, 40, 35, 44, 87, 213, 342, 565, 791, 894, 79, 0, 0, 35, 30, 36, 60, 182, 323, 653, 924, 913, 89, 0, 0
16:58:22, 1102.20, 28.34, 29.93, 28.273, 36, 32, 40, 79, 196, 313, 514, 716, 802, 71, 0, 0, 40, 34, 41, 70, 206, 363, 727, 1021, 999, 98, 0, 0
16:58:23, 1100.90, 28.34, 29.91, 28.273, 35, 30, 39, 76, 185, 295, 481, 669, 700, 62, 0, 0, 43, 37, 45, 76, 220, 386, 774, 1082, 981, 95, 0, 0
16:58:23, 1098.10, 28.34, 29.89, 28.273, 38, 33, 44, 83, 214, 335, 548, 763, 765, 68, 0, 0, 43, 37, 45, 78, 237, 411, 813, 1128, 1071, 105, 0, 0
16:58:24, 1096.30, 28.34, 29.93, 28.273, 39, 34, 46, 91, 236, 366, 582, 796, 900, 81, 0, 0, 47, 40, 50, 87, 246, 424, 827, 1146, 1156, 114, 0, 0
16:58:25, 1090.60, 28.34, 29.93, 28.297, 49, 43, 59, 119, 292, 449, 703, 953, 1144, 104, 0, 0, 48, 41, 51, 91, 270, 458, 879, 1208, 1269, 125, 0, 0
16:58:25, 1087.00, 28.34, 29.95, 28.297, 54, 47, 68, 139, 312, 468, 715, 952, 1163, 108, 0, 0, 59, 51, 65, 120, 318, 530, 1001, 1359, 1412, 140, 0, 0
16:58:26, 1083.10, 28.35, 29.91, 28.320, 71, 61, 90, 182, 409, 607, 909, 1218, 1447, 135, 0, 0, 54, 47, 60, 111, 325, 538, 1002, 1356, 1449, 143, 0, 0
16:58:27, 1077.70, 28.35, 29.93, 28.344, 80, 72, 110, 231, 469, 678, 1008, 1285, 1925, 188, 0, 0, 69, 61, 81, 158, 420, 672, 1201, 1602, 1994, 200, 0, 0
16:58:27, 1071.70, 28.36, 29.89, 28.344, 114, 107, 171, 361, 547, 773, 1121, 1401, 2244, 226, 0, 0, 81, 72, 100, 200, 512, 798, 1393, 1822, 2261, 229, 0, 0
16:58:28, 1065.80, 28.38, 29.91, 28.414, 88, 83, 139, 287, 521, 722, 1016, 1276, 1853, 187, 0, 0, 100, 88, 127, 257, 649, 990, 1705, 2189, 2540, 260, 0, 0
16:58:29, 1062.90, 28.39, 29.91, 28.484, 105, 99, 175, 347, 684, 927, 1255, 1588, 2196, 229, 0, 0, 98, 87, 128, 260, 658, 992, 1686, 2153, 2502, 256, 0, 0
16:58:29, 1059.50, 28.41, 29.89, 28.484, 136, 130, 235, 455, 843, 1129, 1501, 1891, 2699, 289, 0, 0, 98, 88, 133, 272, 671, 999, 1671, 2126, 2667, 274, 0, 0
16:58:30, 1051.20, 28.43, 29.89, 28.539, 180, 192, 346, 679, 1105, 1440, 1949, 2287, 4542, 552, 0, 0, 120, 114, 185, 382, 914, 1300, 2068, 2571, 3840, 400, 0, 0
16:58:31, 1046.40, 28.44, 29.86, 28.602, 231, 298, 535, 1001, 1511, 1877, 2523, 2826, 6649, 929, 0, 0, 136, 135, 233, 477, 1038, 1436, 2234, 2736, 4150, 441, 0, 0
16:58:31, 1040.80, 28.46, 29.89, 28.602, 277, 337, 620, 1076, 1415, 1785, 2197, 2611, 4937, 694, 0, 0, 147, 145, 255, 518, 1049, 1441, 2234, 2721, 3869, 415, 0, 0
16:58:32, 1028.10, 28.48, 29.91, 28.664, 389, 505, 897, 1424, 1986, 2447, 2865, 3372, 6571, 1139, 0, 0, 191, 211, 401, 773, 1502, 1928, 2827, 3335, 5355, 611, 0, 0
16:58:33, 1021.20, 28.49, 29.93, 28.719, 833, 1029, 1637, 2346, 2634, 3211, 3589, 4053, 8978, 2016, 0, 0, 216, 267, 511, 928, 1615, 2007, 2871, 3339, 5777, 697, 0, 0
16:58:33, 1016.50, 28.51, 29.89, 28.719, 3935, 5659, 8098, 10369, 20111, 16062, 21352, 28071, 35966, 8282, 0, 1, 180, 228, 428, 760, 1536, 1849, 2580, 2946, 5386, 836, 0, 0
16:58:34, 1017.00, 28.52, 29.91, 28.742, 4352, 6478, 9438, 12020, 27070, 31583, 30742, 28136, 36000, 19243, 1, 1, 1628, 2736, 3787, 5135, 6487, 7012, 8687, 9783, 19538, 5732, 0, 0
16:58:35, 1016.70, 28.53, 29.97, 28.727, 7811, 11865, 18781, 16708, 17543, 25691, 21702, 36000, 26790, 8913, 1, 1, 4356, 5616, 8887, 10319, 16576, 18660, 20557, 24404, 36000, 36000, 1, 1
16:58:35, 1016.00, 28.48, 29.93, 28.727, 10107, 12294, 16426, 24143, 22902, 28574, 35115, 31643, 36000, 34450, 1, 1, 21493, 33592, 36000, 36000, 36000, 36000, 36000, 36000, 36000, 36000, 1, 1
16:58:36, 1015.50, 28.46, 29.91, 28.594, 3337, 6402, 7624, 11844, 12693, 12869, 15208, 17035, 17734, 6570, 0, 0, 31249, 36000, 36000, 36000, 36000, 36000, 36000, 36000, 36000, 36000, 1, 1
16:58:37, 1016.70, 28.49, 29.93, 28.414, 7408, 12657, 19717, 23201, 31166, 35437, 35996, 35857, 36000, 33320, 1, 1, 27539, 36000, 36000, 36000, 36000, 36000, 36000, 36000, 36000, 36000, 1, 1
16:58:37, 1016.30, 28.48, 29.93, 28.414, 7493, 12597, 18142, 19858, 15386, 15127, 21608, 23943, 36000, 36000, 1, 1, 15893, 23089, 34364, 35925, 36000, 36000, 36000, 36000, 36000, 36000, 1, 1
16:58:38, 1016.50, 28.44, 29.91, 28.219, 5022, 8161, 11558, 12030, 14145, 13301, 17081, 18340, 31722, 15125, 0, 0, 20655, 30799, 36000, 36000, 36000, 36000, 36000, 36000, 36000, 36000, 1, 1
16:58:39, 1016.20, 28.39, 29.93, 28.047, 2196, 3786, 4964, 6012, 19417, 28141, 35833, 35451, 36000, 36000, 1, 1, 35118, 36000, 36000, 36000, 36000, 36000, 36000, 36000, 36000, 36000, 1, 1
16:58:39, 1014.90, 28.37, 29.97, 28.047, 12932, 16923, 20206, 31703, 20068, 20563, 20840, 21776, 30661, 12330, 0, 0, 27953, 36000, 36000, 36000, 36000, 36000, 36000, 36000, 36000, 36000, 1, 1
16:58:40, 1015.60, 28.37, 29.97, 27.906, 6590, 13396, 16501, 18724, 32313, 30103, 36000, 36000, 35524, 18705, 1, 1, 30645, 36000, 36000, 36000, 36000, 36000, 36000, 36000, 36000, 36000, 1, 1
16:58:41, 1015.80, 28.39, 29.97, 27.797, 9008, 20925, 23210, 26060, 35571, 27236, 31075, 35660, 36000, 36000, 1, 1, 29336, 36000, 36000, 36000, 36000, 36000, 36000, 36000, 36000, 36000, 1, 1
16:58:41, 1016.20, 28.37, 29.95, 27.797, 4142, 8336, 9247, 11335, 28771, 31046, 32964, 34371, 35378, 20619, 0, 1, 27549, 36000, 36000, 36000, 36000, 36000, 36000, 36000, 36000, 36000, 1, 1
16:58:42, 1016.00, 28.32, 29.99, 27.664, 1308, 1705, 2420, 2777, 3714, 3969, 4516, 5733, 18553, 6810, 0, 0, 28659, 36000, 36000, 36000, 36000, 36000, 36000, 36000, 36000, 36000, 1, 1
16:58:43, 1015.90, 28.31, 29.97, 27.570, 978, 1763, 2176, 3197, 8917, 11181, 14035, 16066, 36000, 24515, 1, 1, 24900, 36000, 36000, 36000, 36000, 36000, 36000, 36000, 36000, 36000, 1, 1
16:58:43, 1015.60, 28.28, 29.99, 27.570, 1487, 2477, 3315, 4075, 4056, 4170, 5128, 5567, 22069, 7923, 0, 0, 23698, 36000, 36000, 36000, 36000, 36000, 36000, 36000, 36000, 36000, 1, 1
16:58:44, 1015.90, 28.30, 29.99, 27.469, 1011, 1189, 1774, 1923, 2246, 2462, 2787, 3513, 12074, 5230, 0, 0, 14567, 21752, 30673, 36000, 36000, 36000, 36000, 36000, 36000, 36000, 1, 1
16:58:45, 1016.70, 28.34, 29.99, 27.398, 6491, 11665, 24651, 18656, 21567, 14147, 17397, 29653, 31548, 24736, 0, 0, 160, 176, 190, 212, 169, 285, 556, 954, 2714, 2280, 0, 0
16:58:46, 1016.50, 28.33, 29.97, 27.398, 252, 319, 402, 508, 691, 957, 1434, 2019, 5127, 3205, 0, 0, 557, 567, 619, 718, 1561, 2813, 5084, 6919, 21853, 16413, 0, 0
