Secchi Depth (cm) = 9999
Forel Ule Scale = 99
pH Colour Scale = 99
SensingSecchi S/N = A017
Latitude (degs N) = 34.25977
Longitude (degs E) = -77.98734
Date = 2026-08-05
Time (UTC), Pressure (mbar) MS5803, Temp (deg C) MS5803, Temp (deg C) 10KTHERM, Temp (deg C) TMP117, ED 415nm, ED 445nm, ED 480nm, ED 515nm, ED 555nm, ED 590nm, ED 630nm, ED 680nm, ED Clear, ED NIR, ED D-SAT, ED A-SAT, EU 415nm, EU 445nm, EU 480nm, EU 515nm, EU 555nm, EU 590nm, EU 630nm, EU 680nm, EU Clear, EU NIR, EU D-SAT, EU A-SAT
16:36:46, 1015.90, 27.90, 29.53, 26.773, 2657, 3284, 5494, 4859, 6989, 6342, 7449, 9382, 36000, 31288, 1, 1, 17026, 24403, 33038, 36000, 36000, 36000, 36000, 36000, 36000, 36000, 1, 1
16:36:46, 1016.20, 27.91, 29.60, 26.805, 2698, 3349, 5683, 4904, 6984, 6270, 7481, 9436, 36000, 31177, 1, 1, 16944, 24272, 32891, 36000, 36000, 36000, 36000, 36000, 36000, 36000, 1, 1
16:36:47, 1016.10, 27.92, 29.58, 26.828, 2574, 3217, 5351, 4799, 6902, 6147, 7084, 9143, 36000, 29039, 1, 1, 17014, 24548, 33177, 36000, 36000, 36000, 36000, 36000, 36000, 36000, 1, 1
16:36:48, 1016.00, 27.92, 29.58, 26.828, 2459, 3066, 5160, 4642, 6710, 5961, 6914, 8851, 36000, 28096, 1, 1, 16927, 24399, 32988, 36000, 36000, 36000, 36000, 36000, 36000, 36000, 1, 1
16:36:48, 1015.80, 27.93, 29.54, 26.852, 2445, 3128, 5217, 4656, 6808, 6035, 7057, 9115, 36000, 27638, 1, 1, 16879, 24300, 32859, 36000, 36000, 36000, 36000, 36000, 36000, 36000, 1, 1
16:36:49, 1015.80, 27.93, 29.62, 26.883, 2347, 3172, 4998, 4585, 6323, 5868, 6914, 8632, 36000, 25008, 1, 1, 17046, 24796, 33384, 36000, 36000, 36000, 36000, 36000, 36000, 36000, 1, 1
16:36:50, 1016.00, 27.93, 29.60, 26.883, 2139, 2979, 4818, 4475, 6121, 5478, 6575, 8490, 36000, 22326, 1, 1, 17138, 25064, 33621, 36000, 36000, 36000, 36000, 36000, 36000, 36000, 1, 1
16:36:50, 1016.10, 27.94, 29.62, 26.906, 2042, 3022, 4639, 4234, 5881, 5417, 6508, 8411, 36000, 20886, 1, 1, 17084, 25021, 33513, 36000, 36000, 36000, 36000, 36000, 36000, 36000, 1, 1
16:36:51, 1016.00, 27.94, 29.62, 26.930, 1889, 2968, 4276, 3979, 5439, 5216, 5950, 8058, 35642, 18733, 0, 1, 16985, 24866, 33227, 36000, 36000, 36000, 36000, 36000, 36000, 36000, 1, 1
16:36:52, 1016.00, 27.94, 29.62, 26.930, 1703, 2760, 3898, 3792, 5139, 4623, 5718, 7586, 30111, 16341, 0, 0, 17073, 24975, 33329, 36000, 36000, 36000, 36000, 36000, 36000, 36000, 1, 1
16:36:52, 1015.90, 27.95, 29.65, 26.945, 1581, 2647, 3644, 3660, 4836, 4470, 5408, 6822, 26867, 14242, 0, 0, 17279, 25143, 33617, 36000, 36000, 36000, 36000, 36000, 36000, 36000, 1, 1
16:36:53, 1016.10, 27.95, 29.65, 26.977, 1479, 2566, 3322, 3467, 4582, 4154, 5320, 6654, 24284, 12793, 0, 0, 17277, 25003, 33458, 36000, 36000, 36000, 36000, 36000, 36000, 36000, 1, 1
16:36:54, 1016.00, 27.96, 29.69, 26.977, 1418, 2464, 3140, 3415, 4426, 3938, 5250, 5982, 23310, 11981, 0, 0, 17058, 24626, 32864, 36000, 36000, 36000, 36000, 36000, 36000, 36000, 1, 1
16:36:54, 1016.20, 27.96, 29.69, 26.992, 1359, 2360, 2989, 3263, 4213, 3784, 4962, 5787, 22438, 11209, 0, 0, 16729, 24076, 32060, 36000, 36000, 36000, 36000, 36000, 36000, 36000, 1, 1
16:36:55, 1015.90, 27.97, 29.71, 27.023, 1369, 2298, 2986, 3214, 4056, 3778, 4810, 5536, 21949, 10664, 0, 0, 16378, 23463, 31153, 36000, 36000, 36000, 36000, 36000, 36000, 36000, 1, 1
16:36:56, 1016.10, 27.97, 29.73, 27.023, 1359, 2201, 2879, 3158, 3796, 3742, 4742, 5502, 21490, 10132, 0, 0, 16245, 23257, 30837, 36000, 36000, 36000, 36000, 36000, 36000, 36000, 1, 1
16:36:56, 1016.10, 27.98, 29.76, 27.039, 1204, 1926, 2532, 2864, 3268, 3404, 4256, 4895, 18881, 9224, 0, 0, 16119, 23107, 30587, 36000, 36000, 36000, 36000, 36000, 36000, 36000, 1, 1
16:36:57, 1015.90, 27.98, 29.80, 27.078, 1196, 1880, 2500, 2848, 3226, 3427, 4176, 4841, 18527, 8646, 0, 0, 16096, 23027, 30483, 36000, 36000, 36000, 36000, 36000, 36000, 36000, 1, 1
16:36:58, 1015.90, 27.99, 29.75, 27.078, 1315, 2025, 2739, 3055, 3427, 3647, 4346, 5027, 19989, 8873, 0, 0, 15836, 22914, 30211, 36000, 36000, 36000, 36000, 36000, 36000, 36000, 1, 1
16:36:58, 1015.90, 27.99, 29.78, 27.117, 1268, 1955, 2637, 2958, 3343, 3594, 4262, 4984, 19486, 8650, 0, 0, 15594, 22686, 29855, 36000, 36000, 36000, 36000, 36000, 36000, 36000, 1, 1
16:36:59, 1016.10, 27.99, 29.82, 27.156, 1292, 2018, 2704, 3050, 3424, 3698, 4355, 5095, 19667, 8552, 0, 0, 15416, 22483, 29604, 36000, 36000, 36000, 36000, 36000, 36000, 36000, 1, 1
16:37:00, 1016.10, 28.00, 29.84, 27.156, 1295, 2034, 2713, 3083, 3397, 3662, 4317, 5031, 19411, 8232, 0, 0, 14248, 21217, 27773, 36000, 36000, 36000, 36000, 36000, 36000, 36000, 1, 1
16:37:00, 1016.40, 28.01, 29.89, 27.172, 1264, 2000, 2651, 3044, 3389, 3644, 4321, 4977, 19336, 7938, 0, 0, 8617, 13079, 16633, 23089, 16117, 17635, 29467, 31412, 36000, 36000, 1, 1
16:37:01, 1016.10, 28.02, 29.86, 27.195, 1265, 2008, 2658, 3096, 3423, 3695, 4410, 5007, 19352, 7743, 0, 0, 3974, 5570, 7593, 9885, 10873, 11753, 17176, 21123, 36000, 36000, 1, 1
16:37:02, 1016.10, 28.02, 29.89, 27.195, 1265, 2017, 2671, 3131, 3428, 3717, 4450, 5030, 19698, 7728, 0, 0, 3856, 5439, 7419, 9658, 10713, 11552, 16955, 20700, 36000, 36000, 1, 1
16:37:02, 1016.00, 28.02, 29.87, 27.172, 1221, 1928, 2571, 3034, 3336, 3627, 4335, 4912, 19497, 7526, 0, 0, 3778, 5340, 7287, 9481, 10513, 11324, 16648, 20259, 36000, 36000, 1, 1
16:37:03, 1016.00, 28.03, 29.89, 27.164, 1172, 1840, 2468, 2920, 3216, 3492, 4170, 4730, 18767, 7187, 0, 0, 3700, 5231, 7143, 9285, 10328, 11115, 16329, 19860, 36000, 36000, 1, 1
16:37:04, 1016.20, 28.03, 29.86, 27.164, 1100, 1739, 2333, 2751, 3035, 3272, 3926, 4475, 17613, 6790, 0, 0, 3668, 5182, 7083, 9216, 10257, 11040, 16174, 19662, 36000, 36000, 1, 1
16:37:04, 1015.90, 28.03, 29.86, 27.148, 1031, 1636, 2189, 2585, 2859, 3078, 3702, 4224, 16393, 6394, 0, 0, 3649, 5152, 7052, 9171, 10216, 10972, 16055, 19536, 36000, 36000, 1, 1
16:37:05, 1016.00, 28.03, 29.84, 27.156, 997, 1576, 2107, 2497, 2771, 2988, 3603, 4110, 15926, 6324, 0, 0, 3649, 5150, 7053, 9174, 10185, 10915, 15974, 19438, 36000, 36000, 1, 1
16:37:06, 1016.10, 28.03, 29.86, 27.156, 993, 1560, 2086, 2466, 2749, 2962, 3568, 4078, 15835, 6305, 0, 0, 3600, 5080, 6956, 9026, 10034, 10735, 15727, 19135, 36000, 36000, 1, 1
16:37:06, 1016.00, 28.04, 29.84, 27.164, 1004, 1580, 2114, 2487, 2787, 2996, 3601, 4119, 16133, 6401, 0, 0, 3568, 5031, 6886, 8930, 9950, 10654, 15606, 18997, 36000, 36000, 1, 1
16:37:07, 1015.80, 28.04, 29.84, 27.187, 1027, 1624, 2171, 2547, 2854, 3065, 3683, 4201, 16513, 6427, 0, 0, 3568, 5033, 6887, 8937, 9964, 10671, 15629, 19041, 36000, 36000, 1, 1
16:37:08, 1016.10, 28.04, 29.84, 27.187, 1029, 1632, 2180, 2559, 2848, 3051, 3671, 4185, 16448, 6343, 0, 0, 3534, 4993, 6841, 8882, 9908, 10580, 15475, 18811, 36000, 36000, 1, 1
16:37:08, 1016.00, 28.04, 29.80, 27.203, 1012, 1606, 2144, 2520, 2797, 3005, 3610, 4114, 16078, 6206, 0, 0, 3554, 5024, 6876, 8932, 9958, 10638, 15517, 18899, 36000, 36000, 1, 1
16:37:09, 1016.10, 28.05, 29.76, 27.227, 975, 1552, 2067, 2436, 2705, 2897, 3489, 3966, 15495, 6029, 0, 0, 3575, 5058, 6926, 9001, 10025, 10728, 15596, 19025, 36000, 36000, 1, 1
16:37:10, 1016.00, 28.05, 29.78, 27.227, 956, 1527, 2034, 2404, 2666, 2856, 3448, 3903, 15134, 5898, 0, 0, 3579, 5064, 6930, 9016, 10017, 10732, 15574, 19027, 36000, 36000, 1, 1
16:37:10, 1016.10, 28.05, 29.76, 27.242, 941, 1504, 2001, 2372, 2627, 2816, 3406, 3871, 14928, 5935, 0, 0, 3590, 5078, 6945, 9030, 10041, 10766, 15618, 19108, 36000, 36000, 1, 1
16:37:11, 1016.20, 28.05, 29.80, 27.258, 934, 1492, 1987, 2356, 2627, 2815, 3411, 3871, 14966, 5978, 0, 0, 3599, 5091, 6961, 9059, 10074, 10800, 15680, 19166, 36000, 36000, 1, 1
16:37:12, 1016.10, 28.05, 29.76, 27.258, 947, 1518, 2021, 2398, 2679, 2870, 3472, 3934, 15162, 5987, 0, 0, 3607, 5106, 6982, 9093, 10101, 10811, 15723, 19185, 36000, 36000, 1, 1
16:37:12, 1015.80, 28.05, 29.73, 27.273, 963, 1539, 2053, 2426, 2710, 2901, 3499, 3981, 15346, 6008, 0, 0, 3597, 5092, 6968, 9064, 10079, 10758, 15679, 19064, 36000, 36000, 1, 1
16:37:13, 1015.80, 28.06, 29.75, 27.289, 987, 1581, 2110, 2489, 2795, 2990, 3602, 4093, 15901, 6141, 0, 0, 3608, 5115, 6999, 9108, 10169, 10849, 15842, 19250, 36000, 36000, 1, 1
16:37:14, 1015.90, 28.06, 29.75, 27.289, 1015, 1624, 2170, 2558, 2866, 3066, 3695, 4200, 16363, 6333, 0, 0, 3646, 5168, 7074, 9206, 10254, 10940, 16001, 19402, 36000, 36000, 1, 1
16:37:14, 1015.80, 28.05, 29.73, 27.281, 1028, 1643, 2197, 2594, 2911, 3118, 3755, 4273, 16674, 6453, 0, 0, 3654, 5179, 7087, 9222, 10285, 10975, 16070, 19490, 36000, 36000, 1, 1
16:37:15, 1016.10, 28.06, 29.75, 27.297, 1050, 1676, 2244, 2644, 2963, 3175, 3818, 4346, 17097, 6576, 0, 0, 3640, 5158, 7061, 9178, 10241, 10920, 15993, 19383, 36000, 36000, 1, 1
16:37:16, 1016.00, 28.06, 29.76, 27.297, 1060, 1692, 2267, 2673, 2994, 3209, 3857, 4394, 17307, 6645, 0, 0, 3642, 5163, 7068, 9185, 10245, 10927, 16006, 19414, 36000, 36000, 1, 1
16:37:16, 1015.80, 28.06, 29.73, 27.297, 1068, 1705, 2283, 2688, 3006, 3218, 3869, 4411, 17502, 6734, 0, 0, 3623, 5138, 7027, 9127, 10178, 10852, 15893, 19278, 36000, 36000, 1, 1
16:37:17, 1016.00, 28.06, 29.73, 27.297, 1053, 1684, 2255, 2653, 2965, 3167, 3813, 4352, 17146, 6599, 0, 0, 3629, 5143, 7040, 9151, 10219, 10892, 15952, 19340, 36000, 36000, 1, 1
16:37:18, 1015.90, 28.06, 29.73, 27.297, 1040, 1666, 2231, 2626, 2938, 3134, 3784, 4303, 16838, 6486, 0, 0, 3638, 5157, 7058, 9189, 10236, 10915, 15973, 19367, 36000, 36000, 1, 1
16:37:18, 1015.70, 28.06, 29.75, 27.297, 1028, 1649, 2207, 2602, 2915, 3113, 3760, 4273, 16721, 6474, 0, 0, 3626, 5141, 7034, 9152, 10184, 10848, 15872, 19241, 36000, 36000, 1, 1
16:37:19, 1015.90, 28.06, 29.75, 27.305, 1022, 1635, 2189, 2581, 2886, 3087, 3726, 4246, 16546, 6437, 0, 0, 3629, 5143, 7042, 9163, 10231, 10895, 15953, 19312, 36000, 36000, 1, 1
16:37:20, 1016.00, 28.06, 29.76, 27.305, 1030, 1650, 2210, 2610, 2923, 3131, 3777, 4297, 16635, 6423, 0, 0, 3656, 5183, 7093, 9240, 10297, 10973, 16073, 19459, 36000, 36000, 1, 1
16:37:20, 1016.10, 28.06, 29.76, 27.305, 1041, 1666, 2230, 2631, 2948, 3159, 3802, 4337, 16933, 6511, 0, 0, 3588, 5090, 6972, 9062, 10073, 10709, 15684, 18971, 36000, 36000, 1, 1
16:37:21, 1015.90, 28.06, 29.73, 27.320, 1046, 1670, 2236, 2629, 2927, 3131, 3769, 4311, 17132, 6612, 0, 0, 3543, 5028, 6890, 8940, 9969, 10602, 15500, 18747, 36000, 36000, 1, 1
16:37:22, 1015.90, 28.07, 29.67, 27.320, 1016, 1626, 2175, 2555, 2926, 3113, 3759, 4276, 17233, 6708, 0, 0, 3507, 4979, 6812, 8841, 9836, 10497, 15253, 18522, 36000, 36000, 1, 1
16:37:22, 1016.10, 28.07, 29.73, 27.320, 1015, 1653, 2196, 2590, 2932, 3078, 3757, 4172, 17230, 6485, 0, 0, 3432, 4857, 6634, 8633, 9448, 10159, 14608, 18003, 36000, 36000, 1, 1
16:37:23, 1016.30, 28.07, 29.73, 27.320, 940, 1537, 2030, 2406, 2677, 2825, 3428, 3865, 15281, 5831, 0, 0, 3367, 4753, 6488, 8463, 9290, 10099, 14347, 17878, 36000, 36000, 1, 1
16:37:24, 1016.10, 28.07, 29.73, 27.320, 901, 1504, 1987, 2345, 2668, 2789, 3367, 3824, 14837, 5471, 0, 0, 3422, 4829, 6584, 8591, 9504, 10416, 14836, 18528, 36000, 36000, 1, 1
16:37:24, 1016.30, 28.07, 29.69, 27.312, 934, 1553, 2049, 2443, 2784, 2908, 3528, 3941, 15539, 5674, 0, 0, 3340, 4712, 6439, 8421, 9215, 10044, 14276, 17802, 36000, 36000, 1, 1
16:37:25, 1016.10, 28.07, 29.73, 27.305, 923, 1529, 2001, 2398, 2668, 2794, 3396, 3796, 15054, 5582, 0, 0, 3288, 4636, 6326, 8267, 9007, 9773, 13882, 17335, 36000, 36000, 1, 1
16:37:26, 1016.40, 28.07, 29.73, 27.305, 876, 1457, 1894, 2286, 2584, 2712, 3298, 3667, 14377, 5205, 0, 0, 3164, 4470, 6102, 7977, 8764, 9493, 13491, 16748, 36000, 36000, 1, 1
16:37:26, 1016.30, 28.07, 29.73, 27.266, 898, 1503, 1952, 2357, 2604, 2723, 3304, 3675, 14446, 5205, 0, 0, 3166, 4474, 6105, 7970, 8804, 9558, 13620, 16871, 36000, 36000, 1, 1
16:37:27, 1016.20, 28.07, 29.73, 27.242, 829, 1389, 1816, 2209, 2298, 2387, 2969, 3309, 12450, 4746, 0, 0, 3125, 4415, 6029, 7865, 8662, 9402, 13409, 16471, 36000, 36000, 1, 1
16:37:28, 1016.20, 28.07, 29.69, 27.242, 698, 1166, 1545, 1864, 2133, 2219, 2789, 3068, 11348, 4356, 0, 0, 2801, 3758, 5047, 6536, 7127, 8007, 11723, 14784, 36000, 36000, 1, 1
16:37:29, 1016.30, 28.07, 29.71, 27.203, 885, 1483, 1932, 2318, 2542, 2677, 3206, 3625, 13261, 4672, 0, 0, 2767, 3732, 5034, 6519, 7081, 7873, 11571, 14483, 36000, 36000, 1, 1
16:37:29, 1016.10, 28.07, 29.71, 27.195, 890, 1489, 1938, 2314, 2604, 2728, 3279, 3704, 13780, 4782, 0, 0, 2648, 3575, 4828, 6258, 6885, 7569, 11223, 13905, 36000, 36000, 1, 1
16:37:30, 1016.60, 28.06, 29.73, 27.195, 901, 1501, 1960, 2324, 2595, 2701, 3273, 3672, 14174, 4950, 0, 0, 2633, 3545, 4787, 6190, 6794, 7491, 11122, 13831, 36000, 36000, 1, 1
16:37:31, 1016.30, 28.07, 29.69, 27.172, 918, 1529, 2003, 2378, 2695, 2780, 3415, 3755, 15154, 5319, 0, 0, 2560, 3424, 4608, 5967, 6520, 7255, 10735, 13487, 36000, 36000, 1, 1
16:37:31, 1016.30, 28.06, 29.69, 27.156, 930, 1549, 2033, 2418, 2720, 2809, 3449, 3791, 15256, 5341, 0, 0, 2551, 3411, 4588, 5937, 6565, 7296, 10806, 13546, 36000, 36000, 1, 1
16:37:32, 1016.10, 28.06, 29.69, 27.156, 924, 1540, 2020, 2401, 2712, 2814, 3436, 3805, 14959, 5211, 0, 0, 2630, 3537, 4770, 6183, 6838, 7515, 11195, 13882, 36000, 36000, 1, 1
16:37:33, 1016.10, 28.06, 29.71, 27.125, 938, 1565, 2057, 2445, 2758, 2863, 3499, 3867, 15164, 5273, 0, 0, 2608, 3503, 4727, 6117, 6736, 7403, 11056, 13710, 36000, 36000, 1, 1
16:37:33, 1016.10, 28.06, 29.65, 27.109, 940, 1563, 2060, 2444, 2752, 2853, 3499, 3851, 15420, 5402, 0, 0, 2614, 3513, 4744, 6138, 6827, 7478, 11203, 13826, 36000, 36000, 1, 1
16:37:34, 1016.10, 28.06, 29.69, 27.109, 938, 1557, 2055, 2429, 2749, 2851, 3493, 3855, 15487, 5451, 0, 0, 2653, 3570, 4828, 6243, 6892, 7525, 11301, 13916, 36000, 36000, 1, 1
16:37:35, 1016.30, 28.06, 29.67, 27.102, 957, 1587, 2099, 2484, 2823, 2920, 3591, 3940, 16015, 5652, 0, 0, 2638, 3540, 4787, 6190, 6863, 7506, 11284, 13909, 36000, 36000, 1, 1
16:37:35, 1015.90, 28.06, 29.67, 27.094, 971, 1611, 2135, 2527, 2859, 2959, 3646, 3992, 16386, 5782, 0, 0, 2650, 3558, 4813, 6213, 6961, 7589, 11434, 14065, 36000, 36000, 1, 1
16:37:36, 1015.80, 28.05, 29.75, 27.094, 964, 1600, 2119, 2507, 2804, 2934, 3565, 3966, 15754, 5525, 0, 0, 2752, 3716, 5032, 6505, 7433, 8054, 12170, 14904, 36000, 36000, 1, 1
16:37:37, 1016.00, 28.05, 29.73, 27.094, 843, 1407, 1855, 2218, 2530, 2683, 3238, 3661, 13239, 4716, 0, 0, 3057, 4346, 5983, 7800, 8696, 9044, 13321, 15781, 36000, 36000, 1, 1
16:37:37, 1016.00, 28.05, 29.67, 27.086, 939, 1562, 2064, 2457, 2833, 2971, 3610, 4052, 15932, 5588, 0, 0, 3057, 4332, 5962, 7768, 8669, 9028, 13318, 15844, 36000, 36000, 1, 1
16:37:38, 1016.00, 28.05, 29.69, 27.086, 957, 1593, 2109, 2506, 2811, 2970, 3591, 4063, 15739, 5540, 0, 0, 3107, 4396, 6039, 7851, 8877, 9319, 13732, 16445, 36000, 36000, 1, 1
16:37:39, 1016.00, 28.05, 29.71, 27.094, 1034, 1679, 2227, 2663, 2953, 3141, 3794, 4276, 16818, 6076, 0, 0, 3280, 4637, 6372, 8292, 9373, 9877, 14560, 17458, 36000, 36000, 1, 1
16:37:39, 1016.10, 28.05, 29.69, 27.094, 1031, 1678, 2228, 2653, 2961, 3140, 3794, 4272, 16984, 6132, 0, 0, 3385, 4777, 6567, 8554, 9538, 10062, 14838, 17748, 36000, 36000, 1, 1
16:37:40, 1015.90, 28.05, 29.73, 27.094, 1036, 1682, 2237, 2662, 2979, 3163, 3820, 4300, 17195, 6198, 0, 0, 3354, 4733, 6497, 8460, 9502, 10060, 14852, 17815, 36000, 36000, 1, 1
16:37:41, 1015.90, 28.05, 29.69, 27.102, 1073, 1720, 2290, 2722, 3057, 3269, 3945, 4433, 17773, 6568, 0, 0, 3347, 4740, 6476, 8436, 9256, 9800, 14603, 17583, 36000, 36000, 1, 1
16:37:41, 1016.10, 28.05, 29.69, 27.109, 1036, 1708, 2263, 2718, 3061, 3216, 3936, 4338, 18003, 6275, 0, 0, 3018, 4288, 5823, 7603, 8262, 8714, 13113, 15702, 36000, 36000, 1, 1
16:37:42, 1016.40, 28.05, 29.71, 27.109, 1132, 1803, 2436, 2840, 3165, 3344, 4004, 4486, 19123, 6877, 0, 0, 2462, 3283, 4344, 5398, 5957, 7635, 12272, 15778, 36000, 26872, 1, 1
16:37:43, 1016.40, 28.05, 29.69, 27.102, 1038, 1711, 2324, 2769, 3704, 3966, 4657, 5296, 20417, 7158, 0, 0, 1334, 1716, 1994, 2277, 4594, 7723, 12783, 17129, 36000, 28066, 1, 1
16:37:43, 1016.40, 28.05, 29.73, 27.117, 1034, 1563, 2078, 2410, 893, 962, 1074, 1466, 2522, 1452, 0, 0, 2121, 2653, 2951, 3314, 4319, 7797, 12965, 17654, 36000, 28932, 1, 1
16:37:44, 1016.40, 28.06, 29.69, 27.117, 57, 64, 74, 92, 214, 280, 490, 634, 2674, 1634, 0, 0, 1805, 2227, 2483, 2746, 3296, 6025, 10077, 13808, 35984, 24890, 0, 1
16:37:45, 1016.50, 28.06, 29.73, 27.109, 56, 64, 74, 94, 75, 118, 224, 321, 1167, 863, 0, 0, 911, 1119, 1234, 1352, 1599, 2902, 4840, 6681, 17988, 12410, 0, 0
16:37:45, 1016.50, 28.06, 29.73, 27.109, 46, 52, 60, 74, 111, 158, 260, 366, 1407, 1045, 0, 0, 1242, 1508, 1658, 1830, 2219, 4036, 6794, 9537, 25673, 18181, 0, 0
16:37:46, 1016.40, 28.05, 29.69, 27.109, 669, 977, 1355, 1458, 1840, 1984, 2363, 2862, 9718, 4073, 0, 0, 1576, 1929, 2136, 2366, 2997, 5471, 9133, 12554, 34122, 23399, 0, 1
16:37:47, 1016.60, 28.06, 29.69, 27.102, 243, 370, 512, 573, 519, 537, 881, 1001, 4662, 2174, 0, 0, 1294, 1580, 1748, 1934, 1969, 3583, 5966, 8186, 22488, 15315, 0, 0
16:37:47, 1016.60, 28.05, 29.71, 27.102, 223, 307, 392, 494, 626, 768, 1187, 1390, 5125, 2433, 0, 0, 1087, 1331, 1462, 1635, 2095, 3809, 6406, 8841, 24489, 16822, 0, 0
16:37:48, 1016.40, 28.05, 29.67, 27.102, 144, 190, 238, 258, 851, 905, 1324, 1596, 5159, 2647, 0, 0, 1343, 1635, 1796, 2005, 2451, 4464, 7499, 10352, 28613, 19883, 0, 0
16:37:49, 1016.60, 28.05, 29.67, 27.102, 334, 469, 620, 723, 1121, 1304, 1844, 2176, 5749, 2703, 0, 0, 1230, 1500, 1645, 1837, 2839, 5180, 8742, 12024, 33159, 22859, 0, 1
16:37:49, 1016.20, 28.04, 29.69, 27.094, 772, 1094, 1496, 1688, 1812, 1926, 2443, 2997, 8667, 3978, 0, 0, 1148, 1399, 1537, 1727, 766, 1370, 2447, 3556, 10081, 7676, 0, 0
16:37:50, 1015.40, 27.99, 29.71, 27.094, 626, 866, 1202, 1461, 1704, 1828, 2605, 2780, 9829, 4030, 0, 0, 6800, 9801, 13197, 16179, 23652, 24879, 30923, 35174, 36000, 36000, 1, 1
16:37:51, 1014.50, 27.96, 29.71, 27.086, 483, 617, 836, 1004, 1225, 1515, 2252, 2542, 10107, 4674, 0, 0, 16343, 25951, 35853, 36000, 36000, 36000, 36000, 36000, 36000, 36000, 1, 1
16:37:51, 1016.50, 27.94, 29.73, 27.062, 1565, 2469, 3349, 3923, 3350, 3505, 4600, 5054, 21888, 8155, 0, 0, 17405, 27850, 35999, 36000, 36000, 36000, 36000, 36000, 36000, 36000, 1, 1
16:37:52, 1013.70, 27.89, 29.71, 27.062, 1771, 2761, 3774, 4387, 4313, 4409, 5884, 6414, 29295, 10795, 0, 0, 24796, 36000, 36000, 36000, 36000, 36000, 36000, 36000, 36000, 36000, 1, 1
16:37:53, 1015.00, 27.89, 29.69, 27.008, 1682, 2549, 3425, 3957, 3350, 3708, 4565, 5045, 19214, 6152, 0, 0, 33550, 36000, 36000, 36000, 36000, 36000, 36000, 36000, 36000, 36000, 1, 1
16:37:53, 1014.40, 27.89, 29.73, 27.023, 1390, 2092, 2761, 3156, 3635, 3983, 4887, 5637, 20450, 6351, 0, 0, 36000, 36000, 36000, 36000, 36000, 36000, 36000, 36000, 36000, 36000, 1, 1
16:37:54, 1013.20, 27.86, 29.71, 27.023, 1559, 2425, 3191, 3701, 4150, 4350, 5499, 6060, 21249, 6827, 0, 0, 36000, 36000, 36000, 36000, 36000, 36000, 36000, 36000, 36000, 36000, 1, 1
16:37:55, 1013.50, 27.86, 29.75, 26.922, 1431, 2187, 2895, 3400, 3565, 3853, 4941, 5558, 21856, 7179, 0, 0, 36000, 36000, 36000, 36000, 36000, 36000, 36000, 36000, 36000, 36000, 1, 1
16:37:55, 1014.70, 27.92, 29.71, 26.922, 1208, 1791, 2413, 2728, 6286, 6561, 8182, 9684, 20435, 6956, 0, 0, 36000, 36000, 36000, 36000, 36000, 36000, 36000, 36000, 36000, 36000, 1, 1
16:37:56, 1013.80, 27.84, 29.71, 26.922, 7063, 10001, 16185, 16464, 15595, 14770, 24159, 18397, 34225, 12800, 0, 1, 36000, 36000, 36000, 36000, 36000, 36000, 36000, 36000, 36000, 36000, 1, 1
16:37:57, 1014.30, 27.88, 29.75, 26.883, 8183, 9566, 14296, 16618, 7985, 10702, 10484, 13200, 36000, 25928, 1, 1, 36000, 36000, 36000, 36000, 36000, 36000, 36000, 36000, 36000, 36000, 1, 1
16:37:57, 1015.40, 27.94, 29.75, 26.820, 8494, 9145, 14194, 17810, 20961, 31282, 25813, 33926, 36000, 36000, 1, 1, 32521, 36000, 36000, 36000, 36000, 36000, 36000, 36000, 36000, 36000, 1, 1
16:37:58, 1016.00, 27.99, 29.78, 26.820, 6500, 11468, 14187, 22152, 27776, 30101, 33358, 33290, 35407, 15772, 0, 1, 15939, 25019, 33769, 36000, 35650, 36000, 36000, 36000, 36000, 29544, 1, 1
16:37:59, 1016.40, 27.99, 29.71, 26.766, 1672, 2596, 3469, 4020, 4418, 4615, 5570, 5969, 23503, 7503, 0, 0, 15477, 25732, 33721, 35413, 18179, 18730, 22446, 25816, 35487, 9981, 0, 1
16:37:59, 1017.10, 27.99, 29.76, 26.727, 1513, 2395, 3141, 3744, 3767, 3945, 4770, 5238, 23322, 7547, 0, 0, 5943, 7991, 11853, 13669, 12400, 13499, 15833, 18386, 34363, 9743, 0, 1
16:38:00, 1016.40, 28.00, 29.76, 26.727, 1492, 2366, 3076, 3819, 4795, 5095, 6182, 6775, 29042, 9312, 0, 0, 1966, 2770, 4275, 5259, 11155, 11756, 15141, 15703, 35652, 15553, 0, 1
16:38:01, 1016.50, 28.00, 29.73, 26.687, 1777, 2855, 3711, 4507, 4719, 4968, 6088, 6538, 29139, 9503, 0, 0, 1680, 2397, 3657, 4538, 5766, 5867, 8007, 8328, 28040, 8562, 0, 0
16:38:01, 1016.40, 28.00, 29.75, 26.633, 11154, 21068, 29950, 32247, 31816, 31426, 36000, 36000, 36000, 36000, 1, 1, 1499, 2178, 3193, 4084, 4226, 4653, 5906, 6546, 22279, 5912, 0, 0
16:38:02, 1016.30, 28.00, 29.80, 26.633, 1874, 3093, 4013, 4853, 5790, 5977, 7243, 8114, 30447, 9724, 0, 0, 981, 1416, 2083, 2596, 3262, 3589, 4627, 5340, 18191, 4781, 0, 0
16:38:03, 1017.30, 28.01, 29.80, 26.594, 1721, 2786, 3660, 4339, 5127, 5242, 6415, 7026, 30455, 10080, 0, 0, 233, 309, 556, 929, 1401, 1731, 2513, 3031, 6743, 913, 0, 0
16:38:03, 1016.00, 28.02, 29.76, 26.945, 1757, 2884, 3782, 4522, 5348, 5519, 6728, 7346, 31637, 10399, 0, 0, 229, 282, 505, 872, 1307, 1678, 2439, 3002, 4863, 582, 0, 0
16:38:04, 1016.90, 28.02, 29.78, 26.945, 1763, 2860, 3898, 4801, 5328, 5392, 6589, 7206, 28833, 9041, 0, 0, 284, 357, 616, 1035, 1868, 2320, 3331, 4062, 6467, 857, 0, 0
16:38:05, 1020.50, 28.04, 29.76, 27.242, 1609, 2642, 3799, 4542, 4924, 5269, 6324, 7040, 21513, 4816, 0, 0, 237, 269, 491, 899, 1729, 2233, 3380, 4111, 4621, 508, 0, 0
16:38:05, 1020.50, 28.05, 29.76, 27.617, 5881, 6669, 11483, 15416, 7987, 13374, 13402, 15544, 27506, 5219, 0, 0, 303, 352, 651, 1185, 2139, 2718, 4034, 4870, 6978, 868, 0, 0
16:38:06, 1017.20, 28.06, 29.78, 27.617, 4290, 6749, 7699, 15077, 6824, 9228, 10809, 10935, 27298, 6590, 0, 0, 424, 599, 1053, 1747, 1538, 1957, 2956, 3552, 4754, 573, 0, 0
16:38:07, 1019.20, 28.08, 29.76, 27.859, 1402, 2268, 3272, 4107, 4683, 5046, 5901, 6726, 18485, 4371, 0, 0, 170, 200, 356, 651, 1310, 1694, 2624, 3165, 3871, 444, 0, 0
16:38:07, 1024.70, 28.09, 29.75, 28.008, 1033, 1747, 2576, 3323, 3926, 4968, 5420, 6087, 13306, 2503, 0, 0, 291, 332, 603, 1117, 1948, 2554, 3868, 4757, 6328, 755, 0, 0
16:38:08, 1020.60, 28.11, 29.73, 28.008, 4039, 3868, 7582, 10711, 6023, 8526, 8819, 11063, 15314, 2589, 0, 0, 255, 289, 526, 985, 1865, 2415, 3625, 4402, 5295, 587, 0, 0
16:38:09, 1019.80, 28.13, 29.76, 28.078, 1726, 2821, 4116, 5252, 5694, 6339, 7428, 8606, 22092, 4675, 0, 0, 265, 317, 578, 1046, 1719, 2201, 3304, 3983, 5070, 589, 0, 0
16:38:09, 1025.50, 28.14, 29.78, 28.141, 2657, 3129, 4749, 7642, 7585, 16410, 14870, 13260, 29735, 5265, 0, 0, 298, 351, 649, 1198, 1965, 2539, 3800, 4605, 7018, 867, 0, 0
16:38:10, 1024.70, 28.15, 29.76, 28.141, 3232, 5781, 9065, 11410, 10366, 14969, 17973, 19875, 35690, 6454, 0, 1, 243, 270, 489, 930, 1802, 2364, 3596, 4399, 5819, 663, 0, 0
16:38:11, 1022.30, 28.16, 29.73, 28.156, 3590, 4332, 6378, 11560, 12555, 19811, 21427, 23701, 34561, 6800, 0, 1, 338, 401, 737, 1330, 2240, 2866, 4246, 5155, 7800, 1005, 0, 0
16:38:11, 1035.20, 28.17, 29.75, 28.180, 4606, 9387, 13778, 15968, 18224, 18470, 22409, 27659, 36000, 8873, 1, 1, 228, 244, 427, 818, 1356, 1825, 2811, 3522, 5271, 632, 0, 0
16:38:12, 1035.80, 28.18, 29.73, 28.180, 3180, 6060, 9236, 17751, 18507, 24866, 33897, 34525, 36000, 22755, 1, 1, 196, 206, 362, 698, 1452, 1963, 3057, 3825, 5696, 686, 0, 0
16:38:13, 1048.90, 28.19, 29.75, 28.180, 1810, 2197, 3534, 7081, 14360, 16013, 21044, 28804, 36000, 8934, 1, 1, 159, 157, 253, 499, 1033, 1468, 2369, 3078, 4556, 523, 0, 0
16:38:13, 1053.30, 28.20, 29.76, 28.172, 638, 746, 1562, 2327, 4841, 5041, 8061, 8884, 36000, 8409, 1, 1, 139, 132, 201, 400, 726, 1092, 1874, 2519, 3324, 363, 0, 0
16:38:14, 1053.50, 28.21, 29.73, 28.172, 198, 195, 334, 626, 1234, 1665, 2241, 2885, 3809, 481, 0, 0, 191, 179, 274, 535, 1033, 1521, 2598, 3434, 3884, 428, 0, 0
16:38:15, 1066.20, 28.21, 29.73, 28.164, 629, 566, 1003, 1872, 4303, 5810, 8349, 11268, 18640, 1868, 0, 0, 99, 91, 125, 241, 590, 915, 1603, 2216, 2977, 311, 0, 0
16:38:15, 1067.80, 28.22, 29.73, 28.172, 593, 533, 1034, 1668, 3164, 4095, 6095, 7711, 23753, 3001, 0, 0, 90, 82, 110, 209, 463, 739, 1342, 1884, 2321, 239, 0, 0
16:38:16, 1073.60, 28.22, 29.71, 28.172, 345, 329, 509, 1088, 1488, 2182, 3124, 4095, 5808, 631, 0, 0, 91, 82, 108, 199, 422, 685, 1290, 1830, 2066, 216, 0, 0
16:38:17, 1079.70, 28.22, 29.69, 28.148, 354, 399, 618, 1188, 2364, 3200, 4963, 7142, 9391, 858, 0, 0, 64, 57, 70, 124, 315, 529, 1025, 1493, 1588, 160, 0, 0
16:38:17, 1084.50, 28.22, 29.73, 28.164, 260, 283, 431, 859, 1728, 2428, 3777, 5209, 7453, 673, 0, 0, 54, 48, 58, 100, 261, 447, 884, 1309, 1389, 140, 0, 0
16:38:18, 1088.60, 28.22, 29.71, 28.164, 221, 213, 304, 587, 1045, 1541, 2444, 3465, 3986, 360, 0, 0, 49, 43, 51, 84, 208, 365, 747, 1129, 1175, 117, 0, 0
16:38:19, 1092.60, 28.22, 29.67, 28.164, 135, 139, 191, 381, 981, 1471, 2459, 3468, 6639, 659, 0, 0, 38, 34, 40, 65, 185, 326, 674, 1030, 1122, 111, 0, 0
16:38:20, 1099.20, 28.23, 29.78, 28.164, 146, 162, 209, 407, 1113, 1739, 2935, 4308, 7986, 726, 0, 0, 33, 30, 34, 54, 142, 257, 548, 859, 940, 92, 0, 0
16:38:20, 1106.30, 28.23, 29.71, 28.164, 134, 145, 182, 346, 878, 1393, 2377, 3572, 5951, 534, 0, 0, 29, 26, 30, 45, 123, 225, 489, 780, 857, 84, 0, 0
16:38:21, 1110.50, 28.23, 29.71, 28.141, 110, 116, 141, 262, 552, 878, 1585, 2489, 3207, 278, 0, 0, 23, 21, 23, 33, 89, 168, 388, 636, 617, 61, 0, 0
16:38:22, 1116.60, 28.23, 29.73, 28.125, 78, 77, 89, 160, 398, 654, 1206, 1881, 2261, 188, 0, 0, 19, 17, 19, 27, 70, 134, 318, 531, 519, 51, 0, 0
16:38:22, 1124.50, 28.23, 29.75, 28.125, 67, 69, 79, 142, 300, 507, 980, 1457, 2682, 244, 0, 0, 17, 15, 17, 23, 54, 106, 255, 435, 437, 42, 0, 0
16:38:23, 1126.60, 28.23, 29.67, 28.125, 46, 46, 51, 84, 217, 374, 736, 1197, 1363, 113, 0, 0, 13, 12, 13, 16, 48, 95, 237, 410, 363, 35, 0, 0
16:38:24, 1133.20, 28.22, 29.73, 28.125, 41, 38, 43, 70, 196, 343, 668, 1075, 1123, 92, 0, 0, 12, 11, 12, 15, 41, 81, 205, 356, 327, 31, 0, 0
16:38:24, 1139.70, 28.22, 29.75, 28.125, 41, 42, 45, 73, 200, 347, 712, 1169, 1537, 130, 0, 0, 10, 9, 10, 12, 33, 66, 170, 301, 287, 27, 0, 0
16:38:25, 1142.40, 28.22, 29.75, 28.117, 36, 36, 39, 61, 170, 301, 627, 1040, 1238, 102, 0, 0, 9, 8, 8, 10, 29, 59, 157, 280, 253, 24, 0, 0
16:38:26, 1145.50, 28.22, 29.71, 28.125, 32, 31, 33, 51, 147, 266, 557, 925, 984, 80, 0, 0, 8, 7, 8, 10, 27, 55, 148, 267, 246, 23, 0, 0
16:38:26, 1148.50, 28.22, 29.73, 28.125, 27, 28, 30, 45, 129, 233, 500, 841, 1005, 83, 0, 0, 7, 6, 7, 8, 23, 46, 127, 232, 206, 19, 0, 0
16:38:27, 1149.50, 28.22, 29.69, 28.109, 25, 24, 25, 37, 106, 196, 417, 709, 715, 58, 0, 0, 7, 6, 6, 8, 21, 44, 123, 225, 193, 18, 0, 0
16:38:28, 1152.40, 28.22, 29.69, 28.117, 24, 24, 25, 36, 105, 195, 420, 717, 738, 60, 0, 0, 6, 5, 6, 7, 20, 40, 113, 207, 177, 16, 0, 0
16:38:28, 1153.00, 28.22, 29.73, 28.117, 24, 24, 25, 36, 102, 191, 417, 713, 717, 57, 0, 0, 6, 5, 6, 7, 19, 38, 108, 199, 164, 15, 0, 0
16:38:29, 1153.30, 28.22, 29.67, 28.109, 20, 19, 20, 27, 77, 145, 319, 560, 467, 38, 0, 0, 6, 5, 6, 7, 18, 38, 107, 197, 155, 14, 0, 0
16:38:30, 1155.30, 28.22, 29.73, 28.125, 20, 19, 20, 27, 82, 154, 341, 595, 522, 42, 0, 0, 5, 5, 5, 6, 17, 35, 98, 182, 157, 14, 0, 0
16:38:30, 1155.90, 28.22, 29.71, 28.125, 19, 20, 20, 29, 80, 151, 338, 585, 605, 49, 0, 0, 5, 4, 5, 6, 16, 33, 95, 177, 149, 13, 0, 0
16:38:31, 1154.50, 28.22, 29.78, 28.117, 17, 17, 17, 24, 70, 134, 299, 525, 526, 43, 0, 0, 5, 5, 5, 6, 17, 35, 100, 186, 155, 14, 0, 0
16:38:32, 1154.70, 28.22, 29.69, 28.133, 16, 15, 16, 22, 64, 122, 269, 473, 423, 34, 0, 0, 5, 4, 5, 6, 15, 32, 93, 174, 144, 13, 0, 0
16:38:32, 1156.90, 28.23, 29.73, 28.133, 18, 18, 18, 25, 73, 138, 309, 543, 512, 41, 0, 0, 5, 4, 5, 6, 14, 30, 87, 164, 139, 13, 0, 0
16:38:33, 1157.60, 28.23, 29.69, 28.125, 16, 16, 16, 22, 54, 105, 236, 420, 365, 30, 0, 0, 5, 4, 4, 5, 14, 29, 86, 162, 130, 12, 0, 0
16:38:34, 1159.00, 28.23, 29.71, 28.141, 16, 16, 16, 22, 65, 123, 278, 490, 448, 36, 0, 0, 4, 4, 4, 5, 13, 27, 78, 149, 122, 11, 0, 0
16:38:34, 1157.90, 28.23, 29.75, 28.141, 14, 15, 15, 21, 60, 113, 261, 464, 530, 44, 0, 0, 4, 3, 3, 4, 12, 25, 75, 143, 113, 10, 0, 0
16:38:35, 1143.80, 28.23, 29.71, 28.125, 15, 15, 15, 20, 59, 114, 246, 439, 357, 30, 0, 0, 7, 6, 7, 8, 24, 50, 137, 249, 196, 18, 0, 0
16:38:36, 1134.00, 28.23, 29.73, 28.141, 17, 15, 16, 22, 67, 127, 265, 462, 410, 35, 0, 0, 10, 9, 9, 12, 34, 68, 181, 320, 263, 25, 0, 0
16:38:36, 1129.10, 28.22, 29.69, 28.141, 24, 21, 23, 33, 103, 188, 385, 650, 635, 53, 0, 0, 10, 9, 10, 12, 37, 74, 191, 335, 285, 27, 0, 0
16:38:37, 1123.20, 28.22, 29.73, 28.141, 28, 26, 28, 44, 125, 225, 443, 730, 752, 64, 0, 0, 13, 12, 13, 17, 45, 88, 220, 382, 349, 34, 0, 0
16:38:38, 1121.70, 28.22, 29.71, 28.133, 41, 40, 43, 70, 188, 329, 652, 1061, 1166, 97, 0, 0, 12, 11, 12, 16, 43, 85, 212, 370, 338, 32, 0, 0
16:38:38, 1113.50, 28.22, 29.71, 28.133, 37, 34, 37, 62, 161, 286, 551, 881, 1018, 88, 0, 0, 16, 15, 16, 22, 68, 130, 313, 527, 501, 49, 0, 0
16:38:39, 1113.90, 28.22, 29.67, 28.133, 38, 35, 39, 67, 185, 320, 604, 957, 1078, 94, 0, 0, 16, 15, 16, 22, 59, 113, 274, 467, 440, 43, 0, 0
16:38:40, 1114.70, 28.23, 29.71, 28.141, 40, 36, 41, 67, 182, 319, 593, 953, 1008, 88, 0, 0, 17, 15, 17, 22, 57, 110, 267, 455, 424, 42, 0, 0
16:38:40, 1114.10, 28.23, 29.71, 28.141, 52, 52, 57, 99, 237, 403, 773, 1217, 1475, 127, 0, 0, 15, 14, 15, 21, 57, 109, 264, 450, 436, 43, 0, 0
16:38:41, 1111.50, 28.23, 29.69, 28.125, 45, 41, 47, 80, 203, 350, 653, 1020, 1165, 102, 0, 0, 18, 16, 18, 24, 61, 117, 281, 478, 449, 44, 0, 0
16:38:42, 1112.50, 28.23, 29.71, 28.141, 57, 53, 61, 104, 291, 487, 923, 1472, 1706, 143, 0, 0, 15, 14, 15, 21, 59, 114, 274, 466, 436, 43, 0, 0
16:38:42, 1112.00, 28.23, 29.71, 28.141, 53, 47, 54, 92, 266, 451, 822, 1306, 1386, 119, 0, 0, 17, 15, 17, 23, 62, 119, 282, 478, 440, 43, 0, 0
16:38:43, 1114.10, 28.23, 29.69, 28.133, 57, 51, 61, 97, 245, 412, 764, 1223, 1118, 96, 0, 0, 16, 14, 16, 21, 56, 107, 258, 440, 404, 40, 0, 0
16:38:44, 1112.40, 28.23, 29.71, 28.141, 53, 50, 58, 97, 239, 406, 755, 1197, 1235, 105, 0, 0, 15, 14, 15, 20, 59, 113, 271, 460, 434, 43, 0, 0
16:38:44, 1100.90, 28.23, 29.71, 28.141, 48, 44, 51, 89, 230, 391, 703, 1084, 1223, 109, 0, 0, 24, 22, 24, 35, 102, 190, 431, 702, 667, 68, 0, 0
16:38:45, 1098.70, 28.23, 29.69, 28.141, 80, 71, 88, 159, 435, 701, 1216, 1868, 2062, 179, 0, 0, 25, 22, 25, 36, 99, 183, 412, 672, 652, 66, 0, 0
16:38:46, 1094.10, 28.23, 29.69, 28.141, 107, 100, 124, 230, 536, 852, 1449, 2189, 2591, 226, 0, 0, 27, 24, 28, 41, 123, 222, 488, 784, 766, 78, 0, 0
16:38:46, 1085.30, 28.23, 29.71, 28.141, 104, 90, 118, 222, 474, 760, 1218, 1789, 2099, 201, 0, 0, 42, 38, 44, 69, 186, 328, 693, 1080, 1056, 110, 0, 0
16:38:47, 1080.80, 28.24, 29.71, 28.125, 131, 109, 148, 281, 737, 1176, 1840, 2635, 3350, 315, 0, 0, 44, 39, 46, 74, 214, 368, 755, 1159, 1190, 126, 0, 0
16:38:48, 1070.90, 28.24, 29.71, 28.125, 154, 138, 196, 388, 856, 1311, 1980, 2721, 3790, 381, 0, 0, 63, 57, 69, 118, 328, 546, 1070, 1585, 1668, 178, 0, 0
16:38:48, 1063.70, 28.24, 29.69, 28.125, 230, 198, 307, 591, 1195, 1785, 2458, 3411, 4320, 474, 0, 0, 81, 74, 94, 169, 405, 651, 1226, 1769, 1928, 211, 0, 0
16:38:49, 1051.90, 28.24, 29.73, 28.117, 260, 247, 408, 790, 1565, 2273, 3054, 3968, 6213, 738, 0, 0, 113, 106, 144, 270, 710, 1077, 1910, 2642, 3149, 369, 0, 0
16:38:50, 1042.80, 28.24, 29.73, 28.125, 423, 418, 742, 1320, 2304, 3218, 3873, 5105, 7348, 1014, 0, 0, 167, 158, 231, 435, 981, 1440, 2460, 3332, 4008, 484, 0, 0
16:38:50, 1032.50, 28.24, 29.71, 28.125, 1110, 1450, 2452, 3956, 6045, 7857, 8800, 13364, 13243, 1896, 0, 0, 203, 199, 309, 584, 1369, 1911, 3105, 4081, 5284, 683, 0, 0
16:38:51, 1020.50, 28.24, 29.71, 28.125, 1666, 1818, 3024, 4283, 3716, 4358, 5063, 5829, 12947, 2583, 0, 0, 345, 394, 685, 1245, 2175, 2798, 4261, 5284, 7707, 1110, 0, 0
16:38:52, 1016.10, 28.24, 29.73, 28.141, 6731, 6070, 8715, 17610, 11864, 24486, 25339, 25772, 36000, 9957, 1, 1, 316, 401, 699, 1192, 2016, 2501, 3694, 4498, 7359, 1181, 0, 0
16:38:52, 1016.50, 28.24, 29.71, 28.141, 1756, 2832, 3744, 4338, 20871, 21153, 21086, 24585, 31775, 25693, 0, 0, 1311, 1767, 2698, 3320, 5054, 5626, 6901, 8097, 25626, 10895, 0, 0
16:38:53, 1016.50, 28.24, 29.71, 28.141, 2014, 3026, 4135, 4609, 29732, 29623, 30206, 30611, 35227, 26842, 0, 1, 3441, 5229, 7207, 11393, 16406, 16989, 25579, 20991, 36000, 12120, 1, 1
16:38:54, 1016.80, 28.23, 29.71, 28.109, 8783, 21167, 31425, 36000, 31824, 31983, 33380, 33758, 31726, 10774, 1, 1, 3595, 4945, 7656, 9035, 12934, 13521, 18770, 18436, 34721, 8852, 0, 1
16:38:54, 1016.60, 28.22, 29.71, 28.109, 2062, 3257, 4239, 4943, 23770, 24167, 24477, 24956, 30632, 14251, 0, 0, 6819, 8420, 13656, 15443, 24784, 25491, 31987, 34598, 36000, 11758, 1, 1
16:38:55, 1014.90, 28.12, 29.73, 28.047, 2272, 3458, 4871, 5328, 24074, 24101, 24575, 25125, 30914, 24568, 0, 0, 36000, 36000, 36000, 36000, 36000, 36000, 36000, 36000, 36000, 36000, 1, 1
16:38:56, 1015.00, 28.14, 29.76, 27.922, 8916, 13427, 14805, 36000, 5817, 6071, 7775, 8122, 24380, 8069, 1, 1, 35697, 36000, 36000, 36000, 36000, 36000, 36000, 36000, 36000, 36000, 1, 1
16:38:56, 1014.70, 28.14, 29.76, 27.922, 5544, 10635, 13433, 14739, 36000, 36000, 36000, 36000, 36000, 36000, 1, 1, 33590, 36000, 36000, 36000, 36000, 36000, 36000, 36000, 36000, 36000, 1, 1
16:38:57, 1015.90, 28.15, 29.78, 27.727, 11612, 11935, 25662, 19333, 8794, 7561, 15535, 9235, 36000, 23889, 1, 1, 26504, 35919, 36000, 36000, 36000, 36000, 36000, 36000, 36000, 36000, 1, 1
16:38:58, 1016.60, 28.18, 29.76, 27.578, 2906, 4601, 6290, 7392, 34276, 33936, 33853, 34599, 35654, 15957, 0, 1, 12370, 18570, 25116, 33103, 35867, 36000, 36000, 36000, 36000, 36000, 1, 1
16:38:58, 1014.90, 28.11, 29.80, 27.578, 29085, 26867, 34605, 36000, 6141, 6336, 7924, 8687, 19356, 6443, 1, 1, 25221, 35350, 36000, 36000, 36000, 36000, 36000, 36000, 36000, 36000, 1, 1
16:38:59, 1015.00, 28.14, 29.80, 27.383, 11309, 19104, 21613, 29043, 30322, 33231, 36000, 36000, 36000, 25388, 1, 1, 36000, 36000, 36000, 36000, 36000, 36000, 36000, 36000, 36000, 36000, 1, 1
16:39:00, 1015.10, 28.13, 29.78, 27.320, 7685, 20153, 24176, 29195, 27055, 29845, 35858, 33433, 36000, 36000, 1, 1, 34340, 36000, 36000, 36000, 36000, 36000, 36000, 36000, 36000, 36000, 1, 1
16:39:00, 1016.10, 28.19, 29.80, 27.320, 943, 1601, 2143, 2746, 2584, 2555, 3545, 3514, 13865, 5920, 0, 0, 14082, 22736, 32000, 36000, 36000, 36000, 36000, 36000, 36000, 36000, 1, 1
16:39:01, 1016.40, 28.19, 29.84, 27.219, 593, 973, 1341, 1797, 2013, 2061, 2804, 2890, 10215, 4430, 0, 0, 11326, 18314, 25519, 33562, 36000, 36000, 36000, 36000, 36000, 36000, 1, 1
16:39:02, 1016.20, 28.19, 29.80, 27.125, 571, 921, 1264, 1708, 1860, 1974, 2620, 2741, 9082, 3763, 0, 0, 9455, 15273, 21710, 28161, 32226, 31506, 36000, 36000, 36000, 36000, 1, 1
16:39:02, 1016.10, 28.18, 29.82, 27.125, 571, 897, 1248, 1663, 1791, 1943, 2501, 2718, 8945, 3636, 0, 0, 10149, 16441, 23915, 30101, 36000, 33930, 36000, 36000, 36000, 36000, 1, 1
16:39:03, 1016.90, 28.16, 29.80, 26.992, 770, 1142, 1550, 2076, 2307, 2499, 3096, 3256, 10474, 4118, 0, 0, 11043, 18329, 25595, 32916, 36000, 36000, 36000, 36000, 36000, 36000, 1, 1
16:39:04, 1015.40, 28.08, 29.80, 26.906, 3041, 5813, 7842, 8038, 35833, 35712, 36000, 36000, 36000, 36000, 1, 1, 36000, 36000, 36000, 36000, 36000, 36000, 36000, 36000, 36000, 36000, 1, 1
16:39:04, 1015.40, 28.10, 29.82, 26.906, 10320, 21647, 25262, 28938, 35921, 36000, 32830, 36000, 36000, 36000, 1, 1, 36000, 36000, 36000, 36000, 36000, 36000, 36000, 36000, 36000, 36000, 1, 1
16:39:05, 1016.60, 28.11, 29.82, 26.844, 11677, 19464, 23475, 36000, 29567, 36000, 36000, 36000, 36000, 36000, 1, 1, 23887, 34457, 36000, 36000, 36000, 36000, 36000, 36000, 36000, 36000, 1, 1
16:39:06, 1016.00, 28.06, 29.82, 26.820, 7980, 22861, 16040, 24848, 33776, 34103, 34551, 36000, 36000, 36000, 1, 1, 35197, 36000, 36000, 36000, 36000, 36000, 36000, 36000, 36000, 36000, 1, 1
16:39:06, 1015.50, 28.07, 29.87, 26.820, 14436, 28215, 35210, 35614, 34115, 34997, 35191, 34872, 36000, 35143, 1, 1, 28547, 36000, 36000, 36000, 36000, 36000, 36000, 36000, 36000, 36000, 1, 1
16:39:07, 1012.60, 27.98, 29.86, 26.742, 1784, 2710, 3540, 4270, 4763, 5077, 6181, 6527, 25503, 7797, 0, 0, 23294, 33953, 36000, 36000, 36000, 36000, 36000, 36000, 36000, 36000, 1, 1
