Secchi Depth (cm) = 9999
Forel Ule Scale = 99
pH Colour Scale = 99
SensingSecchi S/N = A017
Latitude (degs N) = 34.22572
Longitude (degs E) = -77.98044
Date = 2026-08-05
Time (UTC), Pressure (mbar) MS5803, Temp (deg C) MS5803, Temp (deg C) 10KTHERM, Temp (deg C) TMP117, ED 415nm, ED 445nm, ED 480nm, ED 515nm, ED 555nm, ED 590nm, ED 630nm, ED 680nm, ED Clear, ED NIR, ED D-SAT, ED A-SAT, EU 415nm, EU 445nm, EU 480nm, EU 515nm, EU 555nm, EU 590nm, EU 630nm, EU 680nm, EU Clear, EU NIR, EU D-SAT, EU A-SAT
16:16:18, 1015.40, 27.31, 28.18, 28.844, 189, 261, 350, 423, 1307, 1521, 1934, 2655, 8134, 3450, 0, 0, 11720, 18089, 24123, 29236, 36000, 36000, 36000, 36000, 36000, 36000, 1, 1
16:16:18, 1016.00, 27.33, 28.20, 28.750, 521, 789, 1124, 1377, 483, 603, 1166, 1484, 5305, 2838, 0, 0, 760, 847, 992, 1221, 2340, 3529, 6630, 9028, 25110, 16558, 0, 0
16:16:19, 1016.30, 27.33, 28.22, 28.750, 169, 209, 274, 335, 341, 510, 1025, 1372, 4142, 2086, 0, 0, 993, 1095, 1220, 1525, 1855, 3408, 8174, 11888, 25760, 16701, 0, 0
16:16:20, 1039.30, 27.11, 28.16, 28.562, 128, 152, 195, 232, 209, 324, 709, 1008, 2920, 1588, 0, 0, 1144, 1234, 1321, 1616, 2772, 5252, 12503, 18193, 34933, 26237, 0, 1
16:16:20, 1017.50, 26.85, 28.22, 28.383, 118, 135, 161, 186, 211, 337, 767, 1140, 3213, 1824, 0, 0, 2395, 2564, 2733, 3340, 3768, 7281, 17395, 25217, 36000, 35916, 1, 1
16:16:21, 1017.40, 26.89, 28.20, 28.383, 107, 123, 144, 165, 161, 268, 628, 957, 2708, 1629, 0, 0, 2353, 2527, 2699, 3304, 3642, 6954, 16525, 24130, 36000, 34866, 1, 1
16:16:22, 1014.90, 26.81, 28.23, 28.227, 93, 105, 121, 139, 133, 226, 537, 825, 2246, 1326, 0, 0, 2056, 2203, 2334, 2839, 3363, 6485, 15372, 22281, 36000, 32097, 1, 1
16:16:22, 1015.50, 27.32, 28.23, 28.125, 101, 114, 132, 155, 169, 289, 668, 977, 2649, 1474, 0, 0, 1272, 1368, 1455, 1774, 1762, 3382, 7975, 11478, 25067, 16197, 0, 0
16:16:23, 1016.30, 27.33, 28.25, 28.125, 97, 110, 135, 161, 198, 324, 714, 1009, 2890, 1581, 0, 0, 1545, 1655, 1702, 2027, 1766, 3437, 8262, 12159, 27126, 18020, 0, 0
16:16:24, 1016.50, 27.30, 28.25, 28.078, 85, 95, 110, 128, 170, 291, 668, 990, 2684, 1513, 0, 0, 1640, 1757, 1816, 2169, 1876, 3559, 8415, 12341, 26571, 17287, 0, 0
16:16:24, 1016.60, 27.32, 28.29, 28.102, 70, 78, 87, 104, 97, 176, 426, 656, 1705, 967, 0, 0, 824, 898, 959, 1179, 1263, 2166, 4705, 6969, 16448, 11229, 0, 0
16:16:25, 1034.30, 26.98, 28.29, 28.102, 62, 70, 78, 95, 99, 179, 433, 674, 1753, 1017, 0, 0, 808, 880, 939, 1158, 1386, 2444, 5387, 7924, 18463, 12599, 0, 0
16:16:26, 1016.10, 27.30, 28.29, 28.109, 80, 87, 87, 101, 104, 184, 497, 850, 2037, 1152, 0, 0, 2148, 2323, 2469, 3034, 3191, 6128, 14670, 21591, 36000, 30330, 1, 1
16:16:26, 1014.80, 27.27, 28.27, 28.062, 77, 85, 88, 105, 126, 226, 584, 976, 2321, 1295, 0, 0, 1893, 2276, 2691, 3784, 3175, 5670, 12368, 17253, 34057, 25390, 0, 1
16:16:27, 1016.50, 27.38, 28.29, 28.062, 409, 531, 718, 881, 616, 881, 1711, 2394, 6743, 3475, 0, 0, 11918, 16057, 20547, 24652, 12635, 14828, 15818, 22418, 36000, 36000, 1, 1
16:16:28, 1016.60, 27.38, 28.31, 28.180, 1261, 1947, 2684, 3404, 4185, 4163, 5541, 5560, 25871, 9940, 0, 0, 3390, 4451, 4959, 5965, 5607, 6094, 7145, 11247, 36000, 36000, 1, 1
16:16:28, 1016.60, 27.38, 28.34, 28.242, 1500, 2347, 3199, 4040, 4720, 4664, 6183, 6090, 29379, 10727, 0, 0, 3195, 4118, 4598, 5512, 5542, 6070, 7083, 11049, 36000, 36000, 1, 1
16:16:29, 1016.30, 27.37, 28.29, 28.242, 1550, 2397, 3286, 4146, 4629, 4617, 6140, 6033, 28404, 10542, 0, 0, 3452, 4480, 4981, 6011, 5886, 6394, 7437, 11782, 36000, 36000, 1, 1
16:16:30, 1016.70, 27.37, 28.31, 28.234, 1466, 2239, 3005, 3886, 4400, 4493, 5883, 5917, 26206, 9938, 0, 0, 4260, 5704, 6417, 7778, 6929, 7580, 8957, 14085, 36000, 36000, 1, 1
16:16:30, 1016.70, 27.37, 28.34, 28.234, 1471, 2263, 3010, 3890, 4458, 4601, 5898, 6121, 25884, 9594, 0, 0, 4083, 5340, 6030, 7286, 6226, 6830, 8049, 12637, 36000, 36000, 1, 1
16:16:31, 1016.70, 27.38, 28.36, 28.258, 1136, 1689, 2360, 2889, 3651, 3870, 5378, 6199, 26125, 10206, 0, 0, 234, 266, 272, 326, 207, 244, 258, 326, 2904, 3698, 0, 0
16:16:32, 1014.00, 27.32, 28.40, 28.266, 401, 539, 739, 982, 1322, 1413, 2477, 2889, 12736, 5670, 0, 0, 1726, 2136, 2434, 2755, 6938, 7627, 8864, 13875, 36000, 36000, 1, 1
16:16:32, 1015.50, 27.30, 28.34, 28.266, 1068, 1472, 2045, 2615, 2218, 2448, 3183, 5300, 20126, 10937, 0, 0, 27071, 36000, 36000, 36000, 36000, 36000, 36000, 36000, 36000, 36000, 1, 1
16:16:33, 1016.50, 27.36, 28.40, 28.250, 1609, 2483, 3403, 3965, 5372, 5220, 7338, 7255, 35114, 16524, 0, 1, 11625, 15192, 20211, 26112, 21751, 25224, 32375, 36000, 36000, 36000, 1, 1
16:16:34, 1016.40, 27.33, 28.36, 28.172, 7097, 14096, 19263, 19159, 16369, 14452, 16881, 23794, 35031, 19919, 0, 1, 3690, 4434, 5752, 7014, 22291, 24694, 30494, 35995, 36000, 36000, 1, 1
16:16:34, 1015.60, 27.33, 28.38, 28.172, 2137, 3216, 4364, 5203, 6474, 6964, 10421, 8505, 33209, 12798, 0, 1, 15309, 24447, 35002, 36000, 36000, 36000, 36000, 36000, 36000, 36000, 1, 1
16:16:35, 1016.60, 27.35, 28.38, 28.141, 6202, 9132, 12782, 13764, 28060, 30156, 29716, 36000, 36000, 36000, 1, 1, 5368, 6995, 11251, 12948, 25414, 27415, 32651, 35835, 36000, 36000, 1, 1
16:16:36, 1016.60, 27.38, 28.42, 28.047, 5039, 9458, 12396, 15019, 26162, 23520, 27580, 35718, 36000, 32621, 1, 1, 6037, 10599, 13948, 18027, 16877, 18257, 19738, 22912, 32793, 19512, 0, 1
16:16:36, 1017.60, 27.39, 28.40, 28.047, 6864, 12323, 18275, 17123, 23693, 21921, 27164, 35703, 35001, 11410, 0, 1, 325, 458, 814, 1302, 1785, 2121, 2829, 3119, 6079, 730, 0, 0
16:16:37, 1021.20, 27.50, 28.36, 28.039, 3203, 4640, 5930, 7607, 16561, 17814, 18434, 20014, 29941, 10500, 0, 0, 258, 337, 655, 1166, 2077, 2524, 3396, 3782, 6789, 748, 0, 0
16:16:38, 1021.20, 27.55, 28.36, 28.375, 3597, 6801, 9745, 13399, 20792, 20543, 27790, 22575, 34724, 8765, 0, 1, 304, 398, 780, 1411, 2552, 3102, 4198, 4666, 7513, 810, 0, 0
16:16:38, 1020.20, 27.59, 28.34, 28.375, 1907, 2959, 4401, 5058, 5568, 5633, 6760, 7516, 22701, 6077, 0, 0, 293, 369, 728, 1339, 2405, 2945, 4031, 4469, 6351, 653, 0, 0
16:16:39, 1020.30, 27.62, 28.40, 28.555, 3398, 3095, 5158, 5561, 6063, 8016, 7358, 9008, 20236, 5280, 0, 0, 280, 358, 710, 1298, 2441, 2949, 4057, 4459, 6525, 696, 0, 0
16:16:40, 1020.90, 27.65, 28.40, 28.656, 2511, 3090, 4446, 5971, 5889, 8460, 8254, 8902, 22899, 5659, 0, 0, 272, 355, 701, 1275, 2265, 2749, 3772, 4151, 6485, 714, 0, 0
16:16:40, 1020.80, 27.67, 28.38, 28.656, 1589, 2309, 3440, 4277, 4826, 5499, 6104, 6915, 19217, 4735, 0, 0, 299, 386, 765, 1391, 2361, 2880, 3961, 4364, 6729, 733, 0, 0
16:16:41, 1021.70, 27.70, 28.38, 28.703, 1911, 2650, 3794, 4971, 4864, 5571, 6306, 6996, 17230, 3963, 0, 0, 312, 398, 790, 1442, 2612, 3174, 4365, 4806, 7384, 812, 0, 0
16:16:42, 1020.90, 27.74, 28.34, 28.734, 1666, 2210, 3348, 4341, 4903, 5933, 6376, 7301, 17198, 3945, 0, 0, 347, 448, 886, 1608, 2672, 3237, 4448, 4892, 7544, 834, 0, 0
16:16:42, 1020.30, 27.77, 28.36, 28.734, 1851, 2398, 3524, 4623, 4396, 5023, 5661, 6309, 15967, 3525, 0, 0, 340, 443, 871, 1566, 2578, 3117, 4291, 4716, 7300, 812, 0, 0
16:16:43, 1019.10, 27.81, 28.34, 28.750, 2293, 2814, 4041, 5660, 6071, 7539, 8253, 8949, 24972, 6134, 0, 0, 323, 423, 832, 1495, 2494, 3013, 4123, 4539, 7329, 819, 0, 0
16:16:44, 1020.20, 27.85, 28.34, 28.766, 3650, 3682, 5043, 9263, 5682, 7639, 8110, 8444, 21497, 5390, 0, 0, 300, 391, 769, 1397, 2422, 2942, 4073, 4473, 6363, 657, 0, 0
16:16:44, 1019.70, 27.87, 28.34, 28.766, 2080, 2830, 4016, 5395, 5128, 6563, 6969, 7624, 19815, 4953, 0, 0, 244, 317, 623, 1140, 1973, 2399, 3333, 3646, 4940, 498, 0, 0
16:16:45, 1021.90, 27.90, 28.34, 28.773, 2020, 3005, 4360, 5595, 5511, 6409, 7109, 7992, 21662, 5485, 0, 0, 273, 354, 699, 1276, 2213, 2698, 3732, 4104, 6015, 636, 0, 0
16:16:46, 1023.40, 27.92, 28.34, 28.781, 1537, 2127, 3186, 4106, 5693, 7075, 7274, 8516, 19737, 4634, 0, 0, 297, 372, 740, 1366, 2398, 2940, 4065, 4495, 6599, 699, 0, 0
16:16:46, 1022.30, 27.94, 28.34, 28.781, 1673, 2412, 3784, 4734, 4736, 5328, 5797, 6783, 15079, 3263, 0, 0, 320, 397, 787, 1453, 2522, 3099, 4277, 4737, 6760, 705, 0, 0
16:16:47, 1022.90, 27.96, 28.34, 28.789, 1776, 2439, 3798, 4756, 5080, 5899, 6574, 7481, 19274, 4475, 0, 0, 298, 368, 732, 1354, 2395, 2934, 4076, 4505, 6625, 711, 0, 0
16:16:48, 1024.00, 27.98, 28.32, 28.781, 1101, 1613, 2490, 3261, 4233, 5015, 5651, 6344, 14988, 3372, 0, 0, 290, 375, 743, 1363, 2318, 2829, 3934, 4330, 6783, 756, 0, 0
16:16:48, 1027.90, 28.00, 28.36, 28.781, 1424, 2193, 3217, 4487, 4491, 4937, 5963, 6525, 18393, 3971, 0, 0, 290, 377, 748, 1368, 2043, 2518, 3505, 3872, 5904, 627, 0, 0
16:16:49, 1034.00, 28.02, 28.32, 28.781, 2457, 3050, 4849, 7814, 5980, 7450, 8564, 9582, 21785, 3711, 0, 0, 195, 224, 443, 865, 1593, 2027, 2860, 3210, 4942, 524, 0, 0
16:16:50, 1039.90, 28.04, 28.32, 28.773, 2058, 3850, 6433, 8942, 13597, 13874, 17529, 21783, 36000, 6722, 1, 1, 170, 191, 376, 741, 1347, 1738, 2469, 2785, 4256, 439, 0, 0
16:16:50, 1047.00, 28.06, 28.31, 28.773, 2161, 4014, 7203, 10680, 9352, 11047, 13127, 17361, 35136, 5781, 0, 1, 138, 140, 264, 550, 1530, 2034, 3017, 3408, 4589, 459, 0, 0
16:16:51, 1054.40, 28.08, 28.34, 28.781, 319, 436, 813, 1449, 2001, 2467, 3138, 3552, 6986, 806, 0, 0, 151, 150, 278, 582, 1054, 1447, 2185, 2510, 3311, 323, 0, 0
16:16:52, 1059.30, 28.09, 28.36, 28.766, 382, 465, 893, 1578, 2294, 2888, 3594, 4253, 7195, 794, 0, 0, 137, 130, 231, 492, 992, 1386, 2112, 2444, 3059, 295, 0, 0
16:16:52, 1068.70, 28.10, 28.32, 28.766, 947, 1365, 2640, 4798, 7018, 8918, 11616, 14548, 35033, 3380, 0, 1, 106, 101, 177, 380, 712, 1019, 1560, 1836, 2598, 245, 0, 0
16:16:53, 1072.30, 28.12, 28.31, 28.766, 510, 450, 875, 1653, 2185, 2957, 3787, 4645, 7059, 660, 0, 0, 95, 84, 135, 293, 719, 1062, 1695, 2004, 2424, 230, 0, 0
16:16:54, 1079.70, 28.12, 28.32, 28.773, 380, 369, 691, 1370, 3504, 4468, 6281, 8020, 11028, 941, 0, 0, 76, 67, 104, 226, 563, 846, 1353, 1621, 2024, 190, 0, 0
16:16:54, 1090.50, 28.13, 28.34, 28.773, 411, 495, 908, 1934, 3103, 4292, 6024, 7591, 16158, 1399, 0, 0, 60, 52, 77, 165, 420, 661, 1101, 1343, 1560, 146, 0, 0
16:16:55, 1093.10, 28.14, 28.32, 28.766, 208, 181, 317, 652, 1311, 1884, 2558, 3330, 4120, 348, 0, 0, 68, 59, 83, 173, 504, 795, 1345, 1632, 1817, 173, 0, 0
16:16:56, 1101.10, 28.14, 28.32, 28.734, 186, 161, 281, 571, 1078, 1514, 2089, 2717, 3023, 257, 0, 0, 59, 50, 69, 142, 333, 539, 917, 1134, 1313, 122, 0, 0
16:16:56, 1107.30, 28.15, 28.34, 28.734, 236, 247, 394, 872, 1729, 2406, 3722, 4875, 6132, 480, 0, 0, 43, 37, 49, 99, 278, 460, 802, 1002, 1144, 106, 0, 0
16:16:57, 1110.20, 28.15, 28.32, 28.719, 169, 158, 244, 523, 1098, 1609, 2426, 3179, 3887, 302, 0, 0, 41, 35, 46, 91, 270, 453, 798, 1002, 1159, 107, 0, 0
16:16:58, 1117.20, 28.15, 28.34, 28.711, 157, 153, 228, 502, 1387, 2032, 3174, 4152, 6102, 484, 0, 0, 37, 32, 41, 81, 231, 390, 686, 870, 1030, 93, 0, 0
16:16:58, 1121.80, 28.16, 28.34, 28.711, 148, 148, 216, 465, 1089, 1611, 2581, 3428, 4615, 360, 0, 0, 32, 27, 34, 64, 198, 343, 622, 795, 885, 81, 0, 0
16:16:59, 1131.10, 28.16, 28.36, 28.711, 112, 99, 141, 303, 783, 1191, 1862, 2483, 3158, 245, 0, 0, 29, 25, 31, 58, 174, 305, 556, 716, 839, 76, 0, 0
16:17:00, 1136.80, 28.16, 28.36, 28.719, 103, 100, 134, 288, 595, 932, 1528, 2050, 2479, 191, 0, 0, 24, 21, 25, 43, 137, 248, 472, 614, 674, 61, 0, 0
16:17:01, 1142.90, 28.16, 28.29, 28.719, 81, 76, 99, 210, 579, 907, 1520, 2036, 2687, 209, 0, 0, 22, 19, 23, 39, 124, 226, 430, 564, 631, 57, 0, 0
16:17:01, 1148.60, 28.17, 28.34, 28.727, 82, 80, 104, 217, 551, 885, 1511, 2033, 2697, 209, 0, 0, 19, 16, 19, 32, 102, 189, 370, 490, 533, 48, 0, 0
16:17:02, 1150.30, 28.17, 28.32, 28.734, 64, 61, 76, 154, 407, 663, 1141, 1558, 1870, 144, 0, 0, 17, 15, 18, 29, 96, 180, 356, 473, 506, 46, 0, 0
16:17:03, 1159.50, 28.17, 28.36, 28.734, 60, 58, 72, 143, 432, 718, 1261, 1700, 2265, 174, 0, 0, 17, 14, 17, 27, 85, 162, 322, 433, 476, 42, 0, 0
16:17:03, 1164.80, 28.17, 28.32, 28.742, 46, 42, 50, 97, 269, 454, 797, 1100, 1274, 99, 0, 0, 13, 11, 13, 21, 67, 130, 268, 364, 383, 34, 0, 0
16:17:04, 1168.40, 28.18, 28.32, 28.727, 44, 42, 49, 95, 280, 475, 860, 1187, 1500, 117, 0, 0, 12, 11, 12, 19, 64, 124, 257, 350, 370, 33, 0, 0
16:17:05, 1170.50, 28.18, 28.36, 28.727, 41, 39, 46, 86, 259, 450, 826, 1158, 1519, 118, 0, 0, 11, 9, 11, 16, 57, 114, 242, 332, 334, 30, 0, 0
16:17:05, 1173.80, 28.19, 28.34, 28.711, 30, 27, 31, 58, 185, 321, 575, 789, 936, 74, 0, 0, 11, 10, 11, 17, 55, 108, 229, 316, 326, 29, 0, 0
16:17:06, 1178.70, 28.19, 28.32, 28.695, 36, 34, 39, 71, 201, 348, 641, 903, 996, 77, 0, 0, 10, 9, 10, 15, 49, 98, 209, 291, 296, 26, 0, 0
16:17:07, 1183.50, 28.19, 28.34, 28.695, 31, 30, 34, 62, 189, 336, 633, 878, 1127, 87, 0, 0, 9, 7, 8, 12, 41, 83, 182, 256, 252, 22, 0, 0
16:17:07, 1186.80, 28.19, 28.31, 28.664, 26, 24, 27, 47, 149, 266, 505, 718, 832, 65, 0, 0, 8, 7, 8, 11, 38, 77, 170, 239, 238, 21, 0, 0
16:17:08, 1194.50, 28.19, 28.34, 28.602, 26, 25, 28, 48, 158, 283, 542, 770, 911, 71, 0, 0, 8, 6, 8, 11, 37, 77, 169, 240, 246, 22, 0, 0
16:17:09, 1198.50, 28.19, 28.34, 28.602, 21, 20, 22, 36, 103, 190, 369, 535, 565, 44, 0, 0, 6, 5, 6, 8, 27, 57, 131, 188, 180, 16, 0, 0
16:17:09, 1197.80, 28.18, 28.32, 28.578, 16, 15, 16, 26, 83, 156, 300, 431, 441, 35, 0, 0, 7, 6, 6, 9, 29, 61, 141, 201, 191, 17, 0, 0
16:17:10, 1201.80, 28.18, 28.34, 28.547, 19, 19, 20, 33, 109, 202, 400, 578, 635, 49, 0, 0, 6, 5, 5, 7, 26, 54, 124, 179, 173, 15, 0, 0
16:17:11, 1205.50, 28.18, 28.31, 28.547, 17, 17, 18, 29, 95, 179, 359, 514, 625, 49, 0, 0, 5, 4, 5, 7, 22, 48, 113, 164, 153, 13, 0, 0
16:17:11, 1210.70, 28.18, 28.34, 28.539, 14, 13, 14, 22, 77, 145, 286, 422, 434, 34, 0, 0, 5, 4, 5, 6, 21, 45, 106, 154, 149, 13, 0, 0
16:17:12, 1214.20, 28.17, 28.34, 28.539, 15, 14, 15, 23, 75, 142, 289, 426, 447, 35, 0, 0, 4, 3, 4, 6, 19, 41, 97, 142, 136, 12, 0, 0
16:17:13, 1211.90, 28.18, 28.34, 28.539, 14, 13, 14, 21, 69, 132, 272, 403, 417, 32, 0, 0, 4, 3, 4, 5, 19, 41, 100, 146, 136, 12, 0, 0
16:17:13, 1207.90, 28.18, 28.29, 28.539, 11, 10, 11, 16, 54, 104, 206, 302, 289, 23, 0, 0, 5, 4, 5, 7, 22, 48, 114, 165, 148, 13, 0, 0
16:17:14, 1206.50, 28.17, 28.32, 28.531, 12, 11, 12, 18, 60, 115, 229, 339, 301, 24, 0, 0, 5, 4, 5, 7, 24, 51, 121, 174, 148, 13, 0, 0
16:17:15, 1208.30, 28.17, 28.34, 28.531, 13, 12, 13, 19, 68, 129, 257, 380, 346, 27, 0, 0, 5, 4, 5, 6, 21, 46, 108, 157, 142, 12, 0, 0
16:17:15, 1214.60, 28.17, 28.32, 28.531, 14, 13, 14, 22, 68, 130, 260, 384, 382, 30, 0, 0, 5, 4, 4, 6, 19, 41, 98, 144, 137, 12, 0, 0
16:17:16, 1219.80, 28.18, 28.32, 28.547, 13, 13, 13, 20, 71, 138, 284, 422, 491, 39, 0, 0, 4, 3, 4, 5, 16, 36, 87, 128, 120, 10, 0, 0
16:17:17, 1224.20, 28.18, 28.34, 28.547, 11, 11, 11, 16, 55, 107, 224, 334, 353, 28, 0, 0, 3, 3, 3, 4, 15, 32, 80, 119, 111, 9, 0, 0
16:17:17, 1234.20, 28.18, 28.34, 28.531, 10, 10, 10, 15, 52, 103, 217, 323, 361, 28, 0, 0, 3, 3, 3, 4, 14, 32, 79, 119, 115, 10, 0, 0
16:17:18, 1240.10, 28.18, 28.32, 28.461, 8, 8, 8, 11, 33, 67, 145, 222, 227, 18, 0, 0, 2, 2, 2, 3, 10, 22, 57, 88, 80, 7, 0, 0
16:17:19, 1247.90, 28.18, 28.32, 28.461, 5, 5, 5, 7, 24, 50, 110, 170, 169, 14, 0, 0, 2, 2, 2, 3, 8, 18, 48, 74, 68, 5, 0, 0
16:17:19, 1248.70, 28.17, 28.34, 28.414, 5, 6, 5, 7, 26, 55, 124, 192, 203, 16, 0, 0, 1, 1, 2, 2, 7, 16, 44, 68, 60, 5, 0, 0
16:17:20, 1246.20, 28.17, 28.32, 28.383, 4, 5, 4, 6, 19, 40, 89, 140, 128, 10, 0, 0, 2, 1, 2, 2, 8, 18, 50, 77, 65, 5, 0, 0
16:17:21, 1248.80, 28.16, 28.34, 28.383, 4, 4, 4, 5, 22, 46, 104, 164, 148, 12, 0, 0, 1, 1, 2, 2, 7, 15, 42, 67, 57, 5, 0, 0
16:17:21, 1246.40, 28.16, 28.32, 28.359, 4, 4, 4, 5, 20, 41, 91, 143, 118, 9, 0, 0, 2, 1, 2, 2, 8, 18, 49, 76, 61, 5, 0, 0
16:17:22, 1250.60, 28.15, 28.36, 28.344, 5, 5, 5, 6, 22, 46, 104, 165, 158, 13, 0, 0, 1, 1, 1, 2, 6, 15, 42, 65, 55, 4, 0, 0
16:17:23, 1254.10, 28.15, 28.34, 28.344, 4, 4, 4, 5, 20, 41, 94, 150, 145, 12, 0, 0, 1, 1, 1, 2, 6, 13, 37, 59, 50, 4, 0, 0
16:17:23, 1260.30, 28.14, 28.31, 28.328, 4, 4, 4, 5, 19, 40, 92, 144, 152, 12, 0, 0, 1, 1, 1, 1, 5, 11, 33, 52, 47, 4, 0, 0
16:17:24, 1265.90, 28.14, 28.32, 28.328, 3, 4, 3, 4, 15, 31, 73, 118, 107, 9, 0, 0, 1, 0, 1, 1, 4, 10, 29, 46, 40, 3, 0, 0
16:17:25, 1271.40, 28.14, 28.32, 28.328, 3, 4, 3, 4, 14, 31, 74, 117, 123, 10, 0, 0, 1, 0, 1, 1, 3, 9, 26, 42, 37, 3, 0, 0
16:17:25, 1277.00, 28.14, 28.36, 28.312, 3, 3, 3, 3, 12, 26, 63, 102, 101, 8, 0, 0, 0, 0, 1, 1, 3, 7, 22, 37, 32, 2, 0, 0
16:17:26, 1279.80, 28.13, 28.32, 28.297, 2, 3, 2, 3, 10, 23, 55, 90, 89, 7, 0, 0, 0, 0, 0, 1, 2, 6, 20, 33, 28, 2, 0, 0
16:17:27, 1289.80, 28.13, 28.32, 28.297, 1, 2, 1, 1, 7, 15, 38, 63, 57, 5, 0, 0, 0, 0, 0, 1, 2, 5, 17, 28, 24, 1, 0, 0
16:17:27, 1291.90, 28.13, 28.34, 28.281, 2, 2, 1, 2, 7, 15, 39, 65, 61, 5, 0, 0, 0, 0, 0, 1, 2, 4, 15, 26, 21, 1, 0, 0
16:17:28, 1297.40, 28.13, 28.31, 28.266, 1, 2, 1, 1, 6, 14, 35, 59, 53, 4, 0, 0, 0, 0, 0, 0, 1, 4, 14, 23, 20, 1, 0, 0
16:17:29, 1295.50, 28.12, 28.36, 28.266, 1, 2, 1, 1, 6, 13, 33, 56, 52, 4, 0, 0, 0, 0, 0, 0, 1, 4, 14, 24, 18, 1, 0, 0
16:17:29, 1293.30, 28.12, 28.36, 28.258, 1, 1, 1, 1, 4, 9, 23, 40, 29, 3, 0, 0, 0, 0, 0, 0, 2, 5, 16, 28, 20, 1, 0, 0
16:17:30, 1287.10, 28.12, 28.32, 28.250, 1, 1, 1, 1, 4, 10, 25, 43, 33, 3, 0, 0, 0, 0, 0, 1, 2, 6, 19, 32, 23, 1, 0, 0
16:17:31, 1286.20, 28.12, 28.34, 28.250, 1, 1, 1, 1, 4, 9, 23, 39, 31, 3, 0, 0, 0, 0, 1, 1, 2, 6, 20, 34, 26, 2, 0, 0
16:17:31, 1290.10, 28.11, 28.34, 28.250, 1, 2, 1, 1, 6, 14, 34, 57, 51, 4, 0, 0, 0, 0, 0, 0, 2, 5, 16, 27, 22, 1, 0, 0
16:17:32, 1288.40, 28.11, 28.36, 28.250, 2, 2, 1, 2, 7, 16, 40, 67, 60, 5, 0, 0, 0, 0, 0, 1, 2, 5, 17, 28, 22, 1, 0, 0
16:17:33, 1286.00, 28.11, 28.34, 28.250, 1, 2, 1, 1, 6, 14, 34, 58, 45, 4, 0, 0, 0, 0, 1, 1, 2, 6, 19, 33, 24, 1, 0, 0
16:17:33, 1284.70, 28.11, 28.36, 28.242, 1, 2, 1, 2, 6, 14, 35, 59, 47, 4, 0, 0, 0, 0, 0, 1, 2, 6, 19, 33, 25, 1, 0, 0
16:17:34, 1284.00, 28.11, 28.32, 28.242, 2, 2, 1, 2, 6, 15, 36, 61, 52, 4, 0, 0, 0, 0, 1, 1, 2, 6, 20, 33, 28, 2, 0, 0
16:17:35, 1286.40, 28.11, 28.34, 28.242, 2, 2, 1, 2, 7, 15, 38, 63, 58, 5, 0, 0, 0, 0, 0, 1, 2, 6, 19, 32, 27, 2, 0, 0
16:17:35, 1286.60, 28.11, 28.36, 28.258, 2, 2, 1, 2, 6, 14, 36, 60, 55, 5, 0, 0, 0, 0, 0, 1, 2, 6, 20, 33, 27, 2, 0, 0
16:17:36, 1286.90, 28.11, 28.38, 28.266, 1, 2, 1, 1, 6, 13, 33, 56, 48, 4, 0, 0, 0, 0, 1, 1, 2, 6, 20, 34, 27, 2, 0, 0
16:17:37, 1287.30, 28.11, 28.36, 28.266, 1, 2, 1, 1, 5, 13, 31, 53, 45, 4, 0, 0, 0, 0, 1, 1, 2, 6, 20, 34, 27, 2, 0, 0
16:17:37, 1291.50, 28.11, 28.34, 28.266, 1, 2, 1, 2, 6, 14, 36, 61, 55, 5, 0, 0, 0, 0, 0, 1, 2, 5, 16, 27, 23, 1, 0, 0
16:17:38, 1293.80, 28.10, 28.34, 28.258, 2, 2, 1, 2, 6, 14, 35, 61, 61, 5, 0, 0, 0, 0, 0, 1, 1, 4, 15, 26, 22, 1, 0, 0
16:17:39, 1292.30, 28.11, 28.38, 28.258, 1, 1, 1, 1, 4, 10, 26, 44, 36, 3, 0, 0, 0, 0, 0, 1, 2, 6, 19, 32, 25, 2, 0, 0
16:17:39, 1297.70, 28.11, 28.32, 28.258, 1, 1, 1, 1, 4, 10, 26, 46, 37, 3, 0, 0, 0, 0, 0, 0, 1, 4, 14, 25, 19, 1, 0, 0
16:17:40, 1303.00, 28.11, 28.34, 28.258, 1, 1, 1, 1, 5, 11, 28, 48, 38, 3, 0, 0, 0, 0, 0, 0, 1, 3, 12, 21, 16, 1, 0, 0
16:17:41, 1311.10, 28.11, 28.34, 28.258, 1, 1, 1, 1, 4, 9, 24, 43, 47, 4, 0, 0, 0, 0, 0, 0, 1, 3, 10, 18, 16, 1, 0, 0
16:17:41, 1322.20, 28.11, 28.36, 28.258, 1, 1, 0, 1, 3, 8, 20, 36, 33, 3, 0, 0, 0, 0, 0, 0, 0, 1, 7, 13, 10, 0, 0, 0
16:17:42, 1326.90, 28.11, 28.34, 28.250, 0, 1, 0, 0, 2, 5, 13, 24, 20, 2, 0, 0, 0, 0, 0, 0, 0, 1, 7, 12, 9, 0, 0, 0
16:17:43, 1323.10, 28.11, 28.34, 28.250, 0, 1, 0, 0, 2, 5, 12, 23, 18, 2, 0, 0, 0, 0, 0, 0, 0, 2, 8, 15, 11, 0, 0, 0
16:17:43, 1320.10, 28.11, 28.36, 28.242, 0, 1, 0, 0, 2, 5, 13, 25, 18, 2, 0, 0, 0, 0, 0, 0, 0, 2, 8, 14, 10, 0, 0, 0
16:17:44, 1307.00, 28.11, 28.34, 28.234, 0, 1, 0, 0, 2, 6, 15, 28, 20, 2, 0, 0, 0, 0, 0, 0, 1, 3, 12, 22, 15, 1, 0, 0
16:17:45, 1299.50, 28.11, 28.34, 28.234, 1, 1, 0, 1, 3, 7, 19, 34, 27, 2, 0, 0, 0, 0, 0, 0, 1, 4, 14, 25, 20, 1, 0, 0
16:17:45, 1288.80, 28.11, 28.36, 28.234, 1, 1, 1, 1, 3, 9, 22, 38, 31, 3, 0, 0, 0, 0, 0, 1, 2, 5, 18, 32, 24, 1, 0, 0
16:17:46, 1280.00, 28.11, 28.32, 28.242, 1, 2, 1, 1, 5, 13, 32, 55, 43, 4, 0, 0, 0, 0, 0, 1, 3, 7, 22, 38, 29, 2, 0, 0
16:17:47, 1270.70, 28.11, 28.38, 28.242, 2, 2, 1, 2, 6, 15, 35, 60, 51, 4, 0, 0, 1, 1, 1, 1, 4, 10, 30, 50, 39, 3, 0, 0
16:17:47, 1261.30, 28.11, 28.38, 28.250, 2, 2, 2, 2, 8, 19, 45, 75, 60, 5, 0, 0, 1, 1, 1, 2, 5, 13, 38, 62, 46, 4, 0, 0
16:17:48, 1252.10, 28.12, 28.40, 28.258, 2, 2, 2, 2, 9, 20, 47, 77, 62, 5, 0, 0, 2, 2, 2, 3, 8, 19, 55, 88, 69, 6, 0, 0
16:17:49, 1246.60, 28.12, 28.36, 28.258, 3, 3, 3, 4, 13, 27, 63, 101, 79, 7, 0, 0, 2, 2, 2, 3, 9, 22, 60, 95, 71, 6, 0, 0
16:17:49, 1241.20, 28.12, 28.36, 28.266, 4, 4, 3, 4, 14, 30, 66, 106, 88, 7, 0, 0, 3, 2, 3, 3, 11, 26, 70, 109, 91, 8, 0, 0
16:17:50, 1236.00, 28.13, 28.38, 28.273, 4, 4, 4, 5, 17, 36, 81, 128, 109, 9, 0, 0, 3, 3, 3, 4, 13, 30, 80, 123, 95, 8, 0, 0
16:17:51, 1226.90, 28.13, 28.36, 28.273, 5, 5, 5, 6, 22, 46, 101, 156, 122, 10, 0, 0, 4, 4, 4, 5, 18, 40, 105, 159, 120, 10, 0, 0
16:17:51, 1221.30, 28.13, 28.42, 28.281, 5, 5, 5, 7, 25, 52, 110, 169, 154, 13, 0, 0, 5, 4, 5, 6, 22, 48, 119, 180, 161, 14, 0, 0
16:17:52, 1214.70, 28.14, 28.38, 28.289, 7, 7, 7, 9, 35, 70, 145, 219, 214, 17, 0, 0, 6, 5, 6, 7, 24, 52, 130, 194, 164, 15, 0, 0
16:17:53, 1207.00, 28.14, 28.36, 28.289, 9, 9, 9, 13, 46, 90, 184, 278, 236, 19, 0, 0, 6, 6, 6, 8, 29, 62, 150, 221, 179, 16, 0, 0
16:17:53, 1199.40, 28.14, 28.36, 28.289, 10, 9, 10, 14, 45, 87, 172, 254, 241, 20, 0, 0, 10, 9, 10, 13, 43, 90, 210, 304, 283, 26, 0, 0
16:17:54, 1197.00, 28.15, 28.36, 28.305, 11, 10, 11, 17, 61, 116, 228, 333, 333, 27, 0, 0, 9, 8, 9, 12, 41, 85, 198, 287, 251, 23, 0, 0
16:17:55, 1188.90, 28.15, 28.40, 28.305, 15, 14, 15, 23, 77, 144, 276, 404, 369, 29, 0, 0, 11, 9, 10, 14, 52, 106, 242, 345, 299, 27, 0, 0
16:17:55, 1183.00, 28.16, 28.36, 28.312, 15, 13, 14, 23, 80, 149, 280, 398, 426, 35, 0, 0, 13, 11, 13, 18, 63, 126, 281, 397, 390, 36, 0, 0
16:17:56, 1175.00, 28.16, 28.40, 28.328, 20, 19, 20, 35, 102, 187, 345, 488, 513, 41, 0, 0, 16, 14, 16, 23, 77, 152, 331, 460, 421, 39, 0, 0
16:17:57, 1169.20, 28.16, 28.38, 28.328, 23, 20, 23, 39, 124, 221, 397, 558, 521, 42, 0, 0, 18, 15, 17, 25, 87, 171, 365, 502, 450, 41, 0, 0
16:17:57, 1158.20, 28.16, 28.40, 28.328, 24, 21, 25, 43, 135, 239, 420, 578, 603, 49, 0, 0, 23, 20, 23, 35, 119, 227, 469, 631, 616, 57, 0, 0
16:17:58, 1152.30, 28.17, 28.36, 28.344, 34, 30, 36, 67, 224, 382, 652, 894, 990, 79, 0, 0, 21, 18, 21, 33, 112, 214, 436, 586, 569, 52, 0, 0
16:17:59, 1143.30, 28.18, 28.38, 28.344, 42, 36, 45, 88, 263, 439, 727, 988, 1059, 85, 0, 0, 28, 24, 28, 47, 157, 290, 572, 755, 736, 68, 0, 0
16:17:59, 1134.50, 28.18, 28.38, 28.391, 52, 44, 57, 111, 328, 534, 871, 1173, 1237, 99, 0, 0, 31, 26, 31, 52, 193, 350, 677, 881, 864, 80, 0, 0
16:18:00, 1132.90, 28.19, 28.40, 28.430, 48, 41, 54, 110, 292, 471, 753, 990, 1072, 88, 0, 0, 40, 34, 41, 71, 190, 343, 655, 854, 876, 81, 0, 0
16:18:01, 1123.50, 28.20, 28.38, 28.430, 61, 53, 70, 146, 395, 625, 991, 1282, 1653, 136, 0, 0, 43, 37, 46, 83, 297, 517, 952, 1216, 1380, 129, 0, 0
16:18:01, 1118.70, 28.22, 28.43, 28.500, 66, 59, 82, 181, 468, 721, 1128, 1421, 2037, 170, 0, 0, 51, 44, 55, 102, 295, 509, 928, 1181, 1344, 125, 0, 0
16:18:02, 1109.80, 28.22, 28.40, 28.555, 80, 69, 100, 215, 582, 884, 1329, 1720, 2070, 171, 0, 0, 57, 49, 63, 120, 409, 683, 1223, 1520, 1543, 145, 0, 0
16:18:03, 1104.30, 28.24, 28.40, 28.555, 79, 68, 103, 218, 531, 785, 1160, 1473, 1644, 139, 0, 0, 68, 58, 75, 147, 461, 762, 1346, 1660, 1683, 158, 0, 0
16:18:04, 1094.70, 28.26, 28.38, 28.602, 109, 93, 147, 314, 678, 991, 1444, 1804, 2282, 194, 0, 0, 93, 80, 111, 228, 700, 1110, 1874, 2277, 2773, 266, 0, 0
16:18:04, 1091.10, 28.27, 28.40, 28.641, 104, 97, 159, 355, 769, 1088, 1566, 1887, 2966, 263, 0, 0, 95, 82, 115, 239, 667, 1050, 1770, 2146, 2539, 241, 0, 0
16:18:05, 1081.90, 28.29, 28.40, 28.641, 155, 138, 238, 500, 1030, 1427, 1976, 2474, 3068, 268, 0, 0, 107, 92, 133, 281, 778, 1196, 1972, 2363, 2628, 248, 0, 0
16:18:06, 1073.30, 28.30, 28.36, 28.656, 126, 119, 218, 450, 901, 1207, 1628, 1956, 2683, 248, 0, 0, 158, 139, 220, 472, 1107, 1638, 2617, 3081, 3762, 364, 0, 0
16:18:06, 1067.20, 28.31, 28.42, 28.680, 246, 241, 458, 899, 1743, 2320, 2984, 3601, 5749, 574, 0, 0, 142, 128, 210, 455, 1040, 1512, 2354, 2769, 3839, 365, 0, 0
16:18:07, 1061.80, 28.32, 28.42, 28.680, 258, 286, 545, 1066, 1248, 1590, 2125, 2393, 4692, 493, 0, 0, 191, 178, 305, 659, 1384, 1961, 3004, 3494, 4971, 480, 0, 0
16:18:08, 1057.10, 28.34, 28.43, 28.711, 297, 348, 656, 1264, 2177, 2815, 3609, 4113, 8197, 927, 0, 0, 171, 160, 280, 603, 1350, 1892, 2873, 3326, 4647, 449, 0, 0
16:18:08, 1052.80, 28.35, 28.38, 28.742, 958, 902, 1810, 3008, 5221, 7234, 7730, 10773, 12552, 1384, 0, 0, 161, 153, 275, 589, 1263, 1743, 2589, 2996, 4374, 426, 0, 0
16:18:09, 1038.50, 28.36, 28.38, 28.742, 1323, 1326, 2707, 3924, 4512, 5983, 6091, 8160, 9912, 1282, 0, 0, 212, 215, 409, 847, 1833, 2413, 3477, 3941, 5902, 599, 0, 0
16:18:10, 1030.70, 28.37, 28.40, 28.750, 2754, 3206, 5822, 7644, 12764, 14969, 15976, 22800, 19878, 2987, 0, 0, 255, 283, 558, 1102, 2075, 2655, 3738, 4200, 6732, 713, 0, 0
16:18:10, 1022.50, 28.37, 28.36, 28.773, 1835, 2861, 4576, 5917, 13184, 17958, 14352, 23271, 22255, 4172, 0, 0, 296, 360, 711, 1324, 2362, 2915, 3981, 4447, 7813, 897, 0, 0
16:18:11, 1022.40, 28.38, 28.43, 28.773, 4570, 7970, 9959, 12406, 28363, 28380, 32248, 32843, 35872, 13003, 0, 1, 293, 357, 703, 1308, 2323, 2908, 4017, 4483, 7056, 770, 0, 0
16:18:12, 1017.40, 28.38, 28.45, 28.773, 7493, 14242, 17013, 22490, 34222, 29461, 36000, 36000, 36000, 11876, 1, 1, 321, 399, 782, 1433, 2629, 3232, 4413, 4889, 7612, 833, 0, 0
16:18:12, 1017.30, 28.39, 28.42, 28.781, 3369, 5519, 7619, 9765, 11840, 12288, 15301, 16511, 34700, 12361, 0, 1, 471, 638, 1093, 1820, 3622, 4155, 5535, 5905, 9751, 1546, 0, 0
16:18:13, 1016.60, 28.37, 28.38, 28.781, 12059, 17305, 22517, 26556, 25594, 34641, 33818, 36000, 36000, 14495, 1, 1, 6251, 8830, 13355, 16437, 19463, 24884, 25282, 29224, 36000, 31337, 1, 1
16:18:14, 1017.30, 28.37, 28.43, 28.727, 15126, 21027, 33643, 34997, 35903, 35585, 35999, 36000, 36000, 36000, 1, 1, 15205, 25037, 35237, 36000, 36000, 36000, 36000, 36000, 36000, 36000, 1, 1
16:18:14, 1017.00, 28.37, 28.45, 28.430, 7749, 8564, 20086, 14319, 32919, 27792, 31551, 33609, 36000, 36000, 1, 1, 19955, 34616, 36000, 36000, 36000, 36000, 36000, 36000, 36000, 36000, 1, 1
16:18:15, 1016.80, 28.36, 28.45, 28.430, 7866, 9419, 16809, 13173, 32904, 33757, 33726, 36000, 36000, 36000, 1, 1, 21978, 35678, 36000, 36000, 36000, 36000, 36000, 36000, 36000, 36000, 1, 1
16:18:16, 1016.70, 28.36, 28.40, 28.180, 9255, 13502, 18785, 21278, 24979, 26197, 23618, 36000, 36000, 36000, 1, 1, 22661, 36000, 36000, 36000, 36000, 36000, 36000, 36000, 36000, 36000, 1, 1
16:18:16, 1017.00, 28.35, 28.43, 27.953, 9273, 24104, 27100, 25681, 36000, 32894, 36000, 36000, 36000, 34890, 1, 1, 23219, 36000, 36000, 36000, 36000, 36000, 36000, 36000, 36000, 36000, 1, 1
16:18:17, 1017.00, 28.32, 28.42, 27.953, 9110, 15109, 17489, 27091, 36000, 36000, 36000, 36000, 36000, 36000, 1, 1, 23358, 36000, 36000, 36000, 36000, 36000, 36000, 36000, 36000, 36000, 1, 1
