Secchi Depth (cm) = 9999
Forel Ule Scale = 99
pH Colour Scale = 99
SensingSecchi S/N = A017
Latitude (degs N) = 34.03437
Longitude (degs E) = -77.94106
Date = 2026-08-05
Time (UTC), Pressure (mbar) MS5803, Temp (deg C) MS5803, Temp (deg C) 10KTHERM, Temp (deg C) TMP117, ED 415nm, ED 445nm, ED 480nm, ED 515nm, ED 555nm, ED 590nm, ED 630nm, ED 680nm, ED Clear, ED NIR, ED D-SAT, ED A-SAT, EU 415nm, EU 445nm, EU 480nm, EU 515nm, EU 555nm, EU 590nm, EU 630nm, EU 680nm, EU Clear, EU NIR, EU D-SAT, EU A-SAT
15:34:18, 1017.30, 26.91, 27.48, 25.672, 1165, 1743, 2430, 2805, 3376, 3367, 4018, 4660, 13722, 5113, 0, 0, 1519, 2081, 2642, 3166, 3595, 4722, 6667, 8984, 28700, 16443, 0, 0
15:34:18, 1017.20, 26.91, 27.48, 25.672, 1125, 1713, 2390, 2812, 3043, 3160, 3791, 4278, 10060, 3817, 0, 0, 1293, 1757, 2229, 2661, 3032, 3997, 5641, 7643, 24549, 14598, 0, 0
15:34:19, 1017.20, 26.92, 27.53, 25.672, 1101, 1722, 2401, 2801, 3262, 3305, 4013, 4525, 10479, 3810, 0, 0, 1305, 1771, 2249, 2685, 3084, 4063, 5753, 7807, 25374, 15094, 0, 0
15:34:20, 1017.10, 26.92, 27.46, 25.672, 1143, 1810, 2514, 2923, 3383, 3415, 4137, 4687, 10973, 3973, 0, 0, 1321, 1791, 2273, 2713, 3092, 4073, 5762, 7823, 25425, 15195, 0, 0
15:34:20, 1017.00, 26.92, 27.46, 25.680, 1093, 1713, 2386, 2776, 3046, 3128, 3771, 4278, 9498, 3572, 0, 0, 1243, 1678, 2129, 2534, 2816, 3715, 5234, 7142, 23107, 14031, 0, 0
15:34:21, 1017.10, 26.92, 27.50, 25.680, 1091, 1606, 2207, 2650, 2857, 3082, 3499, 4202, 10817, 3975, 0, 0, 1199, 1613, 2036, 2434, 2678, 3500, 4898, 6847, 23183, 14102, 0, 0
15:34:22, 1017.20, 26.92, 27.51, 25.687, 1191, 1835, 2557, 2895, 3620, 3628, 4214, 5087, 15387, 5271, 0, 0, 1234, 1676, 2090, 2519, 2954, 3858, 5413, 7651, 25515, 15033, 0, 0
15:34:22, 1017.10, 26.92, 27.48, 25.703, 1772, 2834, 3905, 4475, 5200, 5336, 6142, 7047, 22490, 6902, 0, 0, 1568, 2154, 2697, 3259, 3893, 5074, 7200, 9902, 32403, 18525, 0, 1
15:34:23, 1017.20, 26.91, 27.50, 25.703, 1806, 2865, 3946, 4561, 5236, 5392, 6205, 7092, 22670, 6952, 0, 0, 1775, 2437, 3073, 3696, 4218, 5506, 7791, 10651, 34764, 19804, 0, 1
15:34:24, 1017.20, 26.91, 27.53, 25.703, 1806, 2863, 3945, 4560, 5232, 5388, 6203, 7083, 22659, 6944, 0, 0, 1764, 2421, 3056, 3679, 4208, 5494, 7776, 10593, 34607, 19679, 0, 1
15:34:24, 1017.30, 26.91, 27.48, 25.711, 1791, 2860, 3924, 4558, 5205, 5362, 6195, 7063, 22735, 6963, 0, 0, 1751, 2404, 3041, 3663, 4179, 5459, 7724, 10477, 34274, 19425, 0, 1
15:34:25, 1017.40, 26.91, 27.50, 25.711, 1757, 2831, 3880, 4502, 5154, 5258, 6121, 6955, 22450, 6875, 0, 0, 1727, 2373, 3002, 3617, 4128, 5398, 7640, 10345, 33784, 19129, 0, 1
15:34:26, 1017.10, 26.91, 27.53, 25.711, 1736, 2798, 3845, 4439, 5125, 5207, 6069, 6894, 22275, 6825, 0, 0, 1717, 2360, 2987, 3599, 4124, 5393, 7641, 10323, 33719, 19054, 0, 1
15:34:26, 1017.20, 26.91, 27.51, 25.711, 1747, 2820, 3867, 4477, 5158, 5253, 6133, 6953, 22556, 6911, 0, 0, 1736, 2385, 3018, 3639, 4162, 5439, 7702, 10429, 34044, 19247, 0, 1
15:34:27, 1017.30, 26.91, 27.53, 25.711, 1744, 2817, 3864, 4472, 5143, 5232, 6115, 6929, 22475, 6886, 0, 0, 1729, 2377, 3007, 3624, 4141, 5411, 7659, 10360, 33815, 19126, 0, 1
15:34:28, 1017.20, 26.90, 27.55, 25.703, 1733, 2803, 3840, 4454, 5110, 5201, 6071, 6881, 22271, 6821, 0, 0, 1699, 2338, 2956, 3563, 4075, 5331, 7554, 10204, 33248, 18722, 0, 1
15:34:28, 1017.40, 26.90, 27.53, 25.703, 1718, 2795, 3821, 4441, 5118, 5207, 6098, 6899, 22484, 6890, 0, 0, 1710, 2353, 2976, 3589, 4116, 5379, 7614, 10283, 33620, 18943, 0, 1
15:34:29, 1017.00, 26.90, 27.51, 25.703, 1747, 2839, 3882, 4498, 5184, 5259, 6157, 6988, 22673, 6957, 0, 0, 1737, 2389, 3021, 3636, 4177, 5459, 7722, 10480, 34178, 19298, 0, 1
15:34:30, 1017.10, 26.90, 27.55, 25.703, 1745, 2822, 3871, 4467, 5157, 5216, 6104, 6923, 22510, 6918, 0, 0, 1736, 2386, 3010, 3622, 4126, 5391, 7629, 10361, 33711, 19027, 0, 1
15:34:30, 1017.00, 26.90, 27.55, 25.703, 1734, 2818, 3864, 4454, 5159, 5205, 6098, 6922, 22566, 6945, 0, 0, 1559, 2143, 2683, 3241, 3492, 4561, 6465, 8980, 29199, 16701, 0, 0
15:34:31, 1017.10, 26.90, 27.51, 25.695, 1400, 2283, 3181, 3548, 3462, 3523, 3972, 4777, 18575, 6058, 0, 0, 1395, 1921, 2416, 2933, 3526, 4634, 6554, 8870, 28067, 15909, 0, 0
15:34:32, 1017.30, 26.90, 27.53, 25.687, 939, 1442, 1949, 2198, 2604, 2616, 3178, 3791, 12925, 4748, 0, 0, 1465, 2005, 2538, 3056, 3440, 4532, 6375, 8625, 27087, 15546, 0, 0
15:34:32, 1017.20, 26.90, 27.51, 25.687, 900, 1471, 1872, 2308, 2561, 2516, 3173, 3765, 10413, 4257, 0, 0, 1428, 1950, 2462, 2960, 3470, 4570, 6444, 8773, 27925, 16087, 0, 0
15:34:33, 1017.40, 26.90, 27.51, 25.695, 786, 1153, 1551, 1785, 1607, 1680, 1997, 2606, 10072, 4371, 0, 0, 1289, 1751, 2210, 2656, 2530, 3344, 4637, 6535, 20577, 12802, 0, 0
15:34:34, 1017.30, 26.90, 27.53, 25.695, 574, 803, 1049, 1328, 676, 657, 843, 1245, 4282, 2694, 0, 0, 1094, 1470, 1846, 2212, 2214, 2960, 4090, 5675, 17754, 11186, 0, 0
15:34:34, 1017.20, 26.90, 27.53, 25.695, 82, 93, 100, 117, 128, 166, 177, 455, 1952, 1637, 0, 0, 626, 791, 981, 1144, 1210, 1642, 2200, 3182, 10953, 7879, 0, 0
15:34:35, 1017.10, 26.90, 27.59, 25.703, 178, 153, 204, 236, 167, 268, 216, 559, 1866, 1521, 0, 0, 850, 1113, 1417, 1677, 1629, 2190, 2967, 4093, 13206, 8954, 0, 0
15:34:36, 1017.20, 26.90, 27.51, 25.711, 196, 182, 246, 270, 177, 222, 213, 581, 1910, 1517, 0, 0, 653, 820, 1050, 1225, 1116, 1503, 1985, 2843, 10453, 7754, 0, 0
15:34:36, 1017.20, 26.90, 27.51, 25.711, 74, 82, 86, 92, 69, 85, 87, 265, 1288, 1177, 0, 0, 442, 507, 624, 708, 888, 1201, 1530, 2413, 9612, 7600, 0, 0
15:34:37, 1017.00, 26.90, 27.53, 25.719, 66, 74, 76, 83, 83, 100, 104, 305, 1378, 1232, 0, 0, 550, 670, 840, 978, 1053, 1415, 1868, 2873, 10460, 7801, 0, 0
15:34:38, 1017.20, 26.90, 27.55, 25.711, 95, 101, 119, 135, 140, 181, 176, 448, 1808, 1454, 0, 0, 490, 589, 725, 842, 921, 1239, 1640, 2591, 9782, 7340, 0, 0
15:34:38, 1017.20, 26.90, 27.55, 25.711, 143, 150, 190, 216, 125, 151, 155, 412, 1574, 1292, 0, 0, 490, 563, 724, 814, 1124, 1501, 1975, 2935, 10526, 7655, 0, 0
15:34:39, 1017.20, 26.89, 27.55, 25.734, 51, 56, 54, 59, 46, 60, 57, 162, 1051, 1029, 0, 0, 490, 598, 753, 890, 1131, 1535, 2041, 2952, 9748, 6722, 0, 0
15:34:40, 1017.30, 26.89, 27.55, 25.742, 137, 133, 162, 197, 137, 188, 180, 455, 1837, 1514, 0, 0, 785, 1033, 1311, 1567, 1740, 2328, 3183, 4362, 14008, 9086, 0, 0
15:34:40, 1017.30, 26.89, 27.55, 25.742, 279, 279, 404, 454, 805, 872, 961, 1433, 3022, 1954, 0, 0, 765, 997, 1253, 1491, 1636, 2190, 3015, 4217, 13716, 9095, 0, 0
15:34:41, 1017.10, 26.89, 27.51, 25.750, 59, 60, 65, 77, 100, 138, 130, 337, 1563, 1304, 0, 0, 535, 685, 855, 1009, 779, 1042, 1516, 2129, 7223, 5251, 0, 0
15:34:42, 1017.00, 26.88, 27.55, 25.750, 493, 751, 1025, 1215, 697, 711, 811, 1309, 3645, 2268, 0, 0, 2180, 2909, 3523, 4140, 5308, 7739, 11106, 16293, 35550, 24601, 0, 1
15:34:42, 1016.80, 26.87, 27.55, 25.750, 429, 525, 732, 765, 1025, 1012, 1135, 1971, 4853, 3214, 0, 0, 6370, 9956, 13979, 17097, 15238, 15515, 18452, 24351, 36000, 36000, 1, 1
15:34:43, 1016.80, 26.88, 27.53, 25.766, 496, 483, 710, 755, 1739, 1812, 2026, 3004, 6551, 3527, 0, 0, 1655, 1871, 2200, 2614, 2832, 3278, 3814, 10762, 35037, 29430, 0, 1
15:34:44, 1017.00, 26.87, 27.53, 25.773, 634, 747, 1010, 1256, 1093, 1322, 1393, 2221, 6443, 3777, 0, 0, 4574, 6788, 9440, 11772, 7947, 8566, 10344, 20311, 36000, 36000, 1, 1
15:34:44, 1016.90, 26.87, 27.55, 25.773, 690, 948, 1253, 1597, 1775, 1795, 2289, 2776, 11159, 5072, 0, 0, 6523, 10849, 14956, 18975, 25558, 26398, 32000, 35963, 36000, 33726, 1, 1
15:34:45, 1016.60, 26.85, 27.57, 25.805, 1095, 1516, 2246, 2410, 3533, 3544, 4370, 4971, 24949, 8922, 0, 0, 14526, 25127, 34823, 36000, 36000, 36000, 36000, 36000, 36000, 36000, 1, 1
15:34:46, 1016.80, 26.85, 27.55, 25.828, 1209, 1773, 2576, 2815, 3165, 3068, 4022, 4432, 17966, 6922, 0, 0, 6903, 10350, 14733, 18573, 23049, 24072, 30420, 33491, 36000, 36000, 1, 1
15:34:46, 1017.00, 26.86, 27.53, 25.828, 1319, 1947, 2637, 3261, 3724, 4105, 4713, 5285, 18375, 6509, 0, 0, 12715, 21091, 29078, 35195, 21712, 25355, 33577, 35729, 36000, 35593, 1, 1
15:34:47, 1017.10, 26.87, 27.60, 25.867, 1303, 2038, 2815, 3282, 2950, 2902, 3710, 3907, 14399, 4707, 0, 0, 7889, 13072, 18136, 22281, 27254, 27379, 34989, 35975, 36000, 28816, 1, 1
15:34:48, 1016.80, 26.86, 27.59, 25.898, 1041, 1510, 2182, 2578, 2396, 2588, 3399, 3653, 14177, 5167, 0, 0, 13414, 20833, 28159, 33677, 34727, 34448, 36000, 36000, 36000, 36000, 1, 1
15:34:48, 1017.00, 26.87, 27.60, 25.898, 211, 293, 364, 528, 546, 727, 1165, 1476, 4273, 1736, 0, 0, 1717, 2111, 2995, 3820, 2586, 3088, 4388, 5459, 12303, 4766, 0, 0
15:34:49, 1017.00, 26.87, 27.55, 25.945, 673, 1071, 1459, 1715, 3028, 3248, 4020, 4433, 17206, 5542, 0, 0, 5796, 9360, 12987, 15933, 24838, 24016, 30324, 33455, 36000, 36000, 1, 1
15:34:50, 1016.80, 26.87, 27.60, 25.898, 633, 860, 1265, 1501, 155, 277, 631, 917, 2249, 1175, 0, 0, 7349, 11496, 16464, 19107, 23742, 23354, 28553, 31769, 36000, 36000, 1, 1
15:34:50, 1016.50, 26.85, 27.60, 25.898, 1236, 1942, 2727, 3105, 3723, 3839, 4617, 5149, 24687, 7834, 0, 0, 10177, 16250, 22384, 27021, 28262, 27957, 33705, 35975, 36000, 36000, 1, 1
15:34:51, 1016.50, 26.85, 27.64, 25.875, 1436, 2445, 3357, 3827, 4493, 4482, 5522, 6245, 24851, 7955, 0, 0, 8403, 12767, 18057, 21266, 24829, 24846, 28856, 33019, 36000, 36000, 1, 1
15:34:52, 1016.40, 26.85, 27.62, 25.867, 1288, 2153, 2894, 3560, 4010, 4134, 5213, 5530, 22840, 7018, 0, 0, 8244, 12230, 17069, 20299, 22450, 21773, 27031, 31724, 36000, 36000, 1, 1
15:34:52, 1016.60, 26.87, 27.62, 25.867, 1216, 1961, 2617, 3388, 3497, 3737, 4722, 4965, 19571, 5977, 0, 0, 6178, 8450, 11759, 13459, 16843, 16329, 20580, 30123, 36000, 36000, 1, 1
15:34:53, 1016.70, 26.87, 27.62, 25.867, 1265, 2072, 2780, 3503, 4025, 4236, 5259, 5557, 21741, 6592, 0, 0, 5618, 7568, 10417, 11933, 13066, 12798, 16215, 26745, 36000, 36000, 1, 1
15:34:54, 1016.80, 26.87, 27.62, 25.875, 776, 1338, 1801, 2113, 3035, 3143, 3920, 4379, 15969, 5160, 0, 0, 5654, 8107, 11092, 13051, 11958, 11710, 15257, 23592, 36000, 36000, 1, 1
15:34:54, 1017.10, 26.86, 27.59, 25.875, 866, 1435, 1946, 2330, 2775, 2764, 3504, 4094, 13267, 4638, 0, 0, 5907, 9468, 13194, 16019, 17796, 18072, 22276, 26294, 36000, 36000, 1, 1
15:34:55, 1016.80, 26.86, 27.62, 25.891, 199, 289, 340, 510, 656, 871, 1199, 1454, 4084, 2067, 0, 0, 4369, 6884, 9223, 11268, 12805, 13222, 16413, 20923, 36000, 36000, 1, 1
15:34:56, 1016.70, 26.86, 27.60, 25.906, 168, 173, 210, 388, 732, 1035, 1391, 1615, 4656, 2228, 0, 0, 5268, 8194, 11411, 13629, 18599, 18663, 22776, 27086, 36000, 36000, 1, 1
15:34:56, 1016.70, 26.84, 27.60, 25.906, 245, 256, 326, 606, 1049, 1467, 1953, 2252, 6451, 2979, 0, 0, 7076, 10393, 14858, 17324, 23487, 23784, 27955, 32152, 36000, 27541, 1, 1
15:34:57, 1016.60, 26.84, 27.62, 25.930, 337, 353, 469, 864, 1394, 1877, 2422, 2749, 8355, 3646, 0, 0, 11097, 18149, 25426, 30576, 36000, 36000, 36000, 36000, 36000, 32234, 1, 1
15:34:58, 1016.20, 26.83, 27.64, 25.883, 1765, 2723, 3807, 4477, 1207, 1594, 2080, 2389, 7542, 3319, 0, 0, 8942, 13432, 19151, 22394, 25602, 26175, 30948, 35651, 36000, 36000, 1, 1
15:34:59, 1016.60, 26.81, 27.64, 25.883, 258, 268, 342, 648, 984, 1376, 1854, 2125, 6045, 2851, 0, 0, 8090, 11173, 16186, 18720, 21476, 21045, 25224, 30065, 36000, 36000, 1, 1
15:34:59, 1016.30, 26.80, 27.66, 25.883, 268, 282, 367, 681, 1069, 1448, 1909, 2177, 6446, 2963, 0, 0, 9129, 13038, 18588, 21552, 24967, 24349, 29469, 34157, 36000, 36000, 1, 1
15:35:00, 1016.30, 26.81, 27.64, 25.867, 202, 212, 268, 489, 1253, 1588, 1949, 2282, 7968, 3357, 0, 0, 8111, 11263, 16234, 18711, 18808, 18205, 22142, 25655, 36000, 36000, 1, 1
15:35:01, 1016.50, 26.82, 27.62, 25.867, 865, 1179, 1674, 2128, 2800, 3043, 3713, 4156, 17810, 6503, 0, 0, 5679, 8013, 11607, 13418, 15903, 15113, 18901, 20356, 36000, 36000, 1, 1
15:35:01, 1016.50, 26.82, 27.66, 25.859, 886, 1237, 1709, 2231, 2984, 3218, 3941, 4401, 17979, 6820, 0, 0, 4494, 6382, 9103, 10835, 13128, 12571, 15817, 16544, 36000, 35994, 1, 1
15:35:02, 1016.70, 26.83, 27.69, 25.828, 1054, 1466, 2093, 2683, 4131, 4632, 5347, 6084, 25341, 8171, 0, 0, 3940, 5231, 7565, 9040, 10322, 10290, 13014, 15639, 36000, 26722, 1, 1
15:35:03, 1016.50, 26.82, 27.68, 25.828, 1543, 2308, 3231, 4002, 4689, 5097, 6001, 6591, 26357, 8174, 0, 0, 2992, 4043, 5902, 7158, 8707, 8697, 11325, 12749, 36000, 23096, 1, 1
15:35:03, 1017.20, 26.83, 27.69, 25.789, 1665, 2532, 3496, 4343, 5006, 5414, 6360, 7019, 27853, 8557, 0, 0, 3131, 4081, 5849, 6960, 7158, 7375, 9284, 17242, 36000, 18773, 1, 1
15:35:04, 1017.00, 26.83, 27.66, 25.820, 1690, 2714, 3674, 4551, 4878, 4985, 6164, 6445, 23421, 7535, 0, 0, 170, 182, 173, 192, 193, 370, 1059, 1787, 3518, 2027, 0, 0
15:35:05, 1017.10, 26.85, 27.68, 25.820, 1685, 2626, 3590, 4319, 4887, 4909, 6061, 6322, 23178, 7273, 0, 0, 135, 147, 143, 160, 151, 274, 766, 1316, 2506, 1392, 0, 0
15:35:05, 1017.10, 26.85, 27.69, 25.852, 1679, 2650, 3599, 4329, 4523, 4662, 5766, 5884, 21280, 6455, 0, 0, 1294, 1744, 2160, 2756, 7228, 7982, 10421, 20206, 36000, 33860, 1, 1
15:35:06, 1017.10, 26.84, 27.68, 25.867, 1659, 2502, 3410, 4138, 4488, 4792, 5444, 5991, 22625, 6955, 0, 0, 3283, 3748, 4419, 5188, 5099, 5783, 7238, 20084, 36000, 30221, 1, 1
15:35:07, 1016.80, 26.84, 27.68, 25.867, 1706, 2512, 3495, 4248, 4631, 4835, 5855, 6107, 23182, 6960, 0, 0, 2787, 3423, 4353, 5063, 5764, 5954, 7507, 17081, 36000, 20839, 1, 1
15:35:07, 1017.20, 26.84, 27.69, 25.875, 1390, 2092, 2934, 3426, 3840, 3963, 4799, 5081, 20535, 6762, 0, 0, 2474, 3046, 3610, 4178, 3175, 3397, 4226, 12611, 33957, 27326, 0, 1
15:35:08, 1016.80, 26.84, 27.69, 25.898, 1385, 1943, 2733, 3195, 3674, 3885, 4499, 4930, 18040, 5829, 0, 0, 2281, 2794, 3382, 3967, 4424, 4648, 5984, 15324, 36000, 31878, 1, 1
15:35:09, 1017.00, 26.84, 27.71, 25.898, 1560, 2318, 3256, 3763, 4338, 4383, 5310, 5733, 21616, 7010, 0, 0, 2620, 4133, 5727, 7478, 10626, 11289, 13592, 14960, 32400, 12881, 0, 1
15:35:09, 1017.10, 26.84, 27.71, 25.930, 1599, 2429, 3342, 4044, 4538, 4629, 5700, 5953, 22219, 6833, 0, 0, 4056, 6839, 9439, 12221, 13714, 14240, 17589, 18967, 32344, 8577, 0, 0
15:35:10, 1016.90, 26.85, 27.68, 25.945, 1568, 2350, 3265, 3924, 4046, 4272, 5077, 5413, 22299, 6771, 0, 0, 2527, 3877, 5452, 6861, 3680, 4101, 4324, 4698, 13617, 3621, 0, 0
15:35:11, 1016.90, 26.84, 27.71, 25.945, 1360, 1957, 2762, 3168, 3691, 3866, 4401, 5012, 21463, 7015, 0, 0, 2630, 4226, 5831, 7407, 11735, 12056, 14764, 15952, 36000, 16764, 1, 1
15:35:11, 1017.00, 26.86, 27.71, 25.984, 1175, 1668, 2433, 2662, 3529, 3551, 4206, 4694, 20481, 6971, 0, 0, 845, 1256, 1879, 2513, 2913, 2928, 3533, 3536, 11772, 3138, 0, 0
15:35:12, 1017.10, 26.86, 27.71, 26.039, 1255, 1817, 2621, 2899, 3255, 3305, 3871, 4379, 19900, 6822, 0, 0, 388, 592, 918, 1257, 1841, 1900, 2282, 2244, 7258, 1839, 0, 0
15:35:13, 1017.90, 26.89, 27.71, 26.039, 1407, 2040, 2872, 3265, 3548, 3753, 4257, 4847, 20805, 6713, 0, 0, 139, 212, 429, 740, 1193, 1280, 1462, 1341, 3327, 309, 0, 0
15:35:13, 1023.10, 27.10, 27.73, 26.406, 1423, 2095, 2889, 3436, 4071, 4335, 4972, 5509, 23569, 7247, 0, 0, 107, 157, 327, 588, 1103, 1199, 1368, 1251, 3243, 296, 0, 0
15:35:14, 1021.20, 27.26, 27.73, 27.555, 1033, 1644, 2389, 2924, 3023, 3171, 3677, 4058, 16576, 3495, 0, 0, 128, 187, 387, 692, 1265, 1379, 1577, 1446, 3887, 377, 0, 0
15:35:15, 1020.10, 27.39, 27.71, 27.555, 1095, 1658, 2351, 2775, 3189, 3237, 3975, 4204, 14820, 4647, 0, 0, 124, 182, 374, 664, 1094, 1191, 1365, 1234, 2797, 260, 0, 0
15:35:15, 1016.00, 27.49, 27.69, 28.187, 824, 1360, 1893, 2251, 3092, 3318, 3810, 4286, 10833, 2251, 0, 0, 112, 162, 339, 610, 1323, 1407, 1635, 1513, 4021, 683, 0, 0
15:35:16, 1016.30, 27.58, 27.71, 28.523, 1446, 2125, 2911, 3490, 3666, 3949, 4367, 5066, 13821, 4496, 0, 0, 4075, 6537, 8995, 11930, 16242, 16667, 20227, 24345, 36000, 36000, 1, 1
15:35:17, 1016.00, 27.64, 27.68, 28.523, 1293, 1883, 2591, 3161, 3444, 3683, 4384, 4668, 14656, 4866, 0, 0, 9229, 14688, 20361, 25623, 26027, 27220, 31883, 35159, 36000, 36000, 1, 1
15:35:17, 1016.10, 27.67, 27.68, 28.570, 1347, 2096, 2856, 3585, 3981, 4067, 5185, 5294, 18765, 6948, 0, 0, 8406, 12874, 18121, 22599, 12792, 13884, 18700, 20760, 30619, 18268, 0, 0
15:35:18, 1016.90, 27.69, 27.68, 28.477, 1497, 2293, 3119, 3853, 4089, 4532, 5165, 5773, 17433, 5563, 0, 0, 8525, 14348, 19926, 25636, 32085, 32533, 35956, 35999, 36000, 36000, 1, 1
15:35:19, 1016.80, 27.66, 27.73, 28.477, 1254, 1784, 2513, 2951, 4267, 4321, 5252, 5634, 16909, 5374, 0, 0, 6970, 10936, 15696, 19010, 32450, 32946, 35964, 35990, 36000, 35038, 1, 1
15:35:19, 1016.50, 27.63, 27.75, 28.281, 1600, 2275, 3163, 3799, 3643, 3858, 4515, 4950, 15757, 5235, 0, 0, 8592, 14898, 20688, 26198, 21268, 22640, 26028, 29040, 36000, 33227, 1, 1
15:35:20, 1016.80, 27.60, 27.69, 27.977, 1869, 2708, 3816, 4510, 4210, 4380, 5262, 5628, 19118, 6192, 0, 0, 5302, 8999, 12503, 16748, 14189, 14752, 18265, 18216, 35986, 15756, 0, 1
15:35:21, 1016.70, 27.56, 27.73, 27.977, 1786, 2681, 3725, 4482, 4483, 4575, 5625, 5891, 20987, 6619, 0, 0, 913, 1392, 2100, 2743, 3661, 3726, 4427, 4480, 12015, 2949, 0, 0
15:35:21, 1016.80, 27.53, 27.71, 27.680, 1657, 2512, 3480, 4195, 4764, 4838, 5932, 6214, 21250, 6639, 0, 0, 695, 1078, 1638, 2166, 2710, 2787, 3284, 3314, 6519, 1368, 0, 0
15:35:22, 1017.80, 27.52, 27.69, 27.484, 1382, 1962, 2768, 3339, 4030, 4299, 5056, 5344, 13649, 4055, 0, 0, 132, 194, 403, 705, 1195, 1287, 1478, 1343, 2681, 246, 0, 0
15:35:23, 1019.40, 27.64, 27.71, 27.484, 1560, 2266, 3128, 3756, 4054, 4309, 5063, 5460, 15268, 4560, 0, 0, 139, 209, 433, 761, 1265, 1366, 1561, 1425, 2946, 272, 0, 0
15:35:23, 1023.20, 27.74, 27.75, 28.070, 1572, 2328, 3221, 3865, 3894, 4038, 4704, 5364, 12414, 3212, 0, 0, 146, 212, 451, 817, 1355, 1470, 1681, 1529, 3006, 268, 0, 0
15:35:24, 1024.30, 27.82, 27.71, 28.484, 925, 1501, 2130, 2725, 3156, 3332, 4085, 4344, 12378, 2202, 0, 0, 136, 195, 424, 783, 1274, 1386, 1594, 1442, 3031, 266, 0, 0
15:35:25, 1025.10, 27.88, 27.73, 28.484, 1098, 1832, 2548, 3191, 3649, 3697, 4565, 4926, 18485, 3949, 0, 0, 124, 180, 386, 705, 1174, 1281, 1474, 1335, 3051, 268, 0, 0
15:35:25, 1021.30, 27.93, 27.73, 28.719, 1038, 1731, 2501, 3128, 3350, 3513, 4298, 4558, 18032, 3584, 0, 0, 151, 224, 475, 858, 1307, 1415, 1626, 1481, 3402, 303, 0, 0
15:35:26, 1020.50, 27.97, 27.73, 28.852, 1048, 1694, 2375, 2912, 3790, 3818, 4786, 5000, 20678, 5553, 0, 0, 134, 200, 413, 730, 1207, 1307, 1501, 1364, 3124, 286, 0, 0
15:35:27, 1027.50, 28.00, 27.69, 28.852, 1127, 1846, 2538, 3220, 3939, 4105, 5020, 5345, 18206, 3519, 0, 0, 119, 174, 373, 682, 1155, 1256, 1440, 1316, 3193, 282, 0, 0
15:35:27, 1022.20, 28.04, 27.71, 28.922, 910, 1488, 2115, 2748, 3130, 3208, 3898, 4120, 16989, 3655, 0, 0, 118, 173, 370, 674, 1176, 1279, 1472, 1336, 3049, 270, 0, 0
15:35:28, 1023.00, 28.07, 27.71, 28.969, 959, 1533, 2138, 2597, 4017, 4065, 4941, 5284, 23733, 7360, 0, 0, 135, 202, 421, 749, 1275, 1387, 1588, 1451, 3508, 314, 0, 0
15:35:29, 1016.60, 28.09, 27.73, 28.969, 1174, 1821, 2661, 3158, 3839, 3856, 4666, 5187, 24819, 7381, 0, 0, 3738, 5876, 8554, 10680, 8233, 8207, 9961, 10417, 22673, 5890, 0, 0
15:35:29, 1016.40, 28.09, 27.75, 28.992, 1512, 2283, 3235, 3781, 4215, 4183, 5224, 5494, 23398, 7988, 0, 0, 7167, 12460, 17339, 21414, 26137, 27187, 32910, 35430, 36000, 36000, 1, 1
15:35:30, 1016.70, 28.06, 27.73, 28.961, 1474, 2347, 3162, 3925, 4424, 4428, 5634, 5806, 20947, 7006, 0, 0, 7629, 12127, 17252, 20928, 23770, 24893, 30019, 34397, 36000, 34836, 1, 1
15:35:31, 1016.80, 28.03, 27.71, 28.961, 1395, 2117, 2857, 3616, 3665, 3929, 4782, 4972, 16024, 5186, 0, 0, 7478, 11676, 16486, 20628, 30162, 30770, 35730, 36000, 36000, 36000, 1, 1
15:35:31, 1016.10, 28.01, 27.73, 28.789, 1257, 1987, 2702, 3271, 3830, 3745, 4814, 4986, 16374, 5951, 0, 0, 12024, 20130, 27972, 34585, 36000, 36000, 36000, 36000, 36000, 36000, 1, 1
15:35:32, 1016.70, 27.97, 27.71, 28.586, 1358, 2103, 2902, 3462, 3882, 3808, 4940, 4996, 19505, 6807, 0, 0, 7995, 12727, 18144, 22089, 15664, 15439, 19216, 20409, 36000, 36000, 1, 1
15:35:33, 1016.90, 27.95, 27.75, 28.586, 1261, 1782, 2599, 2913, 3478, 3543, 4181, 4561, 20965, 7344, 0, 0, 615, 934, 1453, 1917, 2284, 2320, 2820, 2742, 11316, 2980, 0, 0
15:35:33, 1019.30, 27.95, 27.75, 28.398, 1510, 2253, 3115, 3658, 4022, 4272, 4807, 5417, 23453, 7735, 0, 0, 124, 187, 380, 660, 1000, 1082, 1237, 1128, 2829, 262, 0, 0
15:35:34, 1022.20, 28.02, 27.73, 28.578, 1125, 1635, 2327, 2676, 3149, 3248, 3781, 4258, 18982, 6511, 0, 0, 124, 182, 378, 677, 1148, 1248, 1429, 1300, 3142, 283, 0, 0
15:35:35, 1020.00, 28.08, 27.80, 28.578, 1092, 1730, 2507, 3064, 3466, 3522, 4341, 4558, 16520, 3532, 0, 0, 107, 156, 330, 596, 1159, 1261, 1449, 1310, 2844, 268, 0, 0
15:35:35, 1031.20, 28.13, 27.75, 28.789, 695, 1057, 1494, 1887, 2312, 2484, 2947, 3183, 7386, 1350, 0, 0, 114, 159, 346, 653, 1083, 1187, 1369, 1224, 2344, 204, 0, 0
15:35:36, 1036.20, 28.17, 27.73, 28.898, 908, 1556, 2439, 3051, 3623, 3749, 4421, 4910, 15344, 2375, 0, 0, 89, 122, 271, 516, 882, 979, 1122, 1005, 1999, 171, 0, 0
15:35:37, 1042.00, 28.21, 27.75, 28.898, 359, 605, 989, 1340, 1366, 1470, 1740, 1929, 3071, 313, 0, 0, 126, 165, 376, 746, 1664, 1841, 2158, 1915, 3631, 315, 0, 0
15:35:37, 1056.90, 28.22, 27.75, 28.953, 240, 399, 706, 1012, 2057, 2180, 2602, 2888, 5574, 520, 0, 0, 70, 85, 201, 423, 767, 868, 1000, 893, 1753, 146, 0, 0
15:35:38, 1059.30, 28.24, 27.71, 28.984, 331, 607, 1131, 1697, 2367, 2552, 3034, 3287, 8332, 778, 0, 0, 69, 81, 194, 414, 1090, 1236, 1452, 1280, 2351, 199, 0, 0
15:35:39, 1065.40, 28.24, 27.75, 28.984, 89, 130, 262, 438, 709, 800, 936, 983, 1587, 132, 0, 0, 102, 118, 280, 606, 1140, 1302, 1538, 1348, 2457, 208, 0, 0
15:35:39, 1076.80, 28.25, 27.77, 28.961, 199, 336, 666, 1084, 1686, 1866, 2217, 2362, 4643, 363, 0, 0, 54, 60, 143, 320, 656, 758, 873, 779, 1559, 128, 0, 0
15:35:40, 1073.90, 28.25, 27.71, 28.945, 236, 413, 819, 1327, 1441, 1590, 1923, 1999, 3857, 288, 0, 0, 71, 77, 183, 413, 915, 1063, 1248, 1100, 2182, 183, 0, 0
15:35:41, 1076.50, 28.25, 27.75, 28.945, 75, 109, 227, 399, 721, 814, 957, 1014, 1657, 127, 0, 0, 92, 100, 239, 534, 1023, 1183, 1401, 1228, 2235, 188, 0, 0
15:35:41, 1081.60, 28.26, 27.75, 28.922, 104, 164, 349, 584, 844, 917, 1103, 1186, 1584, 118, 0, 0, 76, 80, 191, 436, 871, 1013, 1202, 1048, 1757, 146, 0, 0
15:35:42, 1090.10, 28.26, 27.73, 28.914, 115, 182, 392, 674, 1348, 1519, 1824, 1886, 3717, 264, 0, 0, 46, 47, 112, 264, 570, 672, 781, 689, 1348, 110, 0, 0
15:35:43, 1090.10, 28.26, 27.73, 28.914, 153, 246, 519, 920, 1098, 1230, 1495, 1531, 2711, 193, 0, 0, 62, 64, 152, 356, 754, 889, 1051, 917, 1701, 143, 0, 0
15:35:43, 1095.30, 28.26, 27.75, 28.898, 90, 134, 295, 531, 745, 842, 999, 1049, 1573, 113, 0, 0, 64, 63, 149, 355, 765, 905, 1079, 934, 1581, 132, 0, 0
15:35:44, 1103.70, 28.26, 27.71, 28.883, 75, 104, 237, 445, 659, 740, 892, 921, 1275, 92, 0, 0, 63, 61, 142, 344, 671, 797, 950, 820, 1315, 109, 0, 0
15:35:45, 1111.60, 28.27, 27.73, 28.883, 96, 135, 310, 586, 889, 1017, 1224, 1262, 2051, 142, 0, 0, 44, 41, 94, 236, 543, 656, 779, 671, 1112, 92, 0, 0
15:35:45, 1118.90, 28.27, 27.75, 28.883, 75, 99, 230, 460, 850, 982, 1192, 1212, 2069, 142, 0, 0, 34, 31, 69, 177, 411, 503, 592, 513, 932, 77, 0, 0
15:35:46, 1121.70, 28.27, 27.73, 28.883, 91, 124, 285, 573, 900, 1040, 1264, 1284, 2246, 154, 0, 0, 35, 32, 71, 182, 422, 517, 611, 528, 941, 78, 0, 0
15:35:47, 1123.20, 28.27, 27.73, 28.883, 85, 111, 260, 526, 840, 973, 1174, 1201, 2069, 143, 0, 0, 36, 32, 71, 184, 464, 569, 677, 584, 969, 81, 0, 0
15:35:47, 1128.00, 28.28, 27.77, 28.875, 68, 87, 204, 421, 732, 842, 1026, 1037, 1614, 112, 0, 0, 37, 33, 73, 188, 426, 526, 624, 539, 900, 75, 0, 0
15:35:48, 1130.80, 28.28, 27.73, 28.875, 70, 87, 206, 432, 700, 818, 992, 1004, 1592, 110, 0, 0, 35, 30, 66, 174, 436, 540, 647, 556, 913, 76, 0, 0
15:35:49, 1127.90, 28.29, 27.77, 28.875, 59, 72, 167, 361, 674, 791, 970, 965, 1725, 121, 0, 0, 34, 30, 67, 174, 446, 552, 659, 569, 1039, 87, 0, 0
15:35:49, 1133.10, 28.29, 27.75, 28.859, 65, 82, 191, 408, 826, 961, 1185, 1184, 2222, 156, 0, 0, 30, 26, 58, 151, 366, 456, 541, 469, 866, 71, 0, 0
15:35:50, 1132.60, 28.29, 27.71, 28.859, 69, 87, 204, 440, 720, 839, 1039, 1027, 2039, 146, 0, 0, 34, 30, 66, 172, 450, 561, 671, 578, 1051, 88, 0, 0
15:35:51, 1143.90, 28.29, 27.75, 28.859, 52, 61, 143, 314, 633, 747, 914, 913, 1545, 108, 0, 0, 27, 23, 50, 133, 319, 402, 478, 413, 754, 62, 0, 0
15:35:51, 1145.80, 28.29, 27.71, 28.852, 63, 74, 174, 385, 640, 760, 931, 929, 1611, 112, 0, 0, 28, 23, 49, 131, 361, 454, 549, 469, 765, 64, 0, 0
15:35:52, 1148.50, 28.29, 27.77, 28.844, 41, 44, 101, 232, 484, 580, 705, 702, 1087, 76, 0, 0, 28, 24, 49, 131, 340, 430, 519, 444, 717, 60, 0, 0
15:35:53, 1151.10, 28.29, 27.71, 28.844, 43, 47, 109, 251, 494, 592, 722, 718, 1110, 77, 0, 0, 26, 22, 45, 121, 316, 401, 484, 413, 667, 56, 0, 0
15:35:53, 1152.80, 28.29, 27.73, 28.844, 43, 47, 109, 250, 503, 603, 738, 733, 1136, 79, 0, 0, 24, 21, 42, 114, 293, 373, 451, 385, 645, 54, 0, 0
15:35:54, 1153.20, 28.29, 27.75, 28.836, 47, 53, 122, 282, 564, 678, 836, 822, 1527, 108, 0, 0, 22, 19, 38, 104, 284, 364, 438, 375, 683, 56, 0, 0
15:35:55, 1154.50, 28.29, 27.73, 28.836, 45, 50, 115, 267, 552, 660, 816, 800, 1538, 110, 0, 0, 23, 19, 40, 107, 280, 358, 430, 368, 663, 55, 0, 0
15:35:55, 1159.40, 28.29, 27.75, 28.828, 45, 51, 117, 273, 500, 602, 743, 729, 1320, 93, 0, 0, 22, 18, 37, 102, 268, 345, 416, 354, 622, 52, 0, 0
15:35:56, 1158.90, 28.30, 27.75, 28.828, 36, 37, 84, 201, 372, 455, 555, 542, 888, 63, 0, 0, 25, 20, 41, 112, 293, 376, 456, 386, 635, 53, 0, 0
15:35:57, 1163.30, 28.30, 27.78, 28.828, 35, 36, 81, 193, 388, 472, 578, 570, 853, 60, 0, 0, 22, 18, 37, 100, 267, 344, 418, 353, 561, 47, 0, 0
15:35:58, 1165.20, 28.30, 27.77, 28.820, 34, 35, 79, 191, 403, 493, 607, 596, 975, 68, 0, 0, 20, 16, 32, 87, 248, 322, 391, 332, 564, 47, 0, 0
15:35:58, 1167.80, 28.30, 27.71, 28.820, 34, 36, 80, 195, 437, 532, 661, 642, 1241, 89, 0, 0, 17, 14, 29, 79, 215, 279, 337, 289, 524, 43, 0, 0
15:35:59, 1167.40, 28.30, 27.77, 28.820, 41, 45, 103, 245, 494, 596, 740, 724, 1447, 104, 0, 0, 17, 14, 28, 77, 215, 280, 338, 290, 528, 44, 0, 0
15:35:00, 1171.20, 28.30, 27.75, 28.812, 34, 36, 80, 193, 346, 426, 524, 511, 865, 61, 0, 0, 20, 17, 32, 89, 244, 319, 390, 331, 535, 45, 0, 0
15:36:00, 1176.90, 28.31, 27.77, 28.820, 26, 26, 56, 140, 309, 382, 469, 458, 687, 49, 0, 0, 18, 14, 28, 76, 224, 293, 359, 304, 461, 38, 0, 0
15:36:01, 1176.00, 28.31, 27.75, 28.820, 25, 24, 53, 132, 288, 354, 437, 423, 596, 42, 0, 0, 19, 16, 30, 83, 237, 309, 376, 320, 477, 40, 0, 0
15:36:02, 1180.90, 28.31, 27.73, 28.812, 25, 24, 52, 131, 297, 370, 455, 442, 655, 46, 0, 0, 16, 13, 24, 67, 195, 257, 314, 265, 421, 35, 0, 0
15:36:02, 1181.50, 28.31, 27.73, 28.805, 25, 25, 53, 134, 314, 391, 484, 468, 824, 59, 0, 0, 14, 12, 22, 62, 179, 236, 286, 243, 436, 36, 0, 0
15:36:03, 1185.60, 28.32, 27.77, 28.805, 28, 29, 63, 158, 323, 398, 498, 476, 978, 71, 0, 0, 14, 11, 21, 60, 162, 215, 260, 221, 405, 33, 0, 0
15:36:04, 1185.80, 28.32, 27.77, 28.812, 27, 27, 59, 151, 302, 377, 469, 450, 822, 59, 0, 0, 14, 12, 22, 61, 192, 255, 313, 264, 445, 37, 0, 0
15:36:04, 1188.70, 28.32, 27.75, 28.812, 16, 14, 28, 75, 170, 219, 265, 253, 370, 27, 0, 0, 19, 15, 29, 79, 226, 298, 371, 311, 464, 39, 0, 0
15:36:05, 1194.60, 28.32, 27.75, 28.812, 15, 14, 28, 72, 176, 227, 276, 265, 373, 27, 0, 0, 15, 12, 22, 62, 178, 237, 294, 246, 385, 32, 0, 0
15:36:06, 1197.00, 28.33, 27.77, 28.812, 15, 14, 28, 73, 177, 228, 281, 266, 467, 34, 0, 0, 13, 10, 19, 53, 157, 212, 260, 220, 397, 33, 0, 0
15:36:06, 1203.70, 28.33, 27.73, 28.812, 16, 15, 30, 80, 210, 268, 336, 316, 610, 45, 0, 0, 10, 8, 14, 40, 121, 164, 200, 169, 303, 25, 0, 0
15:36:07, 1204.10, 28.33, 27.75, 28.812, 15, 14, 27, 72, 147, 192, 235, 221, 375, 28, 0, 0, 13, 10, 19, 52, 160, 217, 268, 225, 378, 32, 0, 0
15:36:08, 1206.60, 28.34, 27.80, 28.805, 11, 10, 18, 49, 125, 165, 200, 189, 287, 21, 0, 0, 13, 10, 18, 51, 151, 204, 254, 212, 326, 27, 0, 0
15:36:08, 1210.70, 28.34, 27.77, 28.805, 12, 11, 21, 56, 141, 185, 227, 215, 322, 23, 0, 0, 11, 8, 15, 42, 128, 175, 216, 180, 297, 25, 0, 0
15:36:09, 1211.40, 28.35, 27.77, 28.805, 13, 12, 22, 59, 149, 194, 242, 225, 420, 31, 0, 0, 10, 8, 15, 41, 124, 170, 209, 176, 327, 27, 0, 0
15:36:10, 1216.10, 28.35, 27.75, 28.805, 14, 13, 24, 67, 166, 214, 269, 250, 498, 37, 0, 0, 9, 7, 12, 35, 101, 139, 171, 143, 255, 21, 0, 0
15:36:10, 1217.40, 28.35, 27.77, 28.812, 14, 13, 25, 69, 156, 204, 253, 239, 388, 28, 0, 0, 9, 7, 12, 34, 118, 162, 201, 167, 269, 22, 0, 0
15:36:11, 1217.10, 28.36, 27.75, 28.812, 10, 9, 17, 46, 119, 158, 194, 183, 266, 20, 0, 0, 10, 8, 14, 40, 126, 173, 216, 179, 273, 23, 0, 0
15:36:12, 1222.00, 28.36, 27.75, 28.805, 11, 10, 18, 48, 127, 168, 206, 194, 298, 22, 0, 0, 9, 7, 12, 33, 105, 146, 180, 150, 253, 21, 0, 0
15:36:12, 1221.70, 28.36, 27.73, 28.812, 11, 10, 18, 50, 127, 168, 210, 194, 363, 27, 0, 0, 9, 7, 12, 34, 109, 151, 185, 156, 282, 23, 0, 0
15:36:13, 1227.70, 28.36, 27.77, 28.812, 11, 10, 18, 51, 144, 190, 236, 220, 399, 29, 0, 0, 7, 5, 9, 26, 85, 119, 147, 122, 212, 17, 0, 0
15:36:14, 1227.80, 28.36, 27.77, 28.805, 10, 9, 15, 42, 112, 149, 184, 172, 274, 20, 0, 0, 8, 6, 11, 31, 110, 153, 190, 157, 257, 21, 0, 0
15:36:14, 1228.80, 28.36, 27.75, 28.812, 8, 7, 12, 34, 91, 123, 150, 140, 204, 15, 0, 0, 9, 7, 12, 34, 107, 148, 185, 152, 230, 19, 0, 0
15:36:15, 1234.60, 28.36, 27.80, 28.812, 9, 8, 15, 40, 104, 140, 172, 162, 238, 17, 0, 0, 7, 6, 10, 27, 87, 122, 152, 125, 201, 17, 0, 0
15:36:16, 1233.40, 28.36, 27.78, 28.805, 9, 8, 14, 39, 101, 136, 168, 156, 266, 20, 0, 0, 7, 5, 9, 26, 89, 125, 155, 129, 226, 19, 0, 0
15:36:16, 1238.40, 28.37, 27.77, 28.797, 9, 8, 13, 37, 106, 142, 177, 164, 288, 21, 0, 0, 6, 4, 8, 22, 72, 101, 125, 103, 176, 14, 0, 0
15:36:17, 1238.10, 28.37, 27.80, 28.797, 7, 7, 11, 31, 80, 109, 134, 124, 196, 15, 0, 0, 7, 5, 9, 25, 85, 119, 149, 122, 198, 17, 0, 0
15:36:18, 1237.00, 28.37, 27.77, 28.812, 7, 6, 10, 29, 81, 110, 135, 126, 187, 14, 0, 0, 7, 5, 9, 26, 88, 123, 154, 127, 197, 16, 0, 0
15:36:18, 1242.10, 28.37, 27.77, 28.812, 8, 7, 12, 33, 96, 130, 160, 150, 234, 17, 0, 0, 6, 4, 7, 21, 71, 101, 125, 103, 171, 14, 0, 0
15:36:19, 1241.20, 28.37, 27.77, 28.812, 8, 8, 13, 36, 97, 131, 164, 152, 263, 19, 0, 0, 6, 4, 7, 21, 70, 99, 122, 101, 176, 14, 0, 0
15:36:20, 1242.30, 28.38, 27.77, 28.805, 8, 8, 13, 37, 104, 140, 175, 162, 284, 21, 0, 0, 5, 4, 7, 20, 70, 98, 122, 101, 175, 14, 0, 0
15:36:20, 1242.10, 28.38, 27.77, 28.812, 7, 7, 11, 31, 87, 119, 147, 136, 224, 17, 0, 0, 6, 4, 7, 21, 75, 106, 132, 108, 176, 14, 0, 0
15:36:21, 1243.70, 28.39, 27.78, 28.812, 7, 6, 10, 30, 80, 110, 135, 125, 193, 14, 0, 0, 7, 5, 8, 24, 76, 108, 135, 111, 179, 15, 0, 0
15:36:22, 1246.40, 28.39, 27.77, 28.812, 7, 7, 11, 31, 83, 113, 139, 129, 209, 15, 0, 0, 5, 4, 7, 20, 68, 97, 121, 100, 168, 14, 0, 0
15:36:22, 1243.60, 28.39, 27.78, 28.805, 7, 6, 10, 28, 77, 105, 130, 120, 205, 15, 0, 0, 6, 5, 8, 23, 78, 111, 138, 114, 193, 16, 0, 0
15:36:23, 1244.20, 28.39, 27.80, 28.805, 7, 6, 10, 27, 75, 103, 126, 117, 190, 14, 0, 0, 6, 5, 8, 23, 77, 109, 137, 113, 184, 15, 0, 0
15:36:24, 1247.90, 28.40, 27.78, 28.812, 7, 6, 10, 29, 78, 107, 132, 123, 186, 14, 0, 0, 6, 4, 7, 20, 69, 99, 124, 102, 161, 13, 0, 0
15:36:24, 1247.70, 28.40, 27.78, 28.805, 7, 6, 10, 28, 78, 107, 132, 123, 190, 14, 0, 0, 5, 4, 7, 19, 67, 95, 119, 98, 165, 13, 0, 0
15:36:25, 1247.70, 28.40, 27.78, 28.805, 6, 6, 9, 27, 76, 104, 129, 119, 207, 16, 0, 0, 5, 4, 7, 20, 68, 98, 122, 101, 175, 14, 0, 0
15:36:26, 1250.50, 28.40, 27.80, 28.805, 7, 6, 10, 30, 91, 124, 155, 144, 248, 18, 0, 0, 4, 3, 6, 16, 58, 84, 105, 87, 148, 12, 0, 0
15:36:26, 1243.90, 28.40, 27.78, 28.812, 6, 5, 8, 24, 68, 94, 117, 108, 177, 13, 0, 0, 6, 5, 8, 22, 80, 113, 143, 118, 193, 16, 0, 0
15:36:27, 1238.00, 28.40, 27.80, 28.812, 5, 5, 7, 20, 58, 81, 99, 91, 138, 11, 0, 0, 8, 6, 10, 28, 97, 136, 172, 141, 215, 18, 0, 0
15:36:28, 1235.90, 28.40, 27.78, 28.805, 5, 5, 8, 21, 59, 82, 100, 92, 124, 9, 0, 0, 9, 7, 12, 32, 108, 149, 190, 156, 218, 18, 0, 0
15:36:28, 1236.30, 28.41, 27.80, 28.812, 6, 5, 8, 22, 69, 94, 115, 108, 143, 11, 0, 0, 8, 6, 10, 27, 91, 128, 161, 132, 193, 16, 0, 0
15:36:29, 1230.60, 28.41, 27.80, 28.812, 7, 6, 10, 27, 73, 99, 120, 112, 159, 12, 0, 0, 9, 7, 12, 35, 114, 157, 199, 164, 240, 20, 0, 0
15:36:30, 1228.70, 28.41, 27.78, 28.805, 6, 6, 9, 26, 73, 100, 122, 114, 155, 12, 0, 0, 10, 7, 13, 35, 116, 160, 201, 166, 235, 19, 0, 0
15:36:30, 1230.00, 28.41, 27.77, 28.820, 7, 6, 10, 29, 82, 111, 136, 127, 168, 12, 0, 0, 9, 7, 11, 32, 107, 148, 185, 153, 216, 18, 0, 0
15:36:31, 1222.20, 28.41, 27.80, 28.820, 7, 6, 11, 29, 80, 108, 131, 123, 171, 13, 0, 0, 11, 9, 15, 42, 143, 195, 247, 203, 295, 25, 0, 0
15:36:32, 1218.10, 28.42, 27.78, 28.797, 7, 6, 10, 28, 76, 103, 125, 117, 163, 12, 0, 0, 13, 10, 17, 47, 157, 214, 270, 223, 323, 27, 0, 0
15:36:32, 1218.00, 28.42, 27.82, 28.812, 8, 7, 12, 32, 95, 126, 154, 145, 194, 14, 0, 0, 11, 9, 16, 43, 141, 192, 241, 199, 288, 24, 0, 0
15:36:33, 1214.80, 28.42, 27.80, 28.812, 8, 7, 12, 33, 86, 116, 140, 131, 185, 14, 0, 0, 14, 11, 19, 54, 167, 225, 284, 235, 344, 29, 0, 0
15:36:34, 1211.60, 28.42, 27.80, 28.805, 7, 7, 11, 31, 82, 110, 133, 125, 172, 13, 0, 0, 15, 12, 21, 57, 178, 240, 303, 251, 353, 29, 0, 0
15:36:34, 1206.60, 28.43, 27.78, 28.812, 8, 7, 12, 34, 89, 118, 143, 134, 176, 13, 0, 0, 16, 12, 22, 60, 198, 265, 333, 276, 378, 31, 0, 0
15:36:35, 1207.40, 28.43, 27.73, 28.812, 8, 7, 12, 33, 95, 127, 153, 143, 197, 15, 0, 0, 15, 12, 21, 59, 181, 244, 306, 254, 368, 31, 0, 0
15:36:36, 1207.30, 28.44, 27.78, 28.812, 9, 8, 13, 36, 92, 123, 148, 139, 196, 15, 0, 0, 16, 13, 23, 65, 189, 255, 320, 265, 399, 34, 0, 0
15:36:36, 1203.50, 28.43, 27.78, 28.820, 9, 8, 13, 36, 97, 129, 155, 146, 213, 16, 0, 0, 17, 13, 23, 65, 202, 271, 341, 283, 422, 35, 0, 0
15:36:37, 1202.40, 28.44, 27.80, 28.820, 9, 8, 14, 39, 108, 142, 172, 163, 223, 17, 0, 0, 15, 12, 21, 59, 186, 249, 312, 259, 371, 31, 0, 0
15:36:38, 1200.80, 28.44, 27.78, 28.805, 10, 9, 16, 43, 105, 138, 167, 157, 213, 16, 0, 0, 20, 16, 28, 79, 218, 289, 363, 302, 424, 35, 0, 0
15:36:38, 1203.80, 28.44, 27.82, 28.812, 9, 8, 15, 41, 105, 138, 166, 157, 209, 16, 0, 0, 18, 14, 25, 70, 202, 269, 338, 280, 396, 33, 0, 0
15:36:39, 1201.30, 28.45, 27.80, 28.812, 10, 9, 16, 44, 115, 152, 184, 174, 249, 18, 0, 0, 15, 12, 21, 59, 183, 246, 306, 255, 395, 33, 0, 0
15:36:40, 1199.10, 28.45, 27.78, 28.812, 10, 9, 16, 42, 106, 140, 169, 159, 218, 16, 0, 0, 19, 15, 27, 74, 227, 300, 377, 313, 427, 35, 0, 0
15:36:40, 1196.80, 28.45, 27.80, 28.812, 10, 9, 16, 43, 110, 144, 175, 164, 214, 16, 0, 0, 19, 15, 28, 78, 229, 302, 378, 315, 437, 36, 0, 0
15:36:41, 1198.80, 28.45, 27.80, 28.812, 11, 10, 18, 48, 124, 162, 195, 185, 260, 19, 0, 0, 17, 13, 24, 67, 190, 253, 315, 262, 394, 33, 0, 0
15:36:42, 1188.50, 28.46, 27.80, 28.805, 14, 12, 24, 64, 163, 211, 255, 244, 383, 28, 0, 0, 20, 16, 30, 83, 280, 368, 460, 383, 585, 49, 0, 0
15:36:42, 1189.70, 28.45, 27.82, 28.812, 9, 8, 15, 41, 104, 138, 164, 153, 230, 17, 0, 0, 26, 21, 39, 108, 297, 391, 490, 407, 605, 51, 0, 0
15:36:43, 1192.20, 28.46, 27.80, 28.812, 11, 10, 18, 48, 126, 164, 197, 187, 259, 19, 0, 0, 21, 17, 31, 86, 247, 324, 405, 338, 484, 40, 0, 0
15:36:44, 1194.10, 28.46, 27.80, 28.812, 12, 11, 20, 53, 137, 178, 215, 204, 275, 20, 0, 0, 19, 15, 28, 76, 225, 297, 370, 308, 450, 37, 0, 0
15:36:44, 1195.60, 28.46, 27.80, 28.812, 12, 11, 21, 55, 139, 181, 219, 208, 310, 23, 0, 0, 18, 14, 26, 72, 204, 272, 337, 282, 449, 38, 0, 0
15:36:45, 1196.90, 28.46, 27.80, 28.812, 14, 12, 24, 63, 156, 202, 245, 233, 366, 27, 0, 0, 15, 12, 22, 61, 188, 251, 311, 259, 417, 35, 0, 0
15:36:46, 1195.80, 28.45, 27.82, 28.812, 12, 11, 21, 55, 132, 173, 209, 197, 305, 23, 0, 0, 18, 15, 27, 74, 213, 284, 353, 294, 464, 39, 0, 0
15:36:46, 1196.70, 28.46, 27.78, 28.812, 13, 11, 21, 57, 142, 185, 224, 212, 326, 24, 0, 0, 17, 13, 25, 68, 204, 272, 337, 281, 438, 37, 0, 0
15:36:47, 1196.10, 28.46, 27.80, 28.812, 13, 11, 22, 58, 138, 180, 217, 207, 302, 22, 0, 0, 18, 15, 27, 74, 219, 291, 362, 301, 449, 38, 0, 0
15:36:48, 1203.20, 28.46, 27.82, 28.812, 14, 13, 24, 65, 166, 215, 263, 250, 355, 26, 0, 0, 14, 11, 21, 57, 175, 234, 290, 241, 368, 31, 0, 0
15:36:48, 1204.30, 28.46, 27.80, 28.820, 13, 12, 23, 62, 145, 189, 229, 217, 339, 25, 0, 0, 14, 11, 20, 57, 173, 233, 289, 241, 394, 33, 0, 0
15:36:49, 1207.90, 28.46, 27.80, 28.820, 13, 12, 22, 59, 143, 187, 229, 215, 351, 26, 0, 0, 13, 10, 18, 50, 150, 204, 252, 210, 354, 30, 0, 0
15:36:50, 1214.30, 28.46, 27.80, 28.812, 11, 10, 18, 50, 136, 178, 217, 203, 346, 26, 0, 0, 11, 9, 16, 46, 139, 190, 234, 195, 320, 27, 0, 0
15:36:51, 1222.30, 28.46, 27.80, 28.820, 13, 12, 22, 61, 160, 210, 258, 244, 382, 28, 0, 0, 9, 7, 13, 36, 117, 161, 199, 165, 276, 23, 0, 0
15:36:51, 1231.80, 28.47, 27.78, 28.820, 13, 12, 23, 63, 172, 225, 280, 263, 470, 34, 0, 0, 6, 5, 9, 25, 80, 112, 136, 114, 203, 16, 0, 0
15:36:52, 1229.60, 28.47, 27.80, 28.812, 16, 15, 30, 81, 202, 262, 328, 311, 616, 45, 0, 0, 6, 5, 9, 25, 81, 113, 138, 115, 208, 17, 0, 0
15:36:53, 1239.20, 28.47, 27.80, 28.820, 13, 12, 22, 62, 152, 200, 248, 233, 395, 29, 0, 0, 6, 5, 9, 24, 76, 107, 131, 108, 184, 15, 0, 0
15:36:53, 1246.10, 28.47, 27.80, 28.820, 14, 13, 24, 67, 165, 218, 274, 256, 502, 37, 0, 0, 5, 4, 7, 21, 69, 98, 120, 100, 186, 15, 0, 0
15:36:54, 1253.30, 28.47, 27.78, 28.812, 12, 11, 20, 57, 137, 182, 227, 212, 366, 26, 0, 0, 4, 3, 6, 17, 58, 83, 102, 84, 143, 11, 0, 0
15:36:55, 1264.00, 28.47, 27.84, 28.820, 10, 10, 17, 47, 128, 171, 214, 201, 376, 28, 0, 0, 4, 3, 5, 14, 50, 72, 88, 73, 132, 10, 0, 0
15:36:55, 1274.50, 28.47, 27.82, 28.820, 9, 8, 14, 40, 110, 149, 187, 174, 325, 24, 0, 0, 3, 2, 4, 11, 40, 58, 72, 59, 105, 8, 0, 0
15:36:56, 1288.00, 28.47, 27.80, 28.812, 7, 7, 11, 31, 86, 117, 148, 137, 243, 18, 0, 0, 2, 2, 3, 8, 31, 46, 58, 47, 82, 6, 0, 0
15:36:57, 1296.10, 28.47, 27.82, 28.812, 5, 5, 7, 22, 60, 84, 105, 96, 160, 12, 0, 0, 2, 1, 2, 7, 27, 41, 51, 42, 70, 5, 0, 0
15:36:57, 1306.00, 28.47, 27.82, 28.812, 5, 5, 7, 20, 57, 80, 100, 93, 187, 14, 0, 0, 2, 1, 2, 7, 25, 38, 47, 39, 71, 5, 0, 0
15:36:58, 1316.20, 28.46, 27.80, 28.812, 4, 4, 5, 16, 49, 69, 88, 79, 135, 10, 0, 0, 1, 1, 2, 5, 19, 29, 37, 30, 52, 4, 0, 0
15:36:59, 1329.50, 28.46, 27.84, 28.812, 3, 3, 5, 14, 43, 62, 78, 71, 131, 10, 0, 0, 1, 0, 1, 4, 15, 23, 30, 24, 42, 3, 0, 0
15:36:59, 1334.10, 28.46, 27.84, 28.812, 3, 3, 3, 10, 31, 46, 58, 52, 93, 7, 0, 0, 1, 0, 1, 3, 15, 23, 30, 24, 42, 3, 0, 0
15:37:00, 1345.40, 28.46, 27.80, 28.812, 2, 3, 3, 9, 33, 48, 61, 55, 99, 8, 0, 0, 1, 0, 1, 3, 14, 21, 27, 22, 40, 3, 0, 0
15:37:01, 1355.50, 28.46, 27.80, 28.812, 2, 2, 2, 7, 25, 38, 48, 43, 74, 6, 0, 0, 0, 0, 1, 2, 9, 15, 20, 16, 27, 2, 0, 0
15:37:01, 1368.30, 28.46, 27.84, 28.812, 2, 2, 2, 6, 21, 32, 41, 36, 66, 5, 0, 0, 0, 0, 0, 2, 7, 12, 16, 13, 22, 1, 0, 0
15:37:02, 1379.50, 28.46, 27.84, 28.812, 1, 1, 1, 4, 17, 26, 33, 29, 52, 4, 0, 0, 0, 0, 0, 1, 6, 10, 13, 11, 19, 1, 0, 0
15:37:03, 1381.40, 28.46, 27.82, 28.797, 1, 1, 1, 3, 13, 20, 25, 22, 40, 3, 0, 0, 0, 0, 0, 1, 6, 10, 13, 10, 18, 1, 0, 0
15:37:03, 1382.60, 28.46, 27.82, 28.797, 1, 1, 1, 3, 14, 22, 28, 25, 44, 4, 0, 0, 0, 0, 0, 1, 5, 9, 12, 10, 17, 1, 0, 0
15:37:04, 1389.80, 28.46, 27.86, 28.797, 1, 1, 1, 3, 12, 19, 23, 21, 33, 3, 0, 0, 0, 0, 0, 1, 5, 8, 11, 9, 15, 1, 0, 0
15:37:05, 1390.00, 28.46, 27.80, 28.797, 1, 1, 1, 3, 12, 19, 24, 21, 35, 3, 0, 0, 0, 0, 0, 1, 5, 8, 11, 9, 14, 0, 0, 0
15:37:05, 1388.90, 28.46, 27.82, 28.797, 1, 1, 0, 2, 9, 15, 19, 17, 24, 2, 0, 0, 0, 0, 0, 1, 5, 9, 12, 10, 15, 1, 0, 0
15:37:06, 1391.30, 28.46, 27.82, 28.789, 1, 1, 0, 2, 10, 16, 20, 18, 27, 2, 0, 0, 0, 0, 0, 1, 5, 8, 11, 9, 14, 1, 0, 0
15:37:07, 1391.70, 28.46, 27.86, 28.797, 1, 1, 0, 2, 10, 15, 19, 17, 25, 2, 0, 0, 0, 0, 0, 1, 5, 8, 11, 9, 13, 0, 0, 0
15:37:07, 1390.30, 28.46, 27.82, 28.797, 1, 1, 0, 2, 10, 15, 19, 17, 24, 2, 0, 0, 0, 0, 0, 1, 5, 8, 11, 9, 14, 0, 0, 0
15:37:08, 1390.40, 28.46, 27.80, 28.789, 1, 1, 1, 2, 11, 17, 22, 20, 32, 3, 0, 0, 0, 0, 0, 1, 4, 7, 10, 8, 13, 0, 0, 0
15:37:09, 1388.70, 28.46, 27.86, 28.789, 1, 1, 1, 2, 10, 16, 20, 18, 27, 2, 0, 0, 0, 0, 0, 1, 5, 8, 11, 9, 14, 1, 0, 0
15:37:09, 1394.90, 28.46, 27.84, 28.789, 1, 1, 1, 3, 11, 18, 23, 20, 36, 3, 0, 0, 0, 0, 0, 1, 4, 8, 10, 8, 15, 0, 0, 0
15:37:10, 1392.70, 28.46, 27.84, 28.797, 1, 1, 0, 2, 9, 15, 18, 16, 25, 2, 0, 0, 0, 0, 0, 1, 4, 7, 10, 8, 13, 1, 0, 0
15:37:11, 1397.40, 28.46, 27.87, 28.797, 1, 1, 0, 2, 9, 15, 19, 17, 26, 2, 0, 0, 0, 0, 0, 1, 4, 7, 9, 7, 13, 0, 0, 0
15:37:11, 1396.80, 28.46, 27.86, 28.797, 1, 1, 0, 2, 10, 16, 20, 18, 31, 3, 0, 0, 0, 0, 0, 1, 4, 7, 9, 7, 12, 0, 0, 0
15:37:12, 1390.50, 28.46, 27.86, 28.789, 0, 1, 0, 2, 8, 14, 17, 15, 22, 2, 0, 0, 0, 0, 0, 1, 4, 8, 11, 9, 14, 0, 0, 0
15:37:13, 1388.50, 28.46, 27.86, 28.789, 1, 1, 0, 2, 10, 15, 19, 17, 25, 2, 0, 0, 0, 0, 0, 1, 5, 8, 11, 9, 14, 0, 0, 0
15:37:13, 1380.20, 28.46, 27.86, 28.789, 1, 1, 1, 2, 9, 15, 19, 17, 23, 2, 0, 0, 0, 0, 0, 1, 6, 9, 13, 10, 16, 1, 0, 0
15:37:14, 1381.20, 28.46, 27.84, 28.797, 1, 1, 1, 3, 12, 19, 24, 22, 32, 3, 0, 0, 0, 0, 0, 1, 5, 9, 12, 10, 16, 1, 0, 0
15:37:15, 1384.70, 28.46, 27.86, 28.797, 1, 1, 1, 3, 13, 21, 26, 24, 39, 3, 0, 0, 0, 0, 0, 1, 5, 9, 12, 9, 16, 1, 0, 0
15:37:15, 1383.90, 28.46, 27.84, 28.797, 1, 1, 1, 3, 12, 19, 24, 22, 33, 3, 0, 0, 0, 0, 0, 1, 5, 9, 12, 9, 15, 0, 0, 0
15:37:16, 1381.80, 28.47, 27.89, 28.789, 1, 1, 1, 3, 12, 19, 24, 21, 33, 3, 0, 0, 0, 0, 0, 1, 5, 9, 12, 10, 16, 1, 0, 0
15:37:17, 1383.10, 28.47, 27.87, 28.789, 1, 1, 1, 3, 13, 20, 25, 22, 35, 3, 0, 0, 0, 0, 0, 1, 5, 9, 12, 9, 15, 1, 0, 0
15:37:17, 1388.30, 28.47, 27.82, 28.789, 1, 1, 1, 3, 12, 19, 24, 22, 34, 3, 0, 0, 0, 0, 0, 1, 5, 8, 11, 9, 15, 1, 0, 0
15:37:18, 1396.50, 28.47, 27.87, 28.789, 1, 1, 1, 3, 11, 17, 22, 19, 34, 3, 0, 0, 0, 0, 0, 1, 4, 7, 9, 7, 12, 0, 0, 0
15:37:19, 1403.40, 28.47, 27.89, 28.797, 1, 1, 0, 2, 9, 14, 18, 16, 26, 2, 0, 0, 0, 0, 0, 1, 3, 6, 8, 6, 11, 0, 0, 0
15:37:19, 1412.20, 28.47, 27.86, 28.797, 0, 1, 0, 2, 8, 13, 16, 14, 24, 2, 0, 0, 0, 0, 0, 0, 3, 5, 7, 5, 9, 0, 0, 0
15:37:20, 1416.40, 28.47, 27.86, 28.789, 0, 1, 0, 1, 6, 11, 13, 12, 20, 2, 0, 0, 0, 0, 0, 0, 2, 4, 6, 5, 8, 0, 0, 0
15:37:21, 1415.00, 28.47, 27.84, 28.789, 0, 1, 0, 1, 6, 10, 12, 11, 19, 2, 0, 0, 0, 0, 0, 0, 2, 4, 6, 5, 8, 0, 0, 0
15:37:21, 1414.30, 28.47, 27.86, 28.789, 0, 1, 0, 1, 6, 10, 13, 11, 20, 2, 0, 0, 0, 0, 0, 0, 2, 4, 6, 5, 8, 0, 0, 0
15:37:22, 1409.50, 28.47, 27.89, 28.797, 0, 1, 0, 1, 6, 11, 13, 12, 20, 2, 0, 0, 0, 0, 0, 0, 2, 4, 6, 5, 9, 0, 0, 0
15:37:23, 1405.90, 28.47, 27.86, 28.789, 0, 1, 0, 1, 6, 10, 13, 11, 17, 2, 0, 0, 0, 0, 0, 0, 3, 5, 7, 6, 9, 0, 0, 0
15:37:23, 1401.70, 28.47, 27.89, 28.789, 0, 1, 0, 2, 7, 12, 15, 13, 21, 2, 0, 0, 0, 0, 0, 0, 3, 5, 8, 6, 10, 0, 0, 0
15:37:24, 1394.80, 28.47, 27.86, 28.789, 0, 1, 0, 1, 8, 12, 16, 14, 21, 2, 0, 0, 0, 0, 0, 1, 3, 6, 9, 7, 11, 0, 0, 0
15:37:25, 1384.30, 28.47, 27.89, 28.789, 0, 1, 0, 2, 9, 14, 18, 16, 24, 2, 0, 0, 0, 0, 0, 1, 5, 8, 11, 9, 14, 0, 0, 0
15:37:25, 1376.10, 28.47, 27.89, 28.789, 1, 1, 1, 2, 11, 17, 21, 19, 28, 2, 0, 0, 0, 0, 0, 1, 5, 9, 13, 10, 16, 1, 0, 0
15:37:26, 1365.20, 28.47, 27.86, 28.789, 1, 1, 1, 3, 13, 20, 25, 23, 33, 3, 0, 0, 0, 0, 0, 1, 7, 11, 15, 12, 19, 1, 0, 0
15:37:27, 1353.60, 28.48, 27.87, 28.789, 1, 1, 1, 4, 16, 24, 30, 27, 40, 3, 0, 0, 0, 0, 0, 2, 9, 15, 20, 16, 26, 1, 0, 0
15:37:27, 1342.80, 28.48, 27.89, 28.789, 2, 2, 2, 6, 21, 32, 40, 36, 57, 4, 0, 0, 0, 0, 1, 2, 12, 18, 24, 19, 32, 2, 0, 0
15:37:28, 1332.10, 28.49, 27.86, 28.789, 2, 2, 2, 6, 21, 31, 39, 35, 58, 5, 0, 0, 1, 0, 1, 3, 14, 22, 28, 23, 37, 3, 0, 0
15:37:29, 1321.80, 28.49, 27.89, 28.797, 2, 2, 2, 7, 26, 38, 48, 43, 63, 5, 0, 0, 1, 0, 1, 4, 17, 26, 33, 26, 42, 3, 0, 0
15:37:29, 1305.80, 28.49, 27.87, 28.797, 3, 3, 3, 9, 32, 46, 57, 52, 73, 6, 0, 0, 1, 1, 2, 5, 23, 35, 44, 36, 57, 4, 0, 0
15:37:30, 1295.20, 28.50, 27.89, 28.797, 3, 3, 4, 11, 39, 56, 70, 64, 86, 7, 0, 0, 2, 1, 2, 7, 27, 40, 50, 40, 63, 5, 0, 0
15:37:31, 1280.50, 28.50, 27.89, 28.797, 4, 4, 5, 14, 49, 69, 86, 79, 115, 9, 0, 0, 2, 2, 3, 8, 34, 50, 62, 50, 86, 7, 0, 0
15:37:32, 1274.80, 28.51, 27.89, 28.797, 5, 4, 6, 18, 63, 87, 109, 100, 172, 13, 0, 0, 2, 1, 3, 9, 35, 52, 64, 52, 94, 7, 0, 0
15:37:32, 1263.80, 28.51, 27.89, 28.812, 5, 4, 6, 19, 60, 83, 104, 94, 166, 13, 0, 0, 3, 2, 4, 12, 46, 66, 82, 67, 118, 9, 0, 0
15:37:33, 1255.30, 28.52, 27.89, 28.820, 6, 5, 8, 23, 70, 96, 118, 110, 166, 12, 0, 0, 3, 3, 4, 13, 51, 73, 91, 74, 125, 10, 0, 0
15:37:34, 1239.00, 28.52, 27.89, 28.820, 6, 6, 9, 26, 77, 105, 128, 119, 174, 13, 0, 0, 6, 4, 7, 21, 76, 107, 133, 108, 177, 15, 0, 0
15:37:34, 1233.90, 28.52, 27.84, 28.820, 8, 7, 12, 33, 92, 123, 150, 142, 189, 14, 0, 0, 6, 5, 8, 23, 80, 112, 138, 113, 177, 15, 0, 0
15:37:35, 1229.50, 28.52, 27.89, 28.820, 9, 8, 14, 39, 114, 151, 185, 176, 244, 18, 0, 0, 6, 4, 8, 21, 77, 107, 131, 108, 182, 15, 0, 0
15:37:36, 1217.80, 28.53, 27.89, 28.820, 10, 9, 16, 44, 110, 146, 179, 164, 280, 21, 0, 0, 9, 7, 13, 37, 113, 156, 190, 157, 279, 23, 0, 0
15:37:36, 1210.70, 28.53, 27.87, 28.828, 11, 9, 17, 47, 113, 150, 181, 170, 250, 19, 0, 0, 10, 8, 14, 40, 123, 167, 204, 168, 278, 23, 0, 0
15:37:37, 1203.80, 28.54, 27.87, 28.828, 14, 13, 24, 64, 150, 195, 236, 226, 324, 24, 0, 0, 11, 8, 15, 43, 136, 184, 224, 186, 316, 27, 0, 0
15:37:38, 1180.20, 28.54, 27.91, 28.828, 15, 13, 27, 70, 153, 197, 237, 227, 337, 25, 0, 0, 15, 12, 23, 64, 207, 274, 332, 278, 483, 41, 0, 0
15:37:38, 1178.20, 28.54, 27.91, 28.836, 15, 14, 29, 73, 163, 205, 246, 236, 317, 24, 0, 0, 19, 15, 29, 81, 198, 260, 313, 262, 431, 36, 0, 0
15:37:39, 1174.60, 28.54, 27.91, 28.836, 30, 30, 67, 161, 235, 294, 357, 348, 494, 36, 0, 0, 19, 16, 30, 83, 237, 310, 378, 315, 503, 43, 0, 0
15:37:40, 1170.20, 28.55, 27.91, 28.836, 17, 17, 37, 92, 193, 238, 290, 277, 377, 27, 0, 0, 21, 17, 33, 92, 246, 320, 388, 324, 497, 42, 0, 0
15:37:40, 1162.90, 28.55, 27.89, 28.844, 20, 20, 43, 104, 222, 272, 332, 320, 432, 31, 0, 0, 20, 17, 33, 89, 264, 342, 414, 346, 538, 45, 0, 0
15:37:41, 1161.10, 28.55, 27.89, 28.836, 20, 20, 45, 109, 223, 270, 329, 317, 428, 31, 0, 0, 24, 20, 39, 107, 272, 351, 424, 355, 556, 47, 0, 0
15:37:42, 1154.90, 28.56, 27.93, 28.836, 18, 19, 42, 100, 215, 259, 315, 307, 399, 29, 0, 0, 25, 21, 42, 113, 303, 389, 471, 394, 635, 54, 0, 0
15:37:42, 1145.40, 28.56, 27.91, 28.852, 22, 22, 50, 116, 245, 297, 353, 350, 483, 35, 0, 0, 29, 25, 51, 137, 359, 456, 547, 462, 791, 67, 0, 0
15:37:43, 1135.90, 28.57, 27.91, 28.852, 25, 27, 63, 139, 274, 325, 390, 391, 513, 37, 0, 0, 32, 27, 57, 151, 392, 497, 596, 505, 865, 74, 0, 0
15:37:44, 1132.10, 28.57, 27.87, 28.852, 36, 41, 96, 208, 396, 472, 561, 567, 782, 55, 0, 0, 26, 22, 47, 124, 340, 429, 510, 433, 775, 65, 0, 0
15:37:44, 1119.60, 28.58, 27.93, 28.852, 29, 32, 74, 158, 302, 359, 421, 427, 588, 42, 0, 0, 41, 36, 80, 205, 519, 645, 768, 658, 1203, 103, 0, 0
15:37:45, 1121.90, 28.58, 27.91, 28.859, 40, 49, 113, 230, 460, 532, 640, 652, 835, 59, 0, 0, 29, 25, 55, 145, 408, 510, 607, 515, 882, 74, 0, 0
15:37:46, 1114.40, 28.58, 27.93, 28.867, 32, 37, 86, 180, 321, 378, 447, 451, 586, 42, 0, 0, 42, 37, 82, 211, 526, 648, 776, 659, 1102, 93, 0, 0
15:37:46, 1106.90, 28.58, 27.89, 28.867, 33, 40, 94, 191, 351, 402, 480, 485, 633, 46, 0, 0, 48, 44, 97, 245, 575, 701, 840, 713, 1132, 95, 0, 0
15:37:47, 1104.60, 28.59, 27.89, 28.875, 50, 68, 157, 304, 567, 643, 773, 792, 1209, 84, 0, 0, 39, 35, 77, 198, 480, 587, 697, 591, 954, 79, 0, 0
15:37:48, 1091.80, 28.59, 27.89, 28.875, 51, 68, 159, 305, 488, 551, 657, 682, 945, 68, 0, 0, 49, 47, 107, 263, 619, 742, 881, 753, 1262, 106, 0, 0
15:37:48, 1084.20, 28.59, 27.91, 28.875, 62, 90, 199, 357, 630, 704, 834, 877, 1282, 93, 0, 0, 54, 53, 124, 294, 584, 697, 819, 702, 1211, 101, 0, 0
15:37:49, 1071.50, 28.60, 27.93, 28.883, 91, 143, 303, 507, 756, 839, 995, 1055, 1617, 118, 0, 0, 56, 56, 132, 309, 638, 754, 881, 760, 1366, 115, 0, 0
15:37:50, 1051.40, 28.60, 27.89, 28.891, 120, 190, 376, 598, 928, 1026, 1187, 1307, 2080, 172, 0, 0, 69, 78, 185, 404, 856, 978, 1139, 995, 1770, 149, 0, 0
15:37:50, 1044.20, 28.61, 27.93, 28.891, 245, 414, 737, 1030, 1345, 1416, 1636, 1871, 3294, 348, 0, 0, 79, 96, 223, 461, 853, 966, 1117, 979, 1739, 145, 0, 0
15:37:51, 1035.00, 28.62, 27.93, 28.914, 316, 519, 873, 1181, 1500, 1603, 1890, 2132, 3977, 448, 0, 0, 82, 102, 235, 480, 882, 994, 1147, 1008, 1850, 157, 0, 0
15:37:52, 1018.90, 28.63, 27.96, 28.953, 492, 790, 1234, 1494, 2074, 2198, 2585, 2936, 6604, 1152, 0, 0, 102, 142, 305, 568, 1078, 1174, 1345, 1212, 2367, 218, 0, 0
15:37:52, 1019.40, 28.64, 27.93, 28.953, 1258, 1703, 2397, 2901, 3109, 3461, 3843, 4360, 11491, 3753, 0, 0, 117, 167, 350, 635, 1087, 1186, 1353, 1221, 2394, 219, 0, 0
15:37:53, 1016.80, 28.63, 27.93, 28.969, 1356, 1874, 2663, 3037, 3484, 3693, 4122, 4814, 12052, 3942, 0, 0, 137, 202, 423, 756, 1553, 1675, 1913, 1804, 4637, 721, 0, 0
15:37:54, 1017.70, 28.63, 27.89, 28.977, 1400, 1926, 2725, 3148, 3342, 3583, 3947, 4712, 11034, 4080, 0, 0, 1482, 1783, 2842, 3625, 5860, 5899, 7363, 7635, 28262, 14098, 0, 0
15:37:54, 1017.40, 28.62, 27.93, 28.977, 1450, 1995, 2761, 3331, 3872, 4293, 4770, 5445, 15483, 5419, 0, 0, 1032, 1518, 2292, 3004, 3841, 3931, 4728, 4693, 12660, 3986, 0, 0
15:37:55, 1017.20, 28.61, 27.91, 28.914, 1523, 2441, 3272, 4136, 4275, 4190, 5490, 5548, 21570, 8077, 0, 0, 3451, 5553, 7642, 10166, 9780, 10362, 12918, 13544, 36000, 27474, 1, 1
15:37:56, 1017.30, 28.60, 27.95, 28.758, 2241, 3153, 4551, 5197, 5828, 6299, 6962, 8315, 36000, 13797, 1, 1, 4182, 6153, 8432, 10099, 15531, 15954, 19467, 24817, 33970, 11732, 0, 1
15:37:56, 1017.40, 28.57, 27.96, 28.758, 1645, 2429, 3326, 4101, 5321, 5687, 6910, 7170, 26086, 8067, 0, 0, 7213, 10736, 13884, 16444, 19100, 20019, 24245, 36000, 36000, 36000, 1, 1
15:37:57, 1017.30, 28.56, 27.96, 28.414, 1532, 2225, 3072, 3686, 4144, 4476, 5222, 5715, 23020, 7149, 0, 0, 7790, 11259, 14168, 18204, 16565, 18037, 23061, 36000, 36000, 36000, 1, 1
15:37:58, 1017.30, 28.53, 27.96, 28.195, 1527, 2199, 3008, 3681, 4172, 4559, 5286, 5971, 24324, 7545, 0, 0, 6875, 9764, 12936, 16180, 16756, 18623, 22773, 36000, 36000, 36000, 1, 1
15:37:58, 1017.30, 28.51, 27.98, 28.195, 1420, 2065, 2873, 3381, 6732, 7067, 8363, 9318, 26783, 8648, 0, 0, 9833, 15455, 21460, 26174, 28914, 30579, 35696, 36000, 36000, 36000, 1, 1
15:37:59, 1016.90, 28.46, 27.95, 28.047, 781, 1222, 1590, 1969, 1321, 1487, 2024, 2723, 10691, 4769, 0, 0, 22266, 34955, 36000, 36000, 36000, 36000, 36000, 36000, 36000, 36000, 1, 1
15:38:00, 1016.70, 28.42, 27.93, 27.883, 257, 296, 353, 406, 357, 411, 464, 1278, 4589, 3628, 0, 0, 17914, 26069, 34697, 36000, 35887, 36000, 36000, 36000, 36000, 36000, 1, 1
15:38:00, 1017.00, 28.38, 27.96, 27.883, 931, 1271, 1745, 2217, 2941, 2970, 3850, 4748, 22891, 8941, 0, 0, 11054, 17443, 24065, 30216, 33891, 33091, 36000, 36000, 36000, 36000, 1, 1
15:38:01, 1016.70, 28.35, 27.98, 27.742, 723, 963, 1239, 1625, 887, 1100, 1202, 2625, 8798, 5870, 0, 0, 18233, 26901, 35708, 36000, 36000, 36000, 36000, 36000, 36000, 36000, 1, 1
15:38:02, 1017.20, 28.33, 28.00, 27.594, 933, 1395, 1879, 2318, 5662, 5789, 7309, 7799, 33583, 11944, 0, 1, 10904, 17861, 25224, 30800, 36000, 36000, 36000, 36000, 36000, 36000, 1, 1
15:38:02, 1016.90, 28.29, 27.98, 27.594, 1481, 1936, 2799, 3158, 1257, 1347, 1505, 2621, 9085, 4760, 0, 0, 11811, 18707, 26957, 33420, 34793, 34707, 36000, 36000, 36000, 36000, 1, 1
15:38:03, 1017.40, 28.28, 28.02, 27.453, 78, 84, 88, 102, 117, 201, 494, 805, 1876, 1023, 0, 0, 7757, 10230, 14522, 16613, 14227, 16796, 22304, 29585, 36000, 36000, 1, 1
